@R RHO 101 []
0.000000e+00 1.000000e-02 2.000000e-02 3.000000e-02 4.000000e-02 
5.000000e-02 6.000000e-02 7.000000e-02 8.000000e-02 9.000000e-02 
1.000000e-01 1.100000e-01 1.200000e-01 1.300000e-01 1.400000e-01 
1.500000e-01 1.600000e-01 1.700000e-01 1.800000e-01 1.900000e-01 
2.000000e-01 2.100000e-01 2.200000e-01 2.300000e-01 2.400000e-01 
2.500000e-01 2.600000e-01 2.700000e-01 2.800000e-01 2.900000e-01 
3.000000e-01 3.100000e-01 3.200000e-01 3.300000e-01 3.400000e-01 
3.500000e-01 3.600000e-01 3.700000e-01 3.800000e-01 3.900000e-01 
4.000000e-01 4.100000e-01 4.200000e-01 4.300000e-01 4.400000e-01 
4.500000e-01 4.600000e-01 4.700000e-01 4.800000e-01 4.900000e-01 
5.000000e-01 5.100000e-01 5.200000e-01 5.300000e-01 5.400000e-01 
5.500000e-01 5.600000e-01 5.700000e-01 5.800000e-01 5.900000e-01 
6.000000e-01 6.100000e-01 6.200000e-01 6.300000e-01 6.400000e-01 
6.500000e-01 6.600000e-01 6.700000e-01 6.800000e-01 6.900000e-01 
7.000000e-01 7.100000e-01 7.200000e-01 7.300000e-01 7.400000e-01 
7.500000e-01 7.600000e-01 7.700000e-01 7.800000e-01 7.900000e-01 
8.000000e-01 8.100000e-01 8.200000e-01 8.300000e-01 8.400000e-01 
8.500000e-01 8.600000e-01 8.700000e-01 8.800000e-01 8.900000e-01 
9.000000e-01 9.100000e-01 9.200000e-01 9.300000e-01 9.400000e-01 
9.500000e-01 9.600000e-01 9.700000e-01 9.800000e-01 9.900000e-01 
1.000000e+00 
@R ENE 101 []
2.862239e+01 2.862143e+01 2.861853e+01 2.861371e+01 2.860696e+01 
2.859828e+01 2.858768e+01 2.857516e+01 2.856072e+01 2.854436e+01 
2.852608e+01 2.850590e+01 2.848381e+01 2.845982e+01 2.843393e+01 
2.840615e+01 2.837649e+01 2.834494e+01 2.831153e+01 2.827624e+01 
2.823910e+01 2.820010e+01 2.815926e+01 2.811658e+01 2.807208e+01 
2.802575e+01 2.797762e+01 2.792769e+01 2.787596e+01 2.782246e+01 
2.776719e+01 2.771035e+01 2.765193e+01 2.759162e+01 2.752911e+01 
2.746408e+01 2.739648e+01 2.732618e+01 2.725276e+01 2.717582e+01 
2.709492e+01 2.700919e+01 2.691816e+01 2.682201e+01 2.672093e+01 
2.661511e+01 2.650613e+01 2.639473e+01 2.627977e+01 2.616016e+01 
2.603477e+01 2.590102e+01 2.575554e+01 2.559605e+01 2.542028e+01 
2.522596e+01 2.501284e+01 2.478310e+01 2.453803e+01 2.427897e+01 
2.400722e+01 2.372440e+01 2.343217e+01 2.313190e+01 2.282498e+01 
2.251279e+01 2.219669e+01 2.187754e+01 2.155600e+01 2.123270e+01 
2.090830e+01 2.058325e+01 2.025769e+01 1.993184e+01 1.960591e+01 
1.928012e+01 1.895475e+01 1.862980e+01 1.830500e+01 1.798010e+01 
1.765485e+01 1.732784e+01 1.699867e+01 1.666855e+01 1.633873e+01 
1.601043e+01 1.569222e+01 1.538788e+01 1.509147e+01 1.479705e+01 
1.449866e+01 1.407535e+01 1.358208e+01 1.301563e+01 1.238413e+01 
1.171056e+01 1.103139e+01 1.038888e+01 9.819731e+00 9.346060e+00 
8.972966e+00 
@R TE 101 []
1.775962e+01 1.775315e+01 1.773375e+01 1.770146e+01 1.765636e+01 
1.759853e+01 1.752811e+01 1.744526e+01 1.735014e+01 1.724297e+01 
1.712397e+01 1.699340e+01 1.685154e+01 1.669868e+01 1.653516e+01 
1.636130e+01 1.617747e+01 1.598406e+01 1.578145e+01 1.557005e+01 
1.535029e+01 1.512260e+01 1.488743e+01 1.464525e+01 1.439650e+01 
1.414166e+01 1.388122e+01 1.361564e+01 1.334541e+01 1.307101e+01 
1.279293e+01 1.251399e+01 1.223682e+01 1.196155e+01 1.168834e+01 
1.141732e+01 1.114899e+01 1.088385e+01 1.062214e+01 1.036408e+01 
1.010989e+01 9.859369e+00 9.612577e+00 9.370123e+00 9.132613e+00 
8.900654e+00 8.675714e+00 8.458702e+00 8.249385e+00 8.047530e+00 
7.852905e+00 7.664499e+00 7.481305e+00 7.303094e+00 7.129635e+00 
6.960701e+00 6.796347e+00 6.636964e+00 6.482830e+00 6.334221e+00 
6.191411e+00 6.054738e+00 5.924466e+00 5.800762e+00 5.683791e+00 
5.573721e+00 5.470806e+00 5.374827e+00 5.285240e+00 5.201503e+00 
5.123074e+00 5.049294e+00 4.979460e+00 4.912963e+00 4.849189e+00 
4.787529e+00 4.727251e+00 4.667724e+00 4.608491e+00 4.549092e+00 
4.489070e+00 4.428209e+00 4.366264e+00 4.302739e+00 4.237138e+00 
4.168962e+00 4.094004e+00 4.010755e+00 3.922769e+00 3.833599e+00 
3.746797e+00 3.500332e+00 3.198285e+00 2.830948e+00 2.399574e+00 
1.923139e+00 1.438300e+00 9.885116e-01 6.078189e-01 3.107985e-01 
9.381087e-02 
@R TI 101 []
2.315755e+01 2.314577e+01 2.311049e+01 2.305180e+01 2.296989e+01 
2.286501e+01 2.273746e+01 2.258765e+01 2.241601e+01 2.222306e+01 
2.200938e+01 2.177559e+01 2.152239e+01 2.125050e+01 2.096072e+01 
2.065388e+01 2.033084e+01 1.999251e+01 1.963983e+01 1.927376e+01 
1.889528e+01 1.850540e+01 1.810514e+01 1.769554e+01 1.727762e+01 
1.685243e+01 1.642098e+01 1.598432e+01 1.554345e+01 1.509938e+01 
1.465309e+01 1.421301e+01 1.378660e+01 1.337336e+01 1.297281e+01 
1.258443e+01 1.220839e+01 1.184491e+01 1.149360e+01 1.115407e+01 
1.082592e+01 1.050801e+01 1.020003e+01 9.902892e+00 9.617473e+00 
9.344666e+00 9.086875e+00 8.845001e+00 8.617684e+00 8.403567e+00 
8.201290e+00 8.008713e+00 7.824126e+00 7.646817e+00 7.476072e+00 
7.311177e+00 7.151801e+00 6.997906e+00 6.849224e+00 6.705488e+00 
6.566429e+00 6.431730e+00 6.301157e+00 6.174573e+00 6.051840e+00 
5.932820e+00 5.817457e+00 5.705691e+00 5.597380e+00 5.492381e+00 
5.390550e+00 5.291740e+00 5.195777e+00 5.102482e+00 5.011674e+00 
4.923172e+00 4.836836e+00 4.752491e+00 4.669906e+00 4.588848e+00 
4.509086e+00 4.430256e+00 4.352087e+00 4.274484e+00 4.197350e+00 
4.120589e+00 4.044643e+00 3.969721e+00 3.895385e+00 3.821196e+00 
3.746714e+00 3.500099e+00 3.198145e+00 2.831023e+00 2.399813e+00 
1.923358e+00 1.438326e+00 9.883266e-01 6.075778e-01 3.107215e-01 
9.406899e-02 
@R FP 102 []
-1.123832e-12 -1.123832e-12 1.119617e-02 3.358450e-02 6.715735e-02 
1.119003e-01 1.677930e-01 2.348127e-01 3.129346e-01 4.021268e-01 
5.023504e-01 6.135634e-01 7.357223e-01 8.687736e-01 1.012672e+00 
1.167349e+00 1.332780e+00 1.508882e+00 1.695575e+00 1.892779e+00 
2.100383e+00 2.318376e+00 2.546623e+00 2.785020e+00 3.033512e+00 
3.292010e+00 3.560405e+00 3.838580e+00 4.126438e+00 4.423873e+00 
4.730778e+00 5.047039e+00 5.372542e+00 5.707169e+00 6.050800e+00 
6.403310e+00 6.764587e+00 7.134525e+00 7.512992e+00 7.899846e+00 
8.294931e+00 8.698147e+00 9.109376e+00 9.528406e+00 9.955129e+00 
1.038942e+01 1.083107e+01 1.127997e+01 1.173594e+01 1.219884e+01 
1.266850e+01 1.314475e+01 1.362743e+01 1.411634e+01 1.461134e+01 
1.511218e+01 1.561873e+01 1.613077e+01 1.664808e+01 1.717052e+01 
1.769782e+01 1.822978e+01 1.876625e+01 1.930697e+01 1.985169e+01 
2.040023e+01 2.095239e+01 2.150789e+01 2.206649e+01 2.262798e+01 
2.319212e+01 2.375867e+01 2.432734e+01 2.489789e+01 2.547007e+01 
2.604363e+01 2.661831e+01 2.719380e+01 2.776983e+01 2.834613e+01 
2.892242e+01 2.949843e+01 3.007386e+01 3.064838e+01 3.122169e+01 
3.179350e+01 3.236352e+01 3.293142e+01 3.349686e+01 3.405951e+01 
3.461905e+01 3.517514e+01 3.572738e+01 3.627538e+01 3.681879e+01 
3.735727e+01 3.789041e+01 3.841782e+01 3.893918e+01 3.945403e+01 
3.996189e+01 4.021215e+01 
@R CURPAR 102 []
3.682538e+00 3.682538e+00 3.682538e+00 3.681364e+00 3.679399e+00 
3.676650e+00 3.673165e+00 3.668967e+00 3.664067e+00 3.658465e+00 
3.652163e+00 3.645160e+00 3.637458e+00 3.629055e+00 3.619952e+00 
3.610149e+00 3.599645e+00 3.588442e+00 3.576538e+00 3.563934e+00 
3.550629e+00 3.536625e+00 3.521920e+00 3.506515e+00 3.490409e+00 
3.473604e+00 3.456098e+00 3.437892e+00 3.418986e+00 3.399380e+00 
3.379073e+00 3.358066e+00 3.336359e+00 3.313951e+00 3.290844e+00 
3.267036e+00 3.242528e+00 3.217320e+00 3.191411e+00 3.164802e+00 
3.137493e+00 3.109484e+00 3.080775e+00 3.051365e+00 3.021255e+00 
2.990445e+00 2.958935e+00 2.926724e+00 2.893813e+00 2.860202e+00 
2.825891e+00 2.790879e+00 2.755167e+00 2.718755e+00 2.681643e+00 
2.643831e+00 2.605318e+00 2.566105e+00 2.526192e+00 2.485579e+00 
2.444265e+00 2.402251e+00 2.359537e+00 2.316123e+00 2.272008e+00 
2.227194e+00 2.181679e+00 2.135463e+00 2.088548e+00 2.040932e+00 
1.992616e+00 1.943600e+00 1.893884e+00 1.843467e+00 1.792351e+00 
1.740533e+00 1.688016e+00 1.634799e+00 1.580881e+00 1.526263e+00 
1.470945e+00 1.414926e+00 1.358208e+00 1.300789e+00 1.242670e+00 
1.183850e+00 1.124331e+00 1.064111e+00 1.003191e+00 9.415705e-01 
8.792500e-01 8.162292e-01 7.525085e-01 6.880926e-01 6.230222e-01 
5.575012e-01 4.922327e-01 4.290580e-01 3.713314e-01 3.243792e-01 
2.967256e-01 2.967256e-01 
