 30-Jan-26 07/09/2014
     1               1
  0.100000000E+01
*   1.000             1               0 MAR   3   2 CLC    40   41
  0.000000000E+00 0.170000000E+03 0.200000000E+01 0.679320679E+06
  0.679320679E+06 0.172213630E+03 0.752923317E+00 0.414443996E+02
  0.134980999E+01-0.371102484E+00-0.307010592E+00 0.779938718E+07
  0.177021317E+03 0.182170555E+01 0.233569398E+01 0.122147526E+01
  0.619394310E+00 0.857098055E+00 0.100000000E+11 0.105177970E+02
  0.100000000E+11 0.100000000E+11 0.203037933E+01-0.121348849E+01
  0.770417744E+02 0.108302528E+03 0.535623185E+02
  0.000000000E+00 0.000000000E+00 0.000000000E+00
  0.827072040E+02 0.797287435E+02
  0.000000000E+00 0.000000000E+00
  0.162290107E+01 0.277249089E+00 0.204773081E+01 0.108923099E+01
  0.772643065E+00 0.222042544E+01-0.500000000E+02-0.500000000E+02
 -0.500000000E+02 0.302334520E+00 0.709831176E+04 0.221625296E+06
  0.770258484E-04 0.129743625E+01 0.965403289E+00 0.549915247E-02
  0.128169652E+01 0.172939108E+03 0.000000000E+00 0.000000000E+00
 -0.999000000E+03-0.999000000E+03-0.999000000E+03-0.999000000E+03
 -0.100000000E+03-0.500000000E+02 0.193471863E+01 0.191164590E+01
  0.748074166E+01 0.396243043E+02 0.100000000E+03 0.105177970E+02
  0.177857207E+03 0.206119250E+01 0.465374304E+00 0.000000000E+00
  0.101444963E+01 0.200054329E+01 0.362979925E+06 0.000000000E+00
  0.000000000E+00 0.000000000E+00 0.883176473E+00 0.100000000E+02
    44   60   18    6
  0.176827161E+00 0.140883104E+00 0.190355019E+00 0.152410679E+00
  0.651740349E-01-0.235985660E-01 0.545072231E+00-0.745352609E-01
 -0.482318794E+00 0.243973269E+00 0.146198909E+00 0.234845763E-01
 -0.397832736E-01-0.725417271E-01-0.901145435E-01 0.559957126E+00
 -0.850439114E-01-0.190636163E-01 0.218111794E+00 0.159742721E+00
  0.167736669E+00 0.169398552E+00 0.100912495E+00 0.182262514E-01
 -0.343739094E+00 0.403134062E+00 0.432799228E+00 0.226770574E-01
  0.746178670E-01 0.204036485E+00 0.874554356E-01-0.662957122E-02
 -0.475165883E-01-0.658678095E-01 0.985835557E-01 0.480144436E+00
  0.470030357E+00-0.487166276E-01 0.229127774E-01-0.342928072E-01
 -0.750943547E-02 0.133468393E-01 0.588559460E-01 0.121529029E+00
  0.107648955E+00 0.236696540E+00 0.226381126E+00-0.161221830E+00
 -0.263455385E+00-0.385228937E-01 0.299116323E+00 0.650770950E+00
  0.299343900E+00-0.158935526E+00-0.335737581E+00-0.870503797E-01
  0.238720237E+00 0.323943239E+00 0.256603116E+00-0.354545002E-01
  0.115644955E+00 0.240497577E+00 0.171413790E+00 0.201708884E+00
  0.222736958E+00 0.215401188E+00 0.289755989E+00-0.103330852E+00
 -0.317106266E+00-0.291626318E+00-0.623936624E-01 0.302225448E+00
  0.361842034E+00 0.277790824E+00 0.402874656E+00 0.779540547E+00
  0.311884502E+00 0.430421963E-01-0.195831325E+00-0.271369665E+00
 -0.687131581E-01 0.913873204E-01 0.322584348E+00 0.254312635E+00
  0.363765934E+00 0.108609812E+00-0.610586854E-01-0.253877855E+00
 -0.309450427E+00-0.103976644E+00 0.285836456E+00 0.216855501E+00
  0.221716903E+00 0.201952977E+00 0.168331062E+00 0.237692082E+00
  0.117617568E+00-0.319427895E-01 0.110327771E+00 0.236589161E+00
  0.228659469E+00-0.146773144E+00-0.268842414E+00-0.363848649E-01
  0.300285613E+05-0.447335896E+05 0.260536366E+06 0.246327161E+06
  0.103638860E+06-0.317633140E+06 0.623656140E+06-0.496799794E+05
 -0.787103127E+06 0.337554316E+06 0.912401613E+05-0.107492568E+06
 -0.111401344E+06-0.105719758E+06-0.415510810E+06 0.571373962E+06
 -0.132553106E+06-0.165748186E+06
  0.000000000E+00 0.000000000E+00 0.000000000E+00 0.000000000E+00
  0.000000000E+00 0.000000000E+00
  0.000000000E+00 0.000000000E+00 0.000000000E+00 0.000000000E+00
  0.000000000E+00 0.000000000E+00 0.000000000E+00 0.000000000E+00
  0.000000000E+00 0.000000000E+00 0.558909382E+02 0.000000000E+00
  0.255052065E+00 0.153305621E+01 0.400000006E+02-0.151447640E+00
 -0.117034423E+01 0.000000000E+00 0.999000000E+03 0.191464681E+01
 -0.100000000E+02 0.965403289E+00 0.000000000E+00 0.498895153E-01
 -0.100000000E+02 0.000000000E+00 0.216253095E+01 0.000000000E+00
  0.169705583E+00 0.276315469E+01 0.130769231E+01 0.213439469E+01
  0.339254536E+02 0.328287972E+01-0.890000000E+02-0.890000000E+02
 -0.890000000E+02-0.890000000E+02-0.890000000E+02-0.890000000E+02
 -0.890000000E+02-0.890000000E+02-0.890000000E+02-0.890000000E+02
 -0.890000000E+02-0.890000000E+02-0.890000000E+02-0.890000000E+02
 -0.890000000E+02 0.000000000E+00 0.698779626E+00 0.940586849E+00
  0.141711867E+03 0.186265625E+03 0.000000000E+00 0.818887582E+00
  0.100000000E+01 0.000000000E+00 0.000000000E+00 0.000000000E+00
                                            EQG
