&IN1
  ICONVR = 3 
  MXITER = -1 
  NXITER = 51 
  ERROR = 0.0001 
  RELAX = 0.5 
  IOUT = 4 
  ICURRT = 2 
  KPPFNC = 6 
  KPPCUR = 3 
  KFFFNC = 6 
  KFFCUR = 3 
  ISHOT = 1 
  ITIME = 0 
  ITIMEU = 0 
  ITEK = 0 
  ITRACE = 1 
  PLASMA = 10000000.0 
  BTOR = 11.0 
  RCENTR = 4.55 
  RZERO = 4.55 
  LIMITR = 5 
  XLIM = 6.0 3.5 3.5 6.0 6.0 
  YLIM = 1.93 1.93 -1.93 -1.93 1.93 
  NBDRY = 15 
  RBDRY = 5.75 5.717889612279765 5.599231274196216 5.333894952548324  
    4.862048988436734 4.215741544340384 3.606248672667517  
    3.3499999999999996 3.606248672667517 4.215741544340384  
    4.862048988436735 5.333894952548324 5.599231274196216  
    5.717889612279765 5.75 
  ZBDRY = 0.0 0.7289246817174976 1.3134768905462901 1.6378788924654637  
    1.6378788924654637 1.3134768905462901 0.7289246817174978  
    2.0574066225675533e-16 -0.7289246817174975 -1.31347689054629  
    -1.6378788924654637 -1.6378788924654637 -1.3134768905462901  
    -0.728924681717498 0.0 
  IERCHK = 0 
  NEXTRA = 0 
  SCRAPE = 0.01 
  PSIBRY = 0.0 
  CFCOIL = -10.0 
  ENP = 1.0 
  EMP = 1.0 
  FCURBD = 0 
  PCURBD = 0 
  FCZERO = 1.0 1.0 1.0 1.0 1.0 1.0 1.0 1.0 1.0 1.0 1.0 1.0 1.0 1.0 1.0  
    1.0 
  FCSUM = 1.0 1.0 1.0 1.0 1.0 1.0 1.0 1.0 1.0 1.0 1.0 1.0 1.0 1.0 1.0  
    1.0 
  IFREF = 2 
  PRBDRY = 5842.902469163307 
  KBETAPR = 1 
  FWTBDRY = 1.0 1.0 1.0 1.0 1.0 1.0 1.0 1.0 1.0 1.0 1.0 1.0 1.0 1.0 1.0 
  FWTBDRY(2) = 10.0 
  FWTBDRY(3) = 10.0 
  FWTBDRY(4) = 10.0 
  FWTBDRY(5) = 10.0 
  FWTBDRY(9) = 10.0 
  FWTBDRY(10) = 10.0 
  FWTBDRY(11) = 10.0 
  FWTBDRY(12) = 10.0 
/

&PROFILE_EXT
  NPSI_EXT = 257 
  PSIN_EXT = 0.0 0.00390625 0.0078125 0.01171875 0.015625 0.01953125  
    0.0234375 0.02734375 0.03125 0.03515625 0.0390625 0.04296875  
    0.046875 0.05078125 0.0546875 0.05859375 0.0625 0.06640625  
    0.0703125 0.07421875 0.078125 0.08203125 0.0859375 0.08984375  
    0.09375 0.09765625 0.1015625 0.10546875 0.109375 0.11328125  
    0.1171875 0.12109375 0.125 0.12890625 0.1328125 0.13671875 0.140625  
    0.14453125 0.1484375 0.15234375 0.15625 0.16015625 0.1640625  
    0.16796875 0.171875 0.17578125 0.1796875 0.18359375 0.1875  
    0.19140625 0.1953125 0.19921875 0.203125 0.20703125 0.2109375  
    0.21484375 0.21875 0.22265625 0.2265625 0.23046875 0.234375  
    0.23828125 0.2421875 0.24609375 0.25 0.25390625 0.2578125  
    0.26171875 0.265625 0.26953125 0.2734375 0.27734375 0.28125  
    0.28515625 0.2890625 0.29296875 0.296875 0.30078125 0.3046875  
    0.30859375 0.3125 0.31640625 0.3203125 0.32421875 0.328125  
    0.33203125 0.3359375 0.33984375 0.34375 0.34765625 0.3515625  
    0.35546875 0.359375 0.36328125 0.3671875 0.37109375 0.375  
    0.37890625 0.3828125 0.38671875 0.390625 0.39453125 0.3984375  
    0.40234375 0.40625 0.41015625 0.4140625 0.41796875 0.421875  
    0.42578125 0.4296875 0.43359375 0.4375 0.44140625 0.4453125  
    0.44921875 0.453125 0.45703125 0.4609375 0.46484375 0.46875  
    0.47265625 0.4765625 0.48046875 0.484375 0.48828125 0.4921875  
    0.49609375 0.5 0.50390625 0.5078125 0.51171875 0.515625 0.51953125  
    0.5234375 0.52734375 0.53125 0.53515625 0.5390625 0.54296875  
    0.546875 0.55078125 0.5546875 0.55859375 0.5625 0.56640625  
    0.5703125 0.57421875 0.578125 0.58203125 0.5859375 0.58984375  
    0.59375 0.59765625 0.6015625 0.60546875 0.609375 0.61328125  
    0.6171875 0.62109375 0.625 0.62890625 0.6328125 0.63671875 0.640625  
    0.64453125 0.6484375 0.65234375 0.65625 0.66015625 0.6640625  
    0.66796875 0.671875 0.67578125 0.6796875 0.68359375 0.6875  
    0.69140625 0.6953125 0.69921875 0.703125 0.70703125 0.7109375  
    0.71484375 0.71875 0.72265625 0.7265625 0.73046875 0.734375  
    0.73828125 0.7421875 0.74609375 0.75 0.75390625 0.7578125  
    0.76171875 0.765625 0.76953125 0.7734375 0.77734375 0.78125  
    0.78515625 0.7890625 0.79296875 0.796875 0.80078125 0.8046875  
    0.80859375 0.8125 0.81640625 0.8203125 0.82421875 0.828125  
    0.83203125 0.8359375 0.83984375 0.84375 0.84765625 0.8515625  
    0.85546875 0.859375 0.86328125 0.8671875 0.87109375 0.875  
    0.87890625 0.8828125 0.88671875 0.890625 0.89453125 0.8984375  
    0.90234375 0.90625 0.91015625 0.9140625 0.91796875 0.921875  
    0.92578125 0.9296875 0.93359375 0.9375 0.94140625 0.9453125  
    0.94921875 0.953125 0.95703125 0.9609375 0.96484375 0.96875  
    0.97265625 0.9765625 0.98046875 0.984375 0.98828125 0.9921875  
    0.99609375 1.0 
  PPRIME_EXT = 1121766.1471467896 1103962.8990057567 1086336.4708036152  
    1068886.8625403657 1051614.0742160077 1034518.1058305416  
    1017598.957383967 1000856.6288762842 984291.120307493  
    967902.4316775936 951690.5629865859 935655.5142344697  
    919797.2854212454 904115.8765469127 888611.2876114717  
    873283.5186149224 858132.5695572648 843158.4404384989  
    828361.1312586246 813740.6420176422 799296.9727155513  
    785030.1233523521 770940.0939280447 757026.8844426288  
    743290.4948961048 729730.9252884723 717726.1900901382  
    708046.9381374688 698544.929098873 688921.058465079  
    678663.2776019883 666983.8376271027 653836.1716497922  
    639516.8422030138 624546.5534434072 609816.7991014982  
    595725.0286317011 582416.8605838907 569907.5934503707  
    558059.4789263939 546805.7028101907 535940.8298553303  
    525394.0039633241 515085.3239840385 504900.3111557551  
    494890.0386139172 485042.6079877848 475436.5568710376  
    466034.5156539319 456876.85424906935 447937.0604892964  
    439198.984766243 430652.91217473475 422292.1018507882  
    414112.673563526 406114.28278177965 398301.863444556  
    390680.715478546 383245.8662781876 376003.6277898194  
    368955.43728412327 362073.39166359045 355387.8562912048  
    348839.67122221447 342488.68644248036 336259.0825875795  
    330212.15189175005 324314.03061170306 318559.40329484316  
    312996.99361724104 307544.65529675107 302287.3656257575  
    297164.8017746189 292169.3922985899 287355.05219957244  
    282629.43724114005 278056.4635169343 273619.84187575104  
    269259.77710467996 265058.9462353464 260960.62890297742  
    256946.63803258032 253085.8012022464 249306.42454063904  
    245611.95246945258 242055.17155843924 238565.01196132146  
    235150.3145199821 231859.92176864925 228630.75591508736  
    225462.15432983823 222406.10487466987 219413.41570080025  
    216467.4563329257 213621.9325248998 210847.8072254228  
    208103.552707177 205433.93928412232 202843.99979805798  
    200285.4507750079 197779.85877319693 195359.3306556851  
    192987.4770510375 190655.08968473875 188405.26057157404  
    186231.54030146927 184093.821237104 182007.87261899177  
    180004.15307638157 178059.39545679084 176150.01821334573  
    174303.06166934152 172538.1342386715 170832.49054135726  
    169174.06733027758 167589.80883092643 166082.0643847591  
    164613.8249849977 163176.1405254198 161786.85597228725  
    160437.40366570113 159097.2695166669 157758.17312432415  
    156440.61640718614 155152.4475910102 153871.76775122818  
    152585.57945765022 151311.05833088612 150061.2355150591  
    148816.5667366353 147552.05769892765 146275.29519386822  
    145003.73153641203 143725.82732735958 142425.5559626241  
    141109.74981068593 139796.62923870786 138493.55563554465  
    137192.98376188305 135892.03417936608 134602.21227647312  
    133333.49027794137 132079.4819925512 130829.51774189589  
    129585.55526275336 128362.56065131853 127164.3191734726  
    125981.90754041696 124818.65626589538 123688.65842338304  
    122602.7090087811 121556.75171273084 120542.56718228196  
    119561.9720529376 118620.67995530662 117716.47718966918  
    116840.15236283888 115984.45664944922 115145.55205219807  
    114330.57968735491 113545.99966728805 112781.54463450487  
    112028.77281142076 111292.64931068533 110582.79062383831  
    109897.68654239194 109226.88979481216 108565.81872391842  
    107915.08654553167 107281.40593652354 106666.91720250733  
    106061.48610974479 105458.72905466863 104865.10644762596  
    104290.4023764308 103732.24853089469 103183.29461738336  
    102642.05711440905 102109.61371623239 101593.1581125251  
    101098.67648648217 100620.90954320162 100154.31463038908  
    99705.24472825768 99287.71721965482 98902.11608062393  
    98541.65783268421 98200.71412410276 97870.8518971935  
    97555.66516386658 97258.13190825447 96956.9755735147  
    96633.55614590595 96292.93658797457 95945.64131664982  
    95596.36331305801 95242.38081832441 94884.94070384605  
    94514.48475600168 94113.37009500012 93675.24138022942  
    93192.50702472494 92623.89372265714 91942.92556765015  
    91153.28907594758 90264.8921997095 89321.01400140351  
    88351.74812385379 87346.23441471835 86466.17953446449  
    85910.77714908565 85714.49092771977 85822.95486708899  
    85930.76796340114 85864.95210474347 85532.14020884802  
    85676.45307001894 87610.23922528501 91642.52565377382  
    97759.150497754 106502.60118705296 118233.93171517781  
    133202.0668897992 150075.9199248796 166141.8759235189  
    180598.033664267 193622.41704979492 205170.34786336773  
    215249.19483194523 223758.65469627088 231101.59534658806  
    238042.43995731583 244793.4291841176 251192.9926716623  
    256551.2521597764 260347.6572089718 262605.44123557484  
    263154.3833140574 261839.9865337725 258620.42669007566  
    253509.95718056758 246665.6009703112 238190.99871010252  
    228062.34787999198 216520.439225848 203847.4844862583  
    189935.18578870868 175587.91878691118 162055.28177131084  
    149827.55924262013 138029.59010728577 124036.6296191687  
    106549.82161773302 85709.14496225647 61356.65684448163  
    33371.540384081556 1753.7955799922347 
  FFPRIM_EXT = -9.2049317899165 -8.746716244600933 -8.301018509021562  
    -7.861323616367067 -7.42736291471511 -6.999090187026104  
    -6.576490744867151 -6.159544123850879 -5.748235323472702  
    -5.342542831959337 -4.942460382375719 -4.547971274391953  
    -4.159061762892153 -3.775717920713082 -3.397925203983137  
    -3.025668302867315 -2.658934138349381 -2.297710047206074  
    -1.9419825315385353 -1.5917366732273819 -1.246961371465118  
    -0.907641712333605 -0.5737657219525427 -0.24532134909206854  
    0.07770280409932032 0.3953987110344085 0.6691148195058308  
    0.8772410123922286 1.0802038048546883 1.2862640829949838  
    1.5096408917772295 1.7723685898786685 2.0756553694966646  
    2.41119450435305 2.7644202124309816 3.1104448879422284  
    3.4382636661214883 3.7438557074259022 4.02685043350078  
    4.291119533533619 4.538533156073267 4.774833154743744  
    5.001994797196019 5.222241519601892 5.438772374015842  
    5.65016526000573 5.856761060099439 6.056386877582584  
    6.250095150217465 6.436776911028441 6.617170506682317  
    6.791740258976885 6.960751248185818 7.124406164621367  
    7.282808886569744 7.4359849469250054 7.583794078808268  
    7.726107618275591 7.863061317594742 7.994497513155552  
    8.120370376989776 8.241471725082421 8.35695401951692  
    8.468469940892856 8.574358791619662 8.676724998195242  
    8.77387897093498 8.866755658006925 8.955522237922462  
    9.038820063516573 9.11893238995762 9.193514228245878  
    9.264229674736042 9.331300759923241 9.393226074011373  
    9.452564637446669 9.50756112065406 9.558654841041719  
    9.60750920280098 9.651841831184889 9.693210358551351  
    9.732127826744552 9.766689481754813 9.798872902088632  
    9.828599736290279 9.854404578795481 9.878239377900787  
    9.899872594212688 9.917953384297926 9.934214725180297  
    9.948686693030357 9.959933397035122 9.969301369733316  
    9.97725785008166 9.982324717581609 9.98529143262367  
    9.987307513495177 9.987146645018841 9.984659342527099  
    9.98117254554126 9.97610326841885 9.96856658453072  
    9.959557914193905 9.94933784377844 9.936725766272744  
    9.92189071527985 9.905935525665978 9.888436090330034  
    9.86855283625819 9.846914942511685 9.824174561795878  
    9.799599510867477 9.77264917173755 9.743941371256993  
    9.713813337480824 9.681532035726892 9.647024438005566  
    9.611295325477707 9.574593084843425 9.536428714967569  
    9.497022934630769 9.457201076106077 9.417192614451269  
    9.37643922277191 9.334718764676843 9.292624582894328  
    9.250516271294156 9.207927063094896 9.16449124662941  
    9.120732472108763 9.07733332773001 9.034090244615067  
    8.990521754200813 8.946930633078281 8.903753795010012  
    8.860812987493095 8.817615178267868 8.773955212865797  
    8.730039019450103 8.685950867850128 8.641381835327135  
    8.596057466695715 8.550145503051013 8.50393514323097  
    8.457376977498576 8.41006734589439 8.361898836267429  
    8.313108893023713 8.263612257826884 8.213034036211491  
    8.161081293309469 8.107856347284196 8.053581933114906  
    7.998213183908014 7.941596568984995 7.883783417592916  
    7.825013539205823 7.765482688497108 7.705297810871587  
    7.6442657159305085 7.582202669460082 7.519379559290472  
    7.45602675454086 7.392014116555823 7.327080466896373  
    7.261258370634085 7.194824369993803 7.127900554315924  
    7.060470784955834 6.992354327548746 6.9234871220551275  
    6.854134685450733 6.784469662009697 6.714320372849738  
    6.643419581863929 6.571824275174048 6.499730269479523  
    6.427177460093237 6.3541370971489055 6.280414171898649  
    6.2058403387247445 6.130552424754333 6.054702863230805  
    5.978126143265074 5.900444523597018 5.821638133875492  
    5.741884647260658 5.6613342566123315 5.580210832797176  
    5.498409158360399 5.415833005140643 5.33304173575543  
    5.250531629600451 5.16816468795956 5.085649711523722  
    5.002856025537527 4.919856454419698 4.836614810687593  
    4.753379636654598 4.670611784009585 4.588463455695457  
    4.507116361106254 4.4276585836073945 4.350784933990177  
    4.276381927313022 4.204184440796295 4.133056180830419  
    4.06221867883689 3.991985245569508 3.918123909915394  
    3.8354008184681083 3.7429135225813948 3.6420978183283723  
    3.540924055638578 3.443854858421375 3.353573247619222  
    3.2505811146091785 3.1003701096840164 2.8951316988574445  
    2.635506973628485 2.3072737396934615 1.9009853431860968  
    1.4100578810207582 0.8690802837506988 0.34923300260442325  
    -0.12872314324299813 -0.5699272850994441 -0.9732367910339752  
    -1.3387130588335325 -1.663603206157717 -1.958435722967981  
    -2.2431391908861436 -2.523106834760991 -2.7941288221418406  
    -3.0380674998361323 -3.2413170551206334 -3.4045793601493024  
    -3.523293085060757 -3.593238434788418 -3.613132162267158  
    -3.5831217890898617 -3.5070472574970157 -3.387313116458531  
    -3.22294056417715 -3.0197559298836403 -2.7844400255981765  
    -2.5132577707562174 -2.2262246329541195 -1.955511372581481  
    -1.7139982880512945 -1.478837688544688 -1.1813845440908923  
    -0.7862096728316131 -0.2965559819978476 0.2940865002351497  
    0.9965835432605075 1.8109351470711772 
/

