&INSTATE
  DENSITY_MODEL = 1 
  MODEL_SHAPE = 0 
  NBDRY = 15 
  USE_INPED = 0 
  R0 = 4.55 
  A0 = 1.2 
  KAPPA = 1.4 
  DELTA = -0.5 
  B0 = 11.0 
  IP = 10.0 
  N_ION = 2 
  Z_ION = 1 1 
  A_ION = 2 3 
  F_ION = 0.5 0.5 
  N_IMP = 1 
  Z_IMP = 74 
  A_IMP = 184 
  F_IMP = 1.5e-05 
  N_MIN = 0 
  Z_MIN = 1 
  A_MIN = 1 
  N_BEAM = 1 
  Z_BEAM = 1 
  A_BEAM = 2 
  N_FUSION = 1 
  Z_FUSION = 2 
  A_FUSION = 4 
  NRHO = 101 
  NE_AXIS = 27.6 
  NE_PED = 13.0 
  NE_SEP = 9.0 
  NE_ALPHA = 1.5 
  NE_BETA = 1.1 
  NE_FIT = 1 
  NE_XMID = 0.95 
  NE_XWID = 0.1 
  TE_AXIS = 18.8 
  TE_PED = 6.0 
  TE_SEP = 0.08 
  TE_ALPHA = 1.5 
  TE_BETA = 1.5 
  TE_FIT = 1 
  TE_XMID = 0.95 
  TE_XWID = 0.1 
  TI_AXIS = 19.0 
  TI_PED = 6.0 
  TI_SEP = 0.08 
  TI_ALPHA = 1.5 
  TI_BETA = 1.5 
  TI_FIT = 1 
  TI_XMID = 0.95 
  TI_XWID = 0.1 
  ZEFF_AXIS = 2.0 
  OMEGA_AXIS = 5000.0 
  OMEGA_SEP = 0.0 
  OMEGA_ALPHA = 1.5 
  OMEGA_BETA = 1.5 
  JPAR_AXIS = 1.0 
  JPAR_SEP = 0.05 
  JPAR_ALPHA = 2.0 
  JPAR_BETA = 1.0 
  NBEAM_AXIS = 0.0 
  NBEAM_SEP = 0.0 
  NBEAM_ALPHA = 1.5 
  NBEAM_BETA = 1.5 
  TBEAMI = 20.0 20.0 20.0 20.0 20.0 20.0 20.0 20.0 20.0 20.0 20.0 20.0  
    20.0 20.0 20.0 20.0 20.0 20.0 20.0 20.0 20.0 20.0 20.0 20.0 20.0  
    20.0 20.0 20.0 20.0 20.0 20.0 20.0 20.0 20.0 20.0 20.0 20.0 20.0  
    20.0 20.0 20.0 20.0 20.0 20.0 20.0 20.0 20.0 20.0 20.0 20.0 20.0  
    20.0 20.0 20.0 20.0 20.0 20.0 20.0 20.0 20.0 20.0 20.0 20.0 20.0  
    20.0 20.0 20.0 20.0 20.0 20.0 20.0 20.0 20.0 20.0 20.0 20.0 20.0  
    20.0 20.0 20.0 20.0 20.0 20.0 20.0 20.0 20.0 20.0 20.0 20.0 20.0  
    20.0 20.0 20.0 20.0 20.0 20.0 20.0 20.0 20.0 20.0 20.0 
  BETAN_PED = -1.0 
  XMID = 0.95 
  XWID = 0.1 
  PRESSURE_MODEL = 'full' 
  H98_TARGET = 0.8 
  BETAN_TARGET = 1.25 
  BETAN_BEAM_TARGET = 0.0 
  CURRENT_MODEL = 'broad' 
  RHO_JBDRY = 0.85 
  RHO_JPEAK = 0.65 
  JAXIS = 0.6 
  JAXIS_PRIME = 1.0 
  JBDRY_PRIME = -1.0 
  RBDRY = 5.75 5.717889612279765 5.599231274196216 5.333894952548324  
    4.862048988436734 4.215741544340384 3.606248672667517  
    3.3499999999999996 3.606248672667517 4.215741544340384  
    4.862048988436735 5.333894952548324 5.599231274196216  
    5.717889612279765 5.75 
  ZBDRY = 0.0 0.7289246817174976 1.3134768905462901 1.6378788924654637  
    1.6378788924654637 1.3134768905462901 0.7289246817174978  
    2.0574066225675533e-16 -0.7289246817174975 -1.31347689054629  
    -1.6378788924654637 -1.6378788924654637 -1.3134768905462901  
    -0.728924681717498 0.0 
  NLIM = 5 
  RLIM = 6.0 3.5 3.5 6.0 6.0 
  ZLIM = 1.93 1.93 -1.93 -1.93 1.93 
  NE = 27.62637092 27.62637092 27.57235982 27.51450361 27.45285286  
    27.38745813 27.31836998 27.24563899 27.16931572 27.08945072  
    27.00609457 26.91929784 26.82911107 26.73558485 26.63876973  
    26.53871628 26.43547506 26.32909664 26.21963158 26.10713045  
    25.99164381 25.87322223 25.75191627 25.62777649 25.50085347  
    25.37119775 25.23885992 25.10389053 24.96634015 24.82625935  
    24.68369868 24.53870871 24.39134001 24.24164314 24.08966867  
    23.93546716 23.77908917 23.62058528 23.46000603 23.29740201  
    23.13282377 22.96632187 22.79794689 22.62774938 22.45577991  
    22.28208904 22.10672733 21.92974535 21.75119365 21.57112279  
    21.38958333 21.20662581 21.02230078 20.83665877 20.64975031  
    20.46162589 20.27233599 20.081931059999995 19.89046147 19.69797755  
    19.50452948 19.31016732 19.1149409 18.91889975 18.72209295  
    18.52456898 18.32637542 18.12755861 17.92816316 17.72823115  
    17.527801189999998 17.3269069 17.12557492 16.92382203 16.72165114  
    16.51904563 16.31596151 16.11231636 15.90797403 15.70272338  
    15.49624892 15.28809061 15.077589279999998 14.863813629999997  
    14.64546461 14.42075424 14.18726007 13.94176664 13.68012594  
    13.39720656 13.08706069 12.74351126 12.36140712 11.93870464  
    11.479153039999995 10.994628899999995 10.50546087 10.03732921  
    9.615147828 9.256666394 8.96902876 
  TE = 23.80897431965727 23.803078955232127 23.78540161905418  
    23.75596856073951 23.71482345746875 23.662027305980363  
    23.597658271885127 23.521811496822828 23.434598864127178  
    23.336148723806833 23.22660557778876 23.1061297265044  
    22.974896878028428 22.833097721104075 22.68093746350708  
    22.518635337312364 22.346424072732493 22.164549342294855  
    21.97326917721472 21.772853357903514 21.5635827806257  
    21.34574880238298 21.119652566161236 20.88560430872343  
    20.643922653170122 20.394933888519073 20.13897123857552  
    19.87637412237601 19.607487408490652 19.332660665461766  
    19.052247410640987 18.768422944371594 18.482676906421425  
    18.194336834348103 17.902730265709234 17.60718473806244  
    17.30726119279409 17.003306498776762 16.695827084797358  
    16.38532937964279 16.072319812099966 15.757610691419284  
    15.44262487247081 15.128784602470962 14.81751212863614  
    14.510229698182764 14.208899490709223 13.914657644888074  
    13.627687346546963 13.348171781513546 13.07629413561547  
    12.811505561285541 12.552942802341503 12.300317431688425  
    12.053341022231374 11.811725146875412 11.575344057712897  
    11.34418942457632 11.118148946980975 10.89711032444214  
    10.680961256475115 10.469605033730423 10.262963323968963  
    10.06095139237156 9.863484504119047 9.670477924392257  
    9.481886258500243 9.297614006689098 9.117501276545227  
    8.941388175655012 8.769114811604856 8.600440663602765  
    8.435111015098476 8.272944680040988 8.113760472379294  
    7.95737720606239 7.803335585789164 7.651567375962474  
    7.502477980087269 7.356472801668503 7.213957244211126  
    7.076169974092561 6.943768576779926 6.816286834412724  
    6.693258529130447 6.574217443072595 6.458112523659917  
    6.343715546670628 6.23029453678042 6.11711751866498 6.003452517  
    5.614294093 5.122468866 4.519046905 3.8148302649999914  
    3.0467070829999914 2.273024689 1.556536687 0.9442186858  
    0.4564625313 0.08949514624 
  TI = 29.49581211685298 29.483343736474993 29.445970210006056  
    29.383786247876035 29.29694925637361 29.185678673762883  
    29.05025504634149 28.891018849884997 28.70836906340704  
    28.5027615035968 28.274706929664806 28.024768929624074  
    27.75356160024741 27.461747034064302 27.150032627784505  
    26.819168227453254 26.469943126449287 26.103182933126  
    25.719746325464808 25.32052171055486 24.906423807032866  
    24.478390168810495 24.037377668484567 23.58435895876869  
    23.120318930106542 22.646251182329852 22.163154527812733  
    21.6720295430537 21.173875184993175 20.66968548765454  
    20.16044635388827 19.65685236328092 19.168170286251563  
    18.693236342121423 18.230886750211734 17.779957729843723  
    17.33941632553359 16.909038597206685 16.488874287297946  
    16.07897313824231 15.679384892474728 15.290609335296322  
    14.913545066992352 14.548840052473945 14.197142256652224  
    13.859099644438311 13.53573286997102 13.227062126795714  
    12.93223468893336 12.650397830404916 12.380698825231343  
    12.12180271803113 11.87247879566043 11.632030695496695  
    11.399762054917389 11.174976511299967 10.957158361213756  
    10.746014378289068 10.54118191549485 10.342298325800039  
    10.149000962173584 9.960964683330149 9.777964384858645  
    9.59978747503937 9.426221362152637 9.25705345447874  
    9.092134748945586 8.931324726091834 8.774423519613926  
    8.6212312632083 8.471548090571401 8.325159952222371  
    8.181852114515682 8.04142368490076 7.9036737708270435  
    7.768401479743957 7.635289429871492 7.50419779705978  
    7.375192025203475 7.248337558197226 7.123699839935683  
    7.001690762284421 6.882569144981066 6.766170823728347  
    6.652331634228993 6.540887412185731 6.431600885645871  
    6.3238931440958845 6.217087565397257 6.1105075274114675 6.003476408  
    5.614157213 5.122379833 4.519102638 3.8149920989999915  
    3.0468465279999917 2.273029085 1.556399848 0.9440469961  
    0.4564085219 0.08968505122 
  OMEGA = 4992.501875 4992.501875 4978.801804 4961.079526 4940.12016  
    4916.382264 4890.178959 4861.74318 4831.258024 4798.873089  
    4764.714177 4728.889466 4691.493659 4652.610886 4612.316799  
    4570.680145 4527.763951 4483.626454 4438.321832 4391.900796  
    4344.411068 4295.897774 4246.403778 4195.969955 4144.635428  
    4092.437767 4039.413164 3985.596584 3931.021896 3875.721988  
    3819.72887 3763.073767 3705.787199 3647.899055 3589.43866  
    3530.4348369999993 3470.91596 3410.910006 3350.444605 3289.54708  
    3228.244492 3166.5636739999995 3104.531273 3042.173783 2979.517575  
    2916.588934 2853.414088 2790.0192379999994 2726.430588 2662.674375  
    2598.776897 2534.764544 2470.663824 2406.501396 2342.304099  
    2278.098979 2213.913327 2149.7747069999996 2085.710992 2021.750397  
    1957.921519 1894.253376 1830.775447 1767.517715 1704.510722  
    1641.785608 1579.374179 1517.308956 1455.623246 1394.3512129999992  
    1333.5279519999992 1273.18958 1213.373329 1154.117653 1095.462349  
    1037.448686 980.1195629 923.5196753 867.6957162 812.6966008  
    758.5737302 705.3812976 653.1766491999995 602.0207127999994  
    551.9785103 503.1197796 455.5197357 409.2600162 364.4298727  
    321.1276991 279.4630303 239.55922 201.557126 165.620359  
    131.94307479999964 100.76217029999968 72.37775876 47.19105135  
    25.78549737 9.151104569 -2.29860575e-12 
  ZEFF = 1.08103 1.08103 1.0810300000000002 1.08103 1.08103  
    1.0810300000000002 1.08103 1.08103 1.08103 1.08103 1.08103  
    1.0810300000000002 1.08103 1.08103 1.08103 1.08103 1.08103 1.08103  
    1.08103 1.0810300000000002 1.0810300000000002 1.0810300000000002  
    1.0810300000000002 1.0810300000000002 1.08103 1.0810300000000002  
    1.08103 1.0810300000000002 1.08103 1.08103 1.0810300000000002  
    1.08103 1.08103 1.08103 1.08103 1.08103 1.08103 1.08103 1.08103  
    1.08103 1.08103 1.08103 1.0810300000000002 1.08103 1.08103 1.08103  
    1.08103 1.08103 1.08103 1.08103 1.08103 1.0810300000000002 1.08103  
    1.08103 1.0810300000000002 1.08103 1.08103 1.08103  
    1.0810300000000002 1.08103 1.0810300000000002 1.08103 1.08103  
    1.08103 1.0810300000000002 1.08103 1.0810300000000002 1.08103  
    1.08103 1.08103 1.08103 1.08103 1.08103 1.08103 1.08103 1.08103  
    1.08103 1.08103 1.08103 1.08103 1.0810300000000002  
    1.0810300000000002 1.08103 1.0810300000000002 1.08103 1.08103  
    1.08103 1.08103 1.08103 1.08103 1.08103 1.0810300000000002 1.08103  
    1.08103 1.0810300000000002 1.08103 1.08103 1.08103 1.08103 1.08103  
    1.08103 
  J_OH = 0.0 0.0 0.0 0.0 0.0 0.0 0.0 0.0 0.0 0.0 0.0 0.0 0.0 0.0 0.0  
    0.0 0.0 0.0 0.0 0.0 0.0 0.0 0.0 0.0 0.0 0.0 0.0 0.0 0.0 0.0 0.0 0.0  
    0.0 0.0 0.0 0.0 0.0 0.0 0.0 0.0 0.0 0.0 0.0 0.0 0.0 0.0 0.0 0.0 0.0  
    0.0 0.0 0.0 0.0 0.0 0.0 0.0 0.0 0.0 0.0 0.0 0.0 0.0 0.0 0.0 0.0 0.0  
    0.0 0.0 0.0 0.0 0.0 0.0 0.0 0.0 0.0 0.0 0.0 0.0 0.0 0.0 0.0 0.0 0.0  
    0.0 0.0 0.0 0.0 0.0 0.0 0.0 0.0 0.0 0.0 0.0 0.0 0.0 0.0 0.0 0.0 0.0  
    0.0 
  J_BS = 227287.11835941547 340930.6775391232 490960.8210241929  
    546871.88397021 579677.7419034818 603461.2345956216  
    623039.6503284179 640374.1686378213 656376.2811109797  
    671525.9850988458 686071.2043677224 700044.2436140965  
    713355.473577854 725931.2370389523 737712.5952404307  
    748645.676042878 758728.3901266538 767992.3854531556  
    776455.4749474577 784127.1002239473 791013.1048724871  
    797091.8064803305 802326.2645582773 806694.0576135366  
    810182.2661634308 812780.5692984689 814489.3357385772  
    815317.9539151754 815278.4144071833 814386.0247946946  
    810067.6032094718 800390.6791305274 788921.462027818  
    778555.621782053 769252.0893255132 760838.5839293041  
    752642.3974662189 744028.1317892375 734891.6399058711  
    725254.4635999696 714921.938957354 703367.5887413253  
    690346.3886795253 675963.8898121887 660278.590003749  
    643055.3612454404 624593.2594360177 606024.4936799253  
    587920.2777634426 570284.2965133683 553495.8260753457  
    538020.941860196 523609.14871197584 509914.42371814576  
    496922.54542812274 484524.95224776946 472531.09772885614  
    460901.3457021687 449682.1504635099 438867.22064819315  
    428437.42390399944 418348.8248273727 408571.1205517058  
    399099.888270598 389931.02644851716 381035.524876046  
    372400.5188546436 364071.3772394771 356077.15103396575  
    348413.985743595 341107.7593325472 334189.1062102904  
    327634.17654406046 321417.8529898248 315545.494450779  
    310136.1063864617 305155.97022327845 300287.41013428045  
    295391.81007540744 290538.0903256398 285497.8297901174  
    280287.6430626844 275703.9035434812 272368.52192870196  
    270538.0140208353 270736.59800486773 273684.54164201545  
    279854.3280921369 289637.5923192478 303482.1953339764  
    449556.38497555716 636825.9783716954 733080.2739256583  
    813077.9773236827 852000.6481537231 830294.4798689926  
    745036.5097158991 611364.7322471736 449270.9164290963  
    272756.5342519286 91675.84791573191 
  J_NB = 0.0 0.0 0.0 0.0 0.0 0.0 0.0 0.0 0.0 0.0 0.0 0.0 0.0 0.0 0.0  
    0.0 0.0 0.0 0.0 0.0 0.0 0.0 0.0 0.0 0.0 0.0 0.0 0.0 0.0 0.0 0.0 0.0  
    0.0 0.0 0.0 0.0 0.0 0.0 0.0 0.0 0.0 0.0 0.0 0.0 0.0 0.0 0.0 0.0 0.0  
    0.0 0.0 0.0 0.0 0.0 0.0 0.0 0.0 0.0 0.0 0.0 0.0 0.0 0.0 0.0 0.0 0.0  
    0.0 0.0 0.0 0.0 0.0 0.0 0.0 0.0 0.0 0.0 0.0 0.0 0.0 0.0 0.0 0.0 0.0  
    0.0 0.0 0.0 0.0 0.0 0.0 0.0 0.0 0.0 0.0 0.0 0.0 0.0 0.0 0.0 0.0 0.0  
    0.0 
  J_EC = 0.0 0.0 0.0 0.0 0.0 0.0 0.0 0.0 0.0 0.0 0.0 0.0 0.0 0.0 0.0  
    0.0 0.0 0.0 0.0 0.0 0.0 0.0 0.0 0.0 0.0 0.0 0.0 0.0 0.0 0.0 0.0 0.0  
    0.0 0.0 0.0 0.0 0.0 0.0 0.0 0.0 0.0 0.0 0.0 0.0 0.0 0.0 0.0 0.0 0.0  
    0.0 0.0 0.0 0.0 0.0 0.0 0.0 0.0 0.0 0.0 0.0 0.0 0.0 0.0 0.0 0.0 0.0  
    0.0 0.0 0.0 0.0 0.0 0.0 0.0 0.0 0.0 0.0 0.0 0.0 0.0 0.0 0.0 0.0 0.0  
    0.0 0.0 0.0 0.0 0.0 0.0 0.0 0.0 0.0 0.0 0.0 0.0 0.0 0.0 0.0 0.0 0.0  
    0.0 
  J_IC = 0.0 0.0 0.0 0.0 0.0 0.0 0.0 0.0 0.0 0.0 0.0 0.0 0.0 0.0 0.0  
    0.0 0.0 0.0 0.0 0.0 0.0 0.0 0.0 0.0 0.0 0.0 0.0 0.0 0.0 0.0 0.0 0.0  
    0.0 0.0 0.0 0.0 0.0 0.0 0.0 0.0 0.0 0.0 0.0 0.0 0.0 0.0 0.0 0.0 0.0  
    0.0 0.0 0.0 0.0 0.0 0.0 0.0 0.0 0.0 0.0 0.0 0.0 0.0 0.0 0.0 0.0 0.0  
    0.0 0.0 0.0 0.0 0.0 0.0 0.0 0.0 0.0 0.0 0.0 0.0 0.0 0.0 0.0 0.0 0.0  
    0.0 0.0 0.0 0.0 0.0 0.0 0.0 0.0 0.0 0.0 0.0 0.0 0.0 0.0 0.0 0.0 0.0  
    0.0 
  J_LH = 0.0 0.0 0.0 0.0 0.0 0.0 0.0 0.0 0.0 0.0 0.0 0.0 0.0 0.0 0.0  
    0.0 0.0 0.0 0.0 0.0 0.0 0.0 0.0 0.0 0.0 0.0 0.0 0.0 0.0 0.0 0.0 0.0  
    0.0 0.0 0.0 0.0 0.0 0.0 0.0 0.0 0.0 0.0 0.0 0.0 0.0 0.0 0.0 0.0 0.0  
    0.0 0.0 0.0 0.0 0.0 0.0 0.0 0.0 0.0 0.0 0.0 0.0 0.0 0.0 0.0 0.0 0.0  
    0.0 0.0 0.0 0.0 0.0 0.0 0.0 0.0 0.0 0.0 0.0 0.0 0.0 0.0 0.0 0.0 0.0  
    0.0 0.0 0.0 0.0 0.0 0.0 0.0 0.0 0.0 0.0 0.0 0.0 0.0 0.0 0.0 0.0 0.0  
    0.0 
  PE_NB = 0.0 0.0 0.0 0.0 0.0 0.0 0.0 0.0 0.0 0.0 0.0 0.0 0.0 0.0 0.0  
    0.0 0.0 0.0 0.0 0.0 0.0 0.0 0.0 0.0 0.0 0.0 0.0 0.0 0.0 0.0 0.0 0.0  
    0.0 0.0 0.0 0.0 0.0 0.0 0.0 0.0 0.0 0.0 0.0 0.0 0.0 0.0 0.0 0.0 0.0  
    0.0 0.0 0.0 0.0 0.0 0.0 0.0 0.0 0.0 0.0 0.0 0.0 0.0 0.0 0.0 0.0 0.0  
    0.0 0.0 0.0 0.0 0.0 0.0 0.0 0.0 0.0 0.0 0.0 0.0 0.0 0.0 0.0 0.0 0.0  
    0.0 0.0 0.0 0.0 0.0 0.0 0.0 0.0 0.0 0.0 0.0 0.0 0.0 0.0 0.0 0.0 0.0  
    0.0 
  PE_EC = 0.0 0.0 0.0 0.0 0.0 0.0 0.0 0.0 0.0 0.0 0.0 0.0 0.0 0.0 0.0  
    0.0 0.0 0.0 0.0 0.0 0.0 0.0 0.0 0.0 0.0 0.0 0.0 0.0 0.0 0.0 0.0 0.0  
    0.0 0.0 0.0 0.0 0.0 0.0 0.0 0.0 0.0 0.0 0.0 0.0 0.0 0.0 0.0 0.0 0.0  
    0.0 0.0 0.0 0.0 0.0 0.0 0.0 0.0 0.0 0.0 0.0 0.0 0.0 0.0 0.0 0.0 0.0  
    0.0 0.0 0.0 0.0 0.0 0.0 0.0 0.0 0.0 0.0 0.0 0.0 0.0 0.0 0.0 0.0 0.0  
    0.0 0.0 0.0 0.0 0.0 0.0 0.0 0.0 0.0 0.0 0.0 0.0 0.0 0.0 0.0 0.0 0.0  
    0.0 
  PE_IC = 0.0 0.0 0.0 0.0 0.0 0.0 0.0 0.0 0.0 0.0 0.0 0.0 0.0 0.0 0.0  
    0.0 0.0 0.0 0.0 0.0 0.0 0.0 0.0 0.0 0.0 0.0 0.0 0.0 0.0 0.0 0.0 0.0  
    0.0 0.0 0.0 0.0 0.0 0.0 0.0 0.0 0.0 0.0 0.0 0.0 0.0 0.0 0.0 0.0 0.0  
    0.0 0.0 0.0 0.0 0.0 0.0 0.0 0.0 0.0 0.0 0.0 0.0 0.0 0.0 0.0 0.0 0.0  
    0.0 0.0 0.0 0.0 0.0 0.0 0.0 0.0 0.0 0.0 0.0 0.0 0.0 0.0 0.0 0.0 0.0  
    0.0 0.0 0.0 0.0 0.0 0.0 0.0 0.0 0.0 0.0 0.0 0.0 0.0 0.0 0.0 0.0 0.0  
    0.0 
  PE_LH = 0.0 0.0 0.0 0.0 0.0 0.0 0.0 0.0 0.0 0.0 0.0 0.0 0.0 0.0 0.0  
    0.0 0.0 0.0 0.0 0.0 0.0 0.0 0.0 0.0 0.0 0.0 0.0 0.0 0.0 0.0 0.0 0.0  
    0.0 0.0 0.0 0.0 0.0 0.0 0.0 0.0 0.0 0.0 0.0 0.0 0.0 0.0 0.0 0.0 0.0  
    0.0 0.0 0.0 0.0 0.0 0.0 0.0 0.0 0.0 0.0 0.0 0.0 0.0 0.0 0.0 0.0 0.0  
    0.0 0.0 0.0 0.0 0.0 0.0 0.0 0.0 0.0 0.0 0.0 0.0 0.0 0.0 0.0 0.0 0.0  
    0.0 0.0 0.0 0.0 0.0 0.0 0.0 0.0 0.0 0.0 0.0 0.0 0.0 0.0 0.0 0.0 0.0  
    0.0 
  PE_FUS = 2717141.237366765 2718664.1406967943 2714265.9130339106  
    2711159.4364701794 2708691.789729483 2706268.8722510156  
    2703112.916259236 2697437.8329500635 2687038.8391737095  
    2669378.316947873 2641249.050896205 2604465.13986834  
    2564128.1635019076 2521353.4527424662 2477591.443809268  
    2434641.2787023783 2392252.6144558745 2348758.7604796854  
    2304014.7150063277 2257776.494898498 2209689.06003286  
    2160194.1037331964 2110108.5219651354 2059588.0583864835  
    2008843.3103939055 1958139.0067487094 1907518.2663997044  
    1856859.0741983836 1806198.783346896 1755549.0108352106  
    1704895.2100268097 1654163.0784060056 1603329.3502551725  
    1552427.0344295478 1501476.6842239553 1450486.5041817308  
    1399471.4811407665 1348511.2277260171 1297705.5253051121  
    1247158.6257158497 1196978.465971012 1147319.2122272556  
    1098371.2496603169 1050302.9440564734 1003285.6547474755  
    957490.8437425783 913118.3593205683 870265.8084785766  
    828938.4411093692 789127.6100606576 750812.060182192  
    713916.1932128696 678370.1282462177 644146.3608442752  
    611210.098629194 579520.4973675931 549049.0443622823  
    519784.80285904306 491706.05503841315 464787.01709578343  
    438998.4695865676 414311.939386173 390705.7882214107  
    368156.673170949 346638.68123795773 326123.73665499646  
    306587.13842225226 288003.2198157372 270340.13095201907  
    253565.03700865625 237644.43257378443 222543.77099996296  
    208228.44359938445 194664.59765267064 181818.62185789252  
    169657.28328832902 158141.811439666 147243.8081820893  
    136944.75185853563 127224.5044572828 118061.25849399743  
    109445.95236012957 101359.38275866924 93762.85890690808  
    86617.01197179919 79881.56437108747 73513.47274253186  
    67457.6008245747 61657.87869182542 56064.00601289679  
    50635.013230452394 38788.858091909686 26953.102213603124  
    16278.552506789698 8070.190799461889 3040.4675239441485  
    777.8360183232282 111.27890968655338 5.841622568892761  
    0.0306957797719905 6.042344644226868e-10 
  PE_IONIZATION = 0.0 0.0 0.0 0.0 0.0 0.0 0.0 0.0 0.0 0.0 0.0 0.0 0.0  
    0.0 0.0 0.0 0.0 0.0 0.0 0.0 0.0 0.0 0.0 0.0 0.0 0.0 0.0 0.0 0.0 0.0  
    0.0 0.0 0.0 0.0 0.0 0.0 0.0 0.0 0.0 0.0 0.0 0.0 0.0 0.0 0.0 0.0 0.0  
    0.0 0.0 0.0 0.0 0.0 0.0 0.0 0.0 0.0 0.0 0.0 0.0 0.0 0.0 0.0 0.0 0.0  
    0.0 0.0 0.0 0.0 0.0 0.0 0.0 0.0 0.0 0.0 0.0 0.0 0.0 0.0 0.0 0.0 0.0  
    0.0 0.0 0.0 0.0 0.0 0.0 0.0 0.0 0.0 0.0 0.0 0.0 0.0 0.0 0.0 0.0 0.0  
    0.0 0.0 0.0 
  P_RAD = 0.0 0.0 0.0 0.0 0.0 0.0 0.0 0.0 0.0 0.0 0.0 0.0 0.0 0.0 0.0  
    0.0 0.0 0.0 0.0 0.0 0.0 0.0 0.0 0.0 0.0 0.0 0.0 0.0 0.0 0.0 0.0 0.0  
    0.0 0.0 0.0 0.0 0.0 0.0 0.0 0.0 0.0 0.0 0.0 0.0 0.0 0.0 0.0 0.0 0.0  
    0.0 0.0 0.0 0.0 0.0 0.0 0.0 0.0 0.0 0.0 0.0 0.0 0.0 0.0 0.0 0.0 0.0  
    0.0 0.0 0.0 0.0 0.0 0.0 0.0 0.0 0.0 0.0 0.0 0.0 0.0 0.0 0.0 0.0 0.0  
    0.0 0.0 0.0 0.0 0.0 0.0 0.0 0.0 0.0 0.0 0.0 0.0 0.0 0.0 0.0 0.0 0.0  
    0.0 
  PI_NB = 0.0 0.0 0.0 0.0 0.0 0.0 0.0 0.0 0.0 0.0 0.0 0.0 0.0 0.0 0.0  
    0.0 0.0 0.0 0.0 0.0 0.0 0.0 0.0 0.0 0.0 0.0 0.0 0.0 0.0 0.0 0.0 0.0  
    0.0 0.0 0.0 0.0 0.0 0.0 0.0 0.0 0.0 0.0 0.0 0.0 0.0 0.0 0.0 0.0 0.0  
    0.0 0.0 0.0 0.0 0.0 0.0 0.0 0.0 0.0 0.0 0.0 0.0 0.0 0.0 0.0 0.0 0.0  
    0.0 0.0 0.0 0.0 0.0 0.0 0.0 0.0 0.0 0.0 0.0 0.0 0.0 0.0 0.0 0.0 0.0  
    0.0 0.0 0.0 0.0 0.0 0.0 0.0 0.0 0.0 0.0 0.0 0.0 0.0 0.0 0.0 0.0 0.0  
    0.0 
  PI_IC = 0.0 0.0 0.0 0.0 0.0 0.0 0.0 0.0 0.0 0.0 0.0 0.0 0.0 0.0 0.0  
    0.0 0.0 0.0 0.0 0.0 0.0 0.0 0.0 0.0 0.0 0.0 0.0 0.0 0.0 0.0 0.0 0.0  
    0.0 0.0 0.0 0.0 0.0 0.0 0.0 0.0 0.0 0.0 0.0 0.0 0.0 0.0 0.0 0.0 0.0  
    0.0 0.0 0.0 0.0 0.0 0.0 0.0 0.0 0.0 0.0 0.0 0.0 0.0 0.0 0.0 0.0 0.0  
    0.0 0.0 0.0 0.0 0.0 0.0 0.0 0.0 0.0 0.0 0.0 0.0 0.0 0.0 0.0 0.0 0.0  
    0.0 0.0 0.0 0.0 0.0 0.0 0.0 0.0 0.0 0.0 0.0 0.0 0.0 0.0 0.0 0.0 0.0  
    0.0 
  PI_LH = 0.0 0.0 0.0 0.0 0.0 0.0 0.0 0.0 0.0 0.0 0.0 0.0 0.0 0.0 0.0  
    0.0 0.0 0.0 0.0 0.0 0.0 0.0 0.0 0.0 0.0 0.0 0.0 0.0 0.0 0.0 0.0 0.0  
    0.0 0.0 0.0 0.0 0.0 0.0 0.0 0.0 0.0 0.0 0.0 0.0 0.0 0.0 0.0 0.0 0.0  
    0.0 0.0 0.0 0.0 0.0 0.0 0.0 0.0 0.0 0.0 0.0 0.0 0.0 0.0 0.0 0.0 0.0  
    0.0 0.0 0.0 0.0 0.0 0.0 0.0 0.0 0.0 0.0 0.0 0.0 0.0 0.0 0.0 0.0 0.0  
    0.0 0.0 0.0 0.0 0.0 0.0 0.0 0.0 0.0 0.0 0.0 0.0 0.0 0.0 0.0 0.0 0.0  
    0.0 
  PI_FUS = 1587486.9376888548 1583855.7390501443 1569559.5782369717  
    1550784.8393462826 1529395.6498894992 1507281.3657041145  
    1485898.3182864303 1464852.642422869 1443244.5495083614  
    1420061.0785359035 1394027.1917826054 1365851.0275726633  
    1337368.8514949395 1308749.4809239376 1280305.9020936487  
    1252505.833281875 1224946.067866904 1196643.878294746  
    1167294.8382432184 1136572.7418879883 1104127.0853066943  
    1070308.9520228668 1035921.4005349326 1001277.3859713384  
    966696.3195000127 932502.1980685376 898840.0771211066  
    865651.2236323365 832948.4427045698 800734.5097514748  
    769002.2758643024 737676.1948167899 706690.5745964061  
    676044.2759112889 645734.3371427248 615756.2438695203  
    586121.3709602666 556893.8742127845 528146.2814919112  
    499949.11672347604 472370.3107987495 445498.59076417785  
    419444.81133540696 394301.95137004013 370154.3123872987  
    347076.48846606194 325154.4669621212 304411.5931835217  
    284816.2689353042 266331.7178335196 248916.86775660276  
    232501.25668358174 217014.4562895534 202412.0937326323  
    188649.34610500062 175681.4386772022 163471.15396335005  
    151988.87079699157 141201.30463268713 131075.10441598925  
    121577.10922280441 112675.68836663438 104342.26272474954  
    96548.68928415794 89267.15851006043 82470.3384213747  
    76133.04688629914 70230.39925745013 64736.61439816453  
    59626.854361561825 54877.27586605564 50464.46704204568  
    46366.13848627342 42561.700573633156 39031.626198835365  
    35757.43391885431 32719.319348891026 29902.287758808703  
    27295.56892492793 24888.092902392294 22668.561226415244  
    20630.527252060023 18763.53821627443 17051.0353461731  
    15477.531077418951 14028.485851281876 12688.826881113504  
    11442.49302492034 10275.532449809989 9176.062653752464  
    8134.734441777603 5846.291871278879 3723.4809911238103  
    1996.9262527990586 843.5688024195562 257.2377784282786  
    50.03746833220276 5.035127862121295 0.16662198638683715  
    0.0004497017645169067 2.0288801500843084e-12 
  PI_IONIZATION = 0.0 0.0 0.0 0.0 0.0 0.0 0.0 0.0 0.0 0.0 0.0 0.0 0.0  
    0.0 0.0 0.0 0.0 0.0 0.0 0.0 0.0 0.0 0.0 0.0 0.0 0.0 0.0 0.0 0.0 0.0  
    0.0 0.0 0.0 0.0 0.0 0.0 0.0 0.0 0.0 0.0 0.0 0.0 0.0 0.0 0.0 0.0 0.0  
    0.0 0.0 0.0 0.0 0.0 0.0 0.0 0.0 0.0 0.0 0.0 0.0 0.0 0.0 0.0 0.0 0.0  
    0.0 0.0 0.0 0.0 0.0 0.0 0.0 0.0 0.0 0.0 0.0 0.0 0.0 0.0 0.0 0.0 0.0  
    0.0 0.0 0.0 0.0 0.0 0.0 0.0 0.0 0.0 0.0 0.0 0.0 0.0 0.0 0.0 0.0 0.0  
    0.0 0.0 0.0 
  PI_CX = 0.0 0.0 0.0 0.0 0.0 0.0 0.0 0.0 0.0 0.0 0.0 0.0 0.0 0.0 0.0  
    0.0 0.0 0.0 0.0 0.0 0.0 0.0 0.0 0.0 0.0 0.0 0.0 0.0 0.0 0.0 0.0 0.0  
    0.0 0.0 0.0 0.0 0.0 0.0 0.0 0.0 0.0 0.0 0.0 0.0 0.0 0.0 0.0 0.0 0.0  
    0.0 0.0 0.0 0.0 0.0 0.0 0.0 0.0 0.0 0.0 0.0 0.0 0.0 0.0 0.0 0.0 0.0  
    0.0 0.0 0.0 0.0 0.0 0.0 0.0 0.0 0.0 0.0 0.0 0.0 0.0 0.0 0.0 0.0 0.0  
    0.0 0.0 0.0 0.0 0.0 0.0 0.0 0.0 0.0 0.0 0.0 0.0 0.0 0.0 0.0 0.0 0.0  
    0.0 
  P_OHM = 0.0 0.0 0.0 0.0 0.0 0.0 0.0 0.0 0.0 0.0 0.0 0.0 0.0 0.0 0.0  
    0.0 0.0 0.0 0.0 0.0 0.0 0.0 0.0 0.0 0.0 0.0 0.0 0.0 0.0 0.0 0.0 0.0  
    0.0 0.0 0.0 0.0 0.0 0.0 0.0 0.0 0.0 0.0 0.0 0.0 0.0 0.0 0.0 0.0 0.0  
    0.0 0.0 0.0 0.0 0.0 0.0 0.0 0.0 0.0 0.0 0.0 0.0 0.0 0.0 0.0 0.0 0.0  
    0.0 0.0 0.0 0.0 0.0 0.0 0.0 0.0 0.0 0.0 0.0 0.0 0.0 0.0 0.0 0.0 0.0  
    0.0 0.0 0.0 0.0 0.0 0.0 0.0 0.0 0.0 0.0 0.0 0.0 0.0 0.0 0.0 0.0 0.0  
    0.0 
  P_EI = 0.0 0.0 0.0 0.0 0.0 0.0 0.0 0.0 0.0 0.0 0.0 0.0 0.0 0.0 0.0  
    0.0 0.0 0.0 0.0 0.0 0.0 0.0 0.0 0.0 0.0 0.0 0.0 0.0 0.0 0.0 0.0 0.0  
    0.0 0.0 0.0 0.0 0.0 0.0 0.0 0.0 0.0 0.0 0.0 0.0 0.0 0.0 0.0 0.0 0.0  
    0.0 0.0 0.0 0.0 0.0 0.0 0.0 0.0 0.0 0.0 0.0 0.0 0.0 0.0 0.0 0.0 0.0  
    0.0 0.0 0.0 0.0 0.0 0.0 0.0 0.0 0.0 0.0 0.0 0.0 0.0 0.0 0.0 0.0 0.0  
    0.0 0.0 0.0 0.0 0.0 0.0 0.0 0.0 0.0 0.0 0.0 0.0 0.0 0.0 0.0 0.0 0.0  
    0.0 
  TORQUE_NB = 0.0 0.0 0.0 0.0 0.0 0.0 0.0 0.0 0.0 0.0 0.0 0.0 0.0 0.0  
    0.0 0.0 0.0 0.0 0.0 0.0 0.0 0.0 0.0 0.0 0.0 0.0 0.0 0.0 0.0 0.0 0.0  
    0.0 0.0 0.0 0.0 0.0 0.0 0.0 0.0 0.0 0.0 0.0 0.0 0.0 0.0 0.0 0.0 0.0  
    0.0 0.0 0.0 0.0 0.0 0.0 0.0 0.0 0.0 0.0 0.0 0.0 0.0 0.0 0.0 0.0 0.0  
    0.0 0.0 0.0 0.0 0.0 0.0 0.0 0.0 0.0 0.0 0.0 0.0 0.0 0.0 0.0 0.0 0.0  
    0.0 0.0 0.0 0.0 0.0 0.0 0.0 0.0 0.0 0.0 0.0 0.0 0.0 0.0 0.0 0.0 0.0  
    0.0 0.0 
  TORQUE_IN = 0.0 0.0 0.0 0.0 0.0 0.0 0.0 0.0 0.0 0.0 0.0 0.0 0.0 0.0  
    0.0 0.0 0.0 0.0 0.0 0.0 0.0 0.0 0.0 0.0 0.0 0.0 0.0 0.0 0.0 0.0 0.0  
    0.0 0.0 0.0 0.0 0.0 0.0 0.0 0.0 0.0 0.0 0.0 0.0 0.0 0.0 0.0 0.0 0.0  
    0.0 0.0 0.0 0.0 0.0 0.0 0.0 0.0 0.0 0.0 0.0 0.0 0.0 0.0 0.0 0.0 0.0  
    0.0 0.0 0.0 0.0 0.0 0.0 0.0 0.0 0.0 0.0 0.0 0.0 0.0 0.0 0.0 0.0 0.0  
    0.0 0.0 0.0 0.0 0.0 0.0 0.0 0.0 0.0 0.0 0.0 0.0 0.0 0.0 0.0 0.0 0.0  
    0.0 0.0 
  SE_NB = 0.0 0.0 0.0 0.0 0.0 0.0 0.0 0.0 0.0 0.0 0.0 0.0 0.0 0.0 0.0  
    0.0 0.0 0.0 0.0 0.0 0.0 0.0 0.0 0.0 0.0 0.0 0.0 0.0 0.0 0.0 0.0 0.0  
    0.0 0.0 0.0 0.0 0.0 0.0 0.0 0.0 0.0 0.0 0.0 0.0 0.0 0.0 0.0 0.0 0.0  
    0.0 0.0 0.0 0.0 0.0 0.0 0.0 0.0 0.0 0.0 0.0 0.0 0.0 0.0 0.0 0.0 0.0  
    0.0 0.0 0.0 0.0 0.0 0.0 0.0 0.0 0.0 0.0 0.0 0.0 0.0 0.0 0.0 0.0 0.0  
    0.0 0.0 0.0 0.0 0.0 0.0 0.0 0.0 0.0 0.0 0.0 0.0 0.0 0.0 0.0 0.0 0.0  
    0.0 
  SE_IONIZATION = 0.0 0.0 0.0 0.0 0.0 0.0 0.0 0.0 0.0 0.0 0.0 0.0 0.0  
    0.0 0.0 0.0 0.0 0.0 0.0 0.0 0.0 0.0 0.0 0.0 0.0 0.0 0.0 0.0 0.0 0.0  
    0.0 0.0 0.0 0.0 0.0 0.0 0.0 0.0 0.0 0.0 0.0 0.0 0.0 0.0 0.0 0.0 0.0  
    0.0 0.0 0.0 0.0 0.0 0.0 0.0 0.0 0.0 0.0 0.0 0.0 0.0 0.0 0.0 0.0 0.0  
    0.0 0.0 0.0 0.0 0.0 0.0 0.0 0.0 0.0 0.0 0.0 0.0 0.0 0.0 0.0 0.0 0.0  
    0.0 0.0 0.0 0.0 0.0 0.0 0.0 0.0 0.0 0.0 0.0 0.0 0.0 0.0 0.0 0.0 0.0  
    0.0 0.0 0.0 
  SI_NB = 0.0 0.0 0.0 0.0 0.0 0.0 0.0 0.0 0.0 0.0 0.0 0.0 0.0 0.0 0.0  
    0.0 0.0 0.0 0.0 0.0 0.0 0.0 0.0 0.0 0.0 0.0 0.0 0.0 0.0 0.0 0.0 0.0  
    0.0 0.0 0.0 0.0 0.0 0.0 0.0 0.0 0.0 0.0 0.0 0.0 0.0 0.0 0.0 0.0 0.0  
    0.0 0.0 0.0 0.0 0.0 0.0 0.0 0.0 0.0 0.0 0.0 0.0 0.0 0.0 0.0 0.0 0.0  
    0.0 0.0 0.0 0.0 0.0 0.0 0.0 0.0 0.0 0.0 0.0 0.0 0.0 0.0 0.0 0.0 0.0  
    0.0 0.0 0.0 0.0 0.0 0.0 0.0 0.0 0.0 0.0 0.0 0.0 0.0 0.0 0.0 0.0 0.0  
    0.0 
  SI_IONIZATION = 0.0 0.0 0.0 0.0 0.0 0.0 0.0 0.0 0.0 0.0 0.0 0.0 0.0  
    0.0 0.0 0.0 0.0 0.0 0.0 0.0 0.0 0.0 0.0 0.0 0.0 0.0 0.0 0.0 0.0 0.0  
    0.0 0.0 0.0 0.0 0.0 0.0 0.0 0.0 0.0 0.0 0.0 0.0 0.0 0.0 0.0 0.0 0.0  
    0.0 0.0 0.0 0.0 0.0 0.0 0.0 0.0 0.0 0.0 0.0 0.0 0.0 0.0 0.0 0.0 0.0  
    0.0 0.0 0.0 0.0 0.0 0.0 0.0 0.0 0.0 0.0 0.0 0.0 0.0 0.0 0.0 0.0 0.0  
    0.0 0.0 0.0 0.0 0.0 0.0 0.0 0.0 0.0 0.0 0.0 0.0 0.0 0.0 0.0 0.0 0.0  
    0.0 0.0 0.0 
  SE_PELLET = 0.0 0.0 0.0 0.0 0.0 0.0 0.0 0.0 0.0 0.0 0.0 0.0 0.0 0.0  
    0.0 0.0 0.0 0.0 0.0 0.0 0.0 0.0 0.0 0.0 0.0 0.0 0.0 0.0 0.0 0.0 0.0  
    0.0 0.0 0.0 0.0 0.0 0.0 0.0 0.0 0.0 0.0 0.0 0.0 0.0 0.0 0.0 0.0 0.0  
    0.0 0.0 0.0 0.0 0.0 0.0 0.0 0.0 0.0 0.0 0.0 0.0 0.0 0.0 0.0 0.0 0.0  
    0.0 0.0 0.0 0.0 0.0 0.0 0.0 0.0 0.0 0.0 0.0 0.0 0.0 0.0 0.0 0.0 0.0  
    0.0 0.0 0.0 0.0 0.0 0.0 0.0 0.0 0.0 0.0 0.0 0.0 0.0 0.0 0.0 0.0 0.0  
    0.0 0.0 
  Q = 0.0 0.0 0.0 0.0 0.0 0.0 0.0 0.0 0.0 0.0 0.0 0.0 0.0 0.0 0.0 0.0  
    0.0 0.0 0.0 0.0 0.0 0.0 0.0 0.0 0.0 0.0 0.0 0.0 0.0 0.0 0.0 0.0 0.0  
    0.0 0.0 0.0 0.0 0.0 0.0 0.0 0.0 0.0 0.0 0.0 0.0 0.0 0.0 0.0 0.0 0.0  
    0.0 0.0 0.0 0.0 0.0 0.0 0.0 0.0 0.0 0.0 0.0 0.0 0.0 0.0 0.0 0.0 0.0  
    0.0 0.0 0.0 0.0 0.0 0.0 0.0 0.0 0.0 0.0 0.0 0.0 0.0 0.0 0.0 0.0 0.0  
    0.0 0.0 0.0 0.0 0.0 0.0 0.0 0.0 0.0 0.0 0.0 0.0 0.0 0.0 0.0 0.0 0.0 
  PSIPOL = 0.0 0.0008971485136282935 0.0035882721210554083  
    0.00807238265234534 0.014347826867208362 0.02241225295952372  
    0.032262593683590766 0.0438950377321646 0.05730506139417202  
    0.07248732041709637 0.08943577387378858 0.10814376852015867  
    0.12860413062522164 0.1508086387239751 0.17474957793021756  
    0.20041688703693827 0.2278052335736795 0.2568985551974098  
    0.28768993722593517 0.320161445429866 0.3543056372969204  
    0.3901096413949731 0.4275559905211166 0.46663294191381194  
    0.5073270505141952 0.549623340692346 0.5935044203642034  
    0.6389540513177653 0.6859559244738948 0.734492889877064  
    0.7845470927978566 0.8361001511625672 0.8891332629510822  
    0.9436270171318508 0.9995612147879838 1.056915188707359  
    1.1156696104553483 1.1758031980644492 1.23729323905432  
    1.3001156145679778 1.3642472065067122 1.4296684057880853  
    1.4963522682100079 1.5642716549530755 1.6334075510689838  
    1.703729399108533 1.7752122585129044 1.847831907558318  
    1.921556053063349 1.9963634583382723 2.0722188703216577  
    2.1491003371791315 2.226972129883421 2.305809059792186  
    2.385578593193544 2.4662481902250994 2.5477912631768143  
    2.630169220078316 2.71335310117459 2.797311523637375  
    2.882005419046091 2.967403554214914 3.053473472088415  
    3.140175411351384 3.2274741116959333 3.315335230641144  
    3.4037225954924017 3.4925951544977085 3.5819155218164527  
    3.671646358529566 3.761749499469484 3.8521843269621714  
    3.942908589768725 4.0338823158658474 4.125064875364727  
    4.216415009337143 4.307890445955388 4.399445917096453  
    4.491037672303062 4.582621811668115 4.6741537862725595  
    4.765588532723719 4.8568796373425185 4.9479785009121695  
    5.03883812009015 5.1294105328010495 5.219646498649049  
    5.309495148617551 5.398901319323954 5.487811326188079  
    5.5761719660137326 5.663931894940762 5.7510346890142605  
    5.83742573996753 5.923054953350225 6.007871379515932  
    6.091815844949938 6.174833567938975 6.256863839378521  
    6.337823656956505 6.417608647360274 
  PSI = 0.0 0.0001397948305865166 0.0005591291582623001  
    0.0012578490051221363 0.0022356967611463796 0.0034923059648927723  
    0.005027198674207283 0.006839781006312958 0.008929348070755771  
    0.011295067119262913 0.013935996846827952 0.016851100536434384  
    0.020039260368131015 0.02349919526270997 0.027229703076721033  
    0.031229216059999988 0.03549690330016954 0.04003026194236364  
    0.044828214531945534 0.04988796653431907 0.05520835824768706  
    0.06078738402900824 0.06662232211635112 0.07271134273757093  
    0.07905235086637322 0.08564301298092086 0.09248061902439733  
    0.09956263873780825 0.10688653081955159 0.11444962294158893  
    0.1222491329571118 0.1302821965478491 0.13854588395894246  
    0.14703717053859128 0.15575290886569232 0.16468987854877923  
    0.17384506780640974 0.18321516045514663 0.19279661740720982  
    0.20258568043140934 0.21257874723599135 0.22277276230861232  
    0.23316352716918873 0.24374681301211787 0.25451965690379796  
    0.26547729734335235 0.27661584806095874 0.287931534796591  
    0.299419325585354 0.31107591129905177 0.32289579876049535  
    0.3348755674067335 0.34700964989497 0.35929412129869026  
    0.37172391217323497 0.3842939521155641 0.39700009819464227  
    0.40983633696021204 0.4227981558661514 0.435880664799961  
    0.449077776070302 0.4623846228821514 0.4757961477355567  
    0.48930615497144997 0.50290915028349 0.5165997823823093  
    0.530372414792298 0.544220650776875 0.558138664826467  
    0.5721206387428762 0.5861606255808053 0.6002522962422573  
    0.614389067085065 0.6285647096173566 0.642772892837813  
    0.6570071877273884 0.6712610074357421 0.685527298225961  
    0.6997992428457506 0.7140700007553537 0.7283326302851386  
    0.7425801095995354 0.7568052064596175 0.771000348073172  
    0.7851582103191588 0.7992713196855509 0.8133320034707979  
    0.8273323351995734 0.8412637192429395 0.8551177904008459  
    0.8688862584831117 0.8825611230236797 0.8961335919696206  
    0.9095951561908674 0.9229380099059995 0.9361542140758493  
    0.9492345482075566 0.9621704761443878 0.9749525381159115  
    0.9875678005955402 1.0 
  DENSITY_BEAM = 0.0 0.0 0.0 0.0 0.0 0.0 0.0 0.0 0.0 0.0 0.0 0.0 0.0  
    0.0 0.0 0.0 0.0 0.0 0.0 0.0 0.0 0.0 0.0 0.0 0.0 0.0 0.0 0.0 0.0 0.0  
    0.0 0.0 0.0 0.0 0.0 0.0 0.0 0.0 0.0 0.0 0.0 0.0 0.0 0.0 0.0 0.0 0.0  
    0.0 0.0 0.0 0.0 0.0 0.0 0.0 0.0 0.0 0.0 0.0 0.0 0.0 0.0 0.0 0.0 0.0  
    0.0 0.0 0.0 0.0 0.0 0.0 0.0 0.0 0.0 0.0 0.0 0.0 0.0 0.0 0.0 0.0 0.0  
    0.0 0.0 0.0 0.0 0.0 0.0 0.0 0.0 0.0 0.0 0.0 0.0 0.0 0.0 0.0 0.0 0.0  
    0.0 0.0 0.0 
  WBEAM = 0.0 0.0 0.0 0.0 0.0 0.0 0.0 0.0 0.0 0.0 0.0 0.0 0.0 0.0 0.0  
    0.0 0.0 0.0 0.0 0.0 0.0 0.0 0.0 0.0 0.0 0.0 0.0 0.0 0.0 0.0 0.0 0.0  
    0.0 0.0 0.0 0.0 0.0 0.0 0.0 0.0 0.0 0.0 0.0 0.0 0.0 0.0 0.0 0.0 0.0  
    0.0 0.0 0.0 0.0 0.0 0.0 0.0 0.0 0.0 0.0 0.0 0.0 0.0 0.0 0.0 0.0 0.0  
    0.0 0.0 0.0 0.0 0.0 0.0 0.0 0.0 0.0 0.0 0.0 0.0 0.0 0.0 0.0 0.0 0.0  
    0.0 0.0 0.0 0.0 0.0 0.0 0.0 0.0 0.0 0.0 0.0 0.0 0.0 0.0 0.0 0.0 0.0  
    0.0 
  TBEAM = 0.0 0.0 0.0 0.0 0.0 0.0 0.0 0.0 0.0 0.0 0.0 0.0 0.0 0.0 0.0  
    0.0 0.0 0.0 0.0 0.0 0.0 0.0 0.0 0.0 0.0 0.0 0.0 0.0 0.0 0.0 0.0 0.0  
    0.0 0.0 0.0 0.0 0.0 0.0 0.0 0.0 0.0 0.0 0.0 0.0 0.0 0.0 0.0 0.0 0.0  
    0.0 0.0 0.0 0.0 0.0 0.0 0.0 0.0 0.0 0.0 0.0 0.0 0.0 0.0 0.0 0.0 0.0  
    0.0 0.0 0.0 0.0 0.0 0.0 0.0 0.0 0.0 0.0 0.0 0.0 0.0 0.0 0.0 0.0 0.0  
    0.0 0.0 0.0 0.0 0.0 0.0 0.0 0.0 0.0 0.0 0.0 0.0 0.0 0.0 0.0 0.0 0.0  
    0.0 
  DENSITY_ALPHA = 0.0 0.0 0.0 0.0 0.0 0.0 0.0 0.0 0.0 0.0 0.0 0.0 0.0  
    0.0 0.0 0.0 0.0 0.0 0.0 0.0 0.0 0.0 0.0 0.0 0.0 0.0 0.0 0.0 0.0 0.0  
    0.0 0.0 0.0 0.0 0.0 0.0 0.0 0.0 0.0 0.0 0.0 0.0 0.0 0.0 0.0 0.0 0.0  
    0.0 0.0 0.0 0.0 0.0 0.0 0.0 0.0 0.0 0.0 0.0 0.0 0.0 0.0 0.0 0.0 0.0  
    0.0 0.0 0.0 0.0 0.0 0.0 0.0 0.0 0.0 0.0 0.0 0.0 0.0 0.0 0.0 0.0 0.0  
    0.0 0.0 0.0 0.0 0.0 0.0 0.0 0.0 0.0 0.0 0.0 0.0 0.0 0.0 0.0 0.0 0.0  
    0.0 0.0 0.0 
  WALPHA = 0.0 0.0 0.0 0.0 0.0 0.0 0.0 0.0 0.0 0.0 0.0 0.0 0.0 0.0 0.0  
    0.0 0.0 0.0 0.0 0.0 0.0 0.0 0.0 0.0 0.0 0.0 0.0 0.0 0.0 0.0 0.0 0.0  
    0.0 0.0 0.0 0.0 0.0 0.0 0.0 0.0 0.0 0.0 0.0 0.0 0.0 0.0 0.0 0.0 0.0  
    0.0 0.0 0.0 0.0 0.0 0.0 0.0 0.0 0.0 0.0 0.0 0.0 0.0 0.0 0.0 0.0 0.0  
    0.0 0.0 0.0 0.0 0.0 0.0 0.0 0.0 0.0 0.0 0.0 0.0 0.0 0.0 0.0 0.0 0.0  
    0.0 0.0 0.0 0.0 0.0 0.0 0.0 0.0 0.0 0.0 0.0 0.0 0.0 0.0 0.0 0.0 0.0  
    0.0 
  TALPHA = 0.0 0.0 0.0 0.0 0.0 0.0 0.0 0.0 0.0 0.0 0.0 0.0 0.0 0.0 0.0  
    0.0 0.0 0.0 0.0 0.0 0.0 0.0 0.0 0.0 0.0 0.0 0.0 0.0 0.0 0.0 0.0 0.0  
    0.0 0.0 0.0 0.0 0.0 0.0 0.0 0.0 0.0 0.0 0.0 0.0 0.0 0.0 0.0 0.0 0.0  
    0.0 0.0 0.0 0.0 0.0 0.0 0.0 0.0 0.0 0.0 0.0 0.0 0.0 0.0 0.0 0.0 0.0  
    0.0 0.0 0.0 0.0 0.0 0.0 0.0 0.0 0.0 0.0 0.0 0.0 0.0 0.0 0.0 0.0 0.0  
    0.0 0.0 0.0 0.0 0.0 0.0 0.0 0.0 0.0 0.0 0.0 0.0 0.0 0.0 0.0 0.0 0.0  
    0.0 
  CHIE = 0.0 0.0 0.0 0.0 0.0 0.0 0.0 0.0 0.0 0.0 0.0 0.0 0.0 0.0 0.0  
    0.0 0.0 0.0 0.0 0.0 0.0 0.0 0.0 0.0 0.0 0.0 0.0 0.0 0.0 0.0 0.0 0.0  
    0.0 0.0 0.0 0.0 0.0 0.0 0.0 0.0 0.0 0.0 0.0 0.0 0.0 0.0 0.0 0.0 0.0  
    0.0 0.0 0.0 0.0 0.0 0.0 0.0 0.0 0.0 0.0 0.0 0.0 0.0 0.0 0.0 0.0 0.0  
    0.0 0.0 0.0 0.0 0.0 0.0 0.0 0.0 0.0 0.0 0.0 0.0 0.0 0.0 0.0 0.0 0.0  
    0.0 0.0 0.0 0.0 0.0 0.0 0.0 0.0 0.0 0.0 0.0 0.0 0.0 0.0 0.0 0.0 0.0  
    0.0 
  CHII = 0.0 0.0 0.0 0.0 0.0 0.0 0.0 0.0 0.0 0.0 0.0 0.0 0.0 0.0 0.0  
    0.0 0.0 0.0 0.0 0.0 0.0 0.0 0.0 0.0 0.0 0.0 0.0 0.0 0.0 0.0 0.0 0.0  
    0.0 0.0 0.0 0.0 0.0 0.0 0.0 0.0 0.0 0.0 0.0 0.0 0.0 0.0 0.0 0.0 0.0  
    0.0 0.0 0.0 0.0 0.0 0.0 0.0 0.0 0.0 0.0 0.0 0.0 0.0 0.0 0.0 0.0 0.0  
    0.0 0.0 0.0 0.0 0.0 0.0 0.0 0.0 0.0 0.0 0.0 0.0 0.0 0.0 0.0 0.0 0.0  
    0.0 0.0 0.0 0.0 0.0 0.0 0.0 0.0 0.0 0.0 0.0 0.0 0.0 0.0 0.0 0.0 0.0  
    0.0 
  P_EQ = 0.0 0.0 0.0 0.0 0.0 0.0 0.0 0.0 0.0 0.0 0.0 0.0 0.0 0.0 0.0  
    0.0 0.0 0.0 0.0 0.0 0.0 0.0 0.0 0.0 0.0 0.0 0.0 0.0 0.0 0.0 0.0 0.0  
    0.0 0.0 0.0 0.0 0.0 0.0 0.0 0.0 0.0 0.0 0.0 0.0 0.0 0.0 0.0 0.0 0.0  
    0.0 0.0 0.0 0.0 0.0 0.0 0.0 0.0 0.0 0.0 0.0 0.0 0.0 0.0 0.0 0.0 0.0  
    0.0 0.0 0.0 0.0 0.0 0.0 0.0 0.0 0.0 0.0 0.0 0.0 0.0 0.0 0.0 0.0 0.0  
    0.0 0.0 0.0 0.0 0.0 0.0 0.0 0.0 0.0 0.0 0.0 0.0 0.0 0.0 0.0 0.0 0.0  
    0.0 
  J_TOT = 3635820.567146207 3635820.567146207 3635241.1581442794  
    3633691.4766152804 3631364.357272416 3628286.883593832  
    3624494.130592689 3620002.6320922594 3614817.9210776538  
    3608941.5260322927 3602373.7341862796 3595114.588961005  
    3587164.0958465342 3578522.255841071 3569189.06894465  
    3559164.5346581275 3548448.6529814806 3537041.424164261  
    3524942.848206557 3512152.92510833 3498671.654619932  
    3484499.036741518 3469635.071972019 3454079.760311558  
    3437833.1012610635 3420895.094820378 3403265.7412392376  
    3384945.040517471 3365932.9926552144 3346229.5976522854  
    3325834.8555090115 3304748.765975775 3282971.329051947  
    3260502.5449876753 3237342.413783238 3213490.9354380392  
    3188948.10995228 3163713.937326059 3137788.4173096907  
    3111171.549903289 3083863.3356057573 3055863.774417382  
    3027172.86583891 2997790.609870446 2967717.0067611253  
    2936952.056261612 2905495.758621811 2873348.1140909255  
    2840509.122170168 2806978.783108916 2772757.097156707  
    2737844.063813862 2702239.68283155 2665943.9544591624  
    2628956.8791955 2591278.457041301 2552908.687746535  
    2513847.571311197 2474095.107485942 2433651.296270274  
    2392516.137914595 2350689.632417429 2308171.779779945  
    2264962.580002736 2221062.0330841513 2176470.1387759587  
    2131186.8970776414 2085212.3084879955 2038546.3730075308  
    1991189.090137668 1943140.4598765129 1894400.4824750032  
    1844969.157683817 1794846.485502621 1744032.4664306103  
    1692527.1004665208 1640330.3871128175 1587442.3263700388  
    1533862.9184863556 1479592.1634611017 1424630.0612957657  
    1368976.6117400075 1312631.8147940673 1255595.6709585504  
    1197868.1802314883 1139449.3421142134 1080339.1566072619  
    1020537.6239579959 960044.7441186309 898860.5171400657  
    836984.9429954521 774418.1534471475 711162.6539845354  
    647240.8615330016 582773.5159987414 518208.39588945365  
    454801.5218191833 395117.73325047997 343442.33627431863  
    306612.6962491855 279309.9147198524 
  RHO = 0.0 0.01 0.02 0.03 0.04 0.05 0.06 0.07 0.08 0.09 0.1 0.11 0.12  
    0.13 0.14 0.15 0.16 0.17 0.18 0.19 0.2 0.21 0.22 0.23 0.24 0.25  
    0.26 0.27 0.28 0.29 0.3 0.31 0.32 0.33 0.34 0.35 0.36 0.37 0.38  
    0.39 0.4 0.41 0.42 0.43 0.44 0.45 0.46 0.47 0.48 0.49 0.5 0.51 0.52  
    0.53 0.54 0.55 0.56 0.57 0.58 0.59 0.6 0.61 0.62 0.63 0.64 0.65  
    0.66 0.67 0.68 0.69 0.7 0.71 0.72 0.73 0.74 0.75 0.76 0.77 0.78  
    0.79 0.8 0.81 0.82 0.83 0.84 0.85 0.86 0.87 0.88 0.89 0.9 0.91 0.92  
    0.93 0.94 0.95 0.96 0.97 0.98 0.99 1.0 
  MODEL_PROFILE_NE = 'ped' 
  MODEL_PROFILE_TE = 'ped' 
  MODEL_PROFILE_TI = 'ped' 
  MODEL_PROFILE_DENSITY_BEAM = 'parab' 
  MODEL_PROFILE_J_TOT = 'parab' 
  MODEL_PROFILE_OMEGA = 'parab' 
  MODEL_PROFILE_ZEFF = 'const' 
  MODEL_PROFILE_TBEAMI = 'const' 
  MODEL_PROFILE_DENSITY_ALPHA = 'zero' 
  MODEL_PROFILE_WALPHA = 'zero' 
  MODEL_PROFILE_WBEAM = 'derived' 
  J_TOT_AXIS = 1.0 
  J_TOT_SEP = 0.05 
  J_TOT_ALPHA = 2.0 
  J_TOT_BETA = 1.0 
  DENSITY_BEAM_AXIS = 0.0 
  DENSITY_BEAM_SEP = 0.0 
  DENSITY_BEAM_ALPHA = 1.5 
  DENSITY_BEAM_BETA = 1.5 
  TBEAMI_AXIS = 20.0 
  DENSITY_ION_0 = 13.7978528241394 13.7978528241394 13.7708772502999  
    13.74198125549645 13.7111900966627 13.67852902573785  
    13.6440232946611 13.60769816536055 13.5695788897754  
    13.5296907148504 13.488058902513648 13.4447087096988  
    13.39966537835615 13.35295417540825 13.30460034779985  
    13.254629152464599 13.2030658413417 13.1499356713648  
    13.095263894473101 13.03907576760025 12.98139654268545  
    12.92225147666235 12.86166582147015 12.79966482904805  
    12.73627376132415 12.67151786024875 12.6054223927444  
    12.538012605755851 12.469313756216751 12.39935110106075  
    12.3281498872326 12.255735371665951 12.18213281129445  
    12.1073674580573 12.031464568888149 11.9544493957262  
    11.87634719051065 11.7971832151696 11.71698271165335  
    11.635770946884449 11.55357316780765 11.470414626362151  
    11.38632058447605 11.3013162890941 11.215426997149951  
    11.128677960582799 11.04109443133185 10.95270166633075  
    10.86352491252425 10.77358942185155 10.68292044625185  
    10.59154322767545 10.499483013067099 10.40676503938265  
    10.31341454357795 10.219456742631051 10.12491684852555  
    10.029820058261697 9.934191528884151 9.83805639745975  
    9.7414397261386 9.644366517137401 9.5468616578005 9.44894988563875  
    9.35065571341275 9.2520033542161 9.153016571641901 9.05371850997145  
    8.9541314494462 8.85427640671175 8.75417266533955 8.6538370166705  
    8.553282765919398 8.45251829377335 8.351545053617299  
    8.25035474467535 8.14892539636195 8.0472158444202 7.94515808941335  
    7.8426466785241 7.7395240418494 7.63556041471145 7.530426577949599  
    7.423657398435349 7.314604072141449 7.2023736013968005  
    7.08575610566115 6.9631456395148 6.8324705001033 6.6911678303592  
    6.5362670263170495 6.3646829812507 6.1738429790484  
    5.962726338924799 5.733205590062798 5.4912124309604975  
    5.24689990421715 5.013093887288449 4.80223750695546  
    4.62319574715133 4.4795365690382 
  DENSITY_ION_1 = 13.7978528241394 13.7978528241394 13.7708772502999  
    13.74198125549645 13.7111900966627 13.67852902573785  
    13.6440232946611 13.60769816536055 13.5695788897754  
    13.5296907148504 13.488058902513648 13.4447087096988  
    13.39966537835615 13.35295417540825 13.30460034779985  
    13.254629152464599 13.2030658413417 13.1499356713648  
    13.095263894473101 13.03907576760025 12.98139654268545  
    12.92225147666235 12.86166582147015 12.79966482904805  
    12.73627376132415 12.67151786024875 12.6054223927444  
    12.538012605755851 12.469313756216751 12.39935110106075  
    12.3281498872326 12.255735371665951 12.18213281129445  
    12.1073674580573 12.031464568888149 11.9544493957262  
    11.87634719051065 11.7971832151696 11.71698271165335  
    11.635770946884449 11.55357316780765 11.470414626362151  
    11.38632058447605 11.3013162890941 11.215426997149951  
    11.128677960582799 11.04109443133185 10.95270166633075  
    10.86352491252425 10.77358942185155 10.68292044625185  
    10.59154322767545 10.499483013067099 10.40676503938265  
    10.31341454357795 10.219456742631051 10.12491684852555  
    10.029820058261697 9.934191528884151 9.83805639745975  
    9.7414397261386 9.644366517137401 9.5468616578005 9.44894988563875  
    9.35065571341275 9.2520033542161 9.153016571641901 9.05371850997145  
    8.9541314494462 8.85427640671175 8.75417266533955 8.6538370166705  
    8.553282765919398 8.45251829377335 8.351545053617299  
    8.25035474467535 8.14892539636195 8.0472158444202 7.94515808941335  
    7.8426466785241 7.7395240418494 7.63556041471145 7.530426577949599  
    7.423657398435349 7.314604072141449 7.2023736013968005  
    7.08575610566115 6.9631456395148 6.8324705001033 6.6911678303592  
    6.5362670263170495 6.3646829812507 6.1738429790484  
    5.962726338924799 5.733205590062798 5.4912124309604975  
    5.24689990421715 5.013093887288449 4.80223750695546  
    4.62319574715133 4.4795365690382 
  DENSITY_IMP_0 = 0.0004143955638 0.0004143955638 0.0004135853973  
    0.00041271755415 0.0004117927929 0.00041081187195 0.0004097755497  
    0.00040868458485 0.00040753973580000003 0.0004063417608  
    0.00040509141855 0.0004037894676 0.00040243666605000003  
    0.00040103377274999997 0.00039958154595000003 0.0003980807442  
    0.0003965321259 0.0003949364496 0.00039329447370000005  
    0.00039160695675 0.00038987465715 0.00038809833345 0.00038627874405  
    0.00038441664735 0.00038251280205 0.00038056796625 0.0003785828988  
    0.00037655835795 0.00037449510225 0.00037239389025 0.0003702554802  
    0.00036808063065 0.00036587010015 0.0003636246471 0.00036134503005  
    0.00035903200740000006 0.00035668633755 0.0003543087792  
    0.00035190009045 0.00034946103015 0.00034699235655000004  
    0.00034449482805 0.00034196920335 0.0003394162407 0.00033683669865  
    0.0003342313356 0.00033160090995 0.00032894618025000003  
    0.00032626790475 0.00032356684185000004 0.00032084374995  
    0.00031809938715 0.0003153345117 0.00031254988155  
    0.00030974625465000005 0.00030692438835000003 0.00030408503985  
    0.0003012289658999999 0.00029835692205000005 0.00029546966325000003  
    0.00029256794219999997 0.0002896525098 0.0002867241135  
    0.00028378349625000004 0.00028083139425 0.0002778685347  
    0.0002748956313 0.00027191337915 0.0002689224474  
    0.00026592346724999997 0.00026291701785 0.0002599036035  
    0.0002568836238 0.00025385733045 0.00025082476709999997  
    0.00024778568445000003 0.00024473942265 0.00024168474540000004  
    0.00023861961045 0.0002355408507 0.0002324437338 0.00022932135915  
    0.00022616383919999997 0.00022295720444999998 0.00021968196915  
    0.0002163113136 0.00021280890105 0.00020912649960000003  
    0.0002052018891 0.0002009580984 0.00019630591035 0.0001911526689  
    0.0001854211068 0.0001790805696 0.00017218729559999993  
    0.00016491943349999992 0.00015758191305 0.00015055993815  
    0.00014422721742 0.00013884999591 0.0001345354314 
  DENSITY_TH = 27.5961200438426 27.5961200438426 27.5421680859971  
    27.484375228547048 27.4227919861183 27.357468863347652  
    27.288456364871898 27.21580501530595 27.1395653192866  
    27.0597877714616 26.976522896445847 26.8898212088652  
    26.79973319337835 26.70630938458925 26.60960027714565  
    26.5096563856734 26.406528214809303 26.300266279179198  
    26.1909210834199 26.07854314215725 25.96318296002805  
    25.84489105165815 25.723717921684347 25.59971407474345  
    25.47293003545035 25.34341628846375 25.2112233683876  
    25.07640176986965 24.939002007535752 24.79907459601175  
    24.6566700299454 24.511838823962552 24.36463149268905  
    24.2150985407617 24.063290482806348 23.9092578234598  
    23.75305106735885 23.5947207391184 23.43431732339715  
    23.27189135479905 23.107493327971852 22.94117374755235  
    22.77298313815545 22.6029719944289 22.431190830998553  
    22.257690152501198 22.082520463573648 21.90573227884175  
    21.72737609295325 21.54750241054495 21.366161736253652  
    21.18340455473805 20.9992813606459 20.81384262864685  
    20.62713883341055 20.439220409650453 20.25013778209095  
    20.059941345489293 19.86868141469035 19.67640826458275  
    19.4831720202194 19.2890226867846 19.0940100397145  
    18.898183554773752 18.70159225821975 18.5042845769669  
    18.306308038915102 18.10770893332205 17.9085318213398  
    17.70881873689075 17.508608247696948 17.3079339369445  
    17.106822415462595 16.90529044487715 16.703340932001698  
    16.50095727503515 16.29809553214655 16.094673373585803  
    15.89055479843715 15.6855288978989 15.4792805274326  
    15.27135015078205 15.061079319738397 14.847537754075148  
    14.629427826252048 14.404963514107202 14.17172502022335  
    13.9265004055292 13.6651462020957 13.3825366188168  
    13.07273035854445 12.729557115170302 12.3478713792036  
    11.925631758419199 11.466583367421196 10.982589781354495  
    10.49395739034735 10.02633833451505 9.60461924112834  
    9.24653034429857 8.9592076735078 
  NI = 27.5957056482788 27.5957056482788 27.5417545005998  
    27.4839625109929 27.4223801933254 27.3570580514757 27.2880465893222  
    27.2153963307211 27.1391577795508 27.0593814297008  
    26.976117805027297 26.8894174193976 26.7993307567123  
    26.7059083508165 26.6092006955997 26.509258304929197  
    26.4061316826834 26.2998713427296 26.190527788946202  
    26.0781515352005 25.9627930853709 25.8445029533247 25.7233316429403  
    25.5993296580961 25.4725475226483 25.3430357204975 25.2108447854888  
    25.076025211511702 24.938627512433502 24.7987022021215  
    24.6562997744652 24.511470743331902 24.3642656225889  
    24.2147349161146 24.062929137776297 23.9088987914524  
    23.7526943810213 23.5943664303392 23.4339654233067  
    23.271541893768898 23.1071463356153 22.940829252724303  
    22.7726411689521 22.6026325781882 22.430853994299902  
    22.257355921165598 22.0821888626637 21.9054033326615  
    21.7270498250485 21.5471788437031 21.3658408925037 21.1830864553509  
    20.998966026134198 20.8135300787653 20.6268290871559  
    20.438913485262102 20.2498336970511 20.059640116523394  
    19.868383057768302 19.6761127949195 19.4828794522772  
    19.288733034274802 19.093723315601 18.8978997712775  
    18.7013114268255 18.5040067084322 18.306033143283802  
    18.1074370199429 17.9082628988924 17.7085528134235 17.5083453306791  
    17.307674033341 17.106565531838797 16.9050365875467  
    16.703090107234598 16.5007094893507 16.2978507927239  
    16.0944316888404 15.8903161788267 15.6852933570482 15.4790480836988  
    15.2711208294229 15.060853155899197 14.847314796870698  
    14.629208144282899 14.404747202793601 14.1715122113223  
    13.9262912790296 13.6649410002066 13.3823356607184  
    13.072534052634099 12.7293659625014 12.3476859580968  
    11.925452677849599 11.466411180125595 10.982424861920995  
    10.4937998084343 10.026187774576899 9.60447501391092  
    9.24639149430266 8.9590731380764 
  NZ = 0.0004143955638 0.0004143955638 0.0004135853973 0.00041271755415  
    0.0004117927929 0.00041081187195 0.0004097755497 0.00040868458485  
    0.00040753973580000003 0.0004063417608 0.00040509141855  
    0.0004037894676 0.00040243666605000003 0.00040103377274999997  
    0.00039958154595000003 0.0003980807442 0.0003965321259  
    0.0003949364496 0.00039329447370000005 0.00039160695675  
    0.00038987465715 0.00038809833345 0.00038627874405 0.00038441664735  
    0.00038251280205 0.00038056796625 0.0003785828988 0.00037655835795  
    0.00037449510225 0.00037239389025 0.0003702554802 0.00036808063065  
    0.00036587010015 0.0003636246471 0.00036134503005  
    0.00035903200740000006 0.00035668633755 0.0003543087792  
    0.00035190009045 0.00034946103015 0.00034699235655000004  
    0.00034449482805 0.00034196920335 0.0003394162407 0.00033683669865  
    0.0003342313356 0.00033160090995 0.00032894618025000003  
    0.00032626790475 0.00032356684185000004 0.00032084374995  
    0.00031809938715 0.0003153345117 0.00031254988155  
    0.00030974625465000005 0.00030692438835000003 0.00030408503985  
    0.0003012289658999999 0.00029835692205000005 0.00029546966325000003  
    0.00029256794219999997 0.0002896525098 0.0002867241135  
    0.00028378349625000004 0.00028083139425 0.0002778685347  
    0.0002748956313 0.00027191337915 0.0002689224474  
    0.00026592346724999997 0.00026291701785 0.0002599036035  
    0.0002568836238 0.00025385733045 0.00025082476709999997  
    0.00024778568445000003 0.00024473942265 0.00024168474540000004  
    0.00023861961045 0.0002355408507 0.0002324437338 0.00022932135915  
    0.00022616383919999997 0.00022295720444999998 0.00021968196915  
    0.0002163113136 0.00021280890105 0.00020912649960000003  
    0.0002052018891 0.0002009580984 0.00019630591035 0.0001911526689  
    0.0001854211068 0.0001790805696 0.00017218729559999993  
    0.00016491943349999992 0.00015758191305 0.00015055993815  
    0.00014422721742 0.00013884999591 0.0001345354314 
  DENSITY_HE = 3.8211351515067538 3.819277832552064 3.8027248265415805  
    3.783353479040465 3.762228962183658 3.7404921789773846  
    3.718741600223133 3.6950531209405457 3.6666834158833232  
    3.630489685503024 3.5824955639366123 3.524866072545093  
    3.4637324720309155 3.4002878092724402 3.3361331178426363  
    3.273297948504397 3.2111987059684215 3.1474748123502625  
    3.081723077545415 3.0134318938878795 2.9419686401376217  
    2.868030886982322 2.79305444569978 2.7174558612649125  
    2.641707381221144 2.5663341436999794 2.491505475821889  
    2.4170620059084094 2.343049039138217 2.2694798569624557  
    2.1963354983985846 2.1234827411981176 2.0508422855204693  
    1.978442366844073 1.9062985125310687 1.8344138898512798  
    1.7628118881442227 1.6916202153381399 1.6209918551266769  
    1.551081976837241 1.482046716546416 1.4141017184140026  
    1.3475144328558315 1.2825168881363376 1.2193360643632394  
    1.1581904125907025 1.0993337018161784 1.0428733128609602  
    0.988785847235871 0.9370309711608299 0.8875533436819866  
    0.8402232843698888 0.7949162204638816 0.7515683354480746  
    0.7101089430861239 0.6704620272347271 0.6325692297927803  
    0.5963945409727366 0.5618891267979804 0.5290004845362477  
    0.4976732302012611 0.46785400102701125 0.4394982115031177  
    0.41256015007451974 0.38699211969133873 0.3627449273351352  
    0.33977428487207995 0.3180353110636581 0.2974768395706522  
    0.27804766716211793 0.2596968784885582 0.2423730169636671  
    0.22602556760365328 0.21060619577048242 0.19606772458666782  
    0.1823642415500204 0.1694437435857265 0.15726770618350153  
    0.14581012361223958 0.13504328913906227 0.1249378110850098  
    0.11547992085666035 0.10664328965640789 0.09837886717417614  
    0.09063795222889685 0.08337187856984994 0.07652905119326639  
    0.07004626181971058 0.06386134596731852 0.05791909848507387  
    0.05217484701014735 0.039626376032660296 0.027234182532605594  
    0.01622467929650991 0.007913493964738502 0.002927650303952793  
    0.0007349729107381316 0.000103261752085116 5.334023930468395e-06  
    2.7650463011814103e-08 5.382309522130426e-16 
  _NZ_0 = 0.0027646306827541515 0.0027646306827541515  
    0.002759225675172747 0.002753435879118207 0.0027472663552397954  
    0.002740722163186052 0.002733808362605519 0.00272653001514818  
    0.0027188921804625764 0.002710899917196527 0.002702558287000017  
    0.002693872350522309 0.0026848471654105 0.0026754877943152965  
    0.0026657992958845182 0.0026557867307674273 0.002645455158612565  
    0.002634809640069194 0.0026238552347858553 0.002612597003411811  
    0.0026010400055956036 0.002589189301986495 0.0025770499522330256  
    0.002564627015983737 0.0025519255548886143 0.0025389506265947543  
    0.002525707293752863 0.0025122006150107602 0.0024984356510177087  
    0.0024844174624229706 0.0024701511078743655 0.0024556416480211564  
    0.0024408941435126058 0.002425913653997255 0.0024107052401243657  
    0.0023952739615424805 0.002379624877900139 0.002363763050847327  
    0.0023476935380311406 0.002331421402102287 0.0023149517017085853  
    0.0022982894964985764 0.0022814398481222444 0.0022644078152274094  
    0.0022471984584633334 0.0022298168374785578 0.0022122680119216237  
    0.002194557042441794 0.0021766889876868875 0.002158668907305446  
    0.0021405018609460097 0.0021221929062556766 0.002103747101882267  
    0.002085169504472156 0.0020664651706717206 0.0020476391531244497  
    0.002028696503473112 0.00200964227035831 0.0019904814944148755  
    0.00197121921227475 0.0019518604455590533 0.0019324102038802465  
    0.0019128734738341905 0.0018932552119950996 0.0018735603299047138  
    0.0018537936790614764 0.0018339600208988835 0.0018140639927609501  
    0.00179411005886685 0.001774102430253185 0.0017540449707061534  
    0.0017339410446518622 0.001713793318012722 0.0016936034699996222  
    0.0016733717918225553 0.0016530966202821795 0.0016327735532040617  
    0.0016123943426405603 0.0015919453637667374 0.0015714054873461818  
    0.0015507431416123144 0.0015299122893674532 0.0015088469660441768  
    0.001487453974437456 0.0014656033158044657 0.0014431160631199196  
    0.0014197497965735275 0.0013951827381293359 0.0013689997874561579  
    0.0013406874332581068 0.0013096504653257483 0.001275270730905651  
    0.001237032743277438 0.0011947319919674544 0.001148743669529164  
    0.0011002562910074588 0.0010513041883705775 0.0010044572407728496  
    0.0009622086368666528 0.0009263346245143237 0.0008975501044347965 
  PNBE = 0.0 
  PNBI = 0.0 
  PRFE = 13.66172098378584 
  PRFI = 26.40400176857907 
  PFUSE = 81.20523356938969 
  PFUSI = 32.29772589539497 
  PEI = -1.1290084552721595 
  PRAD = -14.734194331336836 
  AREA = 243.3900931 
/




