&IN1
  ICONVR = 3 
  MXITER = -1 
  NXITER = 51 
  ERROR = 0.0001 
  RELAX = 0.5 
  IOUT = 4 
  ICURRT = 2 
  KPPFNC = 6 
  KPPCUR = 3 
  KFFFNC = 6 
  KFFCUR = 3 
  ISHOT = 1 
  ITIME = 1 
  ITIMEU = 0 
  ITEK = 0 
  ITRACE = 1 
  PLASMA = 10000000.0 
  BTOR = 11.0 
  RCENTR = 4.55 
  RZERO = 4.55 
  LIMITR = 5 
  XLIM = 6.0 3.5 3.5 6.0 6.0 
  YLIM = 1.93 1.93 -1.93 -1.93 1.93 
  NBDRY = 15 
  RBDRY = 5.75 5.717889612279765 5.599231274196216 5.333894952548324  
    4.862048988436734 4.215741544340384 3.606248672667517  
    3.3499999999999996 3.606248672667517 4.215741544340384  
    4.862048988436735 5.333894952548324 5.599231274196216  
    5.717889612279765 5.75 
  ZBDRY = 0.0 0.7289246817174976 1.3134768905462901 1.6378788924654637  
    1.6378788924654637 1.3134768905462901 0.7289246817174978  
    2.0574066225675533e-16 -0.7289246817174975 -1.31347689054629  
    -1.6378788924654637 -1.6378788924654637 -1.3134768905462901  
    -0.728924681717498 0.0 
  IERCHK = 0 
  NEXTRA = 0 
  SCRAPE = 0.01 
  PSIBRY = 0.0 
  CFCOIL = -10.0 
  ENP = 1.0 
  EMP = 1.0 
  FCURBD = 0 
  PCURBD = 0 
  FCZERO = 1.0 1.0 1.0 1.0 1.0 1.0 1.0 1.0 1.0 1.0 1.0 1.0 1.0 1.0 1.0  
    1.0 
  FCSUM = 1.0 1.0 1.0 1.0 1.0 1.0 1.0 1.0 1.0 1.0 1.0 1.0 1.0 1.0 1.0  
    1.0 
  IFREF = 2 
  PRBDRY = 5837.405688397598 
  KBETAPR = 1 
  FWTBDRY = 1.0 1.0 1.0 1.0 1.0 1.0 1.0 1.0 1.0 1.0 1.0 1.0 1.0 1.0 1.0 
  FWTBDRY(2) = 10.0 
  FWTBDRY(3) = 10.0 
  FWTBDRY(4) = 10.0 
  FWTBDRY(5) = 10.0 
  FWTBDRY(9) = 10.0 
  FWTBDRY(10) = 10.0 
  FWTBDRY(11) = 10.0 
  FWTBDRY(12) = 10.0 
/

&PROFILE_EXT
  NPSI_EXT = 257 
  PSIN_EXT = 0.0 0.00390625 0.0078125 0.01171875 0.015625 0.01953125  
    0.0234375 0.02734375 0.03125 0.03515625 0.0390625 0.04296875  
    0.046875 0.05078125 0.0546875 0.05859375 0.0625 0.06640625  
    0.0703125 0.07421875 0.078125 0.08203125 0.0859375 0.08984375  
    0.09375 0.09765625 0.1015625 0.10546875 0.109375 0.11328125  
    0.1171875 0.12109375 0.125 0.12890625 0.1328125 0.13671875 0.140625  
    0.14453125 0.1484375 0.15234375 0.15625 0.16015625 0.1640625  
    0.16796875 0.171875 0.17578125 0.1796875 0.18359375 0.1875  
    0.19140625 0.1953125 0.19921875 0.203125 0.20703125 0.2109375  
    0.21484375 0.21875 0.22265625 0.2265625 0.23046875 0.234375  
    0.23828125 0.2421875 0.24609375 0.25 0.25390625 0.2578125  
    0.26171875 0.265625 0.26953125 0.2734375 0.27734375 0.28125  
    0.28515625 0.2890625 0.29296875 0.296875 0.30078125 0.3046875  
    0.30859375 0.3125 0.31640625 0.3203125 0.32421875 0.328125  
    0.33203125 0.3359375 0.33984375 0.34375 0.34765625 0.3515625  
    0.35546875 0.359375 0.36328125 0.3671875 0.37109375 0.375  
    0.37890625 0.3828125 0.38671875 0.390625 0.39453125 0.3984375  
    0.40234375 0.40625 0.41015625 0.4140625 0.41796875 0.421875  
    0.42578125 0.4296875 0.43359375 0.4375 0.44140625 0.4453125  
    0.44921875 0.453125 0.45703125 0.4609375 0.46484375 0.46875  
    0.47265625 0.4765625 0.48046875 0.484375 0.48828125 0.4921875  
    0.49609375 0.5 0.50390625 0.5078125 0.51171875 0.515625 0.51953125  
    0.5234375 0.52734375 0.53125 0.53515625 0.5390625 0.54296875  
    0.546875 0.55078125 0.5546875 0.55859375 0.5625 0.56640625  
    0.5703125 0.57421875 0.578125 0.58203125 0.5859375 0.58984375  
    0.59375 0.59765625 0.6015625 0.60546875 0.609375 0.61328125  
    0.6171875 0.62109375 0.625 0.62890625 0.6328125 0.63671875 0.640625  
    0.64453125 0.6484375 0.65234375 0.65625 0.66015625 0.6640625  
    0.66796875 0.671875 0.67578125 0.6796875 0.68359375 0.6875  
    0.69140625 0.6953125 0.69921875 0.703125 0.70703125 0.7109375  
    0.71484375 0.71875 0.72265625 0.7265625 0.73046875 0.734375  
    0.73828125 0.7421875 0.74609375 0.75 0.75390625 0.7578125  
    0.76171875 0.765625 0.76953125 0.7734375 0.77734375 0.78125  
    0.78515625 0.7890625 0.79296875 0.796875 0.80078125 0.8046875  
    0.80859375 0.8125 0.81640625 0.8203125 0.82421875 0.828125  
    0.83203125 0.8359375 0.83984375 0.84375 0.84765625 0.8515625  
    0.85546875 0.859375 0.86328125 0.8671875 0.87109375 0.875  
    0.87890625 0.8828125 0.88671875 0.890625 0.89453125 0.8984375  
    0.90234375 0.90625 0.91015625 0.9140625 0.91796875 0.921875  
    0.92578125 0.9296875 0.93359375 0.9375 0.94140625 0.9453125  
    0.94921875 0.953125 0.95703125 0.9609375 0.96484375 0.96875  
    0.97265625 0.9765625 0.98046875 0.984375 0.98828125 0.9921875  
    0.99609375 1.0 
  PPRIME_EXT = 611705.3085146851 603719.3368454461 595837.8676669926  
    588060.9009793242 580388.4367824412 572820.4750763435  
    565357.0158610311 557998.0591365041 550743.6049027625  
    543593.653159806 536548.203907635 529607.2571462493  
    522770.81287564884 516038.8710958337 509411.431806804  
    502888.4950085595 496470.0607011004 490156.12888442655  
    483946.69955853804 477841.77272343484 471841.348379117  
    465945.42652558454 460154.00716283725 454467.0902908754  
    448884.6759096988 443406.76401930756 437856.8202158372  
    432239.62018602714 426839.39775999985 421629.0238919463  
    416610.7713904298 411762.5046160872 407059.98518455756  
    402503.9760309567 398096.7043641872 393813.5927017925  
    389638.22620068653 385585.55216743716 381640.39237740927  
    377781.5036647431 374033.369165268 370368.48396497313  
    366778.8929149092 363286.22329640936 359850.9770319504  
    356501.5675114101 353214.8618688601 349992.40136812435  
    346839.72499403986 343736.9383200663 340701.81588232715  
    337712.56344250124 334782.1952261325 331898.7147202288  
    329063.9596926862 326278.46140484116 323531.5512998075  
    320836.88719802455 318171.6636040547 315559.63321883604  
    312973.4877160623 310433.26569186186 307926.4716838653  
    305448.4562372094 303018.6975948373 300599.5504088043  
    298237.2067825733 295882.23351771606 293571.14043586934  
    291289.0428465429 289017.2887626048 286802.4631958578  
    284583.1448332638 282403.1667565456 280257.5333024261  
    278108.79397339 276013.22085555573 273926.0750812986  
    271850.5567122918 269826.0897887207 267794.8321869141  
    265786.19104368123 263821.29205139773 261847.65665494325  
    259902.26279722492 257994.48049683537 256075.0659305685  
    254181.7087429047 252325.2426319341 250460.53213166297  
    248616.5206112783 246810.24397751107 244997.37628221395  
    243194.12930142356 241431.01740175457 239672.39759634726  
    237911.2746971812 236184.01998416684 234473.98269081058  
    232756.21467728665 231060.75978259894 229394.9730880038  
    227724.62217750715 226057.16846309442 224422.0772523911  
    222802.06124497228 221173.21081601968 219558.41279389377  
    217973.38377577308 216393.29353462975 214807.91558054218  
    213241.85184870329 211699.80548075336 210158.17503133297  
    208615.10508319578 207092.37595139103 205589.42954415974  
    204085.69316924058 202582.01250717894 201097.6103846763  
    199631.36533545353 198164.83717521268 196697.55557738786  
    195247.2577361048 193815.56940352367 192385.2658383106  
    190952.13173859424 189532.50355606704 188132.71103875007  
    186737.21569441908 185337.10240971326 183945.80656889605  
    182574.58312928965 181211.67987010727 179844.39531318005  
    178480.72858136374 177134.46384805336 175800.63909835194  
    174465.99174036822 173131.1314624421 171807.30911422631  
    170497.85359943833 169194.18180918507 167890.51891565963  
    166589.1428677538 165299.4340131137 164023.24002695055  
    162750.49325358437 161475.18545176683 160205.3735924097  
    158950.85549969994 157705.40306904004 156459.34861870407  
    155214.1388572949 153977.9691049848 152753.95800747458  
    151536.78446050436 150321.3741575413 149106.61131272692  
    147900.38572320624 146708.38428374554 145522.75817966645  
    144336.5049448648 143153.55971266373 141982.3879069963  
    140822.83187768335 139669.1141326705 138518.73024857283  
    137371.8667035122 136235.8577147336 135115.0602033703  
    134002.31572270097 132891.52839952515 131787.64018740677  
    130699.70221259899 129626.52995478795 128562.6497971956  
    127507.50543557246 126462.66554621866 125434.2231434482  
    124426.96814560727 123436.45819296828 122457.37914677584  
    121494.01777763022 120557.63536224482 119649.88087958822  
    118764.18881545923 117901.02271674806 117067.26379565941  
    116271.3662277628 115514.913568947 114797.36578735476  
    114121.6325159352 113492.60004447126 112919.59270738027  
    112412.17054633921 111972.66152007013 111598.05021368057  
    111299.86123014452 111101.33972876877 111008.89545906128  
    111015.28960298363 111137.3588367447 111402.93440289766  
    111818.85102081232 112390.55937683933 113144.68415025048  
    114101.90362575464 115264.60785721765 116665.78422383117  
    118343.90845347763 120301.60281634322 122545.37422915184  
    125131.43792433715 128101.29784598501 131443.91194449353  
    135178.35500388744 139356.69794753488 144005.99687767558  
    149123.88206098572 154709.94043611953 160773.36888914296  
    167339.264782494 174378.9506153413 181803.23741286172  
    189586.23789761658 197740.2192657084 206081.34930849052  
    214413.55597782505 222760.46231947967 230938.3189852771  
    238569.9997370704 245530.6462975539 251773.34970965073  
    256886.5286514488 260562.03549434076 262813.57774339675  
    263431.39853933814 262165.8442960647 258956.86037881282  
    253834.89955384692 246976.12192845478 238494.97706291327  
    228369.4402536913 216839.92570567355 204181.25118950114  
    190285.0224070697 175935.77954966997 162385.03682188224  
    150127.71119384927 138312.23968107975 124323.72764448274  
    106826.31610242774 85954.51829063101 61548.935930451444  
    33484.30492274421 1760.6252665530192 
  FFPRIM_EXT = 5.146855655039369 5.312592331349366 5.474251818299988  
    5.632697213167262 5.787933794415123 5.939966592853752  
    6.088800590836419 6.234443860439418 6.3768985801811  
    6.516179038318436 6.652282089155303 6.7852118890017135  
    6.9149729666102395 7.041569735604929 7.165008802839273  
    7.2852936567823505 7.402429151106198 7.5164190485658064  
    7.627268691977438 7.734982466352886 7.839565251612468  
    7.941019015318153 8.039350785974737 8.134561339583044  
    8.226657059808304 8.315631792295644 8.406453489104827  
    8.498993284472082 8.585263549877709 8.666043399574637  
    8.741286118050931 8.81161186740465 8.877704452610452  
    8.939545488098352 8.99707693208966 9.050987845934142  
    9.101744945099455 9.148929818180276 9.19297000495629  
    9.234462565510078 9.272725003540756 9.30852501787157  
    9.34209215577901 9.372818253297623 9.401811735527684  
    9.428279735360942 9.452868323983159 9.475538293738245  
    9.496132249788046 9.515209218508069 9.53227209776351  
    9.547930349579719 9.561822620916871 9.574282054458827  
    9.585260072400498 9.594740093926621 9.603023033479143  
    9.609726488681208 9.615485997612538 9.619641832741507  
    9.622951133390377 9.624862084778774 9.625715156074982  
    9.625648041783524 9.624111897431264 9.62215782934005  
    9.618500293389332 9.614510122421576 9.609181474571345  
    9.602917097295407 9.596244624751396 9.587864115425653  
    9.579480145453738 9.569882485149463 9.559201193328867  
    9.548479692508419 9.536158664540665 9.523471086744223  
    9.510338752316258 9.495661992053169 9.481039814503085  
    9.46566534483392 9.448947526650393 9.432337974744854  
    9.414820981584267 9.396128346823815 9.377622886018429  
    9.358267897847231 9.337757373890351 9.317336962109819  
    9.296214648683335 9.273912785293444 9.251652820595375  
    9.2289938301805 9.20509033653202 9.1809191463009 9.156680080414123  
    9.131370346459908 9.105441604713059 9.07958323774978  
    9.05297263334716 9.025399637480092 8.997804216678606  
    8.969986630134454 8.941136173717114 8.911720673186517  
    8.882399358255686 8.852547031205718 8.821727524668546  
    8.790618117994933 8.759503724218202 8.727710523392663  
    8.695103689696547 8.662327870251833 8.629438226949834  
    8.595837675241157 8.561536111255172 8.527095133149327  
    8.492495424311238 8.457209978098803 8.42126407240848  
    8.385160701562965 8.348916556231448 8.312046484779998  
    8.274500362079017 8.236745535654785 8.198899895797128  
    8.160519334902531 8.12142787850187 8.082043954276916  
    8.042611785368237 8.002767016365754 7.96219995656481  
    7.921226367831748 7.88019357064174 7.838885587295437  
    7.796923668499969 7.754437983505925 7.711789241855243  
    7.668962244703216 7.6256498729720965 7.581758143525928  
    7.537518547370798 7.4930871580644345 7.448402660201389  
    7.403208500245086 7.357449715420524 7.311397850624724  
    7.265217943204547 7.218691635555626 7.171547583050398  
    7.1239510412823 7.076164982235519 7.028150496721677  
    6.979683608081086 6.930676192636572 6.881269965916485  
    6.8316000419125755 6.781697316629013 6.731348861846589  
    6.68039641977086 6.62904709744516 6.577490062401019  
    6.52562056411746 6.473207567334033 6.4202505652329585  
    6.366903344350385 6.313232182234616 6.259232115678962  
    6.20470470451207 6.149527941157885 6.093890287921845  
    6.037956336592463 5.981594322000394 5.92455734283657  
    5.866872792091206 5.808686244984974 5.75001166629701  
    5.6908066392056265 5.63090653274565 5.570178289779456  
    5.508737196492339 5.446727051046166 5.384034865555923  
    5.320355741524484 5.255640345273777 5.190063008858287  
    5.123612139596944 5.056104937634904 4.987315177489282  
    4.917196274061352 4.845759764272506 4.7729309575332035  
    4.698583707785992 4.622468334851034 4.544324320131345  
    4.464090243638742 4.381851923610803 4.297307688150026  
    4.2098384771211546 4.119271017302271 4.0258014104496365  
    3.9289895304830997 3.8281025299814915 3.722960360409701  
    3.61341888578908 3.4987779221883595 3.378499719552784  
    3.2525307023092043 3.11999873269988 2.979888361988806  
    2.8321432777128153 2.67660623329143 2.5117968008588396  
    2.336619977486305 2.15137928928415 1.955584843196728  
    1.7478713841747147 1.5275292234324351 1.2946246745328664  
    1.0491765305795289 0.7909492642204496 0.5192782923848238  
    0.23491436004231658 -0.0597969946967275 -0.36419413692274905  
    -0.6786324810214667 -0.9982932369177476 -1.3180562155406483  
    -1.6386251072980045 -1.9552332094017064 -2.2580347748557577  
    -2.5438639605999454 -2.8116107891224287 -3.0505536532433317  
    -3.252728604628971 -3.4186548977890103 -3.5429356489576045  
    -3.619121788860495 -3.6457511742424358 -3.6237075698412986  
    -3.5576265666943634 -3.4504719210604566 -3.301638779554219  
    -3.1174488474562123 -2.9052030633394548 -2.662258545554815  
    -2.4088086457200735 -2.176972837597975 -1.978947959262635  
    -1.7912920195949584 -1.5436843885076603 -1.1963394676613746  
    -0.7495157972167159 -0.1927104720454406 0.49297649622314843  
    1.3075451075906113 
/

