  PS-state 101   8   1   1   1
   2   1
   3   1
 182  74
  83  36
   3   2
   4   2
   2   1
   4   2
  Sqrt(Psi / Psilim)
 0.000000000E+00 0.118305285E-01 0.236601079E-01 0.354877364E-01 0.473124130E-01
 0.591330776E-01 0.709486248E-01 0.827578944E-01 0.945597187E-01 0.106352841E+00
 0.118136039E+00 0.129908167E+00 0.141668166E+00 0.153414764E+00 0.165147255E+00
 0.176864062E+00 0.188565951E+00 0.200249189E+00 0.211914377E+00 0.223557998E+00
 0.235180612E+00 0.246781111E+00 0.258357012E+00 0.269907926E+00 0.281433074E+00
 0.292931296E+00 0.304400896E+00 0.315840538E+00 0.327249290E+00 0.338626389E+00
 0.349971034E+00 0.361282008E+00 0.372557789E+00 0.383796944E+00 0.394998648E+00
 0.406162650E+00 0.417288710E+00 0.428375700E+00 0.439422136E+00 0.450426662E+00
 0.461388796E+00 0.472308447E+00 0.483184197E+00 0.494014694E+00 0.504799740E+00
 0.515537452E+00 0.526227390E+00 0.536868700E+00 0.547459894E+00 0.558000761E+00
 0.568489424E+00 0.578925678E+00 0.589307752E+00 0.599635024E+00 0.609906356E+00
 0.620120232E+00 0.630276254E+00 0.640372506E+00 0.650408233E+00 0.660382602E+00
 0.670293800E+00 0.680140983E+00 0.689923286E+00 0.699639056E+00 0.709287112E+00
 0.718866494E+00 0.728376101E+00 0.737814334E+00 0.747179999E+00 0.756471984E+00
 0.765689122E+00 0.774830058E+00 0.783893257E+00 0.792877478E+00 0.801781457E+00
 0.810603901E+00 0.819343461E+00 0.827998525E+00 0.836567635E+00 0.845049342E+00
 0.853442156E+00 0.861744602E+00 0.869955195E+00 0.878072335E+00 0.886094579E+00
 0.894020308E+00 0.901847632E+00 0.909574545E+00 0.917198831E+00 0.924718440E+00
 0.932131225E+00 0.939435354E+00 0.946628921E+00 0.953710543E+00 0.960679158E+00
 0.967533103E+00 0.974269881E+00 0.980887737E+00 0.987384887E+00 0.993757682E+00
 0.100000000E+01
       n_e
 0.285243968E+15 0.285228783E+15 0.285170401E+15 0.285067785E+15 0.284920849E+15
 0.284733669E+15 0.284506377E+15 0.284239141E+15 0.283932154E+15 0.283581700E+15
 0.283190754E+15 0.282760892E+15 0.282292427E+15 0.281785708E+15 0.281240667E+15
 0.280653711E+15 0.280029690E+15 0.279369194E+15 0.278672607E+15 0.277940576E+15
 0.277173039E+15 0.276367217E+15 0.275527734E+15 0.274655142E+15 0.273750039E+15
 0.272813072E+15 0.271688262E+15 0.270059121E+15 0.268123304E+15 0.266401615E+15
 0.265182117E+15 0.264097053E+15 0.262687474E+15 0.261044818E+15 0.259447654E+15
 0.258053853E+15 0.256737250E+15 0.255420910E+15 0.254106103E+15 0.252793304E+15
 0.251477919E+15 0.250147343E+15 0.248785561E+15 0.247376486E+15 0.245899107E+15
 0.244323072E+15 0.242636046E+15 0.240833452E+15 0.238911551E+15 0.236879468E+15
 0.234758989E+15 0.232568113E+15 0.230320101E+15 0.228026530E+15 0.225695822E+15
 0.223335443E+15 0.220954525E+15 0.218563437E+15 0.216173060E+15 0.213794941E+15
 0.211437907E+15 0.209106514E+15 0.206803829E+15 0.204531819E+15 0.202289561E+15
 0.200074689E+15 0.197885948E+15 0.195723219E+15 0.193586411E+15 0.191475761E+15
 0.189391602E+15 0.187333826E+15 0.185302185E+15 0.183295186E+15 0.181310008E+15
 0.179343932E+15 0.177397792E+15 0.175475337E+15 0.173581370E+15 0.171720404E+15
 0.169924186E+15 0.168213116E+15 0.166578855E+15 0.165003099E+15 0.163464500E+15
 0.161939032E+15 0.159278274E+15 0.155499939E+15 0.150878828E+15 0.145784109E+15
 0.140074510E+15 0.134094407E+15 0.127944321E+15 0.121715376E+15 0.115712685E+15
 0.110027348E+15 0.104758176E+15 0.100246475E+15 0.962053043E+14 0.927612955E+14
 0.920899179E+14
       t_e
 0.201696714E+02 0.201630194E+02 0.201374606E+02 0.200926012E+02 0.200285246E+02
 0.199471443E+02 0.198486909E+02 0.197334416E+02 0.196017187E+02 0.194523134E+02
 0.192867898E+02 0.191061300E+02 0.189108286E+02 0.187014181E+02 0.184783086E+02
 0.182407727E+02 0.179910063E+02 0.177297140E+02 0.174575276E+02 0.171751916E+02
 0.168832439E+02 0.165816087E+02 0.162721205E+02 0.159554916E+02 0.156324461E+02
 0.153037180E+02 0.149715616E+02 0.146411139E+02 0.143160194E+02 0.139972103E+02
 0.136858418E+02 0.133833444E+02 0.130903604E+02 0.128064213E+02 0.125307718E+02
 0.122623498E+02 0.119985684E+02 0.117387940E+02 0.114830939E+02 0.112319168E+02
 0.109866787E+02 0.107487055E+02 0.105183535E+02 0.102956476E+02 0.100802113E+02
 0.987139264E+01 0.966841854E+01 0.947108136E+01 0.927932891E+01 0.909333843E+01
 0.891342370E+01 0.873962609E+01 0.857186069E+01 0.840997854E+01 0.825372528E+01
 0.810282759E+01 0.795708636E+01 0.781637231E+01 0.768058944E+01 0.754969479E+01
 0.742355727E+01 0.730187939E+01 0.718431570E+01 0.707051311E+01 0.696007638E+01
 0.685262638E+01 0.674785592E+01 0.664550755E+01 0.654533931E+01 0.644715181E+01
 0.635078833E+01 0.625610010E+01 0.616293051E+01 0.607103180E+01 0.598015198E+01
 0.589004828E+01 0.580062761E+01 0.571192374E+01 0.562402330E+01 0.553701145E+01
 0.545175254E+01 0.536908559E+01 0.528887833E+01 0.521066687E+01 0.513387822E+01
 0.505786740E+01 0.490150952E+01 0.466529872E+01 0.436711223E+01 0.403101871E+01
 0.363817927E+01 0.321547447E+01 0.277172699E+01 0.231378808E+01 0.187249897E+01
 0.145851196E+01 0.108170415E+01 0.773528518E+00 0.505401973E+00 0.287873468E+00
 0.245468300E+00
n_i_01
 0.106897485E+15 0.106895158E+15 0.106885148E+15 0.106864066E+15 0.106827982E+15
 0.106777989E+15 0.106721634E+15 0.106671451E+15 0.106641063E+15 0.106662411E+15
 0.106763018E+15 0.106940218E+15 0.107180333E+15 0.107469199E+15 0.107794946E+15
 0.108150384E+15 0.108521837E+15 0.108898666E+15 0.109274925E+15 0.109651100E+15
 0.110028799E+15 0.110409032E+15 0.110792483E+15 0.111179336E+15 0.111567411E+15
 0.111953463E+15 0.112273164E+15 0.112393853E+15 0.112374726E+15 0.112407063E+15
 0.112598978E+15 0.112806072E+15 0.112847642E+15 0.112759508E+15 0.112654666E+15
 0.112600656E+15 0.112556362E+15 0.112492626E+15 0.112409855E+15 0.112307323E+15
 0.112180062E+15 0.112019995E+15 0.111819812E+15 0.111572902E+15 0.111271072E+15
 0.110901717E+15 0.110461301E+15 0.109948603E+15 0.109362362E+15 0.108706847E+15
 0.107991987E+15 0.107226543E+15 0.106417415E+15 0.105570900E+15 0.104691995E+15
 0.103785105E+15 0.102855122E+15 0.101907403E+15 0.100947513E+15 0.999812197E+14
 0.990131491E+14 0.980461895E+14 0.970825930E+14 0.961240845E+14 0.951710708E+14
 0.942232292E+14 0.932806220E+14 0.923437416E+14 0.914130444E+14 0.904890747E+14
 0.895723643E+14 0.886631482E+14 0.877614177E+14 0.868671597E+14 0.859793633E+14
 0.850970444E+14 0.842208562E+14 0.833527960E+14 0.824953387E+14 0.816508124E+14
 0.808340275E+14 0.800553255E+14 0.793108956E+14 0.785921517E+14 0.778890446E+14
 0.771899722E+14 0.759710122E+14 0.742342620E+14 0.721000401E+14 0.697308590E+14
 0.670507060E+14 0.642275292E+14 0.613105639E+14 0.583416984E+14 0.554719106E+14
 0.527503800E+14 0.502254094E+14 0.480625702E+14 0.461251453E+14 0.444739382E+14
 0.441520507E+14
t_i_01
 0.218342868E+02 0.218248206E+02 0.217884572E+02 0.217246686E+02 0.216336374E+02
 0.215181548E+02 0.213786388E+02 0.212155905E+02 0.210295903E+02 0.208191321E+02
 0.205865709E+02 0.203334465E+02 0.200606345E+02 0.197690720E+02 0.194595463E+02
 0.191314168E+02 0.187878162E+02 0.184299326E+02 0.180588518E+02 0.176758100E+02
 0.172817872E+02 0.168771310E+02 0.164643027E+02 0.160444559E+02 0.156187470E+02
 0.151883307E+02 0.147574899E+02 0.143367740E+02 0.139327694E+02 0.135462816E+02
 0.131788055E+02 0.128320577E+02 0.125059638E+02 0.121983400E+02 0.119065146E+02
 0.116276916E+02 0.113570219E+02 0.110932898E+02 0.108363502E+02 0.105866075E+02
 0.103458441E+02 0.101156768E+02 0.989629715E+01 0.968742408E+01 0.948840795E+01
 0.929844338E+01 0.911635094E+01 0.894153958E+01 0.877360452E+01 0.861229184E+01
 0.845742169E+01 0.830860202E+01 0.816536216E+01 0.802716548E+01 0.789339979E+01
 0.776360053E+01 0.763755072E+01 0.751514987E+01 0.739638173E+01 0.728139143E+01
 0.717026793E+01 0.706287589E+01 0.695899490E+01 0.685837204E+01 0.676066446E+01
 0.666552093E+01 0.657267847E+01 0.648193793E+01 0.639311625E+01 0.630607909E+01
 0.622073801E+01 0.613700181E+01 0.605476945E+01 0.597383362E+01 0.589404683E+01
 0.581524806E+01 0.573729207E+01 0.566005922E+01 0.558344739E+01 0.550736376E+01
 0.543141914E+01 0.535548398E+01 0.527970656E+01 0.520432808E+01 0.512961320E+01
 0.505585969E+01 0.490096458E+01 0.466529872E+01 0.436711223E+01 0.403101871E+01
 0.363817927E+01 0.321547447E+01 0.277172699E+01 0.231378808E+01 0.187249897E+01
 0.145851196E+01 0.108170415E+01 0.773528518E+00 0.505401973E+00 0.287873468E+00
 0.245468300E+00
n_i_02
 0.106897485E+15 0.106895158E+15 0.106885148E+15 0.106864066E+15 0.106827982E+15
 0.106777989E+15 0.106721634E+15 0.106671451E+15 0.106641063E+15 0.106662411E+15
 0.106763018E+15 0.106940218E+15 0.107180333E+15 0.107469199E+15 0.107794946E+15
 0.108150384E+15 0.108521837E+15 0.108898666E+15 0.109274925E+15 0.109651100E+15
 0.110028799E+15 0.110409032E+15 0.110792483E+15 0.111179336E+15 0.111567411E+15
 0.111953463E+15 0.112273164E+15 0.112393853E+15 0.112374726E+15 0.112407063E+15
 0.112598978E+15 0.112806072E+15 0.112847642E+15 0.112759508E+15 0.112654666E+15
 0.112600656E+15 0.112556362E+15 0.112492626E+15 0.112409855E+15 0.112307323E+15
 0.112180062E+15 0.112019995E+15 0.111819812E+15 0.111572902E+15 0.111271072E+15
 0.110901717E+15 0.110461301E+15 0.109948603E+15 0.109362362E+15 0.108706847E+15
 0.107991987E+15 0.107226543E+15 0.106417415E+15 0.105570900E+15 0.104691995E+15
 0.103785105E+15 0.102855122E+15 0.101907403E+15 0.100947513E+15 0.999812197E+14
 0.990131491E+14 0.980461895E+14 0.970825930E+14 0.961240845E+14 0.951710708E+14
 0.942232292E+14 0.932806220E+14 0.923437416E+14 0.914130444E+14 0.904890747E+14
 0.895723643E+14 0.886631482E+14 0.877614177E+14 0.868671597E+14 0.859793633E+14
 0.850970444E+14 0.842208562E+14 0.833527960E+14 0.824953387E+14 0.816508124E+14
 0.808340275E+14 0.800553255E+14 0.793108956E+14 0.785921517E+14 0.778890446E+14
 0.771899722E+14 0.759710122E+14 0.742342620E+14 0.721000401E+14 0.697308590E+14
 0.670507060E+14 0.642275292E+14 0.613105639E+14 0.583416984E+14 0.554719106E+14
 0.527503800E+14 0.502254094E+14 0.480625702E+14 0.461251453E+14 0.444739382E+14
 0.441520507E+14
t_i_02
 0.218342868E+02 0.218248206E+02 0.217884572E+02 0.217246686E+02 0.216336374E+02
 0.215181548E+02 0.213786388E+02 0.212155905E+02 0.210295903E+02 0.208191321E+02
 0.205865709E+02 0.203334465E+02 0.200606345E+02 0.197690720E+02 0.194595463E+02
 0.191314168E+02 0.187878162E+02 0.184299326E+02 0.180588518E+02 0.176758100E+02
 0.172817872E+02 0.168771310E+02 0.164643027E+02 0.160444559E+02 0.156187470E+02
 0.151883307E+02 0.147574899E+02 0.143367740E+02 0.139327694E+02 0.135462816E+02
 0.131788055E+02 0.128320577E+02 0.125059638E+02 0.121983400E+02 0.119065146E+02
 0.116276916E+02 0.113570219E+02 0.110932898E+02 0.108363502E+02 0.105866075E+02
 0.103458441E+02 0.101156768E+02 0.989629715E+01 0.968742408E+01 0.948840795E+01
 0.929844338E+01 0.911635094E+01 0.894153958E+01 0.877360452E+01 0.861229184E+01
 0.845742169E+01 0.830860202E+01 0.816536216E+01 0.802716548E+01 0.789339979E+01
 0.776360053E+01 0.763755072E+01 0.751514987E+01 0.739638173E+01 0.728139143E+01
 0.717026793E+01 0.706287589E+01 0.695899490E+01 0.685837204E+01 0.676066446E+01
 0.666552093E+01 0.657267847E+01 0.648193793E+01 0.639311625E+01 0.630607909E+01
 0.622073801E+01 0.613700181E+01 0.605476945E+01 0.597383362E+01 0.589404683E+01
 0.581524806E+01 0.573729207E+01 0.566005922E+01 0.558344739E+01 0.550736376E+01
 0.543141914E+01 0.535548398E+01 0.527970656E+01 0.520432808E+01 0.512961320E+01
 0.505585969E+01 0.490096458E+01 0.466529872E+01 0.436711223E+01 0.403101871E+01
 0.363817927E+01 0.321547447E+01 0.277172699E+01 0.231378808E+01 0.187249897E+01
 0.145851196E+01 0.108170415E+01 0.773528518E+00 0.505401973E+00 0.287873468E+00
 0.245468300E+00
n_i_03
 0.427865953E+10 0.427843174E+10 0.427755601E+10 0.427601677E+10 0.427381274E+10
 0.427100503E+10 0.426759566E+10 0.426358711E+10 0.425898231E+10 0.425372550E+10
 0.424786131E+10 0.424141338E+10 0.423438640E+10 0.422678562E+10 0.421861001E+10
 0.420980567E+10 0.420044535E+10 0.419053792E+10 0.418008910E+10 0.416910864E+10
 0.415759558E+10 0.414550826E+10 0.413291601E+10 0.411982713E+10 0.410625059E+10
 0.409219607E+10 0.407532393E+10 0.405088681E+10 0.402184957E+10 0.399602423E+10
 0.397773176E+10 0.396145580E+10 0.394031212E+10 0.391567227E+10 0.389171482E+10
 0.387080780E+10 0.385105876E+10 0.383131365E+10 0.381159154E+10 0.379189955E+10
 0.377216878E+10 0.375221015E+10 0.373178341E+10 0.371064729E+10 0.368848660E+10
 0.366484608E+10 0.363954069E+10 0.361250178E+10 0.358367326E+10 0.355319202E+10
 0.352138484E+10 0.348852169E+10 0.345480151E+10 0.342039795E+10 0.338543733E+10
 0.335003164E+10 0.331431787E+10 0.327845155E+10 0.324259590E+10 0.320692412E+10
 0.317156860E+10 0.313659771E+10 0.310205744E+10 0.306797728E+10 0.303434342E+10
 0.300112034E+10 0.296828922E+10 0.293584828E+10 0.290379616E+10 0.287213642E+10
 0.284087403E+10 0.281000739E+10 0.277953277E+10 0.274942778E+10 0.271965012E+10
 0.269015899E+10 0.266096688E+10 0.263213005E+10 0.260372055E+10 0.257580606E+10
 0.254886279E+10 0.252319674E+10 0.249868282E+10 0.247504648E+10 0.245196750E+10
 0.242908548E+10 0.238917412E+10 0.233249908E+10 0.226318242E+10 0.218676163E+10
 0.210111765E+10 0.201141610E+10 0.191916482E+10 0.182573064E+10 0.173569027E+10
 0.165041023E+10 0.157137263E+10 0.150369712E+10 0.144307956E+10 0.139141943E+10
 0.138134877E+10
t_i_03
 0.218342868E+02 0.218248206E+02 0.217884572E+02 0.217246686E+02 0.216336374E+02
 0.215181548E+02 0.213786388E+02 0.212155905E+02 0.210295903E+02 0.208191321E+02
 0.205865709E+02 0.203334465E+02 0.200606345E+02 0.197690720E+02 0.194595463E+02
 0.191314168E+02 0.187878162E+02 0.184299326E+02 0.180588518E+02 0.176758100E+02
 0.172817872E+02 0.168771310E+02 0.164643027E+02 0.160444559E+02 0.156187470E+02
 0.151883307E+02 0.147574899E+02 0.143367740E+02 0.139327694E+02 0.135462816E+02
 0.131788055E+02 0.128320577E+02 0.125059638E+02 0.121983400E+02 0.119065146E+02
 0.116276916E+02 0.113570219E+02 0.110932898E+02 0.108363502E+02 0.105866075E+02
 0.103458441E+02 0.101156768E+02 0.989629715E+01 0.968742408E+01 0.948840795E+01
 0.929844338E+01 0.911635094E+01 0.894153958E+01 0.877360452E+01 0.861229184E+01
 0.845742169E+01 0.830860202E+01 0.816536216E+01 0.802716548E+01 0.789339979E+01
 0.776360053E+01 0.763755072E+01 0.751514987E+01 0.739638173E+01 0.728139143E+01
 0.717026793E+01 0.706287589E+01 0.695899490E+01 0.685837204E+01 0.676066446E+01
 0.666552093E+01 0.657267847E+01 0.648193793E+01 0.639311625E+01 0.630607909E+01
 0.622073801E+01 0.613700181E+01 0.605476945E+01 0.597383362E+01 0.589404683E+01
 0.581524806E+01 0.573729207E+01 0.566005922E+01 0.558344739E+01 0.550736376E+01
 0.543141914E+01 0.535548398E+01 0.527970656E+01 0.520432808E+01 0.512961320E+01
 0.505585969E+01 0.490096458E+01 0.466529872E+01 0.436711223E+01 0.403101871E+01
 0.363817927E+01 0.321547447E+01 0.277172699E+01 0.231378808E+01 0.187249897E+01
 0.145851196E+01 0.108170415E+01 0.773528518E+00 0.505401973E+00 0.287873468E+00
 0.245468300E+00
n_i_04
 0.000000000E+00 0.000000000E+00 0.000000000E+00 0.000000000E+00 0.000000000E+00
 0.000000000E+00 0.000000000E+00 0.000000000E+00 0.000000000E+00 0.000000000E+00
 0.000000000E+00 0.000000000E+00 0.000000000E+00 0.000000000E+00 0.000000000E+00
 0.000000000E+00 0.000000000E+00 0.000000000E+00 0.000000000E+00 0.000000000E+00
 0.000000000E+00 0.000000000E+00 0.000000000E+00 0.000000000E+00 0.000000000E+00
 0.000000000E+00 0.000000000E+00 0.000000000E+00 0.000000000E+00 0.000000000E+00
 0.000000000E+00 0.000000000E+00 0.000000000E+00 0.000000000E+00 0.000000000E+00
 0.000000000E+00 0.000000000E+00 0.000000000E+00 0.000000000E+00 0.000000000E+00
 0.000000000E+00 0.000000000E+00 0.000000000E+00 0.000000000E+00 0.000000000E+00
 0.000000000E+00 0.000000000E+00 0.000000000E+00 0.000000000E+00 0.000000000E+00
 0.000000000E+00 0.000000000E+00 0.000000000E+00 0.000000000E+00 0.000000000E+00
 0.000000000E+00 0.000000000E+00 0.000000000E+00 0.000000000E+00 0.000000000E+00
 0.000000000E+00 0.000000000E+00 0.000000000E+00 0.000000000E+00 0.000000000E+00
 0.000000000E+00 0.000000000E+00 0.000000000E+00 0.000000000E+00 0.000000000E+00
 0.000000000E+00 0.000000000E+00 0.000000000E+00 0.000000000E+00 0.000000000E+00
 0.000000000E+00 0.000000000E+00 0.000000000E+00 0.000000000E+00 0.000000000E+00
 0.000000000E+00 0.000000000E+00 0.000000000E+00 0.000000000E+00 0.000000000E+00
 0.000000000E+00 0.000000000E+00 0.000000000E+00 0.000000000E+00 0.000000000E+00
 0.000000000E+00 0.000000000E+00 0.000000000E+00 0.000000000E+00 0.000000000E+00
 0.000000000E+00 0.000000000E+00 0.000000000E+00 0.000000000E+00 0.000000000E+00
 0.000000000E+00
t_i_04
 0.218342868E+02 0.218248206E+02 0.217884572E+02 0.217246686E+02 0.216336374E+02
 0.215181548E+02 0.213786388E+02 0.212155905E+02 0.210295903E+02 0.208191321E+02
 0.205865709E+02 0.203334465E+02 0.200606345E+02 0.197690720E+02 0.194595463E+02
 0.191314168E+02 0.187878162E+02 0.184299326E+02 0.180588518E+02 0.176758100E+02
 0.172817872E+02 0.168771310E+02 0.164643027E+02 0.160444559E+02 0.156187470E+02
 0.151883307E+02 0.147574899E+02 0.143367740E+02 0.139327694E+02 0.135462816E+02
 0.131788055E+02 0.128320577E+02 0.125059638E+02 0.121983400E+02 0.119065146E+02
 0.116276916E+02 0.113570219E+02 0.110932898E+02 0.108363502E+02 0.105866075E+02
 0.103458441E+02 0.101156768E+02 0.989629715E+01 0.968742408E+01 0.948840795E+01
 0.929844338E+01 0.911635094E+01 0.894153958E+01 0.877360452E+01 0.861229184E+01
 0.845742169E+01 0.830860202E+01 0.816536216E+01 0.802716548E+01 0.789339979E+01
 0.776360053E+01 0.763755072E+01 0.751514987E+01 0.739638173E+01 0.728139143E+01
 0.717026793E+01 0.706287589E+01 0.695899490E+01 0.685837204E+01 0.676066446E+01
 0.666552093E+01 0.657267847E+01 0.648193793E+01 0.639311625E+01 0.630607909E+01
 0.622073801E+01 0.613700181E+01 0.605476945E+01 0.597383362E+01 0.589404683E+01
 0.581524806E+01 0.573729207E+01 0.566005922E+01 0.558344739E+01 0.550736376E+01
 0.543141914E+01 0.535548398E+01 0.527970656E+01 0.520432808E+01 0.512961320E+01
 0.505585969E+01 0.490096458E+01 0.466529872E+01 0.436711223E+01 0.403101871E+01
 0.363817927E+01 0.321547447E+01 0.277172699E+01 0.231378808E+01 0.187249897E+01
 0.145851196E+01 0.108170415E+01 0.773528518E+00 0.505401973E+00 0.287873468E+00
 0.245468300E+00
n_i_05
 0.570487937E+13 0.570457565E+13 0.570340801E+13 0.570135570E+13 0.569841699E+13
 0.569467337E+13 0.569012755E+13 0.568478282E+13 0.567864308E+13 0.567163400E+13
 0.566381509E+13 0.565521784E+13 0.564584854E+13 0.563571415E+13 0.562481335E+13
 0.561307422E+13 0.560059379E+13 0.558738389E+13 0.557345214E+13 0.555881151E+13
 0.554346078E+13 0.552734434E+13 0.551055467E+13 0.549310284E+13 0.547500078E+13
 0.545626143E+13 0.543376524E+13 0.540118242E+13 0.536246609E+13 0.532803231E+13
 0.530364234E+13 0.528194106E+13 0.525374949E+13 0.522089636E+13 0.518895309E+13
 0.516107707E+13 0.513474501E+13 0.510841819E+13 0.508212206E+13 0.505586607E+13
 0.502955838E+13 0.500294687E+13 0.497571122E+13 0.494752972E+13 0.491798214E+13
 0.488646144E+13 0.485272092E+13 0.481666904E+13 0.477823101E+13 0.473758935E+13
 0.469517978E+13 0.465136225E+13 0.460640201E+13 0.456053060E+13 0.451391645E+13
 0.446670885E+13 0.441909049E+13 0.437126874E+13 0.432346120E+13 0.427589882E+13
 0.422875814E+13 0.418213028E+13 0.413607659E+13 0.409063637E+13 0.404579122E+13
 0.400149378E+13 0.395771896E+13 0.391446438E+13 0.387172821E+13 0.382951523E+13
 0.378783204E+13 0.374667651E+13 0.370604370E+13 0.366590371E+13 0.362620016E+13
 0.358687865E+13 0.354795584E+13 0.350950674E+13 0.347162740E+13 0.343440808E+13
 0.339848372E+13 0.336426232E+13 0.333157709E+13 0.330006197E+13 0.326929000E+13
 0.323878064E+13 0.318556549E+13 0.310999877E+13 0.301757656E+13 0.291568218E+13
 0.280149020E+13 0.268188813E+13 0.255888643E+13 0.243430751E+13 0.231425369E+13
 0.220054697E+13 0.209516351E+13 0.200492949E+13 0.192410609E+13 0.185522591E+13
 0.184179836E+13
t_i_05
 0.218342868E+02 0.218248206E+02 0.217884572E+02 0.217246686E+02 0.216336374E+02
 0.215181548E+02 0.213786388E+02 0.212155905E+02 0.210295903E+02 0.208191321E+02
 0.205865709E+02 0.203334465E+02 0.200606345E+02 0.197690720E+02 0.194595463E+02
 0.191314168E+02 0.187878162E+02 0.184299326E+02 0.180588518E+02 0.176758100E+02
 0.172817872E+02 0.168771310E+02 0.164643027E+02 0.160444559E+02 0.156187470E+02
 0.151883307E+02 0.147574899E+02 0.143367740E+02 0.139327694E+02 0.135462816E+02
 0.131788055E+02 0.128320577E+02 0.125059638E+02 0.121983400E+02 0.119065146E+02
 0.116276916E+02 0.113570219E+02 0.110932898E+02 0.108363502E+02 0.105866075E+02
 0.103458441E+02 0.101156768E+02 0.989629715E+01 0.968742408E+01 0.948840795E+01
 0.929844338E+01 0.911635094E+01 0.894153958E+01 0.877360452E+01 0.861229184E+01
 0.845742169E+01 0.830860202E+01 0.816536216E+01 0.802716548E+01 0.789339979E+01
 0.776360053E+01 0.763755072E+01 0.751514987E+01 0.739638173E+01 0.728139143E+01
 0.717026793E+01 0.706287589E+01 0.695899490E+01 0.685837204E+01 0.676066446E+01
 0.666552093E+01 0.657267847E+01 0.648193793E+01 0.639311625E+01 0.630607909E+01
 0.622073801E+01 0.613700181E+01 0.605476945E+01 0.597383362E+01 0.589404683E+01
 0.581524806E+01 0.573729207E+01 0.566005922E+01 0.558344739E+01 0.550736376E+01
 0.543141914E+01 0.535548398E+01 0.527970656E+01 0.520432808E+01 0.512961320E+01
 0.505585969E+01 0.490096458E+01 0.466529872E+01 0.436711223E+01 0.403101871E+01
 0.363817927E+01 0.321547447E+01 0.277172699E+01 0.231378808E+01 0.187249897E+01
 0.145851196E+01 0.108170415E+01 0.773528518E+00 0.505401973E+00 0.287873468E+00
 0.245468300E+00
n_i_06
 0.298613096E+14 0.298563552E+14 0.298383748E+14 0.298102579E+14 0.297758946E+14
 0.297361449E+14 0.296835262E+14 0.296055842E+14 0.294887889E+14 0.292994173E+14
 0.290113736E+14 0.286280776E+14 0.281633598E+14 0.276315493E+14 0.270444858E+14
 0.264076349E+14 0.257369976E+14 0.250434970E+14 0.243332632E+14 0.236061188E+14
 0.228604285E+14 0.220938484E+14 0.213079110E+14 0.205026982E+14 0.196806769E+14
 0.188454002E+14 0.179864149E+14 0.170846420E+14 0.161756515E+14 0.153178592E+14
 0.145412619E+14 0.138139392E+14 0.130965539E+14 0.123971250E+14 0.117362148E+14
 0.111219733E+14 0.105350291E+14 0.996765209E+13 0.942004526E+13 0.889316266E+13
 0.838976910E+13 0.791189828E+13 0.745918099E+13 0.703051699E+13 0.662402538E+13
 0.623775800E+13 0.586933844E+13 0.551779148E+13 0.518258686E+13 0.486382977E+13
 0.456203630E+13 0.427707578E+13 0.400840549E+13 0.375527981E+13 0.351673835E+13
 0.329195600E+13 0.308041989E+13 0.288174353E+13 0.269557995E+13 0.252169591E+13
 0.235969808E+13 0.220888319E+13 0.206846896E+13 0.193767328E+13 0.181564791E+13
 0.170158020E+13 0.159480635E+13 0.149477704E+13 0.140099223E+13 0.131302172E+13
 0.123049229E+13 0.115311784E+13 0.108078841E+13 0.101280061E+13 0.948813425E+12
 0.888507358E+12 0.831628209E+12 0.777976893E+12 0.727381296E+12 0.679676669E+12
 0.635273841E+12 0.593611947E+12 0.554503378E+12 0.517758928E+12 0.483192633E+12
 0.450887022E+12 0.394160056E+12 0.319406036E+12 0.238059486E+12 0.164603023E+12
 0.107317402E+12 0.633635821E+11 0.317012545E+11 0.141299033E+11 0.595739282E+10
 0.168200665E+10 0.374111940E+09 0.100832221E+09 0.683515912E+07 0.114714823E+07
 0.383231794E+05
t_i_06
 0.218342868E+02 0.218248206E+02 0.217884572E+02 0.217246686E+02 0.216336374E+02
 0.215181548E+02 0.213786388E+02 0.212155905E+02 0.210295903E+02 0.208191321E+02
 0.205865709E+02 0.203334465E+02 0.200606345E+02 0.197690720E+02 0.194595463E+02
 0.191314168E+02 0.187878162E+02 0.184299326E+02 0.180588518E+02 0.176758100E+02
 0.172817872E+02 0.168771310E+02 0.164643027E+02 0.160444559E+02 0.156187470E+02
 0.151883307E+02 0.147574899E+02 0.143367740E+02 0.139327694E+02 0.135462816E+02
 0.131788055E+02 0.128320577E+02 0.125059638E+02 0.121983400E+02 0.119065146E+02
 0.116276916E+02 0.113570219E+02 0.110932898E+02 0.108363502E+02 0.105866075E+02
 0.103458441E+02 0.101156768E+02 0.989629715E+01 0.968742408E+01 0.948840795E+01
 0.929844338E+01 0.911635094E+01 0.894153958E+01 0.877360452E+01 0.861229184E+01
 0.845742169E+01 0.830860202E+01 0.816536216E+01 0.802716548E+01 0.789339979E+01
 0.776360053E+01 0.763755072E+01 0.751514987E+01 0.739638173E+01 0.728139143E+01
 0.717026793E+01 0.706287589E+01 0.695899490E+01 0.685837204E+01 0.676066446E+01
 0.666552093E+01 0.657267847E+01 0.648193793E+01 0.639311625E+01 0.630607909E+01
 0.622073801E+01 0.613700181E+01 0.605476945E+01 0.597383362E+01 0.589404683E+01
 0.581524806E+01 0.573729207E+01 0.566005922E+01 0.558344739E+01 0.550736376E+01
 0.543141914E+01 0.535548398E+01 0.527970656E+01 0.520432808E+01 0.512961320E+01
 0.505585969E+01 0.490096458E+01 0.466529872E+01 0.436711223E+01 0.403101871E+01
 0.363817927E+01 0.321547447E+01 0.277172699E+01 0.231378808E+01 0.187249897E+01
 0.145851196E+01 0.108170415E+01 0.773528518E+00 0.505401973E+00 0.287873468E+00
 0.245468300E+00
n_i_07
 0.000000000E+00 0.000000000E+00 0.000000000E+00 0.000000000E+00 0.000000000E+00
 0.000000000E+00 0.000000000E+00 0.000000000E+00 0.000000000E+00 0.000000000E+00
 0.000000000E+00 0.000000000E+00 0.000000000E+00 0.000000000E+00 0.000000000E+00
 0.000000000E+00 0.000000000E+00 0.000000000E+00 0.000000000E+00 0.000000000E+00
 0.000000000E+00 0.000000000E+00 0.000000000E+00 0.000000000E+00 0.000000000E+00
 0.000000000E+00 0.000000000E+00 0.000000000E+00 0.000000000E+00 0.000000000E+00
 0.000000000E+00 0.000000000E+00 0.000000000E+00 0.000000000E+00 0.000000000E+00
 0.000000000E+00 0.000000000E+00 0.000000000E+00 0.000000000E+00 0.000000000E+00
 0.000000000E+00 0.000000000E+00 0.000000000E+00 0.000000000E+00 0.000000000E+00
 0.000000000E+00 0.000000000E+00 0.000000000E+00 0.000000000E+00 0.000000000E+00
 0.000000000E+00 0.000000000E+00 0.000000000E+00 0.000000000E+00 0.000000000E+00
 0.000000000E+00 0.000000000E+00 0.000000000E+00 0.000000000E+00 0.000000000E+00
 0.000000000E+00 0.000000000E+00 0.000000000E+00 0.000000000E+00 0.000000000E+00
 0.000000000E+00 0.000000000E+00 0.000000000E+00 0.000000000E+00 0.000000000E+00
 0.000000000E+00 0.000000000E+00 0.000000000E+00 0.000000000E+00 0.000000000E+00
 0.000000000E+00 0.000000000E+00 0.000000000E+00 0.000000000E+00 0.000000000E+00
 0.000000000E+00 0.000000000E+00 0.000000000E+00 0.000000000E+00 0.000000000E+00
 0.000000000E+00 0.000000000E+00 0.000000000E+00 0.000000000E+00 0.000000000E+00
 0.000000000E+00 0.000000000E+00 0.000000000E+00 0.000000000E+00 0.000000000E+00
 0.000000000E+00 0.000000000E+00 0.000000000E+00 0.000000000E+00 0.000000000E+00
 0.000000000E+00
t_i_07
 0.000000000E+00 0.000000000E+00 0.000000000E+00 0.000000000E+00 0.000000000E+00
 0.000000000E+00 0.000000000E+00 0.000000000E+00 0.000000000E+00 0.000000000E+00
 0.000000000E+00 0.000000000E+00 0.000000000E+00 0.000000000E+00 0.000000000E+00
 0.000000000E+00 0.000000000E+00 0.000000000E+00 0.000000000E+00 0.000000000E+00
 0.000000000E+00 0.000000000E+00 0.000000000E+00 0.000000000E+00 0.000000000E+00
 0.000000000E+00 0.000000000E+00 0.000000000E+00 0.000000000E+00 0.000000000E+00
 0.000000000E+00 0.000000000E+00 0.000000000E+00 0.000000000E+00 0.000000000E+00
 0.000000000E+00 0.000000000E+00 0.000000000E+00 0.000000000E+00 0.000000000E+00
 0.000000000E+00 0.000000000E+00 0.000000000E+00 0.000000000E+00 0.000000000E+00
 0.000000000E+00 0.000000000E+00 0.000000000E+00 0.000000000E+00 0.000000000E+00
 0.000000000E+00 0.000000000E+00 0.000000000E+00 0.000000000E+00 0.000000000E+00
 0.000000000E+00 0.000000000E+00 0.000000000E+00 0.000000000E+00 0.000000000E+00
 0.000000000E+00 0.000000000E+00 0.000000000E+00 0.000000000E+00 0.000000000E+00
 0.000000000E+00 0.000000000E+00 0.000000000E+00 0.000000000E+00 0.000000000E+00
 0.000000000E+00 0.000000000E+00 0.000000000E+00 0.000000000E+00 0.000000000E+00
 0.000000000E+00 0.000000000E+00 0.000000000E+00 0.000000000E+00 0.000000000E+00
 0.000000000E+00 0.000000000E+00 0.000000000E+00 0.000000000E+00 0.000000000E+00
 0.000000000E+00 0.000000000E+00 0.000000000E+00 0.000000000E+00 0.000000000E+00
 0.000000000E+00 0.000000000E+00 0.000000000E+00 0.000000000E+00 0.000000000E+00
 0.000000000E+00 0.000000000E+00 0.000000000E+00 0.000000000E+00 0.000000000E+00
 0.000000000E+00
n_i_08
 0.000000000E+00 0.000000000E+00 0.000000000E+00 0.000000000E+00 0.000000000E+00
 0.000000000E+00 0.000000000E+00 0.000000000E+00 0.000000000E+00 0.000000000E+00
 0.000000000E+00 0.000000000E+00 0.000000000E+00 0.000000000E+00 0.000000000E+00
 0.000000000E+00 0.000000000E+00 0.000000000E+00 0.000000000E+00 0.000000000E+00
 0.000000000E+00 0.000000000E+00 0.000000000E+00 0.000000000E+00 0.000000000E+00
 0.000000000E+00 0.000000000E+00 0.000000000E+00 0.000000000E+00 0.000000000E+00
 0.000000000E+00 0.000000000E+00 0.000000000E+00 0.000000000E+00 0.000000000E+00
 0.000000000E+00 0.000000000E+00 0.000000000E+00 0.000000000E+00 0.000000000E+00
 0.000000000E+00 0.000000000E+00 0.000000000E+00 0.000000000E+00 0.000000000E+00
 0.000000000E+00 0.000000000E+00 0.000000000E+00 0.000000000E+00 0.000000000E+00
 0.000000000E+00 0.000000000E+00 0.000000000E+00 0.000000000E+00 0.000000000E+00
 0.000000000E+00 0.000000000E+00 0.000000000E+00 0.000000000E+00 0.000000000E+00
 0.000000000E+00 0.000000000E+00 0.000000000E+00 0.000000000E+00 0.000000000E+00
 0.000000000E+00 0.000000000E+00 0.000000000E+00 0.000000000E+00 0.000000000E+00
 0.000000000E+00 0.000000000E+00 0.000000000E+00 0.000000000E+00 0.000000000E+00
 0.000000000E+00 0.000000000E+00 0.000000000E+00 0.000000000E+00 0.000000000E+00
 0.000000000E+00 0.000000000E+00 0.000000000E+00 0.000000000E+00 0.000000000E+00
 0.000000000E+00 0.000000000E+00 0.000000000E+00 0.000000000E+00 0.000000000E+00
 0.000000000E+00 0.000000000E+00 0.000000000E+00 0.000000000E+00 0.000000000E+00
 0.000000000E+00 0.000000000E+00 0.000000000E+00 0.000000000E+00 0.000000000E+00
 0.000000000E+00
t_i_08
 0.000000000E+00 0.000000000E+00 0.000000000E+00 0.000000000E+00 0.000000000E+00
 0.000000000E+00 0.000000000E+00 0.000000000E+00 0.000000000E+00 0.000000000E+00
 0.000000000E+00 0.000000000E+00 0.000000000E+00 0.000000000E+00 0.000000000E+00
 0.000000000E+00 0.000000000E+00 0.000000000E+00 0.000000000E+00 0.000000000E+00
 0.000000000E+00 0.000000000E+00 0.000000000E+00 0.000000000E+00 0.000000000E+00
 0.000000000E+00 0.000000000E+00 0.000000000E+00 0.000000000E+00 0.000000000E+00
 0.000000000E+00 0.000000000E+00 0.000000000E+00 0.000000000E+00 0.000000000E+00
 0.000000000E+00 0.000000000E+00 0.000000000E+00 0.000000000E+00 0.000000000E+00
 0.000000000E+00 0.000000000E+00 0.000000000E+00 0.000000000E+00 0.000000000E+00
 0.000000000E+00 0.000000000E+00 0.000000000E+00 0.000000000E+00 0.000000000E+00
 0.000000000E+00 0.000000000E+00 0.000000000E+00 0.000000000E+00 0.000000000E+00
 0.000000000E+00 0.000000000E+00 0.000000000E+00 0.000000000E+00 0.000000000E+00
 0.000000000E+00 0.000000000E+00 0.000000000E+00 0.000000000E+00 0.000000000E+00
 0.000000000E+00 0.000000000E+00 0.000000000E+00 0.000000000E+00 0.000000000E+00
 0.000000000E+00 0.000000000E+00 0.000000000E+00 0.000000000E+00 0.000000000E+00
 0.000000000E+00 0.000000000E+00 0.000000000E+00 0.000000000E+00 0.000000000E+00
 0.000000000E+00 0.000000000E+00 0.000000000E+00 0.000000000E+00 0.000000000E+00
 0.000000000E+00 0.000000000E+00 0.000000000E+00 0.000000000E+00 0.000000000E+00
 0.000000000E+00 0.000000000E+00 0.000000000E+00 0.000000000E+00 0.000000000E+00
 0.000000000E+00 0.000000000E+00 0.000000000E+00 0.000000000E+00 0.000000000E+00
 0.000000000E+00
