  PS-state 101   8   1   1   1
   2   1
   3   1
 182  74
  83  36
   3   2
   4   2
   2   1
   4   2
  Sqrt(Psi / Psilim)
 0.000000000E+00 0.118891816E-01 0.237772462E-01 0.356630289E-01 0.475453844E-01
 0.594231309E-01 0.712950654E-01 0.831599577E-01 0.950166004E-01 0.106863700E+00
 0.118700008E+00 0.130524372E+00 0.142335627E+00 0.154132479E+00 0.165914225E+00
 0.177679322E+00 0.189428762E+00 0.201158239E+00 0.212868915E+00 0.224557180E+00
 0.236223377E+00 0.247866962E+00 0.259485363E+00 0.271078000E+00 0.282644189E+00
 0.294182928E+00 0.305693051E+00 0.317173220E+00 0.328622441E+00 0.340039733E+00
 0.351424075E+00 0.362774418E+00 0.374089697E+00 0.385368811E+00 0.396610824E+00
 0.407814833E+00 0.418979778E+00 0.430104510E+00 0.441187742E+00 0.452228361E+00
 0.463225994E+00 0.474179215E+00 0.485086422E+00 0.495947452E+00 0.506760845E+00
 0.517525092E+00 0.528240073E+00 0.538903624E+00 0.549515721E+00 0.560074290E+00
 0.570579171E+00 0.581028328E+00 0.591421637E+00 0.601757003E+00 0.612034163E+00
 0.622251463E+00 0.632407804E+00 0.642502586E+00 0.652533930E+00 0.662501035E+00
 0.672403080E+00 0.682238310E+00 0.692005735E+00 0.701704481E+00 0.711333215E+00
 0.720890450E+00 0.730375206E+00 0.739786437E+00 0.749122863E+00 0.758382968E+00
 0.767565634E+00 0.776669717E+00 0.785694036E+00 0.794637200E+00 0.803497754E+00
 0.812274471E+00 0.820966097E+00 0.829571346E+00 0.838088861E+00 0.846517038E+00
 0.854854484E+00 0.863099828E+00 0.871251673E+00 0.879308594E+00 0.887268872E+00
 0.895130832E+00 0.902892863E+00 0.910553237E+00 0.918110091E+00 0.925561299E+00
 0.932905047E+00 0.940139565E+00 0.947262895E+00 0.954272638E+00 0.961167014E+00
 0.967944666E+00 0.974603754E+00 0.981142186E+00 0.987557289E+00 0.993844920E+00
 0.100000000E+01
       n_e
 0.306280353E+15 0.306267306E+15 0.306217093E+15 0.306128497E+15 0.306002142E+15
 0.305841198E+15 0.305645776E+15 0.305416005E+15 0.305152000E+15 0.304849422E+15
 0.304513083E+15 0.304143211E+15 0.303740054E+15 0.303303887E+15 0.302832752E+15
 0.302327158E+15 0.301789467E+15 0.301220178E+15 0.300619555E+15 0.299988118E+15
 0.299323325E+15 0.298627504E+15 0.297902246E+15 0.297147990E+15 0.296365195E+15
 0.295554354E+15 0.294692838E+15 0.293749787E+15 0.292752492E+15 0.291749304E+15
 0.290781701E+15 0.289860023E+15 0.288957427E+15 0.288035570E+15 0.287051460E+15
 0.285969123E+15 0.284749062E+15 0.283353358E+15 0.281745771E+15 0.279883529E+15
 0.277718608E+15 0.275227277E+15 0.272408769E+15 0.269254003E+15 0.265862398E+15
 0.262361062E+15 0.258826594E+15 0.255295962E+15 0.251801643E+15 0.248363660E+15
 0.244987292E+15 0.241675574E+15 0.238431916E+15 0.235260208E+15 0.232162421E+15
 0.229138359E+15 0.226186123E+15 0.223303427E+15 0.220487884E+15 0.217736113E+15
 0.215045057E+15 0.212412577E+15 0.209836529E+15 0.207314467E+15 0.204843828E+15
 0.202422538E+15 0.200048983E+15 0.197721791E+15 0.195439554E+15 0.193200883E+15
 0.191004623E+15 0.188850190E+15 0.186737292E+15 0.184666692E+15 0.182641644E+15
 0.180661374E+15 0.178722593E+15 0.176820032E+15 0.174948246E+15 0.173099105E+15
 0.171256800E+15 0.169388361E+15 0.167505887E+15 0.165624225E+15 0.163757006E+15
 0.161896507E+15 0.158942180E+15 0.154935078E+15 0.150261427E+15 0.145158958E+15
 0.139475651E+15 0.133497428E+15 0.127386682E+15 0.121220961E+15 0.115294467E+15
 0.109705444E+15 0.104497037E+15 0.100076173E+15 0.961121344E+14 0.927141503E+14
 0.920899179E+14
       t_e
 0.107721755E+02 0.107684452E+02 0.107540977E+02 0.107288237E+02 0.106928744E+02
 0.106472360E+02 0.105920449E+02 0.105274644E+02 0.104536732E+02 0.103697181E+02
 0.102770799E+02 0.101760271E+02 0.100668495E+02 0.994985797E+01 0.982488311E+01
 0.969236386E+01 0.955312320E+01 0.940757498E+01 0.925607892E+01 0.909906484E+01
 0.893645725E+01 0.876903503E+01 0.859741414E+01 0.842200588E+01 0.824322309E+01
 0.806148220E+01 0.787901775E+01 0.770065591E+01 0.752827810E+01 0.736201750E+01
 0.720199462E+01 0.704823338E+01 0.690057921E+01 0.675893812E+01 0.662322509E+01
 0.649270728E+01 0.636702721E+01 0.624593980E+01 0.612925732E+01 0.601667739E+01
 0.590791943E+01 0.580334749E+01 0.570389919E+01 0.561095010E+01 0.552540429E+01
 0.544826017E+01 0.537968669E+01 0.531950419E+01 0.526746154E+01 0.522302388E+01
 0.518524096E+01 0.515302356E+01 0.512529943E+01 0.510108998E+01 0.507968427E+01
 0.506066777E+01 0.504372285E+01 0.502854443E+01 0.501485521E+01 0.500246139E+01
 0.499126212E+01 0.498119060E+01 0.497218371E+01 0.496417848E+01 0.495712229E+01
 0.495098240E+01 0.494573842E+01 0.494137267E+01 0.493786553E+01 0.493519272E+01
 0.493332506E+01 0.493223200E+01 0.493188383E+01 0.493228323E+01 0.493343379E+01
 0.493525065E+01 0.493772481E+01 0.494085095E+01 0.494462299E+01 0.494909779E+01
 0.495450819E+01 0.496149143E+01 0.496947826E+01 0.497801876E+01 0.498670578E+01
 0.499294898E+01 0.486782203E+01 0.462923744E+01 0.432638290E+01 0.398850435E+01
 0.359691713E+01 0.317264813E+01 0.273073054E+01 0.227743974E+01 0.184175388E+01
 0.143549204E+01 0.106302965E+01 0.761975008E+00 0.499517227E+00 0.284895711E+00
 0.245468300E+00
n_i_01
 0.126851271E+15 0.126849882E+15 0.126843277E+15 0.126827394E+15 0.126797785E+15
 0.126754596E+15 0.126704072E+15 0.126656801E+15 0.126624034E+15 0.126626332E+15
 0.126673822E+15 0.126767584E+15 0.126904347E+15 0.127082867E+15 0.127309774E+15
 0.127587956E+15 0.127914160E+15 0.128283007E+15 0.128674847E+15 0.129066662E+15
 0.129442196E+15 0.129789469E+15 0.130102033E+15 0.130377385E+15 0.130612760E+15
 0.130805024E+15 0.130939064E+15 0.130998216E+15 0.130996700E+15 0.130957282E+15
 0.130900113E+15 0.130831922E+15 0.130743385E+15 0.130619473E+15 0.130442787E+15
 0.130201240E+15 0.129878782E+15 0.129459252E+15 0.128926876E+15 0.128262688E+15
 0.127445000E+15 0.126463074E+15 0.125316703E+15 0.124001327E+15 0.122563841E+15
 0.121062947E+15 0.119534390E+15 0.117995873E+15 0.116463117E+15 0.114946179E+15
 0.113448487E+15 0.111972466E+15 0.110520647E+15 0.109095670E+15 0.107699246E+15
 0.106332046E+15 0.104993891E+15 0.103684344E+15 0.102402835E+15 0.101148244E+15
 0.999195121E+14 0.987159490E+14 0.975368275E+14 0.963812487E+14 0.952482149E+14
 0.941369104E+14 0.930467073E+14 0.919770748E+14 0.909274543E+14 0.898972806E+14
 0.888860850E+14 0.878936591E+14 0.869199245E+14 0.859652687E+14 0.850312274E+14
 0.841175220E+14 0.832226726E+14 0.823442797E+14 0.814798600E+14 0.806256836E+14
 0.797744682E+14 0.789109612E+14 0.780407923E+14 0.771708234E+14 0.763073596E+14
 0.754473580E+14 0.741118616E+14 0.723072860E+14 0.701948231E+14 0.678737040E+14
 0.652652563E+14 0.625042683E+14 0.596696249E+14 0.567971248E+14 0.540267594E+14
 0.514113390E+14 0.489717109E+14 0.469001047E+14 0.450424647E+14 0.434500219E+14
 0.431574795E+14
t_i_01
 0.141227937E+02 0.141171378E+02 0.140953869E+02 0.140570822E+02 0.140026244E+02
 0.139335300E+02 0.138500337E+02 0.137524165E+02 0.136409872E+02 0.135143755E+02
 0.133748523E+02 0.132228756E+02 0.130589383E+02 0.128835678E+02 0.126966013E+02
 0.124987713E+02 0.122913545E+02 0.120750365E+02 0.118504216E+02 0.116182171E+02
 0.113784463E+02 0.111322991E+02 0.108807278E+02 0.106244008E+02 0.103639844E+02
 0.101001459E+02 0.983671847E+01 0.958164031E+01 0.933747305E+01 0.910384692E+01
 0.888039542E+01 0.866668283E+01 0.846208651E+01 0.826607274E+01 0.807807193E+01
 0.789666839E+01 0.772122268E+01 0.755154676E+01 0.738761402E+01 0.722951637E+01
 0.707763711E+01 0.693243653E+01 0.679426156E+01 0.666374646E+01 0.654050344E+01
 0.642442776E+01 0.631549500E+01 0.621378945E+01 0.611937498E+01 0.603228398E+01
 0.595234482E+01 0.587923595E+01 0.581258537E+01 0.575203541E+01 0.569715918E+01
 0.564743210E+01 0.560227600E+01 0.556111585E+01 0.552340763E+01 0.548868411E+01
 0.545658168E+01 0.542678954E+01 0.539900962E+01 0.537296022E+01 0.534841506E+01
 0.532521795E+01 0.530324847E+01 0.528239656E+01 0.526256646E+01 0.524368635E+01
 0.522569700E+01 0.520853241E+01 0.519211861E+01 0.517640694E+01 0.516135810E+01
 0.514686615E+01 0.513284341E+01 0.511919286E+01 0.510582092E+01 0.509260135E+01
 0.507931064E+01 0.506550621E+01 0.505136904E+01 0.503710342E+01 0.502289609E+01
 0.500684288E+01 0.487078848E+01 0.462923744E+01 0.432638290E+01 0.398850435E+01
 0.359691713E+01 0.317264813E+01 0.273073054E+01 0.227743974E+01 0.184175388E+01
 0.143549204E+01 0.106302965E+01 0.761975008E+00 0.499517227E+00 0.284895711E+00
 0.245468300E+00
n_i_02
 0.126851271E+15 0.126849882E+15 0.126843277E+15 0.126827394E+15 0.126797785E+15
 0.126754596E+15 0.126704072E+15 0.126656801E+15 0.126624034E+15 0.126626332E+15
 0.126673822E+15 0.126767584E+15 0.126904347E+15 0.127082867E+15 0.127309774E+15
 0.127587956E+15 0.127914160E+15 0.128283007E+15 0.128674847E+15 0.129066662E+15
 0.129442196E+15 0.129789469E+15 0.130102033E+15 0.130377385E+15 0.130612760E+15
 0.130805024E+15 0.130939064E+15 0.130998216E+15 0.130996700E+15 0.130957282E+15
 0.130900113E+15 0.130831922E+15 0.130743385E+15 0.130619473E+15 0.130442787E+15
 0.130201240E+15 0.129878782E+15 0.129459252E+15 0.128926876E+15 0.128262688E+15
 0.127445000E+15 0.126463074E+15 0.125316703E+15 0.124001327E+15 0.122563841E+15
 0.121062947E+15 0.119534390E+15 0.117995873E+15 0.116463117E+15 0.114946179E+15
 0.113448487E+15 0.111972466E+15 0.110520647E+15 0.109095670E+15 0.107699246E+15
 0.106332046E+15 0.104993891E+15 0.103684344E+15 0.102402835E+15 0.101148244E+15
 0.999195121E+14 0.987159490E+14 0.975368275E+14 0.963812487E+14 0.952482149E+14
 0.941369104E+14 0.930467073E+14 0.919770748E+14 0.909274543E+14 0.898972806E+14
 0.888860850E+14 0.878936591E+14 0.869199245E+14 0.859652687E+14 0.850312274E+14
 0.841175220E+14 0.832226726E+14 0.823442797E+14 0.814798600E+14 0.806256836E+14
 0.797744682E+14 0.789109612E+14 0.780407923E+14 0.771708234E+14 0.763073596E+14
 0.754473580E+14 0.741118616E+14 0.723072860E+14 0.701948231E+14 0.678737040E+14
 0.652652563E+14 0.625042683E+14 0.596696249E+14 0.567971248E+14 0.540267594E+14
 0.514113390E+14 0.489717109E+14 0.469001047E+14 0.450424647E+14 0.434500219E+14
 0.431574795E+14
t_i_02
 0.141227937E+02 0.141171378E+02 0.140953869E+02 0.140570822E+02 0.140026244E+02
 0.139335300E+02 0.138500337E+02 0.137524165E+02 0.136409872E+02 0.135143755E+02
 0.133748523E+02 0.132228756E+02 0.130589383E+02 0.128835678E+02 0.126966013E+02
 0.124987713E+02 0.122913545E+02 0.120750365E+02 0.118504216E+02 0.116182171E+02
 0.113784463E+02 0.111322991E+02 0.108807278E+02 0.106244008E+02 0.103639844E+02
 0.101001459E+02 0.983671847E+01 0.958164031E+01 0.933747305E+01 0.910384692E+01
 0.888039542E+01 0.866668283E+01 0.846208651E+01 0.826607274E+01 0.807807193E+01
 0.789666839E+01 0.772122268E+01 0.755154676E+01 0.738761402E+01 0.722951637E+01
 0.707763711E+01 0.693243653E+01 0.679426156E+01 0.666374646E+01 0.654050344E+01
 0.642442776E+01 0.631549500E+01 0.621378945E+01 0.611937498E+01 0.603228398E+01
 0.595234482E+01 0.587923595E+01 0.581258537E+01 0.575203541E+01 0.569715918E+01
 0.564743210E+01 0.560227600E+01 0.556111585E+01 0.552340763E+01 0.548868411E+01
 0.545658168E+01 0.542678954E+01 0.539900962E+01 0.537296022E+01 0.534841506E+01
 0.532521795E+01 0.530324847E+01 0.528239656E+01 0.526256646E+01 0.524368635E+01
 0.522569700E+01 0.520853241E+01 0.519211861E+01 0.517640694E+01 0.516135810E+01
 0.514686615E+01 0.513284341E+01 0.511919286E+01 0.510582092E+01 0.509260135E+01
 0.507931064E+01 0.506550621E+01 0.505136904E+01 0.503710342E+01 0.502289609E+01
 0.500684288E+01 0.487078848E+01 0.462923744E+01 0.432638290E+01 0.398850435E+01
 0.359691713E+01 0.317264813E+01 0.273073054E+01 0.227743974E+01 0.184175388E+01
 0.143549204E+01 0.106302965E+01 0.761975008E+00 0.499517227E+00 0.284895711E+00
 0.245468300E+00
n_i_03
 0.459420529E+10 0.459400959E+10 0.459325640E+10 0.459192746E+10 0.459003213E+10
 0.458761798E+10 0.458468663E+10 0.458124008E+10 0.457728000E+10 0.457274133E+10
 0.456769625E+10 0.456214816E+10 0.455610080E+10 0.454955830E+10 0.454249128E+10
 0.453490738E+10 0.452684201E+10 0.451830267E+10 0.450929332E+10 0.449982177E+10
 0.448984987E+10 0.447941256E+10 0.446853369E+10 0.445721985E+10 0.444547792E+10
 0.443331531E+10 0.442039257E+10 0.440624681E+10 0.439128737E+10 0.437623955E+10
 0.436172552E+10 0.434790035E+10 0.433436140E+10 0.432053355E+10 0.430577191E+10
 0.428953684E+10 0.427123593E+10 0.425030036E+10 0.422618657E+10 0.419825293E+10
 0.416577912E+10 0.412840916E+10 0.408613154E+10 0.403881004E+10 0.398793596E+10
 0.393541593E+10 0.388239892E+10 0.382943943E+10 0.377702464E+10 0.372545490E+10
 0.367480939E+10 0.362513360E+10 0.357647874E+10 0.352890311E+10 0.348243632E+10
 0.343707539E+10 0.339279184E+10 0.334955141E+10 0.330731826E+10 0.326604169E+10
 0.322567585E+10 0.318618865E+10 0.314754793E+10 0.310971700E+10 0.307265742E+10
 0.303633807E+10 0.300073475E+10 0.296582686E+10 0.293159331E+10 0.289801325E+10
 0.286506934E+10 0.283275286E+10 0.280105938E+10 0.277000038E+10 0.273962466E+10
 0.270992060E+10 0.268083890E+10 0.265230047E+10 0.262422370E+10 0.259648658E+10
 0.256885199E+10 0.254082542E+10 0.251258831E+10 0.248436337E+10 0.245635509E+10
 0.242844760E+10 0.238413270E+10 0.232402616E+10 0.225392140E+10 0.217738436E+10
 0.209213477E+10 0.200246142E+10 0.191080023E+10 0.181831441E+10 0.172941700E+10
 0.164558167E+10 0.156745555E+10 0.150114259E+10 0.144168202E+10 0.139071226E+10
 0.138134877E+10
t_i_03
 0.141227937E+02 0.141171378E+02 0.140953869E+02 0.140570822E+02 0.140026244E+02
 0.139335300E+02 0.138500337E+02 0.137524165E+02 0.136409872E+02 0.135143755E+02
 0.133748523E+02 0.132228756E+02 0.130589383E+02 0.128835678E+02 0.126966013E+02
 0.124987713E+02 0.122913545E+02 0.120750365E+02 0.118504216E+02 0.116182171E+02
 0.113784463E+02 0.111322991E+02 0.108807278E+02 0.106244008E+02 0.103639844E+02
 0.101001459E+02 0.983671847E+01 0.958164031E+01 0.933747305E+01 0.910384692E+01
 0.888039542E+01 0.866668283E+01 0.846208651E+01 0.826607274E+01 0.807807193E+01
 0.789666839E+01 0.772122268E+01 0.755154676E+01 0.738761402E+01 0.722951637E+01
 0.707763711E+01 0.693243653E+01 0.679426156E+01 0.666374646E+01 0.654050344E+01
 0.642442776E+01 0.631549500E+01 0.621378945E+01 0.611937498E+01 0.603228398E+01
 0.595234482E+01 0.587923595E+01 0.581258537E+01 0.575203541E+01 0.569715918E+01
 0.564743210E+01 0.560227600E+01 0.556111585E+01 0.552340763E+01 0.548868411E+01
 0.545658168E+01 0.542678954E+01 0.539900962E+01 0.537296022E+01 0.534841506E+01
 0.532521795E+01 0.530324847E+01 0.528239656E+01 0.526256646E+01 0.524368635E+01
 0.522569700E+01 0.520853241E+01 0.519211861E+01 0.517640694E+01 0.516135810E+01
 0.514686615E+01 0.513284341E+01 0.511919286E+01 0.510582092E+01 0.509260135E+01
 0.507931064E+01 0.506550621E+01 0.505136904E+01 0.503710342E+01 0.502289609E+01
 0.500684288E+01 0.487078848E+01 0.462923744E+01 0.432638290E+01 0.398850435E+01
 0.359691713E+01 0.317264813E+01 0.273073054E+01 0.227743974E+01 0.184175388E+01
 0.143549204E+01 0.106302965E+01 0.761975008E+00 0.499517227E+00 0.284895711E+00
 0.245468300E+00
n_i_04
 0.183768212E+12 0.183760384E+12 0.183730256E+12 0.183677098E+12 0.183601285E+12
 0.183504719E+12 0.183387465E+12 0.183249603E+12 0.183091200E+12 0.182909653E+12
 0.182707850E+12 0.182485926E+12 0.182244032E+12 0.181982332E+12 0.181699651E+12
 0.181396295E+12 0.181073680E+12 0.180732107E+12 0.180371733E+12 0.179992871E+12
 0.179593995E+12 0.179176502E+12 0.178741347E+12 0.178288794E+12 0.177819117E+12
 0.177332612E+12 0.176815703E+12 0.176249872E+12 0.175651495E+12 0.175049582E+12
 0.174469021E+12 0.173916014E+12 0.173374456E+12 0.172821342E+12 0.172230876E+12
 0.171581474E+12 0.170849437E+12 0.170012015E+12 0.169047463E+12 0.167930117E+12
 0.166631165E+12 0.165136366E+12 0.163445261E+12 0.161552402E+12 0.159517439E+12
 0.157416637E+12 0.155295957E+12 0.153177577E+12 0.151080986E+12 0.149018196E+12
 0.146992375E+12 0.145005344E+12 0.143059150E+12 0.141156125E+12 0.139297453E+12
 0.137483016E+12 0.135711674E+12 0.133982056E+12 0.132292730E+12 0.130641668E+12
 0.129027034E+12 0.127447546E+12 0.125901917E+12 0.124388680E+12 0.122906297E+12
 0.121453523E+12 0.120029390E+12 0.118633074E+12 0.117263732E+12 0.115920530E+12
 0.114602774E+12 0.113310114E+12 0.112042375E+12 0.110800015E+12 0.109584986E+12
 0.108396824E+12 0.107233556E+12 0.106092019E+12 0.104968948E+12 0.103859463E+12
 0.102754080E+12 0.101633017E+12 0.100503532E+12 0.993745349E+11 0.982542035E+11
 0.971379040E+11 0.953653081E+11 0.929610466E+11 0.901568561E+11 0.870953745E+11
 0.836853909E+11 0.800984569E+11 0.764320094E+11 0.727325765E+11 0.691766802E+11
 0.658232667E+11 0.626982221E+11 0.600457036E+11 0.576672806E+11 0.556284902E+11
 0.552539508E+11
t_i_04
 0.141227937E+02 0.141171378E+02 0.140953869E+02 0.140570822E+02 0.140026244E+02
 0.139335300E+02 0.138500337E+02 0.137524165E+02 0.136409872E+02 0.135143755E+02
 0.133748523E+02 0.132228756E+02 0.130589383E+02 0.128835678E+02 0.126966013E+02
 0.124987713E+02 0.122913545E+02 0.120750365E+02 0.118504216E+02 0.116182171E+02
 0.113784463E+02 0.111322991E+02 0.108807278E+02 0.106244008E+02 0.103639844E+02
 0.101001459E+02 0.983671847E+01 0.958164031E+01 0.933747305E+01 0.910384692E+01
 0.888039542E+01 0.866668283E+01 0.846208651E+01 0.826607274E+01 0.807807193E+01
 0.789666839E+01 0.772122268E+01 0.755154676E+01 0.738761402E+01 0.722951637E+01
 0.707763711E+01 0.693243653E+01 0.679426156E+01 0.666374646E+01 0.654050344E+01
 0.642442776E+01 0.631549500E+01 0.621378945E+01 0.611937498E+01 0.603228398E+01
 0.595234482E+01 0.587923595E+01 0.581258537E+01 0.575203541E+01 0.569715918E+01
 0.564743210E+01 0.560227600E+01 0.556111585E+01 0.552340763E+01 0.548868411E+01
 0.545658168E+01 0.542678954E+01 0.539900962E+01 0.537296022E+01 0.534841506E+01
 0.532521795E+01 0.530324847E+01 0.528239656E+01 0.526256646E+01 0.524368635E+01
 0.522569700E+01 0.520853241E+01 0.519211861E+01 0.517640694E+01 0.516135810E+01
 0.514686615E+01 0.513284341E+01 0.511919286E+01 0.510582092E+01 0.509260135E+01
 0.507931064E+01 0.506550621E+01 0.505136904E+01 0.503710342E+01 0.502289609E+01
 0.500684288E+01 0.487078848E+01 0.462923744E+01 0.432638290E+01 0.398850435E+01
 0.359691713E+01 0.317264813E+01 0.273073054E+01 0.227743974E+01 0.184175388E+01
 0.143549204E+01 0.106302965E+01 0.761975008E+00 0.499517227E+00 0.284895711E+00
 0.245468300E+00
n_i_05
 0.612560706E+13 0.612534612E+13 0.612434186E+13 0.612256994E+13 0.612004284E+13
 0.611682397E+13 0.611291551E+13 0.610832010E+13 0.610304000E+13 0.609698844E+13
 0.609026166E+13 0.608286421E+13 0.607480107E+13 0.606607774E+13 0.605665505E+13
 0.604654317E+13 0.603578935E+13 0.602440356E+13 0.601239109E+13 0.599976236E+13
 0.598646649E+13 0.597255008E+13 0.595804492E+13 0.594295980E+13 0.592730390E+13
 0.591108708E+13 0.589385676E+13 0.587499575E+13 0.585504983E+13 0.583498607E+13
 0.581563402E+13 0.579720047E+13 0.577914853E+13 0.576071140E+13 0.574102921E+13
 0.571938246E+13 0.569498124E+13 0.566706715E+13 0.563491542E+13 0.559767057E+13
 0.555437216E+13 0.550454555E+13 0.544817538E+13 0.538508005E+13 0.531724795E+13
 0.524722124E+13 0.517653189E+13 0.510591924E+13 0.503603286E+13 0.496727320E+13
 0.489974585E+13 0.483351147E+13 0.476863833E+13 0.470520415E+13 0.464324842E+13
 0.458276719E+13 0.452372246E+13 0.446606854E+13 0.440975768E+13 0.435472226E+13
 0.430090113E+13 0.424825154E+13 0.419673058E+13 0.414628934E+13 0.409687657E+13
 0.404845076E+13 0.400097967E+13 0.395443581E+13 0.390879108E+13 0.386401767E+13
 0.382009246E+13 0.377700381E+13 0.373474585E+13 0.369333385E+13 0.365283288E+13
 0.361322747E+13 0.357445186E+13 0.353640063E+13 0.349896493E+13 0.346198210E+13
 0.342513599E+13 0.338776722E+13 0.335011774E+13 0.331248450E+13 0.327514012E+13
 0.323793013E+13 0.317884360E+13 0.309870155E+13 0.300522854E+13 0.290317915E+13
 0.278951303E+13 0.266994856E+13 0.254773365E+13 0.242441922E+13 0.230588934E+13
 0.219410889E+13 0.208994074E+13 0.200152345E+13 0.192224269E+13 0.185428301E+13
 0.184179836E+13
t_i_05
 0.141227937E+02 0.141171378E+02 0.140953869E+02 0.140570822E+02 0.140026244E+02
 0.139335300E+02 0.138500337E+02 0.137524165E+02 0.136409872E+02 0.135143755E+02
 0.133748523E+02 0.132228756E+02 0.130589383E+02 0.128835678E+02 0.126966013E+02
 0.124987713E+02 0.122913545E+02 0.120750365E+02 0.118504216E+02 0.116182171E+02
 0.113784463E+02 0.111322991E+02 0.108807278E+02 0.106244008E+02 0.103639844E+02
 0.101001459E+02 0.983671847E+01 0.958164031E+01 0.933747305E+01 0.910384692E+01
 0.888039542E+01 0.866668283E+01 0.846208651E+01 0.826607274E+01 0.807807193E+01
 0.789666839E+01 0.772122268E+01 0.755154676E+01 0.738761402E+01 0.722951637E+01
 0.707763711E+01 0.693243653E+01 0.679426156E+01 0.666374646E+01 0.654050344E+01
 0.642442776E+01 0.631549500E+01 0.621378945E+01 0.611937498E+01 0.603228398E+01
 0.595234482E+01 0.587923595E+01 0.581258537E+01 0.575203541E+01 0.569715918E+01
 0.564743210E+01 0.560227600E+01 0.556111585E+01 0.552340763E+01 0.548868411E+01
 0.545658168E+01 0.542678954E+01 0.539900962E+01 0.537296022E+01 0.534841506E+01
 0.532521795E+01 0.530324847E+01 0.528239656E+01 0.526256646E+01 0.524368635E+01
 0.522569700E+01 0.520853241E+01 0.519211861E+01 0.517640694E+01 0.516135810E+01
 0.514686615E+01 0.513284341E+01 0.511919286E+01 0.510582092E+01 0.509260135E+01
 0.507931064E+01 0.506550621E+01 0.505136904E+01 0.503710342E+01 0.502289609E+01
 0.500684288E+01 0.487078848E+01 0.462923744E+01 0.432638290E+01 0.398850435E+01
 0.359691713E+01 0.317264813E+01 0.273073054E+01 0.227743974E+01 0.184175388E+01
 0.143549204E+01 0.106302965E+01 0.761975008E+00 0.499517227E+00 0.284895711E+00
 0.245468300E+00
n_i_06
 0.166854854E+14 0.166807594E+14 0.166638329E+14 0.166381958E+14 0.166085884E+14
 0.165763520E+14 0.165352927E+14 0.164748828E+14 0.163839255E+14 0.162398250E+14
 0.160347118E+14 0.157676114E+14 0.154419103E+14 0.150589835E+14 0.146112808E+14
 0.140961548E+14 0.135179654E+14 0.128823231E+14 0.122090043E+14 0.115212692E+14
 0.108341835E+14 0.101608177E+14 0.950836535E+13 0.887953444E+13 0.827730631E+13
 0.770504633E+13 0.716726079E+13 0.666615330E+13 0.620029115E+13 0.576957075E+13
 0.537327734E+13 0.500952856E+13 0.467506864E+13 0.436695695E+13 0.408244480E+13
 0.381675990E+13 0.356744187E+13 0.333288255E+13 0.311187138E+13 0.290332845E+13
 0.270643710E+13 0.252081332E+13 0.234630445E+13 0.218321506E+13 0.203124230E+13
 0.189125280E+13 0.176339923E+13 0.164730302E+13 0.154246435E+13 0.144820821E+13
 0.136358273E+13 0.128758319E+13 0.121927885E+13 0.115784997E+13 0.110251135E+13
 0.105250040E+13 0.100710446E+13 0.965690315E+12 0.927708986E+12 0.892696347E+12
 0.860278417E+12 0.830143076E+12 0.802012501E+12 0.775639693E+12 0.750821045E+12
 0.727399961E+12 0.705248495E+12 0.684253811E+12 0.664315460E+12 0.645347449E+12
 0.627276496E+12 0.610038346E+12 0.593573819E+12 0.577853345E+12 0.562865747E+12
 0.548527467E+12 0.534777129E+12 0.521543996E+12 0.508760904E+12 0.496346589E+12
 0.484174608E+12 0.472047323E+12 0.460004184E+12 0.448141367E+12 0.436542385E+12
 0.424630406E+12 0.375596407E+12 0.302263508E+12 0.224443276E+12 0.154315661E+12
 0.993104226E+11 0.586339685E+11 0.295067702E+11 0.124724423E+11 0.541607970E+10
 0.156904073E+10 0.302909640E+09 0.931840367E+08 0.654338699E+07 0.104721570E+07
 0.375322227E+05
t_i_06
 0.141227937E+02 0.141171378E+02 0.140953869E+02 0.140570822E+02 0.140026244E+02
 0.139335300E+02 0.138500337E+02 0.137524165E+02 0.136409872E+02 0.135143755E+02
 0.133748523E+02 0.132228756E+02 0.130589383E+02 0.128835678E+02 0.126966013E+02
 0.124987713E+02 0.122913545E+02 0.120750365E+02 0.118504216E+02 0.116182171E+02
 0.113784463E+02 0.111322991E+02 0.108807278E+02 0.106244008E+02 0.103639844E+02
 0.101001459E+02 0.983671847E+01 0.958164031E+01 0.933747305E+01 0.910384692E+01
 0.888039542E+01 0.866668283E+01 0.846208651E+01 0.826607274E+01 0.807807193E+01
 0.789666839E+01 0.772122268E+01 0.755154676E+01 0.738761402E+01 0.722951637E+01
 0.707763711E+01 0.693243653E+01 0.679426156E+01 0.666374646E+01 0.654050344E+01
 0.642442776E+01 0.631549500E+01 0.621378945E+01 0.611937498E+01 0.603228398E+01
 0.595234482E+01 0.587923595E+01 0.581258537E+01 0.575203541E+01 0.569715918E+01
 0.564743210E+01 0.560227600E+01 0.556111585E+01 0.552340763E+01 0.548868411E+01
 0.545658168E+01 0.542678954E+01 0.539900962E+01 0.537296022E+01 0.534841506E+01
 0.532521795E+01 0.530324847E+01 0.528239656E+01 0.526256646E+01 0.524368635E+01
 0.522569700E+01 0.520853241E+01 0.519211861E+01 0.517640694E+01 0.516135810E+01
 0.514686615E+01 0.513284341E+01 0.511919286E+01 0.510582092E+01 0.509260135E+01
 0.507931064E+01 0.506550621E+01 0.505136904E+01 0.503710342E+01 0.502289609E+01
 0.500684288E+01 0.487078848E+01 0.462923744E+01 0.432638290E+01 0.398850435E+01
 0.359691713E+01 0.317264813E+01 0.273073054E+01 0.227743974E+01 0.184175388E+01
 0.143549204E+01 0.106302965E+01 0.761975008E+00 0.499517227E+00 0.284895711E+00
 0.245468300E+00
n_i_07
 0.000000000E+00 0.000000000E+00 0.000000000E+00 0.000000000E+00 0.000000000E+00
 0.000000000E+00 0.000000000E+00 0.000000000E+00 0.000000000E+00 0.000000000E+00
 0.000000000E+00 0.000000000E+00 0.000000000E+00 0.000000000E+00 0.000000000E+00
 0.000000000E+00 0.000000000E+00 0.000000000E+00 0.000000000E+00 0.000000000E+00
 0.000000000E+00 0.000000000E+00 0.000000000E+00 0.000000000E+00 0.000000000E+00
 0.000000000E+00 0.000000000E+00 0.000000000E+00 0.000000000E+00 0.000000000E+00
 0.000000000E+00 0.000000000E+00 0.000000000E+00 0.000000000E+00 0.000000000E+00
 0.000000000E+00 0.000000000E+00 0.000000000E+00 0.000000000E+00 0.000000000E+00
 0.000000000E+00 0.000000000E+00 0.000000000E+00 0.000000000E+00 0.000000000E+00
 0.000000000E+00 0.000000000E+00 0.000000000E+00 0.000000000E+00 0.000000000E+00
 0.000000000E+00 0.000000000E+00 0.000000000E+00 0.000000000E+00 0.000000000E+00
 0.000000000E+00 0.000000000E+00 0.000000000E+00 0.000000000E+00 0.000000000E+00
 0.000000000E+00 0.000000000E+00 0.000000000E+00 0.000000000E+00 0.000000000E+00
 0.000000000E+00 0.000000000E+00 0.000000000E+00 0.000000000E+00 0.000000000E+00
 0.000000000E+00 0.000000000E+00 0.000000000E+00 0.000000000E+00 0.000000000E+00
 0.000000000E+00 0.000000000E+00 0.000000000E+00 0.000000000E+00 0.000000000E+00
 0.000000000E+00 0.000000000E+00 0.000000000E+00 0.000000000E+00 0.000000000E+00
 0.000000000E+00 0.000000000E+00 0.000000000E+00 0.000000000E+00 0.000000000E+00
 0.000000000E+00 0.000000000E+00 0.000000000E+00 0.000000000E+00 0.000000000E+00
 0.000000000E+00 0.000000000E+00 0.000000000E+00 0.000000000E+00 0.000000000E+00
 0.000000000E+00
t_i_07
 0.000000000E+00 0.000000000E+00 0.000000000E+00 0.000000000E+00 0.000000000E+00
 0.000000000E+00 0.000000000E+00 0.000000000E+00 0.000000000E+00 0.000000000E+00
 0.000000000E+00 0.000000000E+00 0.000000000E+00 0.000000000E+00 0.000000000E+00
 0.000000000E+00 0.000000000E+00 0.000000000E+00 0.000000000E+00 0.000000000E+00
 0.000000000E+00 0.000000000E+00 0.000000000E+00 0.000000000E+00 0.000000000E+00
 0.000000000E+00 0.000000000E+00 0.000000000E+00 0.000000000E+00 0.000000000E+00
 0.000000000E+00 0.000000000E+00 0.000000000E+00 0.000000000E+00 0.000000000E+00
 0.000000000E+00 0.000000000E+00 0.000000000E+00 0.000000000E+00 0.000000000E+00
 0.000000000E+00 0.000000000E+00 0.000000000E+00 0.000000000E+00 0.000000000E+00
 0.000000000E+00 0.000000000E+00 0.000000000E+00 0.000000000E+00 0.000000000E+00
 0.000000000E+00 0.000000000E+00 0.000000000E+00 0.000000000E+00 0.000000000E+00
 0.000000000E+00 0.000000000E+00 0.000000000E+00 0.000000000E+00 0.000000000E+00
 0.000000000E+00 0.000000000E+00 0.000000000E+00 0.000000000E+00 0.000000000E+00
 0.000000000E+00 0.000000000E+00 0.000000000E+00 0.000000000E+00 0.000000000E+00
 0.000000000E+00 0.000000000E+00 0.000000000E+00 0.000000000E+00 0.000000000E+00
 0.000000000E+00 0.000000000E+00 0.000000000E+00 0.000000000E+00 0.000000000E+00
 0.000000000E+00 0.000000000E+00 0.000000000E+00 0.000000000E+00 0.000000000E+00
 0.000000000E+00 0.000000000E+00 0.000000000E+00 0.000000000E+00 0.000000000E+00
 0.000000000E+00 0.000000000E+00 0.000000000E+00 0.000000000E+00 0.000000000E+00
 0.000000000E+00 0.000000000E+00 0.000000000E+00 0.000000000E+00 0.000000000E+00
 0.000000000E+00
n_i_08
 0.000000000E+00 0.000000000E+00 0.000000000E+00 0.000000000E+00 0.000000000E+00
 0.000000000E+00 0.000000000E+00 0.000000000E+00 0.000000000E+00 0.000000000E+00
 0.000000000E+00 0.000000000E+00 0.000000000E+00 0.000000000E+00 0.000000000E+00
 0.000000000E+00 0.000000000E+00 0.000000000E+00 0.000000000E+00 0.000000000E+00
 0.000000000E+00 0.000000000E+00 0.000000000E+00 0.000000000E+00 0.000000000E+00
 0.000000000E+00 0.000000000E+00 0.000000000E+00 0.000000000E+00 0.000000000E+00
 0.000000000E+00 0.000000000E+00 0.000000000E+00 0.000000000E+00 0.000000000E+00
 0.000000000E+00 0.000000000E+00 0.000000000E+00 0.000000000E+00 0.000000000E+00
 0.000000000E+00 0.000000000E+00 0.000000000E+00 0.000000000E+00 0.000000000E+00
 0.000000000E+00 0.000000000E+00 0.000000000E+00 0.000000000E+00 0.000000000E+00
 0.000000000E+00 0.000000000E+00 0.000000000E+00 0.000000000E+00 0.000000000E+00
 0.000000000E+00 0.000000000E+00 0.000000000E+00 0.000000000E+00 0.000000000E+00
 0.000000000E+00 0.000000000E+00 0.000000000E+00 0.000000000E+00 0.000000000E+00
 0.000000000E+00 0.000000000E+00 0.000000000E+00 0.000000000E+00 0.000000000E+00
 0.000000000E+00 0.000000000E+00 0.000000000E+00 0.000000000E+00 0.000000000E+00
 0.000000000E+00 0.000000000E+00 0.000000000E+00 0.000000000E+00 0.000000000E+00
 0.000000000E+00 0.000000000E+00 0.000000000E+00 0.000000000E+00 0.000000000E+00
 0.000000000E+00 0.000000000E+00 0.000000000E+00 0.000000000E+00 0.000000000E+00
 0.000000000E+00 0.000000000E+00 0.000000000E+00 0.000000000E+00 0.000000000E+00
 0.000000000E+00 0.000000000E+00 0.000000000E+00 0.000000000E+00 0.000000000E+00
 0.000000000E+00
t_i_08
 0.000000000E+00 0.000000000E+00 0.000000000E+00 0.000000000E+00 0.000000000E+00
 0.000000000E+00 0.000000000E+00 0.000000000E+00 0.000000000E+00 0.000000000E+00
 0.000000000E+00 0.000000000E+00 0.000000000E+00 0.000000000E+00 0.000000000E+00
 0.000000000E+00 0.000000000E+00 0.000000000E+00 0.000000000E+00 0.000000000E+00
 0.000000000E+00 0.000000000E+00 0.000000000E+00 0.000000000E+00 0.000000000E+00
 0.000000000E+00 0.000000000E+00 0.000000000E+00 0.000000000E+00 0.000000000E+00
 0.000000000E+00 0.000000000E+00 0.000000000E+00 0.000000000E+00 0.000000000E+00
 0.000000000E+00 0.000000000E+00 0.000000000E+00 0.000000000E+00 0.000000000E+00
 0.000000000E+00 0.000000000E+00 0.000000000E+00 0.000000000E+00 0.000000000E+00
 0.000000000E+00 0.000000000E+00 0.000000000E+00 0.000000000E+00 0.000000000E+00
 0.000000000E+00 0.000000000E+00 0.000000000E+00 0.000000000E+00 0.000000000E+00
 0.000000000E+00 0.000000000E+00 0.000000000E+00 0.000000000E+00 0.000000000E+00
 0.000000000E+00 0.000000000E+00 0.000000000E+00 0.000000000E+00 0.000000000E+00
 0.000000000E+00 0.000000000E+00 0.000000000E+00 0.000000000E+00 0.000000000E+00
 0.000000000E+00 0.000000000E+00 0.000000000E+00 0.000000000E+00 0.000000000E+00
 0.000000000E+00 0.000000000E+00 0.000000000E+00 0.000000000E+00 0.000000000E+00
 0.000000000E+00 0.000000000E+00 0.000000000E+00 0.000000000E+00 0.000000000E+00
 0.000000000E+00 0.000000000E+00 0.000000000E+00 0.000000000E+00 0.000000000E+00
 0.000000000E+00 0.000000000E+00 0.000000000E+00 0.000000000E+00 0.000000000E+00
 0.000000000E+00 0.000000000E+00 0.000000000E+00 0.000000000E+00 0.000000000E+00
 0.000000000E+00
