&PROFILE_EXT
  NPSI_EXT = 257 
  PSIN_EXT = 0.0 0.00390625 0.0078125 0.01171875 0.015625 0.01953125  
    0.0234375 0.02734375 0.03125 0.03515625 0.0390625 0.04296875  
    0.046875 0.05078125 0.0546875 0.05859375 0.0625 0.06640625  
    0.0703125 0.07421875 0.078125 0.08203125 0.0859375 0.08984375  
    0.09375 0.09765625 0.1015625 0.10546875 0.109375 0.11328125  
    0.1171875 0.12109375 0.125 0.12890625 0.1328125 0.13671875 0.140625  
    0.14453125 0.1484375 0.15234375 0.15625 0.16015625 0.1640625  
    0.16796875 0.171875 0.17578125 0.1796875 0.18359375 0.1875  
    0.19140625 0.1953125 0.19921875 0.203125 0.20703125 0.2109375  
    0.21484375 0.21875 0.22265625 0.2265625 0.23046875 0.234375  
    0.23828125 0.2421875 0.24609375 0.25 0.25390625 0.2578125  
    0.26171875 0.265625 0.26953125 0.2734375 0.27734375 0.28125  
    0.28515625 0.2890625 0.29296875 0.296875 0.30078125 0.3046875  
    0.30859375 0.3125 0.31640625 0.3203125 0.32421875 0.328125  
    0.33203125 0.3359375 0.33984375 0.34375 0.34765625 0.3515625  
    0.35546875 0.359375 0.36328125 0.3671875 0.37109375 0.375  
    0.37890625 0.3828125 0.38671875 0.390625 0.39453125 0.3984375  
    0.40234375 0.40625 0.41015625 0.4140625 0.41796875 0.421875  
    0.42578125 0.4296875 0.43359375 0.4375 0.44140625 0.4453125  
    0.44921875 0.453125 0.45703125 0.4609375 0.46484375 0.46875  
    0.47265625 0.4765625 0.48046875 0.484375 0.48828125 0.4921875  
    0.49609375 0.5 0.50390625 0.5078125 0.51171875 0.515625 0.51953125  
    0.5234375 0.52734375 0.53125 0.53515625 0.5390625 0.54296875  
    0.546875 0.55078125 0.5546875 0.55859375 0.5625 0.56640625  
    0.5703125 0.57421875 0.578125 0.58203125 0.5859375 0.58984375  
    0.59375 0.59765625 0.6015625 0.60546875 0.609375 0.61328125  
    0.6171875 0.62109375 0.625 0.62890625 0.6328125 0.63671875 0.640625  
    0.64453125 0.6484375 0.65234375 0.65625 0.66015625 0.6640625  
    0.66796875 0.671875 0.67578125 0.6796875 0.68359375 0.6875  
    0.69140625 0.6953125 0.69921875 0.703125 0.70703125 0.7109375  
    0.71484375 0.71875 0.72265625 0.7265625 0.73046875 0.734375  
    0.73828125 0.7421875 0.74609375 0.75 0.75390625 0.7578125  
    0.76171875 0.765625 0.76953125 0.7734375 0.77734375 0.78125  
    0.78515625 0.7890625 0.79296875 0.796875 0.80078125 0.8046875  
    0.80859375 0.8125 0.81640625 0.8203125 0.82421875 0.828125  
    0.83203125 0.8359375 0.83984375 0.84375 0.84765625 0.8515625  
    0.85546875 0.859375 0.86328125 0.8671875 0.87109375 0.875  
    0.87890625 0.8828125 0.88671875 0.890625 0.89453125 0.8984375  
    0.90234375 0.90625 0.91015625 0.9140625 0.91796875 0.921875  
    0.92578125 0.9296875 0.93359375 0.9375 0.94140625 0.9453125  
    0.94921875 0.953125 0.95703125 0.9609375 0.96484375 0.96875  
    0.97265625 0.9765625 0.98046875 0.984375 0.98828125 0.9921875  
    0.99609375 1.0 
  PPRIME_EXT = 1353341.9217972571 1326893.3631439554 1300794.1435804893  
    1275044.2631068588 1249643.721723064 1224592.519429105  
    1199890.6562249814 1175538.132110694 1151534.9470862416  
    1127881.1011516252 1104576.5943068443 1081621.4265518994  
    1059015.59788679 1036759.108311516 1014851.9578260779  
    993294.1464304755 972085.6741247087 951226.5409087776  
    930716.7467826821 910556.2917464224 890745.1757999982  
    871283.3989434097 852170.961176657 833407.8624997399  
    814994.1029126584 796929.6824154126 782512.1529892422  
    773432.4504491256 764612.9786259306 755489.6452682377  
    745105.9986042301 731829.2861109802 715257.6029684279  
    695933.2524315282 674641.2500818095 653262.0725555788  
    632808.1153242222 613460.5075679966 595433.6859656787  
    578606.5387327913 562815.5997129937 548114.5827931375  
    534669.7905054222 522321.2907749893 511002.77257716516  
    500603.92371632496 490886.66343736125 481739.6905980533  
    473064.96254865854 464845.2419296487 457009.6565966917  
    449563.9265192145 442467.6360535459 435658.356634279  
    429037.41694451164 422577.0670796953 416226.1216146315  
    409928.50264890905 403720.21596351534 397583.5700372943  
    391563.82354204735 385615.20954212465 379803.6389343179  
    374069.10870389163 368446.33943001635 362911.15949440835  
    357443.0830774271 352102.3222361569 346793.29545422876  
    341613.8713217827 336508.1777020249 331480.22441605676  
    326584.6436664413 321734.4010181782 317016.06706385745  
    312383.4750209532 307806.5567047448 303368.13502545457  
    298973.31624341116 294651.13444674166 290445.59662781423  
    286266.58116735966 282175.8638072177 278183.16866367497  
    274220.04282414913 270369.18002268474 266630.75312673376  
    262944.631498571 259385.80084615594 255955.58740390156  
    252582.45584450042 249318.01254722 246182.42476816487  
    243109.8307076395 240130.92251458854 237283.58874555374  
    234514.88061724568 231834.08571096914 229299.50878039544  
    226876.19118362945 224513.2000239788 222249.16765985085  
    220098.505351883 217991.594417553 215913.8751354973  
    213907.64271658374 211948.5638932698 209999.63232045266  
    208091.24054831968 206240.6937999985 204409.62237565086  
    202588.54517650773 200812.59228868605 199068.53720892686  
    197309.21887288505 195540.15580346022 193789.21060702286  
    192040.8475964443 190261.56509674178 188461.28273434896  
    186674.5863979017 184896.20176993142 183097.28784582924  
    181287.51040448446 179496.66443041447 177720.2271709594  
    175932.18179603363 174131.5059318171 172339.50240050236  
    170557.94293867034 168765.6676043809 166956.66290507722  
    165145.28853302624 163345.40306913352 161556.24296412247  
    159769.72614992433 157989.13287748327 156240.80984208937  
    154535.35143149234 152854.90927234502 151193.91893051658  
    149569.8650451859 147993.81017677486 146449.95532427006  
    144926.16605939844 143433.28763948783 141986.03303849758  
    140579.93225006489 139207.8387972599 137873.1207055267  
    136582.82670573867 135344.1560285209 134151.417768667  
    132993.32854573545 131866.60849688872 130776.40180108123  
    129725.25765513055 128701.51194865475 127693.85514960274  
    126705.61304012753 125746.98854311847 124816.89950481075  
    123907.63583482998 123017.84145183544 122148.93995867326  
    121310.16035711605 120504.20735723621 119718.96344438079  
    118948.44092451342 118195.01678735152 117459.08194283216  
    116732.83127127762 116008.10900007401 115276.67194638774  
    114533.21428274951 113784.98012699731 113033.33889751387  
    112270.76922265487 111493.41400683862 110708.8790123515  
    109924.25218709357 109129.23237440019 108314.20441915162  
    107479.96769490051 106621.67091114409 105737.67231179547  
    104825.52381162913 103883.35664724959 102930.95477959941  
    101989.04265325787 101060.91676585586 100164.23819412812  
    99328.24642433439 98561.6713604184 97868.996130837  
    97263.75912580159 96750.73028052525 96322.13791155501  
    95983.10406144585 95759.47536766596 95666.49828881586  
    95692.37292277021 95871.71199560593 96259.96174806036  
    96874.20997990503 97704.34473716197 98686.95620492405  
    99785.55486906861 100997.44348330618 102399.71885437737  
    104115.790871494 106175.96137545876 108543.14473934029  
    110653.45889954478 112078.3610826756 112630.91359079277  
    113325.31296342236 116612.14543193599 123419.1519526107  
    133590.73495023 148038.3856331277 167511.89414266276  
    192460.74856595174 221122.97079932565 248618.31616198918  
    272881.6109053396 294276.42247767 312822.3932149166  
    328678.882218539 341648.608332882 352324.70262789074  
    362219.1363948202 371899.4400199459 381140.2950293126  
    388829.2334731424 393994.3419187274 396662.4629433548  
    396612.060478467 393617.8738973458 387618.25189638324  
    378643.5166733118 366967.5619405385 352790.7132297654  
    336067.8335240745 317263.1886335311 296925.55879938434  
    274908.5878544213 252301.29294865788 230948.91534737556  
    211597.5448781515 193169.0413620024 172198.8200498182  
    146860.59164502658 117350.9847842287 83466.69916965815  
    45054.171628904325 2113.4021603912115 
  FFPRIM_EXT = -16.067103508944847 -15.354243819808623  
    -14.659306548431017 -13.975806304571904 -13.303439104003981  
    -12.642147804228909 -11.991889698705187 -11.352623785020242  
    -10.724319153527945 -10.106930987808187 -9.500433267518352  
    -8.904791645917289 -8.319974783615045 -7.745949188701655  
    -7.182683068730962 -6.6301430524299425 -6.088299540439294  
    -5.557123590843912 -5.036584538045004 -4.526653439106732  
    -4.0273039721545025 -3.5385070673465866 -3.060237835051012  
    -2.592467101831586 -2.135168991385936 -1.688130519409198  
    -1.344123811971833 -1.1507023555666622 -0.9646124774195721  
    -0.7702836795302329 -0.5411338155230077 -0.23137313025086853  
    0.17007817432855832 0.6479479038750007 1.180185333375138  
    1.7141117775139196 2.221541205169045 2.697501715467512  
    3.1360967130114403 3.5407746446678194 3.9161562754875616  
    4.260789544380632 4.570060681254647 4.8484878877221735  
    5.097968913041837 5.32158432536253 5.526001443360054  
    5.714322421328909 5.8892831591955375 6.051375838927557  
    6.202586140826302 6.34276451487114 6.4730351699629765  
    6.595146346463932 6.711835128844838 6.82387637855884  
    6.932677117110263 7.03980751801925 7.144254791968814  
    7.246523844748726 7.345357802370183 7.442036011755961  
    7.534730730565511 7.62510778248159 7.712213255933026  
    7.79670994432986 7.879182580769697 7.957949153159049  
    8.035671521671867 8.10963803883373 8.181394263808276  
    8.250842921321311 8.31645975664036 8.380666686408585  
    8.441071758391864 8.498946863291117 8.55513991185259  
    8.607351296439212 8.658204798893955 8.706907037666632  
    8.752228917591461 8.796667333263951 8.838524016083301  
    8.877524451237667 8.915571171205201 8.950385160542254  
    8.981949960957461 9.011938536677125 9.038294768643176  
    9.060972053811454 9.081948409992034 9.099808904761286  
    9.113988572243004 9.126304816007083 9.135923072989407  
    9.14179567010552 9.145380814425948 9.14643431449938  
    9.143351086557256 9.137086788031098 9.129050104546277  
    9.118180010159312 9.10406523610251 9.088615241790642  
    9.072236312807764 9.053759749544678 9.033842139487948  
    9.013503658350672 8.991915229463377 8.968595252118108  
    8.944592476336663 8.920171232310416 8.894366340118413  
    8.867529481804414 8.84094998845865 8.814480118284033  
    8.787351546188384 8.759978590868567 8.733277617683324  
    8.706982670384718 8.680145145445497 8.652902730256399  
    8.626046179724366 8.599317723109872 8.571901702653477  
    8.543913796781316 8.516063659161569 8.488382820513987  
    8.460287632763967 8.431724075347494 8.40326756915859  
    8.375082665564909 8.346776409957656 8.317970628921383  
    8.288687274804177 8.259148549106136 8.22926977440925  
    8.198336907403828 8.166059654944473 8.132921880427883  
    8.099080024290911 8.064062913256437 8.02756512012484  
    7.99000788474871 7.951723180322637 7.912422402371465  
    7.871705785622808 7.829688544232885 7.786564801113974  
    7.742247020970631 7.696545751145241 7.649264605671876  
    7.6005532254780075 7.5507128800003045 7.499833106600264  
    7.447776349310667 7.394468154941066 7.3402130198143585  
    7.285316193043089 7.2296918977303255 7.1730642048314035  
    7.115452071590036 7.0570594635341 6.997927748710065  
    6.938023532368985 6.877093960565205 6.815053956952564  
    6.752228728861292 6.68878341389758 6.624654242759993  
    6.559821132937607 6.494482802809051 6.428854961716784  
    6.363158811465774 6.297535825734688 6.231784944374055  
    6.165859248079892 6.099959188414595 6.034191808923257  
    5.968353507862043 5.902245030369136 5.836133040579901  
    5.770272958766867 5.704642190030821 5.639367856053314  
    5.5744836393666795 5.51004378902144 5.446101505770729  
    5.382135744243288 5.317598537734623 5.2523998980074875  
    5.1860674165163605 5.117827853984941 5.047458663474495  
    4.974846788331106 4.899624486623862 4.82165685348353  
    4.74115576095641 4.657992362879874 4.5714796177811845  
    4.481205464512401 4.387492923647283 4.2894358557224646  
    4.1855732438204205 4.075459305105895 3.9593487387962725  
    3.8389140404252773 3.7151164999508657 3.5880246353085523  
    3.4556240607441353 3.3146723097455935 3.1643456561506156  
    3.005559225985948 2.85308788342142 2.7180581509713706  
    2.60573041322447 2.4896067254306162 2.3051282010578  
    2.0283556475479596 1.6639329609215991 1.1880081993346692  
    0.5809537885537134 -0.1690370036392182 -1.016213805011116  
    -1.8324666991162122 -2.5639003403119522 -3.220880209949219  
    -3.804050295356803 -4.31738849143871 -4.7555377433602155  
    -5.134011669693959 -5.492342217996541 -5.845119895053598  
    -6.186550785705256 -6.487471011832991 -6.722555061521508  
    -6.892816264489117 -6.992460647130601 -7.015513495465871  
    -6.960263911839283 -6.827362288425151 -6.623772443169193  
    -6.354483896022703 -6.017989601372897 -5.625975234446782  
    -5.19207715283488 -4.711537855089622 -4.211582894047798  
    -3.739657261726096 -3.315232995054333 -2.910206924970117  
    -2.434500897739313 -1.8392014146497233 -1.1290642674482347  
    -0.29649643934339387 0.6710009485934092 1.7734278963707766 
  P_EXT = 2086517.0751279276 2048048.0246236664 2015619.6249696757  
    1985263.2773592803 1956314.4146631835 1928505.1842754257  
    1901611.657500714 1875461.0749070055 1849935.178342665  
    1824950.1929844974 1800437.063350142 1776349.3378156817  
    1752651.097480641 1729313.3207870582 1706310.892455922  
    1683624.576226201 1661239.727573598 1639145.097612987  
    1617332.3549906043 1595793.5729851583 1574520.9192202182  
    1553508.812902776 1532751.4407948481 1512245.7448418862  
    1491986.5720639073 1471970.729164403 1452194.3621470288  
    1432651.6854311957 1413332.453646794 1394237.6191475128  
    1375384.7821288132 1356825.3278418193 1338642.9210000094  
    1320911.5401193718 1303693.4770877135 1287016.1279071227  
    1270863.7457263377 1255212.552270264 1240030.4603494797  
    1225286.0064555504 1210950.7332756636 1196999.2170574302  
    1183401.1775650727 1170126.5101208505 1157149.4541745814  
    1144444.389158587 1131991.7984177931 1119775.8917743457  
    1107783.6953095694 1096003.7791952237 1084425.1613563066  
    1073038.8823054712 1061834.7002841162 1050805.4844162972  
    1039944.2487141364 1029247.922486604 1018711.7041225056  
    1008334.9393740826 998114.8320978367 988050.1397508204  
    978137.9782773516 968376.1205668435 958762.2846293794  
    949292.9213411828 939966.9158675475 930780.2609689231  
    921732.5322515762 912820.1068588225 904041.5154994667  
    895395.0131178505 886877.1205204452 878487.1110003483  
    870221.381434463 862078.0704229262 854055.3076881438  
    846149.4475161693 838359.6928654878 830683.0982146907  
    823117.1387454213 815661.1107721068 808311.9430828181  
    801067.969497423 793928.2516593991 786889.7274177095  
    779951.1886174247 773111.0920745642 766366.031535615  
    759714.2690876529 753153.7832124765 746680.8167348013  
    740293.2748222337 733989.3531578907 727765.6584776456  
    721619.8303272761 715550.2556247348 709553.7801105177  
    703627.7079827599 697770.2634803987 691978.3948579365  
    686248.5883753956 680578.9015137771 674967.4957905342  
    669411.4405042625 663908.6739370278 658458.5985414801  
    653059.8690862788 647710.7970111307 642410.8078518574  
    637159.4018527551 631955.1515105324 626797.0442234605  
    621684.8721818717 616617.9674849679 611595.1357744613  
    606616.252924389 601681.7688043203 596791.5360445636  
    591945.1551259322 587143.0462755717 582385.9791568422  
    577674.0326544296 573006.779061804 568384.4258232769  
    563807.4745018834 559275.8007928708 554788.8651951111  
    550346.6632585283 545949.5733623127 541597.6647751165  
    537290.5960527277 533028.3759228166 528811.4072236569  
    524639.9570515198 520513.88156579796 516432.8698112096  
    512396.75515132106 508405.47626863327 504458.6037070788  
    500555.0774699194 496694.0420737404 492874.9932413019  
    489097.26491800044 485359.7211296564 481661.3111609916  
    478001.4372087311 474379.4964878048 470794.50633521157  
    467245.3177623813 463731.0344707859 460250.7560744063  
    456803.47427932307 453387.9641098694 450002.96476053225  
    446647.4760756869 443320.6903118185 440021.76858247514  
    436749.7369559348 433503.7257564475 430283.2251052131  
    427087.81396857125 423916.8803354476 420769.6426325255  
    417645.5042216277 414543.9622001605 411464.5179945306  
    408406.55509089306 405369.2312160083 402351.86344876525  
    399354.04288909875 396375.368742273 393415.39935646486  
    390473.7662976962 387550.35437244724 384645.2027146482  
    381758.58496560296 378890.72634629125 376041.69081591675  
    373211.6600480445 370400.9707652164 367609.9331294276  
    364838.60204979766 362087.07284510555 359355.76662926335  
    356645.1803519035 353955.8294915244 351288.3805479164  
    348643.4651150875 346021.86108938756 343424.1174914406  
    340850.1916493195 338299.74513587664 335772.3034261864  
    333266.66407493025 330781.15217218467 328313.9904716231  
    325863.167426917 323426.3748331424 321001.39308326767  
    318586.09145437117 316177.92741672124 313773.73393888207  
    311370.3401784182 308964.5568329523 306551.6882015226  
    304126.25485024543 301682.6090909803 299215.99808928045  
    296723.28833345964 294201.50279418594 291647.25826492603  
    289053.98449027806 286413.265249116 283716.79244382516  
    280961.86018554785 278162.9469850516 275337.9884612966  
    272502.82050243684 269622.45223401324 266614.3744694389  
    263393.3032842 259866.53981779056 255913.2936246462  
    251404.35460827395 246212.35243812553 240304.19788966872  
    233748.0348044067 226617.76998179482 218986.49840826914  
    210923.09003579995 202496.78956679482 193776.77372493898  
    184801.41096230075 175579.51458237 166119.66907921399  
    156442.79814189288 146604.77436780976 136668.1670294266  
    126697.94340780759 116765.75475751472 106946.48494438469  
    97315.48265124198 87944.83879752924 78898.79645262855  
    70240.82095915015 62031.10207200415 54313.33688867937  
    47126.67137677054 40505.99020345878 34439.73595124908  
    28885.619113421693 23800.668037211435 19201.470350375042  
    15185.423617043492 11857.65332447869 9325.966384069901  
    7701.937298586065 7101.115346830248 
  F_EXT = 50.512391080000015 50.52014334743643 50.527548040643545  
    50.53461132697729 50.541339288444554 50.54773792373076  
    50.55381271562809 50.559569060395035 50.56501247070949  
    50.570148465042834 50.574982438204714 50.57951976616884  
    50.58376584162036 50.58772605028896 50.591405718750934  
    50.594810154331356 50.5979446420008 50.600814456603615  
    50.603424854605606 50.6057810736565 50.607888320462976  
    50.60975179702895 50.61137676412571 50.61276837529042  
    50.61393120476335 50.6148762867174 50.61563877561041  
    50.61625831817414 50.61676766690879 50.61718743492018  
    50.61750042913275 50.61767651898185 50.617676400741615  
    50.61746169160955 50.617005307543394 50.61628954410791  
    50.61531818549367 50.6141022709625 50.612658289302175  
    50.61100374069916 50.60915488285636 50.60712748179139  
    50.604937364661716 50.60260011535854 50.60013057458293  
    50.59754241694495 50.59484670537839 50.59205273685243  
    50.589167998958985 50.586198883775864 50.58315150792393  
    50.58003140826228 50.57684363488809 50.57359252851997  
    50.570281632668454 50.56691369216034 50.56349065245168  
    50.56001391059839 50.55648470463491 50.55290414911994  
    50.54927364799808 50.54559460469896 50.541868527458064  
    50.538096830813735 50.53428093769537 50.53042218141559  
    50.52652193079109 50.52258150704958 50.51860218044082  
    50.51458521041566 50.510531916177115 50.50644359095456  
    50.502321506542486 50.49816689552361 50.49398110988602  
    50.48976549434659 50.48552144115037 50.481250309383896  
    50.476953365173145 50.47263178856289 50.46828665163782  
    50.463918950448914 50.459529733755176 50.4551200898632  
    50.45069130517435 50.44624467878485 50.44178136554436  
    50.43730257436411 50.4328097622157 50.42830446026157  
    50.42378810269375 50.41926208131733 50.41472775925578  
    50.41018646972432 50.40563956685551 50.401088412043755  
    50.39653444006152 50.391979094922846 50.38742382721087  
    50.38287008457647 50.37831932990949 50.37377294117775  
    50.36923206350408 50.364697677590605 50.360170690185114  
    50.355651898737804 50.351141930093355 50.34664135479968  
    50.34215074150208 50.337670651907985 50.33320166073099  
    50.32874428252699 50.32429894559092 50.31986599370328  
    50.31544572313025 50.311038350039645 50.30664399257432  
    50.30226268633767 50.29789443924512 50.293539242922  
    50.28919707826716 50.28486794870969 50.28055193351812  
    50.27624913683379 50.271959670191876 50.26768365118804  
    50.263421212622376 50.259172459878975 50.25493744668938  
    50.25071621258784 50.246508881785346 50.24231552806197  
    50.23813613593336 50.23397067329233 50.229819335859034  
    50.22568237504294 50.22156005031423 50.217452665509754  
    50.21336068620895 50.209284624065646 50.20522498384538  
    50.201182285982235 50.197157112110844 50.19315003084192  
    50.189161544709535 50.18519216565139 50.181242463214744  
    50.17731306014795 50.173404594228245 50.169517713793056  
    50.16565306753286 50.16181131974767 50.157993213986224  
    50.15419943715633 50.150430582602695 50.14668719084627  
    50.142969862585915 50.13927915324665 50.135615483363964  
    50.13197925737845 50.12837093233116 50.124790980714586  
    50.12123975769888 50.117717674405306 50.11422522593978  
    50.11076295070306 50.10733123444068 50.1039304652437  
    50.100561097250655 50.09722356582293 50.093918205900486  
    50.09064525905215 50.08740489958039 50.08419725560286  
    50.081022420008324 50.07788044805814 50.074771316407634  
    50.07169502899467 50.068651644362276 50.06564123534501  
    50.06266382475321 50.05971940056176 50.0568079344726  
    50.05392936038594 50.05108357387887 50.04827041149349  
    50.04548956206769 50.0427408135849 50.04002414264798  
    50.037339703313 50.03468778039539 50.0320688421659 50.0294836033475  
    50.02693299622966 50.02441814960506 50.02194032878929  
    50.019500734953624 50.01710066912424 50.014741574457  
    50.01242501504771 50.0101525684284 50.00792603002019  
    50.005747580035695 50.003619723420044 50.0015452662657  
    49.999527107997096 49.99756775405611 49.99566936904182  
    49.99383388513498 49.99206343000331 49.99036184956316  
    49.988733362681 49.98718125286447 49.9857059750157 49.9842998146949  
    49.98295574038529 49.98167763030927 49.98048171466373  
    49.97939959613342 49.97847689235443 49.977767994801525  
    49.97733241071606 49.97723261261183 49.97752183308088  
    49.9782122782338 49.979291044065995 49.980726429487575  
    49.982473840237546 49.98449502252319 49.986756687213656  
    49.989229718940535 49.99189175503571 49.99473440686582  
    49.99774915422929 50.00092064152082 50.00422704356477  
    50.00763680487353 50.01111426773376 50.014622705106206  
    50.018124378428595 50.021581148264104 50.02495598287406  
    50.02821370804453 50.03132132644851 50.0342492051026  
    50.03697180995199 50.03946733728638 50.04172266865091  
    50.04374550411748 50.045544648208335 50.04712534630136  
    50.048476725831335 50.04955796249371 50.050314912030274  
    50.05068470429832 50.05060164057744 50.05 
/

