&INEFIT
  IP = 10000000.0 
  R0 = 4.55 
  B0 = 11.0 
  NRHO = 101 
  RHO = 0.0 0.01 0.02 0.03 0.04 0.05 0.06 0.07 0.08 0.09 0.1 0.11 0.12  
    0.13 0.14 0.15 0.16 0.17 0.18 0.19 0.2 0.21 0.22 0.23 0.24 0.25  
    0.26 0.27 0.28 0.29 0.3 0.31 0.32 0.33 0.34 0.35000000000000003  
    0.36 0.37 0.38 0.39 0.4 0.41000000000000003 0.42 0.43 0.44 0.45  
    0.46 0.47000000000000003 0.48 0.49 0.5 0.51 0.52 0.53 0.54 0.55  
    0.56 0.5700000000000001 0.58 0.59 0.6 0.61 0.62 0.63 0.64 0.65 0.66  
    0.67 0.68 0.6900000000000001 0.7000000000000001 0.71 0.72 0.73 0.74  
    0.75 0.76 0.77 0.78 0.79 0.8 0.81 0.8200000000000001  
    0.8300000000000001 0.84 0.85 0.86 0.87 0.88 0.89 0.9 0.91 0.92 0.93  
    0.9400000000000001 0.9500000000000001 0.96 0.97 0.98 0.99 1.0 
  PRESS = 1383120.4674625685 1382762.532082174 1381448.8124321543  
    1379057.0076615335 1375704.2418639392 1371391.8695488977  
    1366130.291288006 1359943.5468795567 1352864.5381330608  
    1344929.1608304223 1336177.018059654 1326645.8776247771  
    1316356.8679462955 1305314.302890637 1293518.1867955476  
    1280973.5511794202 1267698.097431895 1253719.3223802068  
    1239064.3760172056 1223758.596581716 1207828.9126626118  
    1191304.5467922825 1174213.940536821 1156582.8028262702  
    1138436.19777794 1119797.133898733 1100685.155124141  
    1081124.0050926069 1061146.1786557136 1040787.7388768853  
    1020154.6772966586 999487.4965556537 979014.5883967616  
    958816.3183246972 938901.7843100489 919284.1690982677  
    899982.8707161142 881012.9579641168 862378.3382041409  
    844078.4932371287 826111.8593221041 808472.2402710269  
    791148.6167993728 774129.2011258513 757403.1301184697  
    740961.0951185309 724795.2265183362 708895.4466654198  
    693248.292452336 677839.7700589877 662654.8188033835  
    647675.8863803173 632887.7903281741 618281.0972372965  
    603849.0255125513 589584.6009136903 575485.4374527584  
    561562.3704069989 547837.0426101431 534332.9174996578  
    521079.7176573437 508116.6534103586 495470.8926837881  
    483145.2404188457 471132.5529923264 459419.35906644195  
    447979.75279932085 436787.3315285428 425827.2760778418  
    415090.63915176725 404571.33817326254 394269.5711190163  
    384187.184508019 374321.8035320546 364668.59871026804  
    355221.7298526488 345973.13853634754 336914.08658522245  
    328037.2388957877 319336.16991486575 310805.2275152023  
    302439.5562282022 294232.9726845151 286177.1468268266  
    278263.21426236816 270478.52737070573 262805.1222285909  
    255231.54947238916 247759.22362995835 240394.30031239492  
    232808.9221227104 224538.7730239925 215393.805430301  
    204571.13990383866 189876.45895407422 167714.08592848465  
    134653.37576526613 92510.12247412006 51269.684935463585  
    21331.086111601053 10355.997116400207 
  JPAR = 3687889.60035901 3687749.805452338 3687092.980535186  
    3685624.547531121 3683330.5922954055 3680264.8004348865  
    3676450.7802377446 3671910.1971016647 3666656.2771739997  
    3660695.980661205 3654032.4590876023 3646666.9146307814  
    3638599.736984575 3629831.032394929 3620360.825245119  
    3610189.1204243517 3599315.9187475084 3587741.2202772666  
    3575465.0248882384 3562487.332392386 3548808.1429151027  
    3534427.456707074 3519345.273705599 3503561.5937853907  
    3487076.417009119 3469889.7433767444 3452001.5727629396  
    3433411.9051049873 3414120.7404655293 3394128.079032656  
    3373433.920931716 3352038.266037301 3329941.1141614486  
    3307142.4652415733 3283642.3193402975 3259440.6766455392  
    3234537.5372826345 3208932.9010636904 3182626.7677380745  
    3155619.1374309636 3127910.010330315 3099499.3863108465  
    3070387.265372608 3040573.6477037496 3010058.5332416026  
    2978841.9217979996 2946923.81337288 2914304.208091553  
    2880983.105954022 2846960.5068977852 2812236.410985536  
    2776810.818217265 2740683.728530393 2703855.1419874234  
    2666325.058588107 2628093.47820722 2589160.400845026  
    2549525.82668948 2509189.7558030556 2468152.1879352266  
    2426413.122960889 2383972.5610677092 2340830.502380799  
    2296986.9469005396 2252441.894564281 2207195.3453091867  
    2161247.2991980007 2114597.756230715 2067246.7162820483  
    2019194.1793519477 1970440.1456282535 1920984.6152365482  
    1870827.587988924 1819969.0636345157 1768409.0422986806  
    1716147.5241693922 1663184.509121314 1609519.9971545509  
    1555153.988456936 1500086.482965711 1444317.4804930117  
    1387846.9809761005 1330674.984477873 1272801.4911866644  
    1214226.5011645188 1154950.0144109793 1094972.0351389402  
    1034292.607671393 972912.0555474454 910832.2020599135  
    848061.2652102632 784629.6655261223 720631.7666215145  
    656316.2224802801 592244.5106429998 529514.9085626018  
    469972.98399382876 416298.9298118894 372140.44611316227  
    339427.33315948927 325890.0088741355 
  NLIM = 5 
  RLIM = 6.0 3.5 3.5 6.0 6.0 
  ZLIM = 1.93 1.93 -1.93 -1.93 1.93 
  NBDRY = 15 
  RBDRY = 5.75 5.717889612279765 5.599231274196216 5.333894952548324  
    4.862048988436734 4.215741544340384 3.606248672667517  
    3.3499999999999996 3.606248672667517 4.215741544340384  
    4.862048988436735 5.333894952548324 5.599231274196216  
    5.717889612279765 5.75 
  ZBDRY = 0.0 0.7289246817174976 1.3134768905462901 1.6378788924654637  
    1.6378788924654637 1.3134768905462901 0.7289246817174978  
    2.0574066225675533e-16 -0.7289246817174975 -1.31347689054629  
    -1.6378788924654637 -1.6378788924654637 -1.3134768905462901  
    -0.728924681717498 0.0 
/

