&INEFIT
  IP = 10000000.0 
  R0 = 4.55 
  B0 = 11.0 
  NRHO = 101 
  RHO = 0.0 0.01 0.02 0.03 0.04 0.05 0.06 0.07 0.08 0.09 0.1 0.11 0.12  
    0.13 0.14 0.15 0.16 0.17 0.18 0.19 0.2 0.21 0.22 0.23 0.24 0.25  
    0.26 0.27 0.28 0.29 0.3 0.31 0.32 0.33 0.34 0.35000000000000003  
    0.36 0.37 0.38 0.39 0.4 0.41000000000000003 0.42 0.43 0.44 0.45  
    0.46 0.47000000000000003 0.48 0.49 0.5 0.51 0.52 0.53 0.54 0.55  
    0.56 0.5700000000000001 0.58 0.59 0.6 0.61 0.62 0.63 0.64 0.65 0.66  
    0.67 0.68 0.6900000000000001 0.7000000000000001 0.71 0.72 0.73 0.74  
    0.75 0.76 0.77 0.78 0.79 0.8 0.81 0.8200000000000001  
    0.8300000000000001 0.84 0.85 0.86 0.87 0.88 0.89 0.9 0.91 0.92 0.93  
    0.9400000000000001 0.9500000000000001 0.96 0.97 0.98 0.99 1.0 
  PRESS = 1866662.5082132418 1865091.2931378451 1860050.6134775244  
    1852461.6810372286 1843579.4818319192 1833424.2101740951  
    1822019.5870588685 1809393.3573907127 1795576.6764589828  
    1780603.3921711966 1764509.394334621 1747331.1133740512  
    1729104.9090755696 1709868.0787205982 1689659.2303092587  
    1668518.8296882166 1646490.744299991 1623621.6142741668  
    1599958.7749774465 1575549.9972515032 1550443.935321277  
    1524690.0370720173 1498338.2175944794 1471438.543613462  
    1444041.155476369 1416196.0797866115 1387953.0193379696  
    1359361.4980920975 1330470.9186065174 1301330.2558209158  
    1272071.143379153 1242973.9348801784 1214276.7237716522  
    1186019.1361754485 1158150.7246905253 1130632.0431598069  
    1103455.6564585469 1076641.660378222 1050211.3763131252  
    1024180.9493694936 998568.889148329 973398.9387748835  
    948694.2807781305 924471.7870493163 900744.8951813161  
    877527.4528918602 854831.0598993015 832657.7890708677  
    811000.3082035627 789848.4430387428 769191.1032776241  
    749014.3884638945 729301.869781254 710036.945038162  
    691203.5488403119 672785.3274021217 654765.0576951108  
    637125.4535648215 619850.1976892381 602923.6509351606  
    586327.3329615782 570040.7083000735 554053.0004499779  
    538367.0803553113 522990.433246244 507937.69468018704  
    493235.56398258416 478904.0891384214 464943.2931064331  
    451344.5708451581 438095.04576618783 425172.4030763262  
    412552.2295022902 400217.0914157467 388153.645097346  
    376350.1625690882 364798.67975179845 353493.6168731033  
    342428.68549337063 331596.8627044436 320990.8617093161  
    310602.96774404094 300426.0734634307 290454.2143884625  
    280681.6971441138 271101.5600183906 261705.869633159  
    252488.0116368358 243439.38635259436 234538.02094586138  
    225739.08138478996 216941.16759657647 207881.1465665142  
    197967.9122607889 186068.03120544256 167290.98166754624  
    135425.26024379488 93027.54034835414 51552.93354734335  
    21448.586859466577 10413.034061365217 
  JPAR = 3647310.6137950798 3647172.35708832 3646522.7594214114  
    3645070.4841605895 3642801.770229871 3639769.712159043  
    3635997.6584398253 3631507.0365317822 3626310.927136255  
    3620416.2136654435 3613826.0129464003 3606541.5139009114  
    3598563.101922566 3589890.882169834 3580524.878698574  
    3570465.0962574864 3559711.5357213267 3548264.1971525494  
    3536123.080363698 3523288.1852923436 3509759.5121884444  
    3495537.0611769278 3480620.8320703055 3465010.8248060886  
    3448707.039446761 3431709.4759298963 3414018.134255537  
    3395633.014548568 3376554.1168714436 3356781.4411617797  
    3336314.9872946013 3315154.7552697877 3293300.745149866  
    3270752.9568099645 3247511.3901875173 3223576.0455324254  
    3198946.9229697175 3173624.022311922 3147607.3434965177  
    3120896.8866485725 3093492.651768176 3065394.638730244  
    3036602.847534596 3007117.278243771 2976937.9307955303  
    2946064.805189865 2914497.901551623 2882237.2199432882  
    2849282.7603021753 2815634.5225032656 2781292.5064844065  
    2746256.712245564 2710527.139849159 2674103.789420315  
    2636986.6610213355 2599175.7545897355 2560671.070000712  
    2521472.607254127 2481580.366474846 2440994.347662929  
    2399714.5506310733 2357740.9753166633 2315073.621969576  
    2271712.490714913 2227657.5813648207 2182908.8938570647  
    2137466.428317363 2091330.1847451138 2044500.1630149416  
    1996976.3631272868 1948758.7851443114 1899847.4290035877  
    1850242.2947059586 1799943.382313486 1748950.6917627703  
    1697264.2230543492 1644883.9763139156 1591809.9516036124  
    1538042.14886045 1483580.5679594933 1428425.2089011401  
    1372576.0718102143 1316033.1567486876 1258796.46365461  
    1200865.9924037 1142241.7432451413 1082923.720489434  
    1022911.9675815123 962206.8043590697 900810.0344049132  
    838729.7854620783 775996.1432377382 712702.4329736435  
    649094.5726170242 585727.8615809737 523688.4926335873  
    464801.72620937217 411718.2642223665 368045.6699714657  
    335692.50948747917 322304.1405440317 
  NLIM = 5 
  RLIM = 6.0 3.5 3.5 6.0 6.0 
  ZLIM = 1.93 1.93 -1.93 -1.93 1.93 
  NBDRY = 15 
  RBDRY = 5.75 5.717889612279765 5.599231274196216 5.333894952548324  
    4.862048988436734 4.215741544340384 3.606248672667517  
    3.3499999999999996 3.606248672667517 4.215741544340384  
    4.862048988436735 5.333894952548324 5.599231274196216  
    5.717889612279765 5.75 
  ZBDRY = 0.0 0.7289246817174976 1.3134768905462901 1.6378788924654637  
    1.6378788924654637 1.3134768905462901 0.7289246817174978  
    2.0574066225675533e-16 -0.7289246817174975 -1.31347689054629  
    -1.6378788924654637 -1.6378788924654637 -1.3134768905462901  
    -0.728924681717498 0.0 
/

