&IN1
  ICONVR = 3 
  MXITER = -1 
  NXITER = 51 
  ERROR = 0.0001 
  RELAX = 0.5 
  IOUT = 4 
  ICURRT = 2 
  KPPFNC = 6 
  KPPCUR = 3 
  KFFFNC = 6 
  KFFCUR = 3 
  ISHOT = 1 
  ITIME = 0 
  ITIMEU = 0 
  ITEK = 0 
  ITRACE = 1 
  PLASMA = 10000000.0 
  BTOR = 11.0 
  RCENTR = 4.55 
  RZERO = 4.55 
  LIMITR = 5 
  XLIM = 6.0 3.5 3.5 6.0 6.0 
  YLIM = 1.93 1.93 -1.93 -1.93 1.93 
  NBDRY = 15 
  RBDRY = 5.75 5.717889612279765 5.599231274196216 5.333894952548324  
    4.862048988436734 4.215741544340384 3.606248672667517  
    3.3499999999999996 3.606248672667517 4.215741544340384  
    4.862048988436735 5.333894952548324 5.599231274196216  
    5.717889612279765 5.75 
  ZBDRY = 0.0 0.7289246817174976 1.3134768905462901 1.6378788924654637  
    1.6378788924654637 1.3134768905462901 0.7289246817174978  
    2.0574066225675533e-16 -0.7289246817174975 -1.31347689054629  
    -1.6378788924654637 -1.6378788924654637 -1.3134768905462901  
    -0.728924681717498 0.0 
  IERCHK = 0 
  NEXTRA = 0 
  SCRAPE = 0.01 
  PSIBRY = 0.0 
  CFCOIL = -10.0 
  ENP = 1.0 
  EMP = 1.0 
  FCURBD = 0 
  PCURBD = 0 
  FCZERO = 1.0 1.0 1.0 1.0 1.0 1.0 1.0 1.0 1.0 1.0 1.0 1.0 1.0 1.0 1.0  
    1.0 
  FCSUM = 1.0 1.0 1.0 1.0 1.0 1.0 1.0 1.0 1.0 1.0 1.0 1.0 1.0 1.0 1.0  
    1.0 
  IFREF = 2 
  PRBDRY = 5926.493954720579 
  KBETAPR = 1 
  FWTBDRY = 1.0 1.0 1.0 1.0 1.0 1.0 1.0 1.0 1.0 1.0 1.0 1.0 1.0 1.0 1.0 
  FWTBDRY(2) = 10.0 
  FWTBDRY(3) = 10.0 
  FWTBDRY(4) = 10.0 
  FWTBDRY(5) = 10.0 
  FWTBDRY(9) = 10.0 
  FWTBDRY(10) = 10.0 
  FWTBDRY(11) = 10.0 
  FWTBDRY(12) = 10.0 
/

&PROFILE_EXT
  NPSI_EXT = 257 
  PSIN_EXT = 0.0 0.00390625 0.0078125 0.01171875 0.015625 0.01953125  
    0.0234375 0.02734375 0.03125 0.03515625 0.0390625 0.04296875  
    0.046875 0.05078125 0.0546875 0.05859375 0.0625 0.06640625  
    0.0703125 0.07421875 0.078125 0.08203125 0.0859375 0.08984375  
    0.09375 0.09765625 0.1015625 0.10546875 0.109375 0.11328125  
    0.1171875 0.12109375 0.125 0.12890625 0.1328125 0.13671875 0.140625  
    0.14453125 0.1484375 0.15234375 0.15625 0.16015625 0.1640625  
    0.16796875 0.171875 0.17578125 0.1796875 0.18359375 0.1875  
    0.19140625 0.1953125 0.19921875 0.203125 0.20703125 0.2109375  
    0.21484375 0.21875 0.22265625 0.2265625 0.23046875 0.234375  
    0.23828125 0.2421875 0.24609375 0.25 0.25390625 0.2578125  
    0.26171875 0.265625 0.26953125 0.2734375 0.27734375 0.28125  
    0.28515625 0.2890625 0.29296875 0.296875 0.30078125 0.3046875  
    0.30859375 0.3125 0.31640625 0.3203125 0.32421875 0.328125  
    0.33203125 0.3359375 0.33984375 0.34375 0.34765625 0.3515625  
    0.35546875 0.359375 0.36328125 0.3671875 0.37109375 0.375  
    0.37890625 0.3828125 0.38671875 0.390625 0.39453125 0.3984375  
    0.40234375 0.40625 0.41015625 0.4140625 0.41796875 0.421875  
    0.42578125 0.4296875 0.43359375 0.4375 0.44140625 0.4453125  
    0.44921875 0.453125 0.45703125 0.4609375 0.46484375 0.46875  
    0.47265625 0.4765625 0.48046875 0.484375 0.48828125 0.4921875  
    0.49609375 0.5 0.50390625 0.5078125 0.51171875 0.515625 0.51953125  
    0.5234375 0.52734375 0.53125 0.53515625 0.5390625 0.54296875  
    0.546875 0.55078125 0.5546875 0.55859375 0.5625 0.56640625  
    0.5703125 0.57421875 0.578125 0.58203125 0.5859375 0.58984375  
    0.59375 0.59765625 0.6015625 0.60546875 0.609375 0.61328125  
    0.6171875 0.62109375 0.625 0.62890625 0.6328125 0.63671875 0.640625  
    0.64453125 0.6484375 0.65234375 0.65625 0.66015625 0.6640625  
    0.66796875 0.671875 0.67578125 0.6796875 0.68359375 0.6875  
    0.69140625 0.6953125 0.69921875 0.703125 0.70703125 0.7109375  
    0.71484375 0.71875 0.72265625 0.7265625 0.73046875 0.734375  
    0.73828125 0.7421875 0.74609375 0.75 0.75390625 0.7578125  
    0.76171875 0.765625 0.76953125 0.7734375 0.77734375 0.78125  
    0.78515625 0.7890625 0.79296875 0.796875 0.80078125 0.8046875  
    0.80859375 0.8125 0.81640625 0.8203125 0.82421875 0.828125  
    0.83203125 0.8359375 0.83984375 0.84375 0.84765625 0.8515625  
    0.85546875 0.859375 0.86328125 0.8671875 0.87109375 0.875  
    0.87890625 0.8828125 0.88671875 0.890625 0.89453125 0.8984375  
    0.90234375 0.90625 0.91015625 0.9140625 0.91796875 0.921875  
    0.92578125 0.9296875 0.93359375 0.9375 0.94140625 0.9453125  
    0.94921875 0.953125 0.95703125 0.9609375 0.96484375 0.96875  
    0.97265625 0.9765625 0.98046875 0.984375 0.98828125 0.9921875  
    0.99609375 1.0 
  PPRIME_EXT = 324863.934705407 320910.8947342817 317005.8227236074  
    313148.71867338393 309339.5825836115 305578.41445428994  
    301865.2142854193 298199.9820769996 294582.71782903094  
    291013.42154151306 287492.0932144462 284018.7328478303  
    280593.34044166526 277215.9159959512 273886.4595106881  
    270604.9709858759 267371.45042151463 264185.89781760424  
    261048.3131741449 257958.69649113645 254917.0477685789  
    251923.3670064723 248977.65420481664 246079.90936361192  
    243230.13248285814 240428.3235625553 237625.83154930774  
    234844.32248383242 232158.0757910756 229562.06961348257  
    227024.57012038166 224524.34888778382 222068.50179624316  
    219647.1139777384 217266.27482381888 214947.99811373255  
    212694.5631119067 210493.89274431602 208351.1268081186  
    206267.31235531345 204219.0646452476 202223.78081352322  
    200275.4192826033 198357.73408723902 196495.9998790192  
    194661.74002613692 192871.45984753838 191117.7246794982  
    189394.8252277706 187711.27042740377 186053.88019143383  
    184433.71192974446 182840.20309094284 181280.69104856445  
    179750.68226289604 178247.55040544496 176773.84887533862  
    175319.51939803897 173892.85043471341 172477.72844752806  
    171089.4588927944 169712.0330125591 168356.0583281044  
    167016.6129811909 165684.30428922587 164380.72808979737  
    163066.45692321926 161780.8274256746 160490.86156412863  
    159211.89343697968 157953.96337957328 156686.8300749918  
    155456.76843878918 154227.06017254462 153010.09972498624  
    151826.43760868974 150631.0757923816 149465.2066839052  
    148319.213749061 147166.4587148925 146052.573866762  
    144950.4825512144 143850.16418489657 142789.57001521435  
    141733.44747983836 140680.67123843372 139663.6121448095  
    138645.83244558366 137624.27482180693 136632.23185874042  
    135641.2906479888 134642.3134417743 133670.09182750917  
    132706.60857964604 131730.07578448387 130771.31723825206  
    129829.57205637064 128875.26719086709 127925.18701014176  
    126993.88362786378 126054.1208515152 125103.60798898705  
    124168.59121720945 123239.337319496 122292.85379125911  
    121345.90776092748 120414.97484894472 119479.7074805843  
    118529.62913894904 117587.81877970815 116660.6731358951  
    115727.56189070846 114790.39712319737 113872.01832416243  
    112971.76189881613 112071.4716719751 111172.26847635662  
    110290.89888864238 109424.3647201882 108552.8628428581  
    107675.28626256966 106806.95754936205 105946.23993371567  
    105077.39052444337 104198.78636247315 103325.13446398237  
    102461.69600094159 101596.0238844215 100722.66535780743  
    99858.26099963611 99014.69348737833 98180.72138694636  
    97347.69753200054 96524.70183270294 95722.08008252579  
    94933.21077021859 94144.37104619652 93354.57017103971  
    92573.13018365868 91799.9924525966 91025.43139056084  
    90245.2741902049 89463.04090615435 88687.42046310336  
    87920.21489437029 87153.17199999819 86384.18107997254  
    85627.67046545548 84894.70089261897 84177.49126715455  
    83469.7799213663 82775.93549928546 82103.06343118267  
    81451.49097594188 80811.41299543055 80175.17896680362  
    79543.24493896385 78921.29389994795 78310.27904576121  
    77702.13715058334 77092.20783595358 76485.56904817774  
    75890.2311666651 75304.60990543812 74723.38031813319  
    74147.92041002982 73581.31115840946 73028.43198765867  
    72491.27473104306 71964.2592695357 71443.85049230358  
    70933.78043784485 70438.7643271662 69955.58722874243  
    69479.27451962538 69008.91982782216 68545.33462551201  
    68093.54253566838 67655.56760359189 67226.36465639481  
    66804.20243487992 66393.07715784045 65997.75020719123  
    65619.0705235932 65255.333124314035 64905.423130602125  
    64569.305292713594 64254.48707112623 63966.513770746635  
    63699.643033923756 63451.68077298093 63229.98179883024  
    63041.73290514154 62886.02568567723 62764.45814509352  
    62682.72415152952 62641.75276183254 62646.54593344994  
    62708.19614822416 62828.72151241024 63002.47781463912  
    63240.057217704976 63567.60942963323 63993.93331924776  
    64514.108644729175 65124.43514035347 65823.27103252876  
    66612.07708223329 67508.5148703322 68616.03093942328  
    70000.83221938516 71687.31369443965 73535.09548612963  
    75237.74870588144 76694.42903328144 77932.69113144271  
    80034.02150257569 84084.93933937655 90061.98767061761  
    98131.69094975508 108775.52382501622 122204.91252364218  
    138538.8107076395 155818.2057958169 171658.51019695582  
    185882.6739247489 198562.4955465778 209743.3100242605  
    219448.66879961066 227621.9494362059 234830.74827451457  
    241740.16603017022 248431.64705284714 254676.6508145274  
    259756.80657013855 263267.97414738475 265222.6260318032  
    265454.12721225835 263839.8940944998 260327.20167184086  
    254940.2188042222 247865.46412814828 239179.70530889826  
    228863.81370305733 217175.21802929524 204378.53287353297  
    190365.66993975878 176031.59132343903 162578.7689020445  
    150425.96091218432 138577.96234061648 124412.31400866367  
    106788.65316021838 85838.44415499912 61408.87255575611  
    33383.81460760881 1763.2703098878264 
  FFPRIM_EXT = 13.370987979703791 13.424114960496325 13.469476358163442  
    13.513202548292817 13.5554469955995 13.596220658898005  
    13.635526832554067 13.673366449721865 13.709740348864973  
    13.744660181795703 13.778115945449734 13.81010878037932  
    13.840642658166924 13.869717552328918 13.897333896568586  
    13.923492126689204 13.94819534342323 13.971445625849983  
    13.993243602498744 14.013588278130348 14.03248204405304  
    14.04992602980105 14.0659224159252 14.080471811445449  
    14.093573960573147 14.105227088133017 14.116787783646023  
    14.12765342211069 14.135759382109573 14.141250781986571  
    14.14501645298526 14.147646209572686 14.148937786370762  
    14.149167242239447 14.148168747987008 14.145332137279029  
    14.140594136729945 14.134290265185694 14.126278953907718  
    14.116528522908592 14.105690773155597 14.093285671629381  
    14.079476714254296 14.06471876394652 14.04830838482141  
    14.03103279482255 14.012439730739384 13.992728142173648  
    13.972064316009902 13.950206244876249 13.92752441047331  
    13.903708149565189 13.879051205537419 13.85335050897331  
    13.826731452884346 13.799265059041359 13.770878918304508  
    13.741851564659385 13.711956759136795 13.681635424594393  
    13.650469325595951 13.618891719491703 13.586619509812834  
    13.553776022858727 13.520633239587422 13.486583548816181  
    13.452722239232735 13.417961309515405 13.383202243577973  
    13.348034132703315 13.312168569536592 13.27644681037093  
    13.239589246039653 13.202603643956857 13.165162180542987  
    13.12668397249584 13.08841167748712 13.049216398343397  
    13.009351675509148 12.96955935764517 12.928580645653891  
    12.887153847999233 12.845568215338584 12.802772861482234  
    12.75972876583105 12.71647628228057 12.672117514602945  
    12.627650263268084 12.583171645850173 12.537758152619727  
    12.492179122643385 12.44669705241656 12.400356968758752  
    12.35364265631491 12.307158953993541 12.260061703507667  
    12.212359876413919 12.164867994004908 12.117134422486771  
    12.068749839740608 12.020454478139445 11.97231895286366  
    11.923622003944752 11.874621775883925 11.82595254635855  
    11.77715963047608 11.727781591435548 11.678371764775987  
    11.629225678381786 11.579712201916182 11.529644324713413  
    11.47958878275261 11.429504356282418 11.378764756869813  
    11.327375956931162 11.275836843322576 11.22412597063192  
    11.17178333312553 11.118879103605689 11.065952088628238  
    11.01303768414299 10.959718070111482 10.90603041611617  
    10.852398345644433 10.798869028793943 10.745043913167713  
    10.69077554771486 10.636399335312849 10.582068748544831  
    10.52733385042146 10.471865049803418 10.415963210984149  
    10.359868571270928 10.30334047036375 10.246094759498916  
    10.188300431496174 10.13032894884839 10.072211406681085  
    10.01369386733041 9.954770012073164 9.895699505932743  
    9.836596375014915 9.777366375148695 9.717772430633651  
    9.657760567892723 9.59755133702495 9.537205453460366  
    9.476335407299379 9.414637252002755 9.352313887837031  
    9.289536014118077 9.226189261416545 9.162080000797221  
    9.097193882765595 9.031792379954641 8.96608065108615  
    8.900046195370567 8.833535525415378 8.766517288894699  
    8.699201617498456 8.631715602732411 8.56392644157425  
    8.495617038124283 8.426819110257895 8.357672347628903  
    8.288144167096418 8.21815588293962 8.147571534133577  
    8.076325400374454 8.004567106217666 7.932396231321463  
    7.859713499373694 7.786385035049976 7.712491728884121  
    7.638166131847582 7.563430488130404 7.488261705385626  
    7.412524607625558 7.336160119663909 7.25929857138053  
    7.181987480853008 7.104120153513858 7.025563155387472  
    6.946289580468688 6.866344298258818 6.785754578139046  
    6.704520604381447 6.622441450047836 6.539363358884334  
    6.45543367272238 6.370712478088 6.285005240674462 6.198116501228225  
    6.110064429300134 6.020803728469648 5.930182421092743  
    5.838178058124166 5.744659064507627 5.649323375751954  
    5.552108963336462 5.4531707165393755 5.35223509913377  
    5.248608986845772 5.142052406626625 5.032693242080708  
    4.920630386080419 4.8059107068527185 4.688499330376571  
    4.567933000097328 4.441482143300339 4.307398708281079  
    4.165032264180358 4.018086273613385 3.8745788585381447  
    3.737177392645888 3.6053128794782907 3.4504322817172692  
    3.2439099124894772 2.986652533231532 2.6744171619730173  
    2.2945130667022386 1.8413883533525537 1.3117477266863389  
    0.7570917387447321 0.24028224729044698 -0.23438026277569293  
    -0.669071407858073 -1.064995945149232 -1.422708999793974  
    -1.7406349175118319 -2.033734004450287 -2.3194609672008815  
    -2.5998826774830883 -2.8690035833131886 -3.1079390110472405  
    -3.306135191432549 -3.46398688676958 -3.5770450223408456  
    -3.6419528886713497 -3.6571536702323195 -3.6230606865683335  
    -3.544311761761538 -3.4226079855847558 -3.2570807751270454  
    -3.0539568165841526 -2.8193959512818108 -2.549568163453662  
    -2.2668880259834836 -2.002404485354968 -1.767103423114797  
    -1.5348714493298123 -1.2367070703006262 -0.8409347458834144  
    -0.3506126417622254 0.2412467262575444 0.9456310070210434  
    1.7625402005244268 
/

