  3-Mar-26 07/09/2014
     1               1
  0.200000000E+01
*   2.000             1               0 MAR   3   2 CLC    40   41
  0.000000000E+00 0.170000000E+03 0.200000000E+01 0.679320679E+06
  0.679320679E+06 0.172174120E+03 0.804716775E+00 0.414048887E+02
  0.134600824E+01-0.372410867E+00-0.308257814E+00 0.776686297E+07
  0.176680451E+03 0.182729896E+01 0.231478667E+01 0.111855684E+01
  0.564484487E+00 0.860067396E+00 0.100000000E+11 0.105968187E+02
  0.100000000E+11 0.100000000E+11 0.201441714E+01-0.121973481E+01
  0.769166757E+02 0.107674889E+03 0.529915448E+02
  0.000000000E+00 0.000000000E+00 0.000000000E+00
  0.826299178E+02 0.796358746E+02
  0.000000000E+00 0.000000000E+00
  0.164184415E+01 0.277980332E+00 0.203132398E+01 0.972924867E+00
  0.767537614E+00 0.220805277E+01-0.500000000E+02-0.500000000E+02
 -0.500000000E+02 0.303168797E+00 0.707092786E+04 0.202198149E+06
  0.912438002E-04 0.129021757E+01 0.966570307E+00 0.619491965E-02
  0.128006661E+01 0.172682721E+03 0.000000000E+00 0.000000000E+00
 -0.999000000E+03-0.999000000E+03-0.999000000E+03-0.999000000E+03
 -0.100000000E+03-0.500000000E+02 0.194584932E+01 0.191620303E+01
  0.712472369E+01 0.397381688E+02 0.100000000E+03 0.105968187E+02
  0.177434225E+03 0.204002052E+01 0.466435035E+00 0.000000000E+00
  0.100798528E+01 0.199737788E+01 0.361059979E+06 0.000000000E+00
  0.000000000E+00 0.000000000E+00 0.857643487E+00 0.100000000E+02
    44   60   18    6
  0.175612594E+00 0.138589686E+00 0.189110676E+00 0.152772522E+00
  0.669572913E-01-0.207985113E-01 0.545847360E+00-0.713123727E-01
 -0.477564160E+00 0.244532549E+00 0.143873205E+00 0.191406028E-01
 -0.417928710E-01-0.710980512E-01-0.876553526E-01 0.559116284E+00
 -0.795246271E-01-0.592324834E-02 0.217965154E+00 0.158017179E+00
  0.166044091E+00 0.169094416E+00 0.101949038E+00 0.204283000E-01
 -0.339699889E+00 0.404353759E+00 0.433827481E+00 0.254387547E-01
  0.769433564E-01 0.203368521E+00 0.841733341E-01-0.963132204E-02
 -0.477685635E-01-0.631590354E-01 0.107243765E+00 0.481109010E+00
  0.470438027E+00-0.464881172E-01 0.247779604E-01-0.282608941E-01
  0.188295480E-02 0.175689605E-01 0.650265651E-01 0.127940871E+00
  0.107908409E+00 0.240825323E+00 0.232950158E+00-0.157173522E+00
 -0.260924051E+00-0.394332956E-01 0.294948491E+00 0.646679398E+00
  0.297356620E+00-0.159133789E+00-0.335501401E+00-0.876852444E-01
  0.236547477E+00 0.321626597E+00 0.254906980E+00-0.383626901E-01
  0.121242015E+00 0.253557568E+00 0.182029426E+00 0.202354446E+00
  0.213934120E+00 0.205211691E+00 0.272422367E+00-0.104151709E+00
 -0.315187913E+00-0.289066155E+00-0.617595234E-01 0.300614329E+00
  0.359809925E+00 0.273563124E+00 0.399171213E+00 0.775001355E+00
  0.309829976E+00 0.421801639E-01-0.195930486E+00-0.271345993E+00
 -0.694175501E-01 0.899753838E-01 0.320276382E+00 0.252635404E+00
  0.361725926E+00 0.108052519E+00-0.604475077E-01-0.251702683E+00
 -0.307623362E+00-0.104814390E+00 0.268817752E+00 0.206309184E+00
  0.212927778E+00 0.202636554E+00 0.178934923E+00 0.250602829E+00
  0.123151452E+00-0.347609448E-01 0.110642292E+00 0.240712163E+00
  0.235204876E+00-0.142638149E+00-0.266283177E+00-0.374092713E-01
  0.272702244E+05-0.501821523E+05 0.257993110E+06 0.246377320E+06
  0.105033667E+06-0.315492833E+06 0.622138749E+06-0.470798157E+05
 -0.783017741E+06 0.343120848E+06 0.871310157E+05-0.118305977E+06
 -0.116438923E+06-0.105654316E+06-0.413550059E+06 0.566156012E+06
 -0.128279847E+06-0.151306255E+06
  0.000000000E+00 0.000000000E+00 0.000000000E+00 0.000000000E+00
  0.000000000E+00 0.000000000E+00
  0.000000000E+00 0.000000000E+00 0.000000000E+00 0.000000000E+00
  0.000000000E+00 0.000000000E+00 0.000000000E+00 0.000000000E+00
  0.000000000E+00 0.000000000E+00 0.556593493E+02 0.000000000E+00
  0.238990496E+00 0.929783142E+00 0.400000006E+02-0.146116549E+00
 -0.115696507E+01 0.000000000E+00 0.999000000E+03 0.191136305E+01
 -0.100000000E+02 0.966570307E+00 0.000000000E+00 0.401603576E-01
 -0.100000000E+02 0.000000000E+00 0.219937660E+01 0.000000000E+00
  0.135723521E+00 0.260518929E+01 0.130769231E+01 0.213363214E+01
  0.338230464E+02 0.301901826E+01-0.890000000E+02-0.890000000E+02
 -0.890000000E+02-0.890000000E+02-0.890000000E+02-0.890000000E+02
 -0.890000000E+02-0.890000000E+02-0.890000000E+02-0.890000000E+02
 -0.890000000E+02-0.890000000E+02-0.890000000E+02-0.890000000E+02
 -0.890000000E+02 0.000000000E+00 0.704848289E+00 0.945590176E+00
  0.141467872E+03 0.186265625E+03 0.000000000E+00 0.822808859E+00
  0.100000000E+01 0.000000000E+00 0.000000000E+00 0.000000000E+00
                                            EQG
