  PS-state 101   8   1   1   1
   2   1
   3   1
 182  74
  83  36
   3   2
   4   2
   2   1
   4   2
  Sqrt(Psi / Psilim)
 0.000000000E+00 0.118901638E-01 0.237792087E-01 0.356659679E-01 0.475492947E-01
 0.594280057E-01 0.713008969E-01 0.831667375E-01 0.950243194E-01 0.106872349E+00
 0.118709576E+00 0.130534849E+00 0.142346999E+00 0.154144732E+00 0.165927343E+00
 0.177693289E+00 0.189443561E+00 0.201173847E+00 0.212885313E+00 0.224574350E+00
 0.236241294E+00 0.247885608E+00 0.259504719E+00 0.271098041E+00 0.282664891E+00
 0.294204265E+00 0.305715002E+00 0.317195765E+00 0.328645553E+00 0.340063388E+00
 0.351448247E+00 0.362799082E+00 0.374114827E+00 0.385394382E+00 0.396636816E+00
 0.407841218E+00 0.419006531E+00 0.430131602E+00 0.441215143E+00 0.452256051E+00
 0.463253948E+00 0.474207401E+00 0.485114813E+00 0.495976030E+00 0.506789573E+00
 0.517553952E+00 0.528269034E+00 0.538932658E+00 0.549544806E+00 0.560103393E+00
 0.570608273E+00 0.581057396E+00 0.591450649E+00 0.601785932E+00 0.612062977E+00
 0.622280148E+00 0.632436325E+00 0.642530919E+00 0.652562056E+00 0.662528920E+00
 0.672430701E+00 0.682265648E+00 0.692032760E+00 0.701731165E+00 0.711359544E+00
 0.720916398E+00 0.730400746E+00 0.739811543E+00 0.749147519E+00 0.758407152E+00
 0.767589322E+00 0.776692884E+00 0.785716659E+00 0.794659267E+00 0.803519242E+00
 0.812295359E+00 0.820986364E+00 0.829590971E+00 0.838107828E+00 0.846535332E+00
 0.854872086E+00 0.863116719E+00 0.871267835E+00 0.879324011E+00 0.887283531E+00
 0.895144716E+00 0.902905954E+00 0.910565517E+00 0.918121545E+00 0.925571913E+00
 0.932914802E+00 0.940148438E+00 0.947270861E+00 0.954279670E+00 0.961173085E+00
 0.967949762E+00 0.974607870E+00 0.981145310E+00 0.987559395E+00 0.993845981E+00
 0.100000000E+01
       n_e
 0.287026023E+15 0.287008058E+15 0.286938919E+15 0.286816936E+15 0.286643007E+15
 0.286421517E+15 0.286152648E+15 0.285836623E+15 0.285473619E+15 0.285057807E+15
 0.284595825E+15 0.284088055E+15 0.283534912E+15 0.282936858E+15 0.282291288E+15
 0.281599091E+15 0.280863538E+15 0.280085416E+15 0.279265198E+15 0.278403712E+15
 0.277497645E+15 0.276550375E+15 0.275564114E+15 0.274539595E+15 0.273477578E+15
 0.272378873E+15 0.271273121E+15 0.270212856E+15 0.269183315E+15 0.268137380E+15
 0.267030795E+15 0.265844633E+15 0.264608763E+15 0.263380359E+15 0.262223470E+15
 0.261162153E+15 0.260174046E+15 0.259222769E+15 0.258276113E+15 0.257303840E+15
 0.256282012E+15 0.255193308E+15 0.254021096E+15 0.252742773E+15 0.251344835E+15
 0.249808737E+15 0.248124712E+15 0.246287892E+15 0.244298535E+15 0.242174916E+15
 0.239945292E+15 0.237631488E+15 0.235249980E+15 0.232814425E+15 0.230332416E+15
 0.227811978E+15 0.225264677E+15 0.222702783E+15 0.220140983E+15 0.217594824E+15
 0.215074561E+15 0.212585493E+15 0.210131480E+15 0.207714030E+15 0.205330955E+15
 0.202979582E+15 0.200658841E+15 0.198368488E+15 0.196108473E+15 0.193879134E+15
 0.191680967E+15 0.189514435E+15 0.187379857E+15 0.185278151E+15 0.183211814E+15
 0.181180483E+15 0.179182174E+15 0.177213718E+15 0.175271865E+15 0.173351596E+15
 0.171442937E+15 0.169524517E+15 0.167604657E+15 0.165693288E+15 0.163799527E+15
 0.161910050E+15 0.158941198E+15 0.154927990E+15 0.150253667E+15 0.145150744E+15
 0.139468102E+15 0.133489906E+15 0.127379675E+15 0.121214775E+15 0.115289262E+15
 0.109701459E+15 0.104493818E+15 0.100074082E+15 0.961109959E+14 0.927135768E+14
 0.920899179E+14
       t_e
 0.202205830E+02 0.202137200E+02 0.201873226E+02 0.201408173E+02 0.200746696E+02
 0.199906877E+02 0.198891181E+02 0.197702564E+02 0.196344159E+02 0.194798493E+02
 0.193092685E+02 0.191231596E+02 0.189220472E+02 0.187064946E+02 0.184761623E+02
 0.182318732E+02 0.179751237E+02 0.177066663E+02 0.174271530E+02 0.171373656E+02
 0.168371306E+02 0.165279045E+02 0.162108041E+02 0.158865788E+02 0.155559810E+02
 0.152197705E+02 0.148806736E+02 0.145445527E+02 0.142141040E+02 0.138899236E+02
 0.135725444E+02 0.132622713E+02 0.129592038E+02 0.126636290E+02 0.123758816E+02
 0.120955840E+02 0.118226738E+02 0.115569457E+02 0.112981601E+02 0.110460185E+02
 0.108001273E+02 0.105602189E+02 0.103262212E+02 0.100982611E+02 0.987596038E+01
 0.965940129E+01 0.944875063E+01 0.924423003E+01 0.904606129E+01 0.885458616E+01
 0.866997727E+01 0.849219646E+01 0.832108809E+01 0.815644514E+01 0.799789672E+01
 0.784515293E+01 0.769806167E+01 0.755650384E+01 0.742046907E+01 0.728998957E+01
 0.716492280E+01 0.704496478E+01 0.692977195E+01 0.681892339E+01 0.671190761E+01
 0.660828092E+01 0.650771909E+01 0.640995156E+01 0.631472522E+01 0.622182304E+01
 0.613107284E+01 0.604234085E+01 0.595550671E+01 0.587049630E+01 0.578713803E+01
 0.570523420E+01 0.562493715E+01 0.554650057E+01 0.547018476E+01 0.539645461E+01
 0.532634358E+01 0.526225508E+01 0.520244228E+01 0.514544291E+01 0.508993968E+01
 0.503293133E+01 0.487615399E+01 0.462878498E+01 0.432587097E+01 0.398793840E+01
 0.359639697E+01 0.317210852E+01 0.273021541E+01 0.227698501E+01 0.184137123E+01
 0.143520702E+01 0.106279946E+01 0.761833162E+00 0.499445320E+00 0.284859482E+00
 0.245468300E+00
n_i_01
 0.105620867E+15 0.105616876E+15 0.105600291E+15 0.105566933E+15 0.105512614E+15
 0.105438023E+15 0.105348996E+15 0.105255574E+15 0.105168638E+15 0.105110525E+15
 0.105096729E+15 0.105129369E+15 0.105204800E+15 0.105319207E+15 0.105470793E+15
 0.105656498E+15 0.105872530E+15 0.106115277E+15 0.106377456E+15 0.106652888E+15
 0.106939832E+15 0.107235251E+15 0.107541544E+15 0.107863388E+15 0.108200194E+15
 0.108548475E+15 0.108908124E+15 0.109277748E+15 0.109643690E+15 0.109987287E+15
 0.110289876E+15 0.110541359E+15 0.110749906E+15 0.110934138E+15 0.111116271E+15
 0.111306487E+15 0.111495812E+15 0.111670745E+15 0.111819532E+15 0.111931235E+15
 0.111997455E+15 0.112011166E+15 0.111964206E+15 0.111844600E+15 0.111646591E+15
 0.111360724E+15 0.110982428E+15 0.110509831E+15 0.109943607E+15 0.109292720E+15
 0.108571005E+15 0.107789553E+15 0.106957174E+15 0.106081489E+15 0.105167394E+15
 0.104219537E+15 0.103243858E+15 0.102246616E+15 0.101235036E+15 0.100216654E+15
 0.991968937E+14 0.981791895E+14 0.971663386E+14 0.961600713E+14 0.951604314E+14
 0.941671060E+14 0.931803478E+14 0.922006851E+14 0.912286637E+14 0.902649272E+14
 0.893101364E+14 0.883649143E+14 0.874298024E+14 0.865054325E+14 0.855931489E+14
 0.846934536E+14 0.838056922E+14 0.829286242E+14 0.820609482E+14 0.812005078E+14
 0.803427511E+14 0.794773204E+14 0.786088088E+14 0.777420457E+14 0.768814696E+14
 0.760214675E+14 0.746784546E+14 0.728597318E+14 0.707306438E+14 0.683913995E+14
 0.657631830E+14 0.629809403E+14 0.601247211E+14 0.572305291E+14 0.544393288E+14
 0.518043864E+14 0.493463788E+14 0.472593910E+14 0.453879307E+14 0.437835220E+14
 0.434890033E+14
t_i_01
 0.235066197E+02 0.234959685E+02 0.234550101E+02 0.233828957E+02 0.232804250E+02
 0.231504886E+02 0.229935794E+02 0.228102866E+02 0.226012475E+02 0.223640431E+02
 0.221029832E+02 0.218190209E+02 0.215131802E+02 0.211865529E+02 0.208389804E+02
 0.204719947E+02 0.200880299E+02 0.196884757E+02 0.192745692E+02 0.188477343E+02
 0.184082342E+02 0.179583459E+02 0.174998707E+02 0.170341339E+02 0.165624492E+02
 0.160861220E+02 0.156107300E+02 0.151474964E+02 0.147005994E+02 0.142703575E+02
 0.138570442E+02 0.134606956E+02 0.130810022E+02 0.127179758E+02 0.123716473E+02
 0.120405769E+02 0.117242801E+02 0.114220560E+02 0.111331328E+02 0.108566496E+02
 0.105916604E+02 0.103375440E+02 0.100940860E+02 0.986148898E+01 0.963894535E+01
 0.942630289E+01 0.922328195E+01 0.902958483E+01 0.884490730E+01 0.866900197E+01
 0.850140612E+01 0.834146369E+01 0.818843314E+01 0.804150693E+01 0.789979231E+01
 0.776272401E+01 0.763006145E+01 0.750163761E+01 0.737747928E+01 0.725780074E+01
 0.714263690E+01 0.703177716E+01 0.692494815E+01 0.682180129E+01 0.672189403E+01
 0.662483608E+01 0.653034343E+01 0.643818099E+01 0.634814766E+01 0.626010099E+01
 0.617393202E+01 0.608952343E+01 0.600674208E+01 0.592549084E+01 0.584562898E+01
 0.576694213E+01 0.568935595E+01 0.561283401E+01 0.553735196E+01 0.546292717E+01
 0.538967132E+01 0.531792164E+01 0.524746803E+01 0.517812284E+01 0.510972006E+01
 0.504033641E+01 0.487772741E+01 0.462878498E+01 0.432587097E+01 0.398793840E+01
 0.359639697E+01 0.317210852E+01 0.273021541E+01 0.227698501E+01 0.184137123E+01
 0.143520702E+01 0.106279946E+01 0.761833162E+00 0.499445320E+00 0.284859482E+00
 0.245468300E+00
n_i_02
 0.105620867E+15 0.105616876E+15 0.105600291E+15 0.105566933E+15 0.105512614E+15
 0.105438023E+15 0.105348996E+15 0.105255574E+15 0.105168638E+15 0.105110525E+15
 0.105096729E+15 0.105129369E+15 0.105204800E+15 0.105319207E+15 0.105470793E+15
 0.105656498E+15 0.105872530E+15 0.106115277E+15 0.106377456E+15 0.106652888E+15
 0.106939832E+15 0.107235251E+15 0.107541544E+15 0.107863388E+15 0.108200194E+15
 0.108548475E+15 0.108908124E+15 0.109277748E+15 0.109643690E+15 0.109987287E+15
 0.110289876E+15 0.110541359E+15 0.110749906E+15 0.110934138E+15 0.111116271E+15
 0.111306487E+15 0.111495812E+15 0.111670745E+15 0.111819532E+15 0.111931235E+15
 0.111997455E+15 0.112011166E+15 0.111964206E+15 0.111844600E+15 0.111646591E+15
 0.111360724E+15 0.110982428E+15 0.110509831E+15 0.109943607E+15 0.109292720E+15
 0.108571005E+15 0.107789553E+15 0.106957174E+15 0.106081489E+15 0.105167394E+15
 0.104219537E+15 0.103243858E+15 0.102246616E+15 0.101235036E+15 0.100216654E+15
 0.991968937E+14 0.981791895E+14 0.971663386E+14 0.961600713E+14 0.951604314E+14
 0.941671060E+14 0.931803478E+14 0.922006851E+14 0.912286637E+14 0.902649272E+14
 0.893101364E+14 0.883649143E+14 0.874298024E+14 0.865054325E+14 0.855931489E+14
 0.846934536E+14 0.838056922E+14 0.829286242E+14 0.820609482E+14 0.812005078E+14
 0.803427511E+14 0.794773204E+14 0.786088088E+14 0.777420457E+14 0.768814696E+14
 0.760214675E+14 0.746784546E+14 0.728597318E+14 0.707306438E+14 0.683913995E+14
 0.657631830E+14 0.629809403E+14 0.601247211E+14 0.572305291E+14 0.544393288E+14
 0.518043864E+14 0.493463788E+14 0.472593910E+14 0.453879307E+14 0.437835220E+14
 0.434890033E+14
t_i_02
 0.235066197E+02 0.234959685E+02 0.234550101E+02 0.233828957E+02 0.232804250E+02
 0.231504886E+02 0.229935794E+02 0.228102866E+02 0.226012475E+02 0.223640431E+02
 0.221029832E+02 0.218190209E+02 0.215131802E+02 0.211865529E+02 0.208389804E+02
 0.204719947E+02 0.200880299E+02 0.196884757E+02 0.192745692E+02 0.188477343E+02
 0.184082342E+02 0.179583459E+02 0.174998707E+02 0.170341339E+02 0.165624492E+02
 0.160861220E+02 0.156107300E+02 0.151474964E+02 0.147005994E+02 0.142703575E+02
 0.138570442E+02 0.134606956E+02 0.130810022E+02 0.127179758E+02 0.123716473E+02
 0.120405769E+02 0.117242801E+02 0.114220560E+02 0.111331328E+02 0.108566496E+02
 0.105916604E+02 0.103375440E+02 0.100940860E+02 0.986148898E+01 0.963894535E+01
 0.942630289E+01 0.922328195E+01 0.902958483E+01 0.884490730E+01 0.866900197E+01
 0.850140612E+01 0.834146369E+01 0.818843314E+01 0.804150693E+01 0.789979231E+01
 0.776272401E+01 0.763006145E+01 0.750163761E+01 0.737747928E+01 0.725780074E+01
 0.714263690E+01 0.703177716E+01 0.692494815E+01 0.682180129E+01 0.672189403E+01
 0.662483608E+01 0.653034343E+01 0.643818099E+01 0.634814766E+01 0.626010099E+01
 0.617393202E+01 0.608952343E+01 0.600674208E+01 0.592549084E+01 0.584562898E+01
 0.576694213E+01 0.568935595E+01 0.561283401E+01 0.553735196E+01 0.546292717E+01
 0.538967132E+01 0.531792164E+01 0.524746803E+01 0.517812284E+01 0.510972006E+01
 0.504033641E+01 0.487772741E+01 0.462878498E+01 0.432587097E+01 0.398793840E+01
 0.359639697E+01 0.317210852E+01 0.273021541E+01 0.227698501E+01 0.184137123E+01
 0.143520702E+01 0.106279946E+01 0.761833162E+00 0.499445320E+00 0.284859482E+00
 0.245468300E+00
n_i_03
 0.430539034E+10 0.430512087E+10 0.430408379E+10 0.430225405E+10 0.429964511E+10
 0.429632275E+10 0.429228972E+10 0.428754934E+10 0.428210429E+10 0.427586711E+10
 0.426893738E+10 0.426132082E+10 0.425302369E+10 0.424405287E+10 0.423436932E+10
 0.422398637E+10 0.421295307E+10 0.420128125E+10 0.418897798E+10 0.417605568E+10
 0.416246468E+10 0.414825562E+10 0.413346171E+10 0.411809393E+10 0.410216367E+10
 0.408568310E+10 0.406909682E+10 0.405319284E+10 0.403774973E+10 0.402206070E+10
 0.400546193E+10 0.398766950E+10 0.396913144E+10 0.395070539E+10 0.393335205E+10
 0.391743229E+10 0.390261069E+10 0.388834154E+10 0.387414169E+10 0.385955760E+10
 0.384423018E+10 0.382789962E+10 0.381031644E+10 0.379114160E+10 0.377017253E+10
 0.374713105E+10 0.372187068E+10 0.369431838E+10 0.366447802E+10 0.363262374E+10
 0.359917938E+10 0.356447233E+10 0.352874970E+10 0.349221637E+10 0.345498624E+10
 0.341717967E+10 0.337897015E+10 0.334054174E+10 0.330211474E+10 0.326392235E+10
 0.322611842E+10 0.318878240E+10 0.315197220E+10 0.311571046E+10 0.307996433E+10
 0.304469372E+10 0.300988262E+10 0.297552733E+10 0.294162710E+10 0.290818701E+10
 0.287521451E+10 0.284271652E+10 0.281069785E+10 0.277917226E+10 0.274817721E+10
 0.271770725E+10 0.268773261E+10 0.265820577E+10 0.262907797E+10 0.260027394E+10
 0.257164405E+10 0.254286776E+10 0.251406986E+10 0.248539932E+10 0.245699291E+10
 0.242865076E+10 0.238411797E+10 0.232391985E+10 0.225380500E+10 0.217726115E+10
 0.209202153E+10 0.200234860E+10 0.191069513E+10 0.181822163E+10 0.172933893E+10
 0.164552188E+10 0.156740727E+10 0.150111123E+10 0.144166494E+10 0.139070365E+10
 0.138134877E+10
t_i_03
 0.235066197E+02 0.234959685E+02 0.234550101E+02 0.233828957E+02 0.232804250E+02
 0.231504886E+02 0.229935794E+02 0.228102866E+02 0.226012475E+02 0.223640431E+02
 0.221029832E+02 0.218190209E+02 0.215131802E+02 0.211865529E+02 0.208389804E+02
 0.204719947E+02 0.200880299E+02 0.196884757E+02 0.192745692E+02 0.188477343E+02
 0.184082342E+02 0.179583459E+02 0.174998707E+02 0.170341339E+02 0.165624492E+02
 0.160861220E+02 0.156107300E+02 0.151474964E+02 0.147005994E+02 0.142703575E+02
 0.138570442E+02 0.134606956E+02 0.130810022E+02 0.127179758E+02 0.123716473E+02
 0.120405769E+02 0.117242801E+02 0.114220560E+02 0.111331328E+02 0.108566496E+02
 0.105916604E+02 0.103375440E+02 0.100940860E+02 0.986148898E+01 0.963894535E+01
 0.942630289E+01 0.922328195E+01 0.902958483E+01 0.884490730E+01 0.866900197E+01
 0.850140612E+01 0.834146369E+01 0.818843314E+01 0.804150693E+01 0.789979231E+01
 0.776272401E+01 0.763006145E+01 0.750163761E+01 0.737747928E+01 0.725780074E+01
 0.714263690E+01 0.703177716E+01 0.692494815E+01 0.682180129E+01 0.672189403E+01
 0.662483608E+01 0.653034343E+01 0.643818099E+01 0.634814766E+01 0.626010099E+01
 0.617393202E+01 0.608952343E+01 0.600674208E+01 0.592549084E+01 0.584562898E+01
 0.576694213E+01 0.568935595E+01 0.561283401E+01 0.553735196E+01 0.546292717E+01
 0.538967132E+01 0.531792164E+01 0.524746803E+01 0.517812284E+01 0.510972006E+01
 0.504033641E+01 0.487772741E+01 0.462878498E+01 0.432587097E+01 0.398793840E+01
 0.359639697E+01 0.317210852E+01 0.273021541E+01 0.227698501E+01 0.184137123E+01
 0.143520702E+01 0.106279946E+01 0.761833162E+00 0.499445320E+00 0.284859482E+00
 0.245468300E+00
n_i_04
 0.114810409E+12 0.114803223E+12 0.114775568E+12 0.114726775E+12 0.114657203E+12
 0.114568607E+12 0.114461059E+12 0.114334649E+12 0.114189448E+12 0.114023123E+12
 0.113838330E+12 0.113635222E+12 0.113413965E+12 0.113174743E+12 0.112916515E+12
 0.112639637E+12 0.112345415E+12 0.112034167E+12 0.111706079E+12 0.111361485E+12
 0.110999058E+12 0.110620150E+12 0.110225646E+12 0.109815838E+12 0.109391031E+12
 0.108951549E+12 0.108509248E+12 0.108085142E+12 0.107673326E+12 0.107254952E+12
 0.106812318E+12 0.106337853E+12 0.105843505E+12 0.105352144E+12 0.104889388E+12
 0.104464861E+12 0.104069618E+12 0.103689108E+12 0.103310445E+12 0.102921536E+12
 0.102512805E+12 0.102077323E+12 0.101608438E+12 0.101097109E+12 0.100537934E+12
 0.999234948E+11 0.992498848E+11 0.985151567E+11 0.977194138E+11 0.968699664E+11
 0.959781168E+11 0.950525954E+11 0.940999920E+11 0.931257699E+11 0.921329664E+11
 0.911247912E+11 0.901058707E+11 0.890811132E+11 0.880563932E+11 0.870379295E+11
 0.860298244E+11 0.850341973E+11 0.840525919E+11 0.830856122E+11 0.821323821E+11
 0.811918326E+11 0.802635365E+11 0.793473953E+11 0.784433893E+11 0.775516537E+11
 0.766723870E+11 0.758057739E+11 0.749519426E+11 0.741112604E+11 0.732847256E+11
 0.724721934E+11 0.716728697E+11 0.708854871E+11 0.701087459E+11 0.693406385E+11
 0.685771747E+11 0.678098069E+11 0.670418630E+11 0.662773151E+11 0.655198108E+11
 0.647640202E+11 0.635764793E+11 0.619711961E+11 0.601014667E+11 0.580602974E+11
 0.557872408E+11 0.533959625E+11 0.509518702E+11 0.484859102E+11 0.461157048E+11
 0.438805835E+11 0.417975271E+11 0.400296327E+11 0.384443984E+11 0.370854307E+11
 0.368359672E+11
t_i_04
 0.235066197E+02 0.234959685E+02 0.234550101E+02 0.233828957E+02 0.232804250E+02
 0.231504886E+02 0.229935794E+02 0.228102866E+02 0.226012475E+02 0.223640431E+02
 0.221029832E+02 0.218190209E+02 0.215131802E+02 0.211865529E+02 0.208389804E+02
 0.204719947E+02 0.200880299E+02 0.196884757E+02 0.192745692E+02 0.188477343E+02
 0.184082342E+02 0.179583459E+02 0.174998707E+02 0.170341339E+02 0.165624492E+02
 0.160861220E+02 0.156107300E+02 0.151474964E+02 0.147005994E+02 0.142703575E+02
 0.138570442E+02 0.134606956E+02 0.130810022E+02 0.127179758E+02 0.123716473E+02
 0.120405769E+02 0.117242801E+02 0.114220560E+02 0.111331328E+02 0.108566496E+02
 0.105916604E+02 0.103375440E+02 0.100940860E+02 0.986148898E+01 0.963894535E+01
 0.942630289E+01 0.922328195E+01 0.902958483E+01 0.884490730E+01 0.866900197E+01
 0.850140612E+01 0.834146369E+01 0.818843314E+01 0.804150693E+01 0.789979231E+01
 0.776272401E+01 0.763006145E+01 0.750163761E+01 0.737747928E+01 0.725780074E+01
 0.714263690E+01 0.703177716E+01 0.692494815E+01 0.682180129E+01 0.672189403E+01
 0.662483608E+01 0.653034343E+01 0.643818099E+01 0.634814766E+01 0.626010099E+01
 0.617393202E+01 0.608952343E+01 0.600674208E+01 0.592549084E+01 0.584562898E+01
 0.576694213E+01 0.568935595E+01 0.561283401E+01 0.553735196E+01 0.546292717E+01
 0.538967132E+01 0.531792164E+01 0.524746803E+01 0.517812284E+01 0.510972006E+01
 0.504033641E+01 0.487772741E+01 0.462878498E+01 0.432587097E+01 0.398793840E+01
 0.359639697E+01 0.317210852E+01 0.273021541E+01 0.227698501E+01 0.184137123E+01
 0.143520702E+01 0.106279946E+01 0.761833162E+00 0.499445320E+00 0.284859482E+00
 0.245468300E+00
n_i_05
 0.574052045E+13 0.574016116E+13 0.573877839E+13 0.573633873E+13 0.573286015E+13
 0.572843033E+13 0.572305296E+13 0.571673246E+13 0.570947239E+13 0.570115615E+13
 0.569191651E+13 0.568176109E+13 0.567069825E+13 0.565873716E+13 0.564582576E+13
 0.563198183E+13 0.561727076E+13 0.560170833E+13 0.558530397E+13 0.556807424E+13
 0.554995290E+13 0.553100750E+13 0.551128228E+13 0.549079190E+13 0.546955156E+13
 0.544757746E+13 0.542546242E+13 0.540425712E+13 0.538366630E+13 0.536274760E+13
 0.534061591E+13 0.531689266E+13 0.529217526E+13 0.526760719E+13 0.524446941E+13
 0.522324305E+13 0.520348092E+13 0.518445539E+13 0.516552226E+13 0.514607681E+13
 0.512564023E+13 0.510386616E+13 0.508042192E+13 0.505485547E+13 0.502689670E+13
 0.499617474E+13 0.496249424E+13 0.492575784E+13 0.488597069E+13 0.484349832E+13
 0.479890584E+13 0.475262977E+13 0.470499960E+13 0.465628849E+13 0.460664832E+13
 0.455623956E+13 0.450529354E+13 0.445405566E+13 0.440281966E+13 0.435189647E+13
 0.430149122E+13 0.425170987E+13 0.420262959E+13 0.415428061E+13 0.410661911E+13
 0.405959163E+13 0.401317683E+13 0.396736977E+13 0.392216946E+13 0.387758268E+13
 0.383361935E+13 0.379028869E+13 0.374759713E+13 0.370556302E+13 0.366423628E+13
 0.362360967E+13 0.358364348E+13 0.354427436E+13 0.350543730E+13 0.346703193E+13
 0.342885874E+13 0.339049035E+13 0.335209315E+13 0.331386576E+13 0.327599054E+13
 0.323820101E+13 0.317882396E+13 0.309855981E+13 0.300507333E+13 0.290301487E+13
 0.278936204E+13 0.266979813E+13 0.254759351E+13 0.242429551E+13 0.230578524E+13
 0.219402918E+13 0.208987636E+13 0.200148164E+13 0.192221992E+13 0.185427154E+13
 0.184179836E+13
t_i_05
 0.235066197E+02 0.234959685E+02 0.234550101E+02 0.233828957E+02 0.232804250E+02
 0.231504886E+02 0.229935794E+02 0.228102866E+02 0.226012475E+02 0.223640431E+02
 0.221029832E+02 0.218190209E+02 0.215131802E+02 0.211865529E+02 0.208389804E+02
 0.204719947E+02 0.200880299E+02 0.196884757E+02 0.192745692E+02 0.188477343E+02
 0.184082342E+02 0.179583459E+02 0.174998707E+02 0.170341339E+02 0.165624492E+02
 0.160861220E+02 0.156107300E+02 0.151474964E+02 0.147005994E+02 0.142703575E+02
 0.138570442E+02 0.134606956E+02 0.130810022E+02 0.127179758E+02 0.123716473E+02
 0.120405769E+02 0.117242801E+02 0.114220560E+02 0.111331328E+02 0.108566496E+02
 0.105916604E+02 0.103375440E+02 0.100940860E+02 0.986148898E+01 0.963894535E+01
 0.942630289E+01 0.922328195E+01 0.902958483E+01 0.884490730E+01 0.866900197E+01
 0.850140612E+01 0.834146369E+01 0.818843314E+01 0.804150693E+01 0.789979231E+01
 0.776272401E+01 0.763006145E+01 0.750163761E+01 0.737747928E+01 0.725780074E+01
 0.714263690E+01 0.703177716E+01 0.692494815E+01 0.682180129E+01 0.672189403E+01
 0.662483608E+01 0.653034343E+01 0.643818099E+01 0.634814766E+01 0.626010099E+01
 0.617393202E+01 0.608952343E+01 0.600674208E+01 0.592549084E+01 0.584562898E+01
 0.576694213E+01 0.568935595E+01 0.561283401E+01 0.553735196E+01 0.546292717E+01
 0.538967132E+01 0.531792164E+01 0.524746803E+01 0.517812284E+01 0.510972006E+01
 0.504033641E+01 0.487772741E+01 0.462878498E+01 0.432587097E+01 0.398793840E+01
 0.359639697E+01 0.317210852E+01 0.273021541E+01 0.227698501E+01 0.184137123E+01
 0.143520702E+01 0.106279946E+01 0.761833162E+00 0.499445320E+00 0.284859482E+00
 0.245468300E+00
n_i_06
 0.299257368E+14 0.299212446E+14 0.299051786E+14 0.298809312E+14 0.298531135E+14
 0.298231062E+14 0.297851608E+14 0.297293417E+14 0.296448516E+14 0.295065992E+14
 0.293022267E+14 0.290297944E+14 0.286931449E+14 0.282963096E+14 0.278398559E+14
 0.273272652E+14 0.267638713E+14 0.261536609E+14 0.255041372E+14 0.248218729E+14
 0.241070434E+14 0.233642803E+14 0.225922310E+14 0.217865628E+14 0.209482244E+14
 0.200810859E+14 0.191992513E+14 0.183289224E+14 0.174767843E+14 0.166392504E+14
 0.158140820E+14 0.150024399E+14 0.142102588E+14 0.134459193E+14 0.127174516E+14
 0.120260336E+14 0.113700802E+14 0.107459122E+14 0.101500713E+14 0.957921714E+13
 0.903044356E+13 0.850259734E+13 0.799598625E+13 0.751191049E+13 0.704975109E+13
 0.661020260E+13 0.619322711E+13 0.579839460E+13 0.542515441E+13 0.507317285E+13
 0.474195915E+13 0.443072970E+13 0.413845252E+13 0.386395905E+13 0.360593770E+13
 0.336353029E+13 0.313625894E+13 0.292365924E+13 0.272544271E+13 0.254141387E+13
 0.237099233E+13 0.221324674E+13 0.206720208E+13 0.193184099E+13 0.180608560E+13
 0.168898646E+13 0.157978670E+13 0.147784174E+13 0.138258221E+13 0.129352456E+13
 0.121024210E+13 0.113232994E+13 0.105939799E+13 0.991247844E+12 0.927714149E+12
 0.868123773E+12 0.812193647E+12 0.759667992E+12 0.710313576E+12 0.663916745E+12
 0.620318567E+12 0.579785308E+12 0.541652682E+12 0.505781008E+12 0.472038091E+12
 0.439744277E+12 0.380731519E+12 0.304236999E+12 0.225898989E+12 0.155313354E+12
 0.999308628E+11 0.590005102E+11 0.296937010E+11 0.125425155E+11 0.544874257E+10
 0.157904813E+10 0.304242057E+09 0.937675180E+08 0.658733816E+07 0.105361225E+07
 0.377949585E+05
t_i_06
 0.235066197E+02 0.234959685E+02 0.234550101E+02 0.233828957E+02 0.232804250E+02
 0.231504886E+02 0.229935794E+02 0.228102866E+02 0.226012475E+02 0.223640431E+02
 0.221029832E+02 0.218190209E+02 0.215131802E+02 0.211865529E+02 0.208389804E+02
 0.204719947E+02 0.200880299E+02 0.196884757E+02 0.192745692E+02 0.188477343E+02
 0.184082342E+02 0.179583459E+02 0.174998707E+02 0.170341339E+02 0.165624492E+02
 0.160861220E+02 0.156107300E+02 0.151474964E+02 0.147005994E+02 0.142703575E+02
 0.138570442E+02 0.134606956E+02 0.130810022E+02 0.127179758E+02 0.123716473E+02
 0.120405769E+02 0.117242801E+02 0.114220560E+02 0.111331328E+02 0.108566496E+02
 0.105916604E+02 0.103375440E+02 0.100940860E+02 0.986148898E+01 0.963894535E+01
 0.942630289E+01 0.922328195E+01 0.902958483E+01 0.884490730E+01 0.866900197E+01
 0.850140612E+01 0.834146369E+01 0.818843314E+01 0.804150693E+01 0.789979231E+01
 0.776272401E+01 0.763006145E+01 0.750163761E+01 0.737747928E+01 0.725780074E+01
 0.714263690E+01 0.703177716E+01 0.692494815E+01 0.682180129E+01 0.672189403E+01
 0.662483608E+01 0.653034343E+01 0.643818099E+01 0.634814766E+01 0.626010099E+01
 0.617393202E+01 0.608952343E+01 0.600674208E+01 0.592549084E+01 0.584562898E+01
 0.576694213E+01 0.568935595E+01 0.561283401E+01 0.553735196E+01 0.546292717E+01
 0.538967132E+01 0.531792164E+01 0.524746803E+01 0.517812284E+01 0.510972006E+01
 0.504033641E+01 0.487772741E+01 0.462878498E+01 0.432587097E+01 0.398793840E+01
 0.359639697E+01 0.317210852E+01 0.273021541E+01 0.227698501E+01 0.184137123E+01
 0.143520702E+01 0.106279946E+01 0.761833162E+00 0.499445320E+00 0.284859482E+00
 0.245468300E+00
n_i_07
 0.000000000E+00 0.000000000E+00 0.000000000E+00 0.000000000E+00 0.000000000E+00
 0.000000000E+00 0.000000000E+00 0.000000000E+00 0.000000000E+00 0.000000000E+00
 0.000000000E+00 0.000000000E+00 0.000000000E+00 0.000000000E+00 0.000000000E+00
 0.000000000E+00 0.000000000E+00 0.000000000E+00 0.000000000E+00 0.000000000E+00
 0.000000000E+00 0.000000000E+00 0.000000000E+00 0.000000000E+00 0.000000000E+00
 0.000000000E+00 0.000000000E+00 0.000000000E+00 0.000000000E+00 0.000000000E+00
 0.000000000E+00 0.000000000E+00 0.000000000E+00 0.000000000E+00 0.000000000E+00
 0.000000000E+00 0.000000000E+00 0.000000000E+00 0.000000000E+00 0.000000000E+00
 0.000000000E+00 0.000000000E+00 0.000000000E+00 0.000000000E+00 0.000000000E+00
 0.000000000E+00 0.000000000E+00 0.000000000E+00 0.000000000E+00 0.000000000E+00
 0.000000000E+00 0.000000000E+00 0.000000000E+00 0.000000000E+00 0.000000000E+00
 0.000000000E+00 0.000000000E+00 0.000000000E+00 0.000000000E+00 0.000000000E+00
 0.000000000E+00 0.000000000E+00 0.000000000E+00 0.000000000E+00 0.000000000E+00
 0.000000000E+00 0.000000000E+00 0.000000000E+00 0.000000000E+00 0.000000000E+00
 0.000000000E+00 0.000000000E+00 0.000000000E+00 0.000000000E+00 0.000000000E+00
 0.000000000E+00 0.000000000E+00 0.000000000E+00 0.000000000E+00 0.000000000E+00
 0.000000000E+00 0.000000000E+00 0.000000000E+00 0.000000000E+00 0.000000000E+00
 0.000000000E+00 0.000000000E+00 0.000000000E+00 0.000000000E+00 0.000000000E+00
 0.000000000E+00 0.000000000E+00 0.000000000E+00 0.000000000E+00 0.000000000E+00
 0.000000000E+00 0.000000000E+00 0.000000000E+00 0.000000000E+00 0.000000000E+00
 0.000000000E+00
t_i_07
 0.000000000E+00 0.000000000E+00 0.000000000E+00 0.000000000E+00 0.000000000E+00
 0.000000000E+00 0.000000000E+00 0.000000000E+00 0.000000000E+00 0.000000000E+00
 0.000000000E+00 0.000000000E+00 0.000000000E+00 0.000000000E+00 0.000000000E+00
 0.000000000E+00 0.000000000E+00 0.000000000E+00 0.000000000E+00 0.000000000E+00
 0.000000000E+00 0.000000000E+00 0.000000000E+00 0.000000000E+00 0.000000000E+00
 0.000000000E+00 0.000000000E+00 0.000000000E+00 0.000000000E+00 0.000000000E+00
 0.000000000E+00 0.000000000E+00 0.000000000E+00 0.000000000E+00 0.000000000E+00
 0.000000000E+00 0.000000000E+00 0.000000000E+00 0.000000000E+00 0.000000000E+00
 0.000000000E+00 0.000000000E+00 0.000000000E+00 0.000000000E+00 0.000000000E+00
 0.000000000E+00 0.000000000E+00 0.000000000E+00 0.000000000E+00 0.000000000E+00
 0.000000000E+00 0.000000000E+00 0.000000000E+00 0.000000000E+00 0.000000000E+00
 0.000000000E+00 0.000000000E+00 0.000000000E+00 0.000000000E+00 0.000000000E+00
 0.000000000E+00 0.000000000E+00 0.000000000E+00 0.000000000E+00 0.000000000E+00
 0.000000000E+00 0.000000000E+00 0.000000000E+00 0.000000000E+00 0.000000000E+00
 0.000000000E+00 0.000000000E+00 0.000000000E+00 0.000000000E+00 0.000000000E+00
 0.000000000E+00 0.000000000E+00 0.000000000E+00 0.000000000E+00 0.000000000E+00
 0.000000000E+00 0.000000000E+00 0.000000000E+00 0.000000000E+00 0.000000000E+00
 0.000000000E+00 0.000000000E+00 0.000000000E+00 0.000000000E+00 0.000000000E+00
 0.000000000E+00 0.000000000E+00 0.000000000E+00 0.000000000E+00 0.000000000E+00
 0.000000000E+00 0.000000000E+00 0.000000000E+00 0.000000000E+00 0.000000000E+00
 0.000000000E+00
n_i_08
 0.000000000E+00 0.000000000E+00 0.000000000E+00 0.000000000E+00 0.000000000E+00
 0.000000000E+00 0.000000000E+00 0.000000000E+00 0.000000000E+00 0.000000000E+00
 0.000000000E+00 0.000000000E+00 0.000000000E+00 0.000000000E+00 0.000000000E+00
 0.000000000E+00 0.000000000E+00 0.000000000E+00 0.000000000E+00 0.000000000E+00
 0.000000000E+00 0.000000000E+00 0.000000000E+00 0.000000000E+00 0.000000000E+00
 0.000000000E+00 0.000000000E+00 0.000000000E+00 0.000000000E+00 0.000000000E+00
 0.000000000E+00 0.000000000E+00 0.000000000E+00 0.000000000E+00 0.000000000E+00
 0.000000000E+00 0.000000000E+00 0.000000000E+00 0.000000000E+00 0.000000000E+00
 0.000000000E+00 0.000000000E+00 0.000000000E+00 0.000000000E+00 0.000000000E+00
 0.000000000E+00 0.000000000E+00 0.000000000E+00 0.000000000E+00 0.000000000E+00
 0.000000000E+00 0.000000000E+00 0.000000000E+00 0.000000000E+00 0.000000000E+00
 0.000000000E+00 0.000000000E+00 0.000000000E+00 0.000000000E+00 0.000000000E+00
 0.000000000E+00 0.000000000E+00 0.000000000E+00 0.000000000E+00 0.000000000E+00
 0.000000000E+00 0.000000000E+00 0.000000000E+00 0.000000000E+00 0.000000000E+00
 0.000000000E+00 0.000000000E+00 0.000000000E+00 0.000000000E+00 0.000000000E+00
 0.000000000E+00 0.000000000E+00 0.000000000E+00 0.000000000E+00 0.000000000E+00
 0.000000000E+00 0.000000000E+00 0.000000000E+00 0.000000000E+00 0.000000000E+00
 0.000000000E+00 0.000000000E+00 0.000000000E+00 0.000000000E+00 0.000000000E+00
 0.000000000E+00 0.000000000E+00 0.000000000E+00 0.000000000E+00 0.000000000E+00
 0.000000000E+00 0.000000000E+00 0.000000000E+00 0.000000000E+00 0.000000000E+00
 0.000000000E+00
t_i_08
 0.000000000E+00 0.000000000E+00 0.000000000E+00 0.000000000E+00 0.000000000E+00
 0.000000000E+00 0.000000000E+00 0.000000000E+00 0.000000000E+00 0.000000000E+00
 0.000000000E+00 0.000000000E+00 0.000000000E+00 0.000000000E+00 0.000000000E+00
 0.000000000E+00 0.000000000E+00 0.000000000E+00 0.000000000E+00 0.000000000E+00
 0.000000000E+00 0.000000000E+00 0.000000000E+00 0.000000000E+00 0.000000000E+00
 0.000000000E+00 0.000000000E+00 0.000000000E+00 0.000000000E+00 0.000000000E+00
 0.000000000E+00 0.000000000E+00 0.000000000E+00 0.000000000E+00 0.000000000E+00
 0.000000000E+00 0.000000000E+00 0.000000000E+00 0.000000000E+00 0.000000000E+00
 0.000000000E+00 0.000000000E+00 0.000000000E+00 0.000000000E+00 0.000000000E+00
 0.000000000E+00 0.000000000E+00 0.000000000E+00 0.000000000E+00 0.000000000E+00
 0.000000000E+00 0.000000000E+00 0.000000000E+00 0.000000000E+00 0.000000000E+00
 0.000000000E+00 0.000000000E+00 0.000000000E+00 0.000000000E+00 0.000000000E+00
 0.000000000E+00 0.000000000E+00 0.000000000E+00 0.000000000E+00 0.000000000E+00
 0.000000000E+00 0.000000000E+00 0.000000000E+00 0.000000000E+00 0.000000000E+00
 0.000000000E+00 0.000000000E+00 0.000000000E+00 0.000000000E+00 0.000000000E+00
 0.000000000E+00 0.000000000E+00 0.000000000E+00 0.000000000E+00 0.000000000E+00
 0.000000000E+00 0.000000000E+00 0.000000000E+00 0.000000000E+00 0.000000000E+00
 0.000000000E+00 0.000000000E+00 0.000000000E+00 0.000000000E+00 0.000000000E+00
 0.000000000E+00 0.000000000E+00 0.000000000E+00 0.000000000E+00 0.000000000E+00
 0.000000000E+00 0.000000000E+00 0.000000000E+00 0.000000000E+00 0.000000000E+00
 0.000000000E+00
