&INSTATE
  DENSITY_MODEL = 1 
  MODEL_SHAPE = 0 
  NBDRY = 15 
  USE_INPED = 0 
  R0 = 4.55 
  A0 = 1.2 
  KAPPA = 1.4 
  DELTA = -0.5 
  B0 = 11.0 
  IP = 10.0 
  N_ION = 2 
  Z_ION = 1 1 
  A_ION = 2 3 
  F_ION = 0.5 0.5 
  N_IMP = 4 
  Z_IMP = 74 36 2 2 
  A_IMP = 184 84 3 4 
  F_IMP = 1.5e-05 0.0004 0.02 0.0 
  N_MIN = 0 
  Z_MIN = 1 
  A_MIN = 1 
  N_BEAM = 1 
  Z_BEAM = 1 
  A_BEAM = 2 
  N_FUSION = 1 
  Z_FUSION = 2 
  A_FUSION = 4 
  NRHO = 101 
  NE_AXIS = 30.1 
  NE_PED = 16.0 
  NE_SEP = 9.0 
  NE_ALPHA = 1.5 
  NE_BETA = 1.1 
  NE_FIT = 1 
  NE_XMID = 0.95 
  NE_XWID = 0.1 
  TE_AXIS = 28.0 
  TE_PED = 5.0 
  TE_SEP = 0.08 
  TE_ALPHA = 1.5 
  TE_BETA = 1.5 
  TE_FIT = 1 
  TE_XMID = 0.95 
  TE_XWID = 0.1 
  TI_AXIS = 28.0 
  TI_PED = 5.0 
  TI_SEP = 0.08 
  TI_ALPHA = 1.5 
  TI_BETA = 1.5 
  TI_FIT = 1 
  TI_XMID = 0.95 
  TI_XWID = 0.1 
  ZEFF_AXIS = 2.26 
  OMEGA_AXIS = 5000.0 
  OMEGA_SEP = 0.0 
  OMEGA_ALPHA = 1.5 
  OMEGA_BETA = 1.5 
  JPAR_AXIS = 1.0 
  JPAR_SEP = 0.05 
  JPAR_ALPHA = 2.0 
  JPAR_BETA = 1.0 
  NBEAM_AXIS = 0.0 
  NBEAM_SEP = 0.0 
  NBEAM_ALPHA = 1.5 
  NBEAM_BETA = 1.5 
  TBEAMI = 20.0 20.0 20.0 20.0 20.0 20.0 20.0 20.0 20.0 20.0 20.0 20.0  
    20.0 20.0 20.0 20.0 20.0 20.0 20.0 20.0 20.0 20.0 20.0 20.0 20.0  
    20.0 20.0 20.0 20.0 20.0 20.0 20.0 20.0 20.0 20.0 20.0 20.0 20.0  
    20.0 20.0 20.0 20.0 20.0 20.0 20.0 20.0 20.0 20.0 20.0 20.0 20.0  
    20.0 20.0 20.0 20.0 20.0 20.0 20.0 20.0 20.0 20.0 20.0 20.0 20.0  
    20.0 20.0 20.0 20.0 20.0 20.0 20.0 20.0 20.0 20.0 20.0 20.0 20.0  
    20.0 20.0 20.0 20.0 20.0 20.0 20.0 20.0 20.0 20.0 20.0 20.0 20.0  
    20.0 20.0 20.0 20.0 20.0 20.0 20.0 20.0 20.0 20.0 20.0 
  BETAN_PED = -1.0 
  XMID = 0.95 
  XWID = 0.1 
  PRESSURE_MODEL = 'full' 
  H98_TARGET = 0.8 
  BETAN_TARGET = 1.25 
  BETAN_BEAM_TARGET = 0.0 
  CURRENT_MODEL = 'broad' 
  RHO_JBDRY = 0.85 
  RHO_JPEAK = 0.65 
  JAXIS = 0.6 
  JAXIS_PRIME = 1.0 
  JBDRY_PRIME = -1.0 
  RBDRY = 5.75 5.717889612279765 5.599231274196216 5.333894952548324  
    4.862048988436734 4.215741544340384 3.606248672667517  
    3.3499999999999996 3.606248672667517 4.215741544340384  
    4.862048988436735 5.333894952548324 5.599231274196216  
    5.717889612279765 5.75 
  ZBDRY = 0.0 0.7289246817174976 1.3134768905462901 1.6378788924654637  
    1.6378788924654637 1.3134768905462901 0.7289246817174978  
    2.0574066225675533e-16 -0.7289246817174975 -1.31347689054629  
    -1.6378788924654637 -1.6378788924654637 -1.3134768905462901  
    -0.728924681717498 0.0 
  NLIM = 5 
  RLIM = 6.0 3.5 3.5 6.0 6.0 
  ZLIM = 1.93 1.93 -1.93 -1.93 1.93 
  NE = 29.90120643342052 29.89967111427253 29.89506562981099  
    29.887391398740334 29.876650784758656 29.862847095344375  
    29.845984580058754 29.82606842836557 29.803104766969422  
    29.777100656674627 29.748064088766963 29.716003980920828  
    29.680930172634763 29.642853420198644 29.601785391196067  
    29.557738658545944 29.510726694087513 29.46076386171338  
    29.40786541005546 29.352047464729065 29.293327020140627  
    29.23172193086491 29.167250902597836 29.09993348269129  
    29.02979005027671 28.956841805984332 28.881110761265447  
    28.80261972732513 28.721392303673262 28.637452866301874  
    28.550826555497135 28.463999167199283 28.37838281922264  
    28.292392700393233 28.2044439995371 28.112951905480262  
    28.01682856088089 27.916525610657754 27.81276749702785  
    27.70627866220815 27.597783548415634 27.488512429753523  
    27.378448296182228 27.26644466370451 27.151355048323147  
    27.032032966040887 26.907620411379845 26.77712765379141  
    26.639210621672298 26.492525243419227 26.335727447428905  
    26.166087536807684 25.981308430479288 25.780694980566494  
    25.563552039192093 25.32918445847886 25.07969787226311  
    24.81895898322085 24.54891424673438 24.271510118186022  
    23.98869305295808 23.702062193873378 23.412543979306246  
    23.12107580796625 22.82859507856298 22.536039189805997  
    22.2441508464751 21.953294648387445 21.663840836808642  
    21.376159653004326 21.090621338240112 20.807401625870266  
    20.526495843025074 20.24800362163419 19.972024593627268  
    19.698658390933975 19.428098328304227 19.160248479151726  
    18.894774613401825 18.63134250097987 18.369617911811197  
    18.107538071407575 17.844769763127154 17.583573093664874  
    17.32620816971568 17.07493509797451 16.844774410687485  
    16.64154519588107 16.45370539392071 16.26971294517187 16.07802579  
    15.55000966 14.92370827 14.19496073 13.375913939999991  
    12.499507919999989 11.61672767 10.78499543 10.05242721 9.446403437  
    8.971580148 
  TE = 20.504848682611705 20.497926243576273 20.477172945411134  
    20.44263079763312 20.394369658638187 20.33248700028393  
    20.25710757986164 20.168383021002978 20.066491305491866  
    19.951636178365515 19.824046469087744 19.68397533195998  
    19.531699409298778 19.367517921250933 19.191751686436707  
    19.004742077905995 18.80684991916051 18.598454325235355  
    18.379951494044597 18.151753453376816 17.914286769077066  
    17.667991220070785 17.413318445972564 17.150730573078132  
    16.88069882456162 16.603702120692247 16.32022567484565  
    16.030759591015855 15.735797468435162 15.43583501878201  
    15.131368701302682 14.826394489436337 14.524807611668367  
    14.226953162736246 13.933176237377463 13.643821930329501  
    13.359113292997636 13.078950396001353 12.803193862899459  
    12.531704317250759 12.264342382614055 12.000532712541087  
    11.740068934843643 11.483365134470592 11.23083539637081  
    10.982893805493177 10.740875713726599 10.505752004595392  
    10.277390060501551 10.055657263847067 9.840420997033931  
    9.63068460736618 9.425593059416745 9.225226161490959  
    9.029663721894162 8.838985548931683 8.653878848998152  
    8.475117192959036 8.302909935825943 8.137466432610477  
    7.978996038324238 7.8276299851994535 7.683158985352486  
    7.545281613621156 7.413696444843279 7.288102053856676  
    7.1681718681304325 7.053440166320477 6.9433968000448845  
    6.837531620921738 6.735334480569114 6.636435712560607  
    6.540610370980926 6.447565388214828 6.35700769664707  
    6.268644228662406 6.182272688666588 6.097669458472596  
    6.014509486576025 5.932467721472474 5.851219111657539  
    5.770290617066687 5.689199741551807 5.607607249483125  
    5.52517390523087 5.4415604731652705 5.355827592927432  
    5.267891539343779 5.17869652956252 5.089186780731858 5.00030651  
    4.667401808 4.263378837 3.773489598 3.1969283009999927  
    2.557196744999993 1.903611773 1.296779938 0.7849530031 0.3886620175  
    0.1022745834 
  TI = 25.0772385647493 25.06512977643508 25.028838481277543  
    24.96846971940317 24.88419799473605 24.776266434557947  
    24.644985620837268 24.490732101188836 24.313946589455814  
    24.115131867947895 23.89485040530954 23.653721705811876  
    23.392419407547187 23.111668148542307 22.812240221184158  
    22.49495203655743 22.16066042132196 21.810258770599027  
    21.444673080986597 21.064857888280493 20.67179213474045  
    20.26647499080752 19.849921656055237 19.423159163845526  
    18.987222213667465 18.543149054470874 18.09197744147592  
    17.634740687955535 17.172463832361093 16.706159939906335  
    16.23682655635398 15.773706095802554 15.325717643130558  
    14.893360066112415 14.477132232522562 14.077533010135433  
    13.694899041386693 13.328448003151488 12.977000314863478  
    12.639376395956317 12.314396665863667 11.999746805296455  
    11.69421253109996 11.398264316909362 11.112372636359842  
    10.837007963086574 10.574388801746757 10.325841232192355  
    10.0904970908507 9.867488214149127 9.655946438514968  
    9.454304896795017 9.261187617670787 9.076012781321694  
    8.898198567927148 8.727163157666569 8.56259033192025  
    8.404340651583848 8.252097466109818 8.105544124950613  
    7.9643639775586905 7.82822891420936 7.696850616325945  
    7.569972120082919 7.44733646165475 7.328686677215912  
    7.2138007433201565 7.102468289658623 6.994449832111862  
    6.889505886560426 6.787396968884865 6.687868495274889  
    6.590702286971901 6.495713467434002 6.402717160119288  
    6.311528488485859 6.222014620110374 6.134025279651895  
    6.047349426192119 5.961776018812745 5.87709401659547  
    5.793095022767535 5.70946104440732 5.625816646373233  
    5.5417863935236875 5.456994850717093 5.369522997172781  
    5.278668555854251 5.185881207236167 5.092610631793194 5.00030651  
    4.667401808 4.263378837 3.773489598 3.1969283009999927  
    2.557196744999993 1.903611773 1.296779938 0.7849530031 0.3886620175  
    0.1022745834 
  OMEGA = 4992.501875 4992.501875 4978.801804 4961.079526 4940.12016  
    4916.382264 4890.178959 4861.74318 4831.258024 4798.873089  
    4764.714177 4728.889466 4691.493659 4652.610886 4612.316799  
    4570.680145 4527.763951 4483.626454 4438.321832 4391.900796  
    4344.411068 4295.897774 4246.403778 4195.969955 4144.635428  
    4092.437767 4039.413164 3985.596584 3931.021896 3875.721988  
    3819.72887 3763.073767 3705.787199 3647.899055 3589.43866  
    3530.4348369999993 3470.91596 3410.910006 3350.444605 3289.54708  
    3228.244492 3166.5636739999995 3104.531273 3042.173783 2979.517575  
    2916.588934 2853.414088 2790.0192379999994 2726.430588 2662.674375  
    2598.776897 2534.764544 2470.663824 2406.501396 2342.304099  
    2278.098979 2213.913327 2149.774706999999 2085.710992 2021.750397  
    1957.921519 1894.253376 1830.775447 1767.517715 1704.510722  
    1641.785608 1579.374179 1517.308956 1455.623246 1394.3512129999992  
    1333.5279519999992 1273.18958 1213.373329 1154.117653 1095.462349  
    1037.448686 980.1195629 923.5196753 867.6957162 812.6966008  
    758.5737302 705.3812976 653.1766491999995 602.0207127999994  
    551.9785103 503.1197796 455.5197357 409.2600162 364.4298727  
    321.1276991 279.4630303 239.55922 201.557126 165.620359  
    131.94307479999966 100.76217029999968 72.37775876 47.19105135  
    25.78549737 9.151104569 3.218758593e-12 
  ZEFF = 1.864432419152102 1.864394123585447 1.864295067150986  
    1.8641588660858563 1.8640091884174017 1.8638699623009838  
    1.8637486509256247 1.8635851124004905 1.8633006295559307  
    1.8628132511315671 1.8620354029772375 1.8608192545648081  
    1.8590964079614944 1.8568878165249403 1.8542110633336533  
    1.8510834505668 1.8475659556910333 1.8437310396816697  
    1.8396247468490863 1.8353089062050438 1.8308642174963188  
    1.8263529113062977 1.821761424248288 1.8170732170664126  
    1.8122727170779664 1.8073452630667137 1.8022307197226568  
    1.796901040960405 1.7913897359548214 1.7857293301108912  
    1.7799511841660438 1.7741253457727395 1.768319559954315  
    1.7625616002519586 1.7568801103300784 1.7513042407919805  
    1.7458632798271874 1.7405653009449849 1.7354066066165663  
    1.7303820117850754 1.72548496692989 1.7206901130345031  
    1.7159891637083566 1.7114000067527397 1.7069399746911271  
    1.7026255574828915 1.6985007453110723 1.694593895300461  
    1.6908962115583084 1.687397709495977 1.6840874582801753  
    1.6809408460979116 1.677936743512861 1.6750685024587622  
    1.6723290909727024 1.66971123054015 1.667215179355644  
    1.664844925169573 1.6625980824601831 1.6604715825831144  
    1.6584618031563596 1.6565641251222714 1.6547733102286424  
    1.6530843890734557 1.65149234069076 1.6499921463856033  
    1.6485789718612873 1.647247801619314 1.6459935190660615  
    1.6448112125376773 1.6436961878622676 1.6426436964342361  
    1.6416494065068876 1.6407095719119582 1.6398206516027791  
    1.6389793079027741 1.638182815894625 1.6374282894619403  
    1.6367125003886258 1.6360324787315523 1.635385501785138  
    1.6347681855909144 1.6341778244988656 1.633612969010575  
    1.6330722724827837 1.6325544891956718 1.6320568236867719  
    1.631578282583457 1.6311202640431186 1.630684039355153  
    1.6302707630665725 1.6289954400553415 1.6277590177682864  
    1.6266590075190734 1.6258193103883907 1.6253134138188428  
    1.6250962310264745 1.6250381728274281 1.6250303502610315  
    1.6250300016003953 1.6250300000000004 
  J_OH = 0.0 0.0 0.0 0.0 0.0 0.0 0.0 0.0 0.0 0.0 0.0 0.0 0.0 0.0 0.0  
    0.0 0.0 0.0 0.0 0.0 0.0 0.0 0.0 0.0 0.0 0.0 0.0 0.0 0.0 0.0 0.0 0.0  
    0.0 0.0 0.0 0.0 0.0 0.0 0.0 0.0 0.0 0.0 0.0 0.0 0.0 0.0 0.0 0.0 0.0  
    0.0 0.0 0.0 0.0 0.0 0.0 0.0 0.0 0.0 0.0 0.0 0.0 0.0 0.0 0.0 0.0 0.0  
    0.0 0.0 0.0 0.0 0.0 0.0 0.0 0.0 0.0 0.0 0.0 0.0 0.0 0.0 0.0 0.0 0.0  
    0.0 0.0 0.0 0.0 0.0 0.0 0.0 0.0 0.0 0.0 0.0 0.0 0.0 0.0 0.0 0.0 0.0  
    0.0 
  J_BS = 67185.60337518292 100778.40506277439 168345.78723941025  
    227715.7722740754 273782.68746234325 312296.901716805  
    346114.4545749205 376715.85475508927 404919.6229042237  
    431206.211941104 455876.94617573166 479134.0122767088  
    501109.7390595574 521884.11249460455 541508.2347355689  
    560016.4446904552 577423.5112551323 593728.8476206997  
    608928.3719419299 623013.7600047713 635971.5208017165  
    647793.9004412737 658487.1994806484 668066.5628417784  
    676549.3012036858 683957.2947742749 690314.2032536203  
    695633.7352706387 699920.575247558 703183.763977881  
    699591.0476227418 684634.530377113 665989.963463163  
    649828.6408710273 635817.6536629627 623384.4061205989  
    611336.0209989018 598849.5685328139 585942.0219476634  
    572727.857392917 559470.6676669439 546783.3122915458  
    535038.1151292331 524131.79662333685 513927.7786109275  
    503289.8814405884 491572.93065514154 480399.2755367005  
    470913.7367543904 463018.04175129323 457850.01855674223  
    456174.7069271515 456150.11469172454 456354.32611494453  
    456789.86182673293 455965.0392799667 451708.31221507065  
    444556.3032289614 435802.22571886913 425595.53561473  
    414235.7182309657 402379.3318801782 390500.037882907  
    378656.41684852645 366871.75504283473 355233.1079043306  
    343999.06316738215 333365.1888617961 323334.9796844187  
    313888.1855177199 305013.7366208472 296692.1335606379  
    288882.4362992745 281553.6286191928 274688.7724440725  
    268198.82425484323 262095.06359037803 256581.37101629598  
    251757.83763290904 247601.43648017602 244628.74414417424  
    242880.96912189966 241101.93122727278 238537.1685427885  
    235220.81863506322 228299.74059674403 216937.59914538253  
    207002.811323365 202217.91092198848 202349.50509402168  
    424514.5949228071 694219.3993676095 789809.1036782933  
    867049.9631728586 895807.6163452949 852106.7672543154  
    734361.7638862653 566346.605917815 381510.5168239984  
    209862.41106673764 51690.95604165663 
  J_NB = 0.0 0.0 0.0 0.0 0.0 0.0 0.0 0.0 0.0 0.0 0.0 0.0 0.0 0.0 0.0  
    0.0 0.0 0.0 0.0 0.0 0.0 0.0 0.0 0.0 0.0 0.0 0.0 0.0 0.0 0.0 0.0 0.0  
    0.0 0.0 0.0 0.0 0.0 0.0 0.0 0.0 0.0 0.0 0.0 0.0 0.0 0.0 0.0 0.0 0.0  
    0.0 0.0 0.0 0.0 0.0 0.0 0.0 0.0 0.0 0.0 0.0 0.0 0.0 0.0 0.0 0.0 0.0  
    0.0 0.0 0.0 0.0 0.0 0.0 0.0 0.0 0.0 0.0 0.0 0.0 0.0 0.0 0.0 0.0 0.0  
    0.0 0.0 0.0 0.0 0.0 0.0 0.0 0.0 0.0 0.0 0.0 0.0 0.0 0.0 0.0 0.0 0.0  
    0.0 
  J_EC = 0.0 0.0 0.0 0.0 0.0 0.0 0.0 0.0 0.0 0.0 0.0 0.0 0.0 0.0 0.0  
    0.0 0.0 0.0 0.0 0.0 0.0 0.0 0.0 0.0 0.0 0.0 0.0 0.0 0.0 0.0 0.0 0.0  
    0.0 0.0 0.0 0.0 0.0 0.0 0.0 0.0 0.0 0.0 0.0 0.0 0.0 0.0 0.0 0.0 0.0  
    0.0 0.0 0.0 0.0 0.0 0.0 0.0 0.0 0.0 0.0 0.0 0.0 0.0 0.0 0.0 0.0 0.0  
    0.0 0.0 0.0 0.0 0.0 0.0 0.0 0.0 0.0 0.0 0.0 0.0 0.0 0.0 0.0 0.0 0.0  
    0.0 0.0 0.0 0.0 0.0 0.0 0.0 0.0 0.0 0.0 0.0 0.0 0.0 0.0 0.0 0.0 0.0  
    0.0 
  J_IC = 0.0 0.0 0.0 0.0 0.0 0.0 0.0 0.0 0.0 0.0 0.0 0.0 0.0 0.0 0.0  
    0.0 0.0 0.0 0.0 0.0 0.0 0.0 0.0 0.0 0.0 0.0 0.0 0.0 0.0 0.0 0.0 0.0  
    0.0 0.0 0.0 0.0 0.0 0.0 0.0 0.0 0.0 0.0 0.0 0.0 0.0 0.0 0.0 0.0 0.0  
    0.0 0.0 0.0 0.0 0.0 0.0 0.0 0.0 0.0 0.0 0.0 0.0 0.0 0.0 0.0 0.0 0.0  
    0.0 0.0 0.0 0.0 0.0 0.0 0.0 0.0 0.0 0.0 0.0 0.0 0.0 0.0 0.0 0.0 0.0  
    0.0 0.0 0.0 0.0 0.0 0.0 0.0 0.0 0.0 0.0 0.0 0.0 0.0 0.0 0.0 0.0 0.0  
    0.0 
  J_LH = 0.0 0.0 0.0 0.0 0.0 0.0 0.0 0.0 0.0 0.0 0.0 0.0 0.0 0.0 0.0  
    0.0 0.0 0.0 0.0 0.0 0.0 0.0 0.0 0.0 0.0 0.0 0.0 0.0 0.0 0.0 0.0 0.0  
    0.0 0.0 0.0 0.0 0.0 0.0 0.0 0.0 0.0 0.0 0.0 0.0 0.0 0.0 0.0 0.0 0.0  
    0.0 0.0 0.0 0.0 0.0 0.0 0.0 0.0 0.0 0.0 0.0 0.0 0.0 0.0 0.0 0.0 0.0  
    0.0 0.0 0.0 0.0 0.0 0.0 0.0 0.0 0.0 0.0 0.0 0.0 0.0 0.0 0.0 0.0 0.0  
    0.0 0.0 0.0 0.0 0.0 0.0 0.0 0.0 0.0 0.0 0.0 0.0 0.0 0.0 0.0 0.0 0.0  
    0.0 
  PE_NB = 0.0 0.0 0.0 0.0 0.0 0.0 0.0 0.0 0.0 0.0 0.0 0.0 0.0 0.0 0.0  
    0.0 0.0 0.0 0.0 0.0 0.0 0.0 0.0 0.0 0.0 0.0 0.0 0.0 0.0 0.0 0.0 0.0  
    0.0 0.0 0.0 0.0 0.0 0.0 0.0 0.0 0.0 0.0 0.0 0.0 0.0 0.0 0.0 0.0 0.0  
    0.0 0.0 0.0 0.0 0.0 0.0 0.0 0.0 0.0 0.0 0.0 0.0 0.0 0.0 0.0 0.0 0.0  
    0.0 0.0 0.0 0.0 0.0 0.0 0.0 0.0 0.0 0.0 0.0 0.0 0.0 0.0 0.0 0.0 0.0  
    0.0 0.0 0.0 0.0 0.0 0.0 0.0 0.0 0.0 0.0 0.0 0.0 0.0 0.0 0.0 0.0 0.0  
    0.0 
  PE_EC = 0.0 0.0 0.0 0.0 0.0 0.0 0.0 0.0 0.0 0.0 0.0 0.0 0.0 0.0 0.0  
    0.0 0.0 0.0 0.0 0.0 0.0 0.0 0.0 0.0 0.0 0.0 0.0 0.0 0.0 0.0 0.0 0.0  
    0.0 0.0 0.0 0.0 0.0 0.0 0.0 0.0 0.0 0.0 0.0 0.0 0.0 0.0 0.0 0.0 0.0  
    0.0 0.0 0.0 0.0 0.0 0.0 0.0 0.0 0.0 0.0 0.0 0.0 0.0 0.0 0.0 0.0 0.0  
    0.0 0.0 0.0 0.0 0.0 0.0 0.0 0.0 0.0 0.0 0.0 0.0 0.0 0.0 0.0 0.0 0.0  
    0.0 0.0 0.0 0.0 0.0 0.0 0.0 0.0 0.0 0.0 0.0 0.0 0.0 0.0 0.0 0.0 0.0  
    0.0 
  PE_IC = 0.0 0.0 0.0 0.0 0.0 0.0 0.0 0.0 0.0 0.0 0.0 0.0 0.0 0.0 0.0  
    0.0 0.0 0.0 0.0 0.0 0.0 0.0 0.0 0.0 0.0 0.0 0.0 0.0 0.0 0.0 0.0 0.0  
    0.0 0.0 0.0 0.0 0.0 0.0 0.0 0.0 0.0 0.0 0.0 0.0 0.0 0.0 0.0 0.0 0.0  
    0.0 0.0 0.0 0.0 0.0 0.0 0.0 0.0 0.0 0.0 0.0 0.0 0.0 0.0 0.0 0.0 0.0  
    0.0 0.0 0.0 0.0 0.0 0.0 0.0 0.0 0.0 0.0 0.0 0.0 0.0 0.0 0.0 0.0 0.0  
    0.0 0.0 0.0 0.0 0.0 0.0 0.0 0.0 0.0 0.0 0.0 0.0 0.0 0.0 0.0 0.0 0.0  
    0.0 
  PE_LH = 0.0 0.0 0.0 0.0 0.0 0.0 0.0 0.0 0.0 0.0 0.0 0.0 0.0 0.0 0.0  
    0.0 0.0 0.0 0.0 0.0 0.0 0.0 0.0 0.0 0.0 0.0 0.0 0.0 0.0 0.0 0.0 0.0  
    0.0 0.0 0.0 0.0 0.0 0.0 0.0 0.0 0.0 0.0 0.0 0.0 0.0 0.0 0.0 0.0 0.0  
    0.0 0.0 0.0 0.0 0.0 0.0 0.0 0.0 0.0 0.0 0.0 0.0 0.0 0.0 0.0 0.0 0.0  
    0.0 0.0 0.0 0.0 0.0 0.0 0.0 0.0 0.0 0.0 0.0 0.0 0.0 0.0 0.0 0.0 0.0  
    0.0 0.0 0.0 0.0 0.0 0.0 0.0 0.0 0.0 0.0 0.0 0.0 0.0 0.0 0.0 0.0 0.0  
    0.0 
  PE_FUS = 2360988.838918444 2361149.782419583 2361813.091178029  
    2363249.887608797 2365735.3027191297 2369552.082130576  
    2374772.492827215 2380584.8390549626 2385927.764712211  
    2389689.158430958 2390676.8064411776 2386844.1197094093  
    2377156.795207893 2361818.672727705 2341010.67307099  
    2314926.446825959 2284348.6473246273 2250193.6372656887  
    2212999.803968527 2173482.8824179065 2132565.8860575203  
    2090828.3595066597 2047980.1530769444 2003815.4064086352  
    1958135.9163149255 1910751.7777153703 1861032.2063460185  
    1808699.9609042925 1754098.2169649105 1697563.1979123962  
    1639422.180053096 1580546.3991775776 1521715.9702666183  
    1463133.349746866 1405024.8112790275 1347636.5425435647  
    1291254.2363261424 1236020.8450426417 1181962.8680985908  
    1129084.1551362607 1077367.533539495 1026615.7525713798  
    976753.6619843089 927936.8027786037 880323.3703118716  
    834070.5034586989 789632.2941538384 747302.0925630812  
    706984.8756204086 668576.5063729644 631965.7716350268  
    596876.8921406092 563087.2608310465 530556.9415515397  
    499241.36434489244 469092.91052596003 440185.6318429094  
    412649.16787591804 386504.1442244856 361754.8170789178  
    338391.48175189167 316383.0170301987 295680.53770233685  
    276235.41051097825 257995.69325218236 240907.1886344915  
    224913.83153066668 209953.84226142697 195964.74426694753  
    182886.20285496683 170660.27092744372 159227.0793430796  
    148529.9078758323 138519.62754205478 129149.99779738912  
    120377.60629501422 112165.62628162134 104475.13424497699  
    97264.58000221223 90496.11524176708 84135.34618894571  
    78136.74459707795 72470.3781358982 67126.86211867277  
    62095.86899855094 57366.29862317169 52954.53049044245  
    48851.244220394336 45013.311374033045 41406.6838158469  
    38005.52567302736 28025.003814431406 18683.06506557861  
    10729.24370795515 4965.669292366413 1691.8888655842568  
    373.3827417445531 43.43602204837639 1.758520751017124  
    0.007633496799248324 3.4062316048101527e-09 
  PE_IONIZATION = 0.0 0.0 0.0 0.0 0.0 0.0 0.0 0.0 0.0 0.0 0.0 0.0 0.0  
    0.0 0.0 0.0 0.0 0.0 0.0 0.0 0.0 0.0 0.0 0.0 0.0 0.0 0.0 0.0 0.0 0.0  
    0.0 0.0 0.0 0.0 0.0 0.0 0.0 0.0 0.0 0.0 0.0 0.0 0.0 0.0 0.0 0.0 0.0  
    0.0 0.0 0.0 0.0 0.0 0.0 0.0 0.0 0.0 0.0 0.0 0.0 0.0 0.0 0.0 0.0 0.0  
    0.0 0.0 0.0 0.0 0.0 0.0 0.0 0.0 0.0 0.0 0.0 0.0 0.0 0.0 0.0 0.0 0.0  
    0.0 0.0 0.0 0.0 0.0 0.0 0.0 0.0 0.0 0.0 0.0 0.0 0.0 0.0 0.0 0.0 0.0  
    0.0 0.0 0.0 
  P_RAD = -0.4673422355453354 -0.46727286239805454 -0.46706802654797974  
    -0.46673267571681276 -0.4662718088819084 -0.4656904944638393  
    -0.4649902042186572 -0.46415772979385905 -0.4631760496860297  
    -0.4620278216258352 -0.46069508260226033 -0.45914498597943065  
    -0.45735602293304384 -0.4553252407790314 -0.45304793580174896  
    -0.45051755905258106 -0.44773985583229875 -0.44473672029678457  
    -0.4415268713683675 -0.4381330214419416 -0.4345827686499325  
    -0.4308888837096304 -0.42704317124178076 -0.4230471559094691  
    -0.41890415814162046 -0.4146196435780339 -0.41018377715985505  
    -0.40559670865954534 -0.4008812571508804 -0.39606066410785895  
    -0.3911022580204802 -0.38591578301782203 -0.38097608674356637  
    -0.3762230574887404 -0.37159986350560653 -0.36705262686908763  
    -0.3625776175349587 -0.35820216840152885 -0.35392095305233495  
    -0.3497286162113388 -0.34561986927927296 -0.34160019670719755  
    -0.3376739357318733 -0.33383398632512723 -0.33007293653776093  
    -0.3263827685273877 -0.32276273156826363 -0.3191902808903381  
    -0.31562376013234156 -0.31202142034452496 -0.3083415280199833  
    -0.3045088207314748 -0.30045136407593276 -0.29613211752463103  
    -0.29151430192069067 -0.2865623992548943 -0.28130468199511827  
    -0.275821228937888 -0.2701566361794205 -0.2643556951622559  
    -0.25846325176871854 -0.25251736121114443 -0.2465577223194465  
    -0.2406354130964241 -0.23479434018863882 -0.22907115981988263  
    -0.22349265431344217 -0.21807373346553927 -0.21282645357012353  
    -0.20776141063702966 -0.20288750910551226 -0.19820877637807713  
    -0.1937245758771183 -0.1894359174389036 -0.18534413581245704  
    -0.18145070857247778 -0.17775090280581218 -0.17423178084180346  
    -0.17088037430977862 -0.16768642153771093 -0.16464213394745653  
    -0.1617158157057328 -0.15890857623983048 -0.15626457499048435  
    -0.15382434867259467 -0.15162357412049512 -0.1499395194984783  
    -0.14886886508766173 -0.1481695961937869 -0.1475877698336021  
    -0.1468571784227956 -0.14819639224580505 -0.14971230146576428  
    -0.1530997164940439 -0.16539683561762933 -0.20026621951468962  
    -0.23393738856581314 -0.21186983881764213 -0.22230236992352417  
    -0.5695477982107253 -0.21954066257665503 
  P_RAD_IMP = 0.0 0.0 0.0 0.0 0.0 0.0 0.0 0.0 0.0 0.0 0.0 0.0 0.0 0.0  
    0.0 0.0 0.0 0.0 0.0 0.0 0.0 0.0 0.0 0.0 0.0 0.0 0.0 0.0 0.0 0.0 0.0  
    0.0 0.0 0.0 0.0 0.0 0.0 0.0 0.0 0.0 0.0 0.0 0.0 0.0 0.0 0.0 0.0 0.0  
    0.0 0.0 0.0 0.0 0.0 0.0 0.0 0.0 0.0 0.0 0.0 0.0 0.0 0.0 0.0 0.0 0.0  
    0.0 0.0 0.0 0.0 0.0 0.0 0.0 0.0 0.0 0.0 0.0 0.0 0.0 0.0 0.0 0.0 0.0  
    0.0 0.0 0.0 0.0 0.0 0.0 0.0 0.0 0.0 0.0 0.0 0.0 0.0 0.0 0.0 0.0 0.0  
    0.0 0.0 
  PI_NB = 0.0 0.0 0.0 0.0 0.0 0.0 0.0 0.0 0.0 0.0 0.0 0.0 0.0 0.0 0.0  
    0.0 0.0 0.0 0.0 0.0 0.0 0.0 0.0 0.0 0.0 0.0 0.0 0.0 0.0 0.0 0.0 0.0  
    0.0 0.0 0.0 0.0 0.0 0.0 0.0 0.0 0.0 0.0 0.0 0.0 0.0 0.0 0.0 0.0 0.0  
    0.0 0.0 0.0 0.0 0.0 0.0 0.0 0.0 0.0 0.0 0.0 0.0 0.0 0.0 0.0 0.0 0.0  
    0.0 0.0 0.0 0.0 0.0 0.0 0.0 0.0 0.0 0.0 0.0 0.0 0.0 0.0 0.0 0.0 0.0  
    0.0 0.0 0.0 0.0 0.0 0.0 0.0 0.0 0.0 0.0 0.0 0.0 0.0 0.0 0.0 0.0 0.0  
    0.0 
  PI_IC = 0.0 0.0 0.0 0.0 0.0 0.0 0.0 0.0 0.0 0.0 0.0 0.0 0.0 0.0 0.0  
    0.0 0.0 0.0 0.0 0.0 0.0 0.0 0.0 0.0 0.0 0.0 0.0 0.0 0.0 0.0 0.0 0.0  
    0.0 0.0 0.0 0.0 0.0 0.0 0.0 0.0 0.0 0.0 0.0 0.0 0.0 0.0 0.0 0.0 0.0  
    0.0 0.0 0.0 0.0 0.0 0.0 0.0 0.0 0.0 0.0 0.0 0.0 0.0 0.0 0.0 0.0 0.0  
    0.0 0.0 0.0 0.0 0.0 0.0 0.0 0.0 0.0 0.0 0.0 0.0 0.0 0.0 0.0 0.0 0.0  
    0.0 0.0 0.0 0.0 0.0 0.0 0.0 0.0 0.0 0.0 0.0 0.0 0.0 0.0 0.0 0.0 0.0  
    0.0 
  PI_LH = 0.0 0.0 0.0 0.0 0.0 0.0 0.0 0.0 0.0 0.0 0.0 0.0 0.0 0.0 0.0  
    0.0 0.0 0.0 0.0 0.0 0.0 0.0 0.0 0.0 0.0 0.0 0.0 0.0 0.0 0.0 0.0 0.0  
    0.0 0.0 0.0 0.0 0.0 0.0 0.0 0.0 0.0 0.0 0.0 0.0 0.0 0.0 0.0 0.0 0.0  
    0.0 0.0 0.0 0.0 0.0 0.0 0.0 0.0 0.0 0.0 0.0 0.0 0.0 0.0 0.0 0.0 0.0  
    0.0 0.0 0.0 0.0 0.0 0.0 0.0 0.0 0.0 0.0 0.0 0.0 0.0 0.0 0.0 0.0 0.0  
    0.0 0.0 0.0 0.0 0.0 0.0 0.0 0.0 0.0 0.0 0.0 0.0 0.0 0.0 0.0 0.0 0.0  
    0.0 
  PI_FUS = 1161752.0547153195 1160922.128769526 1158460.857781941  
    1154408.82028353 1148803.6450175068 1141679.476677985  
    1133063.3161105097 1122969.5142836368 1111413.4553522978  
    1098412.8895948848 1083979.752994221 1068154.8591386748  
    1050992.9580406277 1032489.6194656086 1012621.4826038773  
    991362.3883050497 968719.701830506 944760.9624470818  
    919598.5627680313 893408.7482055484 866440.8586384167  
    839040.1208068929 811356.9668184527 783409.5631014787  
    755219.3011371265 726810.495485377 698002.9983029431  
    668722.456776799 639147.182538677 609445.8981991746  
    579776.9305852824 550477.6892308346 521831.2660745698  
    493909.69434357306 466788.2607510561 440543.6863184984  
    415258.50016345276 390958.75295548444 367630.73455400515  
    345253.8854339046 323801.68424326176 303186.23853933276  
    283365.6768286328 264376.65037241514 246252.27796091227  
    229021.08859770867 212802.19934381844 197655.47629632973  
    183516.12704738873 170319.36797708433 158001.11991401514  
    146447.5121645264 135566.99755923497 125329.09326875038  
    115702.67429005927 106656.48275972177 98193.74384008803  
    90327.8586706689 83039.63483998223 76306.21184423572  
    70102.0124405442 64396.96063878861 59155.90364824212  
    54345.116697921025 49932.34006010471 45886.9135980803  
    42179.596268190064 38781.21377771552 35664.27702490397  
    32803.60715395359 30176.19441982137 27760.821563632726  
    25538.65132626475 23492.951770969885 21608.455360724405  
    19871.24883299295 18269.546711706567 16791.780496744035  
    15426.33222906244 14162.835353367353 12992.05322771608  
    11903.235150024691 10888.703475457925 9944.649149150162  
    9067.330114358774 8253.0853349252 7501.874653286717  
    6810.941810673889 6173.637527811911 5584.604346348163  
    5039.609915098443 3479.6676977029347 2127.804912750371  
    1087.900238919402 430.2219151868922 118.73355336883544  
    19.867239889371795 1.6164099013430264 0.04113336895922666  
    9.366442011888292e-05 1.2471819096433509e-11 
  PI_IONIZATION = 0.0 0.0 0.0 0.0 0.0 0.0 0.0 0.0 0.0 0.0 0.0 0.0 0.0  
    0.0 0.0 0.0 0.0 0.0 0.0 0.0 0.0 0.0 0.0 0.0 0.0 0.0 0.0 0.0 0.0 0.0  
    0.0 0.0 0.0 0.0 0.0 0.0 0.0 0.0 0.0 0.0 0.0 0.0 0.0 0.0 0.0 0.0 0.0  
    0.0 0.0 0.0 0.0 0.0 0.0 0.0 0.0 0.0 0.0 0.0 0.0 0.0 0.0 0.0 0.0 0.0  
    0.0 0.0 0.0 0.0 0.0 0.0 0.0 0.0 0.0 0.0 0.0 0.0 0.0 0.0 0.0 0.0 0.0  
    0.0 0.0 0.0 0.0 0.0 0.0 0.0 0.0 0.0 0.0 0.0 0.0 0.0 0.0 0.0 0.0 0.0  
    0.0 0.0 0.0 
  PI_CX = 0.0 0.0 0.0 0.0 0.0 0.0 0.0 0.0 0.0 0.0 0.0 0.0 0.0 0.0 0.0  
    0.0 0.0 0.0 0.0 0.0 0.0 0.0 0.0 0.0 0.0 0.0 0.0 0.0 0.0 0.0 0.0 0.0  
    0.0 0.0 0.0 0.0 0.0 0.0 0.0 0.0 0.0 0.0 0.0 0.0 0.0 0.0 0.0 0.0 0.0  
    0.0 0.0 0.0 0.0 0.0 0.0 0.0 0.0 0.0 0.0 0.0 0.0 0.0 0.0 0.0 0.0 0.0  
    0.0 0.0 0.0 0.0 0.0 0.0 0.0 0.0 0.0 0.0 0.0 0.0 0.0 0.0 0.0 0.0 0.0  
    0.0 0.0 0.0 0.0 0.0 0.0 0.0 0.0 0.0 0.0 0.0 0.0 0.0 0.0 0.0 0.0 0.0  
    0.0 
  P_OHM = 0.0 0.0 0.0 0.0 0.0 0.0 0.0 0.0 0.0 0.0 0.0 0.0 0.0 0.0 0.0  
    0.0 0.0 0.0 0.0 0.0 0.0 0.0 0.0 0.0 0.0 0.0 0.0 0.0 0.0 0.0 0.0 0.0  
    0.0 0.0 0.0 0.0 0.0 0.0 0.0 0.0 0.0 0.0 0.0 0.0 0.0 0.0 0.0 0.0 0.0  
    0.0 0.0 0.0 0.0 0.0 0.0 0.0 0.0 0.0 0.0 0.0 0.0 0.0 0.0 0.0 0.0 0.0  
    0.0 0.0 0.0 0.0 0.0 0.0 0.0 0.0 0.0 0.0 0.0 0.0 0.0 0.0 0.0 0.0 0.0  
    0.0 0.0 0.0 0.0 0.0 0.0 0.0 0.0 0.0 0.0 0.0 0.0 0.0 0.0 0.0 0.0 0.0  
    0.0 
  P_EI = 0.0 0.0 0.0 0.0 0.0 0.0 0.0 0.0 0.0 0.0 0.0 0.0 0.0 0.0 0.0  
    0.0 0.0 0.0 0.0 0.0 0.0 0.0 0.0 0.0 0.0 0.0 0.0 0.0 0.0 0.0 0.0 0.0  
    0.0 0.0 0.0 0.0 0.0 0.0 0.0 0.0 0.0 0.0 0.0 0.0 0.0 0.0 0.0 0.0 0.0  
    0.0 0.0 0.0 0.0 0.0 0.0 0.0 0.0 0.0 0.0 0.0 0.0 0.0 0.0 0.0 0.0 0.0  
    0.0 0.0 0.0 0.0 0.0 0.0 0.0 0.0 0.0 0.0 0.0 0.0 0.0 0.0 0.0 0.0 0.0  
    0.0 0.0 0.0 0.0 0.0 0.0 0.0 0.0 0.0 0.0 0.0 0.0 0.0 0.0 0.0 0.0 0.0  
    0.0 
  TORQUE_NB = 0.0 0.0 0.0 0.0 0.0 0.0 0.0 0.0 0.0 0.0 0.0 0.0 0.0 0.0  
    0.0 0.0 0.0 0.0 0.0 0.0 0.0 0.0 0.0 0.0 0.0 0.0 0.0 0.0 0.0 0.0 0.0  
    0.0 0.0 0.0 0.0 0.0 0.0 0.0 0.0 0.0 0.0 0.0 0.0 0.0 0.0 0.0 0.0 0.0  
    0.0 0.0 0.0 0.0 0.0 0.0 0.0 0.0 0.0 0.0 0.0 0.0 0.0 0.0 0.0 0.0 0.0  
    0.0 0.0 0.0 0.0 0.0 0.0 0.0 0.0 0.0 0.0 0.0 0.0 0.0 0.0 0.0 0.0 0.0  
    0.0 0.0 0.0 0.0 0.0 0.0 0.0 0.0 0.0 0.0 0.0 0.0 0.0 0.0 0.0 0.0 0.0  
    0.0 0.0 
  TORQUE_IN = 0.0 0.0 0.0 0.0 0.0 0.0 0.0 0.0 0.0 0.0 0.0 0.0 0.0 0.0  
    0.0 0.0 0.0 0.0 0.0 0.0 0.0 0.0 0.0 0.0 0.0 0.0 0.0 0.0 0.0 0.0 0.0  
    0.0 0.0 0.0 0.0 0.0 0.0 0.0 0.0 0.0 0.0 0.0 0.0 0.0 0.0 0.0 0.0 0.0  
    0.0 0.0 0.0 0.0 0.0 0.0 0.0 0.0 0.0 0.0 0.0 0.0 0.0 0.0 0.0 0.0 0.0  
    0.0 0.0 0.0 0.0 0.0 0.0 0.0 0.0 0.0 0.0 0.0 0.0 0.0 0.0 0.0 0.0 0.0  
    0.0 0.0 0.0 0.0 0.0 0.0 0.0 0.0 0.0 0.0 0.0 0.0 0.0 0.0 0.0 0.0 0.0  
    0.0 0.0 
  SE_NB = 0.0 0.0 0.0 0.0 0.0 0.0 0.0 0.0 0.0 0.0 0.0 0.0 0.0 0.0 0.0  
    0.0 0.0 0.0 0.0 0.0 0.0 0.0 0.0 0.0 0.0 0.0 0.0 0.0 0.0 0.0 0.0 0.0  
    0.0 0.0 0.0 0.0 0.0 0.0 0.0 0.0 0.0 0.0 0.0 0.0 0.0 0.0 0.0 0.0 0.0  
    0.0 0.0 0.0 0.0 0.0 0.0 0.0 0.0 0.0 0.0 0.0 0.0 0.0 0.0 0.0 0.0 0.0  
    0.0 0.0 0.0 0.0 0.0 0.0 0.0 0.0 0.0 0.0 0.0 0.0 0.0 0.0 0.0 0.0 0.0  
    0.0 0.0 0.0 0.0 0.0 0.0 0.0 0.0 0.0 0.0 0.0 0.0 0.0 0.0 0.0 0.0 0.0  
    0.0 
  SE_IONIZATION = 0.0 0.0 0.0 0.0 0.0 0.0 0.0 0.0 0.0 0.0 0.0 0.0 0.0  
    0.0 0.0 0.0 0.0 0.0 0.0 0.0 0.0 0.0 0.0 0.0 0.0 0.0 0.0 0.0 0.0 0.0  
    0.0 0.0 0.0 0.0 0.0 0.0 0.0 0.0 0.0 0.0 0.0 0.0 0.0 0.0 0.0 0.0 0.0  
    0.0 0.0 0.0 0.0 0.0 0.0 0.0 0.0 0.0 0.0 0.0 0.0 0.0 0.0 0.0 0.0 0.0  
    0.0 0.0 0.0 0.0 0.0 0.0 0.0 0.0 0.0 0.0 0.0 0.0 0.0 0.0 0.0 0.0 0.0  
    0.0 0.0 0.0 0.0 0.0 0.0 0.0 0.0 0.0 0.0 0.0 0.0 0.0 0.0 0.0 0.0 0.0  
    0.0 0.0 0.0 
  SI_NB = 0.0 0.0 0.0 0.0 0.0 0.0 0.0 0.0 0.0 0.0 0.0 0.0 0.0 0.0 0.0  
    0.0 0.0 0.0 0.0 0.0 0.0 0.0 0.0 0.0 0.0 0.0 0.0 0.0 0.0 0.0 0.0 0.0  
    0.0 0.0 0.0 0.0 0.0 0.0 0.0 0.0 0.0 0.0 0.0 0.0 0.0 0.0 0.0 0.0 0.0  
    0.0 0.0 0.0 0.0 0.0 0.0 0.0 0.0 0.0 0.0 0.0 0.0 0.0 0.0 0.0 0.0 0.0  
    0.0 0.0 0.0 0.0 0.0 0.0 0.0 0.0 0.0 0.0 0.0 0.0 0.0 0.0 0.0 0.0 0.0  
    0.0 0.0 0.0 0.0 0.0 0.0 0.0 0.0 0.0 0.0 0.0 0.0 0.0 0.0 0.0 0.0 0.0  
    0.0 
  SI_IONIZATION = 0.0 0.0 0.0 0.0 0.0 0.0 0.0 0.0 0.0 0.0 0.0 0.0 0.0  
    0.0 0.0 0.0 0.0 0.0 0.0 0.0 0.0 0.0 0.0 0.0 0.0 0.0 0.0 0.0 0.0 0.0  
    0.0 0.0 0.0 0.0 0.0 0.0 0.0 0.0 0.0 0.0 0.0 0.0 0.0 0.0 0.0 0.0 0.0  
    0.0 0.0 0.0 0.0 0.0 0.0 0.0 0.0 0.0 0.0 0.0 0.0 0.0 0.0 0.0 0.0 0.0  
    0.0 0.0 0.0 0.0 0.0 0.0 0.0 0.0 0.0 0.0 0.0 0.0 0.0 0.0 0.0 0.0 0.0  
    0.0 0.0 0.0 0.0 0.0 0.0 0.0 0.0 0.0 0.0 0.0 0.0 0.0 0.0 0.0 0.0 0.0  
    0.0 0.0 0.0 
  SE_PELLET = 0.0 0.0 0.0 0.0 0.0 0.0 0.0 0.0 0.0 0.0 0.0 0.0 0.0 0.0  
    0.0 0.0 0.0 0.0 0.0 0.0 0.0 0.0 0.0 0.0 0.0 0.0 0.0 0.0 0.0 0.0 0.0  
    0.0 0.0 0.0 0.0 0.0 0.0 0.0 0.0 0.0 0.0 0.0 0.0 0.0 0.0 0.0 0.0 0.0  
    0.0 0.0 0.0 0.0 0.0 0.0 0.0 0.0 0.0 0.0 0.0 0.0 0.0 0.0 0.0 0.0 0.0  
    0.0 0.0 0.0 0.0 0.0 0.0 0.0 0.0 0.0 0.0 0.0 0.0 0.0 0.0 0.0 0.0 0.0  
    0.0 0.0 0.0 0.0 0.0 0.0 0.0 0.0 0.0 0.0 0.0 0.0 0.0 0.0 0.0 0.0 0.0  
    0.0 0.0 
  Q = 0.0 0.0 0.0 0.0 0.0 0.0 0.0 0.0 0.0 0.0 0.0 0.0 0.0 0.0 0.0 0.0  
    0.0 0.0 0.0 0.0 0.0 0.0 0.0 0.0 0.0 0.0 0.0 0.0 0.0 0.0 0.0 0.0 0.0  
    0.0 0.0 0.0 0.0 0.0 0.0 0.0 0.0 0.0 0.0 0.0 0.0 0.0 0.0 0.0 0.0 0.0  
    0.0 0.0 0.0 0.0 0.0 0.0 0.0 0.0 0.0 0.0 0.0 0.0 0.0 0.0 0.0 0.0 0.0  
    0.0 0.0 0.0 0.0 0.0 0.0 0.0 0.0 0.0 0.0 0.0 0.0 0.0 0.0 0.0 0.0 0.0  
    0.0 0.0 0.0 0.0 0.0 0.0 0.0 0.0 0.0 0.0 0.0 0.0 0.0 0.0 0.0 0.0 0.0 
  PSIPOL = 0.0 0.0009075504665217264 0.003629840655968805  
    0.008165763336765526 0.014513460020218145 0.022670280930660536  
    0.032632756810326055 0.044396564440517025 0.05795655827959028  
    0.07330665212435807 0.09043997057946598 0.10934900795002797  
    0.13002558644621198 0.1524605389414101 0.17664519337843054  
    0.20256847289960125 0.23022449671753117 0.2595946386344855  
    0.2906722323759179 0.32343774230471833 0.35788191305091493  
    0.39399230900768345 0.4317497024856651 0.471140627351226  
    0.5121506666366241 0.5547640864798626 0.598963828573485  
    0.6447318980943859 0.6920509821347719 0.7409025029348842  
    0.7912671481560194 0.8431257424119138 0.8964595269361464  
    0.9512490355110517 1.0074738488911692 1.0651141867631562  
    1.1241491194904942 1.1845565950370345 1.24631342613774  
    1.3093951965028081 1.3737820380293826 1.4394504622408555  
    1.5063724509890732 1.5745246227981964 1.643884590580314  
    1.7144204457757317 1.7861122812858188 1.8589292540222593  
    1.932845561699721 2.007834194195088 2.0838652553114674  
    2.1609114857461975 2.238943242947647 2.317928568452441  
    2.397841369419098 2.478643945978574 2.5603109293761186  
    2.642806331026203 2.7260970812799266 2.810154593098678  
    2.894940748744308 2.98042168433255 3.0665661110491587  
    3.153337861350816 3.240698365794434 3.328613826226661  
    3.417049463908568 3.505966522145755 3.5953253716518283  
    3.685089225178224 3.7752204336497805 3.8656803201115526  
    3.956426457038912 4.047418259783524 4.138615584432427  
    4.229977653160063 4.321463034375015 4.413027807865834  
    4.504626890187665 4.596216334535144 4.6877513996635045  
    4.7791872258748 4.87047923640774 4.9615803163007 5.052444300244919  
    5.143023233574584 5.233265444438605 5.323118383267487  
    5.412526489162659 5.501434509840754 5.589787057412479  
    5.677531530780755 5.764614484663139 5.850987350917503  
    5.936606297758297 6.021420691995658 6.105369334064914  
    6.188400806051739 6.2704624006511755 6.351476252757375  
    6.4313303054273385 
  PSI = 0.0 0.0001411139567432656 0.0005643996628357926  
    0.001269684956139559 0.0022566808624290956 0.0035249753711964226  
    0.005074029051623671 0.006903169691510198 0.00901159721662582  
    0.011398365290380946 0.014062404865622366 0.01700254889066254  
    0.020217525810559696 0.023705910239558075 0.027466353769664317  
    0.031497134073281176 0.035797336753680166 0.04036406564523922  
    0.04519628421675409 0.050290954894941765 0.055646638573189404  
    0.06126140165358901 0.06713225444529192 0.07325710311498616  
    0.07963370598528037 0.08625961661644131 0.09313218263226584  
    0.10024860603883193 0.10760619487242891 0.11520206049899873  
    0.12303320006566551 0.13109663201412747 0.13938943956581312  
    0.14790859594138736 0.15665092617634202 0.1656133546529738  
    0.174792627046668 0.18418531451220885 0.19378781168897327  
    0.20359632211672007 0.21360775652745762 0.22381846272552927  
    0.23422408420196672 0.24482098539853722 0.2556056853732198  
    0.26657322270152234 0.277720502052046 0.2890427276691926  
    0.3005358875859029 0.3121957820298385 0.32401776247643715  
    0.33599759040872534 0.3481306567411448 0.3604119922897387  
    0.37283753990921326 0.3854014376911834 0.3980997410777513  
    0.41092685424599695 0.42387763523503047 0.4369476390797741  
    0.4501309388978661 0.4634222692336919 0.47681676502625164  
    0.49030880262668897 0.5038923849175713 0.5175622566637069  
    0.5313130101598036 0.545138619172942 0.5590329217918986  
    0.5729901980105753 0.5870045938184683 0.6010700953812529  
    0.6151801056929266 0.6293283142941587 0.6435084792550444  
    0.6577142600793532 0.6719392146175689 0.6861765137675672  
    0.7004191475574273 0.7146602827499686 0.7288929625815604  
    0.7431102118704258 0.7573050994282767 0.7714702994050343  
    0.785598633611029 0.7996826456315633 0.8137143010711645  
    0.827685429058955 0.8415873904960347 0.8554115942697184  
    0.869149428182115 0.8827927133503841 0.8963331396302932  
    0.9097631552184329 0.9230759447619183 0.9362636353654917  
    0.9493167111806792 0.9622271772963373 0.9749868383154869  
    0.9875835870842187 1.0 
  DENSITY_BEAM = 0.0 0.0 0.0 0.0 0.0 0.0 0.0 0.0 0.0 0.0 0.0 0.0 0.0  
    0.0 0.0 0.0 0.0 0.0 0.0 0.0 0.0 0.0 0.0 0.0 0.0 0.0 0.0 0.0 0.0 0.0  
    0.0 0.0 0.0 0.0 0.0 0.0 0.0 0.0 0.0 0.0 0.0 0.0 0.0 0.0 0.0 0.0 0.0  
    0.0 0.0 0.0 0.0 0.0 0.0 0.0 0.0 0.0 0.0 0.0 0.0 0.0 0.0 0.0 0.0 0.0  
    0.0 0.0 0.0 0.0 0.0 0.0 0.0 0.0 0.0 0.0 0.0 0.0 0.0 0.0 0.0 0.0 0.0  
    0.0 0.0 0.0 0.0 0.0 0.0 0.0 0.0 0.0 0.0 0.0 0.0 0.0 0.0 0.0 0.0 0.0  
    0.0 0.0 0.0 
  WBEAM = 0.0 0.0 0.0 0.0 0.0 0.0 0.0 0.0 0.0 0.0 0.0 0.0 0.0 0.0 0.0  
    0.0 0.0 0.0 0.0 0.0 0.0 0.0 0.0 0.0 0.0 0.0 0.0 0.0 0.0 0.0 0.0 0.0  
    0.0 0.0 0.0 0.0 0.0 0.0 0.0 0.0 0.0 0.0 0.0 0.0 0.0 0.0 0.0 0.0 0.0  
    0.0 0.0 0.0 0.0 0.0 0.0 0.0 0.0 0.0 0.0 0.0 0.0 0.0 0.0 0.0 0.0 0.0  
    0.0 0.0 0.0 0.0 0.0 0.0 0.0 0.0 0.0 0.0 0.0 0.0 0.0 0.0 0.0 0.0 0.0  
    0.0 0.0 0.0 0.0 0.0 0.0 0.0 0.0 0.0 0.0 0.0 0.0 0.0 0.0 0.0 0.0 0.0  
    0.0 
  TBEAM = 0.0 0.0 0.0 0.0 0.0 0.0 0.0 0.0 0.0 0.0 0.0 0.0 0.0 0.0 0.0  
    0.0 0.0 0.0 0.0 0.0 0.0 0.0 0.0 0.0 0.0 0.0 0.0 0.0 0.0 0.0 0.0 0.0  
    0.0 0.0 0.0 0.0 0.0 0.0 0.0 0.0 0.0 0.0 0.0 0.0 0.0 0.0 0.0 0.0 0.0  
    0.0 0.0 0.0 0.0 0.0 0.0 0.0 0.0 0.0 0.0 0.0 0.0 0.0 0.0 0.0 0.0 0.0  
    0.0 0.0 0.0 0.0 0.0 0.0 0.0 0.0 0.0 0.0 0.0 0.0 0.0 0.0 0.0 0.0 0.0  
    0.0 0.0 0.0 0.0 0.0 0.0 0.0 0.0 0.0 0.0 0.0 0.0 0.0 0.0 0.0 0.0 0.0  
    0.0 
  DENSITY_ALPHA = 0.0 0.0 0.0 0.0 0.0 0.0 0.0 0.0 0.0 0.0 0.0 0.0 0.0  
    0.0 0.0 0.0 0.0 0.0 0.0 0.0 0.0 0.0 0.0 0.0 0.0 0.0 0.0 0.0 0.0 0.0  
    0.0 0.0 0.0 0.0 0.0 0.0 0.0 0.0 0.0 0.0 0.0 0.0 0.0 0.0 0.0 0.0 0.0  
    0.0 0.0 0.0 0.0 0.0 0.0 0.0 0.0 0.0 0.0 0.0 0.0 0.0 0.0 0.0 0.0 0.0  
    0.0 0.0 0.0 0.0 0.0 0.0 0.0 0.0 0.0 0.0 0.0 0.0 0.0 0.0 0.0 0.0 0.0  
    0.0 0.0 0.0 0.0 0.0 0.0 0.0 0.0 0.0 0.0 0.0 0.0 0.0 0.0 0.0 0.0 0.0  
    0.0 0.0 0.0 
  WALPHA = 0.0 0.0 0.0 0.0 0.0 0.0 0.0 0.0 0.0 0.0 0.0 0.0 0.0 0.0 0.0  
    0.0 0.0 0.0 0.0 0.0 0.0 0.0 0.0 0.0 0.0 0.0 0.0 0.0 0.0 0.0 0.0 0.0  
    0.0 0.0 0.0 0.0 0.0 0.0 0.0 0.0 0.0 0.0 0.0 0.0 0.0 0.0 0.0 0.0 0.0  
    0.0 0.0 0.0 0.0 0.0 0.0 0.0 0.0 0.0 0.0 0.0 0.0 0.0 0.0 0.0 0.0 0.0  
    0.0 0.0 0.0 0.0 0.0 0.0 0.0 0.0 0.0 0.0 0.0 0.0 0.0 0.0 0.0 0.0 0.0  
    0.0 0.0 0.0 0.0 0.0 0.0 0.0 0.0 0.0 0.0 0.0 0.0 0.0 0.0 0.0 0.0 0.0  
    0.0 
  TALPHA = 0.0 0.0 0.0 0.0 0.0 0.0 0.0 0.0 0.0 0.0 0.0 0.0 0.0 0.0 0.0  
    0.0 0.0 0.0 0.0 0.0 0.0 0.0 0.0 0.0 0.0 0.0 0.0 0.0 0.0 0.0 0.0 0.0  
    0.0 0.0 0.0 0.0 0.0 0.0 0.0 0.0 0.0 0.0 0.0 0.0 0.0 0.0 0.0 0.0 0.0  
    0.0 0.0 0.0 0.0 0.0 0.0 0.0 0.0 0.0 0.0 0.0 0.0 0.0 0.0 0.0 0.0 0.0  
    0.0 0.0 0.0 0.0 0.0 0.0 0.0 0.0 0.0 0.0 0.0 0.0 0.0 0.0 0.0 0.0 0.0  
    0.0 0.0 0.0 0.0 0.0 0.0 0.0 0.0 0.0 0.0 0.0 0.0 0.0 0.0 0.0 0.0 0.0  
    0.0 
  CHIE = 0.0 0.0 0.0 0.0 0.0 0.0 0.0 0.0 0.0 0.0 0.0 0.0 0.0 0.0 0.0  
    0.0 0.0 0.0 0.0 0.0 0.0 0.0 0.0 0.0 0.0 0.0 0.0 0.0 0.0 0.0 0.0 0.0  
    0.0 0.0 0.0 0.0 0.0 0.0 0.0 0.0 0.0 0.0 0.0 0.0 0.0 0.0 0.0 0.0 0.0  
    0.0 0.0 0.0 0.0 0.0 0.0 0.0 0.0 0.0 0.0 0.0 0.0 0.0 0.0 0.0 0.0 0.0  
    0.0 0.0 0.0 0.0 0.0 0.0 0.0 0.0 0.0 0.0 0.0 0.0 0.0 0.0 0.0 0.0 0.0  
    0.0 0.0 0.0 0.0 0.0 0.0 0.0 0.0 0.0 0.0 0.0 0.0 0.0 0.0 0.0 0.0 0.0  
    0.0 
  CHII = 0.0 0.0 0.0 0.0 0.0 0.0 0.0 0.0 0.0 0.0 0.0 0.0 0.0 0.0 0.0  
    0.0 0.0 0.0 0.0 0.0 0.0 0.0 0.0 0.0 0.0 0.0 0.0 0.0 0.0 0.0 0.0 0.0  
    0.0 0.0 0.0 0.0 0.0 0.0 0.0 0.0 0.0 0.0 0.0 0.0 0.0 0.0 0.0 0.0 0.0  
    0.0 0.0 0.0 0.0 0.0 0.0 0.0 0.0 0.0 0.0 0.0 0.0 0.0 0.0 0.0 0.0 0.0  
    0.0 0.0 0.0 0.0 0.0 0.0 0.0 0.0 0.0 0.0 0.0 0.0 0.0 0.0 0.0 0.0 0.0  
    0.0 0.0 0.0 0.0 0.0 0.0 0.0 0.0 0.0 0.0 0.0 0.0 0.0 0.0 0.0 0.0 0.0  
    0.0 
  P_EQ = 0.0 0.0 0.0 0.0 0.0 0.0 0.0 0.0 0.0 0.0 0.0 0.0 0.0 0.0 0.0  
    0.0 0.0 0.0 0.0 0.0 0.0 0.0 0.0 0.0 0.0 0.0 0.0 0.0 0.0 0.0 0.0 0.0  
    0.0 0.0 0.0 0.0 0.0 0.0 0.0 0.0 0.0 0.0 0.0 0.0 0.0 0.0 0.0 0.0 0.0  
    0.0 0.0 0.0 0.0 0.0 0.0 0.0 0.0 0.0 0.0 0.0 0.0 0.0 0.0 0.0 0.0 0.0  
    0.0 0.0 0.0 0.0 0.0 0.0 0.0 0.0 0.0 0.0 0.0 0.0 0.0 0.0 0.0 0.0 0.0  
    0.0 0.0 0.0 0.0 0.0 0.0 0.0 0.0 0.0 0.0 0.0 0.0 0.0 0.0 0.0 0.0 0.0  
    0.0 
  J_TOT = 3638873.4567459 3638873.4567459 3638321.709262705  
    3636832.8243817487 3634566.6784871337 3631533.991989531  
    3627765.3350051576 3623282.0246351664 3618096.3674070947  
    3612214.634806155 3605639.4474493805 3598371.7306132666  
    3590411.757981695 3581759.596038654 3572415.2580309045  
    3562378.746707821 3551650.062069385 3540229.203865619  
    3528116.1723465445 3515310.9675121037 3501813.5896122037  
    3487624.0386468708 3472742.314366203 3457168.417020212  
    3440902.346608705 3423944.1028818493 3406293.686089679  
    3387951.0962320315 3368916.332808988 3349189.3958206614  
    3328770.2857670006 3307659.002647948 3285855.546213482  
    3263359.9167135945 3240172.1141483383 3216292.1382676475  
    3191719.9890715284 3166455.666560201 3140499.1707335883  
    3113850.501841483 3086509.660134046 3058476.645111128  
    3029751.4565225975 3000334.094868947 2970224.5601498666  
    2939422.852115202 2907928.9707655315 2875742.9161005225  
    2842864.6881201533 2809294.2870744793 2775031.7129633366  
    2740076.9655361176 2704430.045043632 2668090.951236429  
    2631059.6841137116 2593336.2439257354 2554920.630422267  
    2515812.843603049 2476012.8834682386 2435520.7502685585  
    2394336.4440037697 2352459.964422967 2309891.3115269127  
    2266630.485565583 2222677.486538875 2178032.314196886  
    2132694.968789709 2086665.4500670424 2039943.7577785386  
    1992529.8924251513 1944423.8540065202 1895625.6422724528  
    1846135.2572225118 1795952.6988574641 1745077.967427017  
    1693511.0631810061 1641251.9856196735 1588300.7344929744  
    1534657.310051148 1480321.7122934314 1425293.9414711192  
    1369573.9978334492 1313161.8811298679 1256057.5908611766  
    1198261.1272764604 1139772.4906260872 1080591.6816619074  
    1020718.7155525985 960153.7349642809 898897.715785729  
    836955.7605853209 774349.1240552461 711150.2588443306  
    647565.4424301563 584091.063640241 521744.12685829966  
    462328.9548999678 408504.05016733176 363726.36568258354  
    332820.3655137262 310296.772768632 
  RHO = 0.0 0.01 0.02 0.03 0.04 0.05 0.06 0.07 0.08 0.09 0.1 0.11 0.12  
    0.13 0.14 0.15 0.16 0.17 0.18 0.19 0.2 0.21 0.22 0.23 0.24 0.25  
    0.26 0.27 0.28 0.29 0.3 0.31 0.32 0.33 0.34 0.35 0.36 0.37 0.38  
    0.39 0.4 0.41 0.42 0.43 0.44 0.45 0.46 0.47 0.48 0.49 0.5 0.51 0.52  
    0.53 0.54 0.55 0.56 0.57 0.58 0.59 0.6 0.61 0.62 0.63 0.64 0.65  
    0.66 0.67 0.68 0.69 0.7 0.71 0.72 0.73 0.74 0.75 0.76 0.77 0.78  
    0.79 0.8 0.81 0.82 0.83 0.84 0.85 0.86 0.87 0.88 0.89 0.9 0.91 0.92  
    0.93 0.94 0.95 0.96 0.97 0.98 0.99 1.0 
  MODEL_PROFILE_NE = 'ped' 
  MODEL_PROFILE_TE = 'ped' 
  MODEL_PROFILE_TI = 'ped' 
  MODEL_PROFILE_DENSITY_BEAM = 'parab' 
  MODEL_PROFILE_J_TOT = 'parab' 
  MODEL_PROFILE_OMEGA = 'parab' 
  MODEL_PROFILE_ZEFF = 'const' 
  MODEL_PROFILE_TBEAMI = 'const' 
  MODEL_PROFILE_DENSITY_ALPHA = 'zero' 
  MODEL_PROFILE_WALPHA = 'zero' 
  MODEL_PROFILE_WBEAM = 'derived' 
  J_TOT_AXIS = 1.0 
  J_TOT_SEP = 0.05 
  J_TOT_ALPHA = 2.0 
  J_TOT_BETA = 1.0 
  DENSITY_BEAM_AXIS = 0.0 
  DENSITY_BEAM_SEP = 0.0 
  DENSITY_BEAM_ALPHA = 1.5 
  DENSITY_BEAM_BETA = 1.5 
  TBEAMI_AXIS = 20.0 
  DENSITY_ION_0 = 10.541484654287038 10.541515899479155  
    10.541372825650162 10.540702143375652 10.539150071262473  
    10.53635958931486 10.532220400760536 10.52763113175676  
    10.52376494290389 10.521838997903302 10.523148567024307  
    10.529877086316858 10.543016514143625 10.562225678633652  
    10.587210815800926 10.617679885447021 10.652694243646534  
    10.6911485866884 10.732330684050213 10.775299437100099  
    10.818842696099098 10.86202684243236 10.905030996759699  
    10.948075666316225 10.991364819684566 11.03508664294745  
    11.080083344810795 11.126725035669626 11.17449228850122  
    11.222884182998262 11.271421157252274 11.320056387759752  
    11.368386401273044 11.415391969276243 11.46002812999266  
    11.501230143460534 11.538124561049568 11.570767543122209  
    11.599500938165187 11.624695468763722 11.646748074974365  
    11.666535449298673 11.684174935303968 11.698940655347457  
    11.710108262376385 11.71695957410006 11.718527738086326  
    11.714003996587019 11.70292207875493 11.684823524480311  
    11.65925504590876 11.625319962192279 11.582249789121747  
    11.529790616510786 11.467693246004691 11.39571114950271  
    11.314766145223505 11.226546787679315 11.131974191084437  
    11.031988930627467 10.927547718731775 10.819468463307002  
    10.708273552098358 10.594488616676244 10.478640852645805  
    10.361257872586123 10.242775575312699 10.123456658533621  
    10.003565345765413 9.883361336665327 9.763099723861432  
    9.642943752897446 9.52296594010079 9.403278455869138  
    9.283989125434267 9.165201606243267 9.0470551948026  
    8.929554389633394 8.812593731423913 8.696062864571589  
    8.579846905224247 8.46302703336491 8.345482885780106  
    8.228294844138711 8.112544133510236 7.999312643012216  
    7.895677861661438 7.804399740744855 7.720076398583754  
    7.637295791148169 7.550636727326733 7.312582996303344  
    7.027283079447377 6.69193738105779 6.3114296046817655  
    5.901058851043764 5.48555686462022 5.093116094887121  
    4.747206727299689 4.461016783547078 4.236783866992256 
  DENSITY_ION_1 = 10.541484654287038 10.541515899479155  
    10.541372825650162 10.540702143375652 10.539150071262473  
    10.53635958931486 10.532220400760536 10.52763113175676  
    10.52376494290389 10.521838997903302 10.523148567024307  
    10.529877086316858 10.543016514143625 10.562225678633652  
    10.587210815800926 10.617679885447021 10.652694243646534  
    10.6911485866884 10.732330684050213 10.775299437100099  
    10.818842696099098 10.86202684243236 10.905030996759699  
    10.948075666316225 10.991364819684566 11.03508664294745  
    11.080083344810795 11.126725035669626 11.17449228850122  
    11.222884182998262 11.271421157252274 11.320056387759752  
    11.368386401273044 11.415391969276243 11.46002812999266  
    11.501230143460534 11.538124561049568 11.570767543122209  
    11.599500938165187 11.624695468763722 11.646748074974365  
    11.666535449298673 11.684174935303968 11.698940655347457  
    11.710108262376385 11.71695957410006 11.718527738086326  
    11.714003996587019 11.70292207875493 11.684823524480311  
    11.65925504590876 11.625319962192279 11.582249789121747  
    11.529790616510786 11.467693246004691 11.39571114950271  
    11.314766145223505 11.226546787679315 11.131974191084437  
    11.031988930627467 10.927547718731775 10.819468463307002  
    10.708273552098358 10.594488616676244 10.478640852645805  
    10.361257872586123 10.242775575312699 10.123456658533621  
    10.003565345765413 9.883361336665327 9.763099723861432  
    9.642943752897446 9.52296594010079 9.403278455869138  
    9.283989125434267 9.165201606243267 9.0470551948026  
    8.929554389633394 8.812593731423913 8.696062864571589  
    8.579846905224247 8.46302703336491 8.345482885780106  
    8.228294844138711 8.112544133510236 7.999312643012216  
    7.895677861661438 7.804399740744855 7.720076398583754  
    7.637295791148169 7.550636727326733 7.312582996303344  
    7.027283079447377 6.69193738105779 6.3114296046817655  
    5.901058851043764 5.48555686462022 5.093116094887121  
    4.747206727299689 4.461016783547078 4.236783866992256 
  DENSITY_IMP_0 = 0.0004485180965013078 0.00044849506671408796  
    0.00044842598444716486 0.000448310870981105 0.00044814976177137987  
    0.0004479427064301656 0.00044768976870088135 0.00044739102642548355  
    0.0004470465715045413 0.0004466565098501194 0.00044622096133150447  
    0.0004457400597138124 0.00044521395258952145 0.0004446428013029797  
    0.00044402678086794103 0.0004433660798781892 0.0004426609004113127  
    0.00044191145792570074 0.0004411179811508319 0.00044028071197093596  
    0.0004393999053021094 0.0004384758289629737 0.00043750876353896754  
    0.00043649900224036937 0.00043544685075415064 0.000434352627089765  
    0.0004332166614189817 0.00043203929590987695 0.0004308208845550989  
    0.00042956179299452813 0.000428262398332457 0.00042695998750798926  
    0.0004256757422883396 0.0004243858905058985 0.0004230666599930565  
    0.00042169427858220393 0.00042025242841321335  
    0.00041874788415986633 0.00041719151245541775  
    0.00041559417993312225 0.0004139667532262345 0.0004123276864463029  
    0.0004106767244427334 0.0004089966699555677 0.0004072703257248472  
    0.00040548049449061333 0.0004036143061706977 0.00040165691480687117  
    0.00039958815932508447 0.0003973878786512884 0.0003950359117114336  
    0.0003924913130521153 0.0003897196264571893 0.00038671042470849744  
    0.0003834532805878814 0.0003799377668771829 0.00037619546808394667  
    0.00037228438474831276 0.0003682337137010157 0.0003640726517727903  
    0.00035983039579437124 0.00035553093290810066 0.0003511881596895937  
    0.0003468161371194938 0.0003424289261784447 0.00033804058784708997  
    0.0003336622626971265 0.0003292994197258117 0.00032495761255212964  
    0.0003206423947950649 0.0003163593200736017 0.00031211102438805403  
    0.0003078974376453761 0.0003037200543245129 0.000299580368904409  
    0.00029547987586400965 0.0002914214749245634 0.0002874037271872759  
    0.0002834216192010274 0.00027947013751469807 0.000275544268677168  
    0.00027161307107111365 0.0002676715464469073 0.00026375359640497313  
    0.0002598931225457352 0.00025612402646961767 0.0002526716161603123  
    0.00024962317793821606 0.00024680558090881064  
    0.00024404569417757808 0.00024117038685000003  
    0.00023325014490000002 0.00022385562405 0.00021292441095000002  
    0.00020063870909999988 0.00018749261879999983 0.00017425091505  
    0.00016177493145 0.00015078640815 0.000141696051555  
    0.00013457370222 
  DENSITY_IMP_1 = 0.011960482573368209 0.011959868445709012  
    0.011958026251924396 0.011954956559496134 0.011950660313903462  
    0.011945138838137751 0.011938393832023502 0.011930427371346228  
    0.011921241906787769 0.011910840262669852 0.011899225635506785  
    0.011886401592368331 0.011872372069053906 0.01185714136807946  
    0.011840714156478428 0.011823095463418379 0.011804290677635006  
    0.011784305544685353 0.011763146164022185 0.011740818985891627  
    0.011717330808056252 0.011692688772345965 0.011666900361039135  
    0.011639973393076517 0.011611916020110684 0.011582736722393733  
    0.01155244430450618 0.011521047890930053 0.011488556921469306  
    0.01145498114652075 0.011420330622198854 0.011385599666879714  
    0.011351353127689057 0.011316957080157293 0.011281777599814842  
    0.011245180762192105 0.011206731424352356 0.011166610244263101  
    0.01112510699881114 0.01108251146488326 0.011039113419366255  
    0.01099540497190141 0.010951379318472891 0.010906577865481805  
    0.01086054201932926 0.010812813186416356 0.010763048164551939  
    0.010710851061516565 0.010655684248668919 0.01059701009736769  
    0.010534290978971562 0.010466435014723075 0.010392523372191716  
    0.010312277992226598 0.010225420815676838 0.010131673783391545  
    0.010031879148905245 0.00992758359328834 0.009819565698693753  
    0.00970860404727441 0.009595477221183233 0.009480824877549351  
    0.009365017591722499 0.0092484303231865 0.009131438031425193  
    0.0090144156759224 0.008897660338590041 0.008781317859354978  
    0.008665536334723457 0.008550463861201731 0.008436248535296046  
    0.008322960650348108 0.00821059833721003 0.008099201448653677  
    0.007988809837450907 0.00787946335637359 0.007771239331321691  
    0.007664099391660691 0.007557909845360731 0.007452537000391948  
    0.007347847164724479 0.007243015228563031 0.007137907905250862  
    0.0070334292374659504 0.0069304832678862725 0.006829974039189804  
    0.006737909764274994 0.006656618078352427 0.006581482157568284  
    0.006507885178068749 0.006431210316000001 0.006220003864000001  
    0.005969483308000001 0.005677984292 0.005350365575999997  
    0.004999803167999996 0.004646691068 0.0043139981720000005  
    0.0040209708839999995 0.0037785613748000007 0.0035886320592 
  DENSITY_IMP_2 = 0.5980241286684104 0.5979934222854506  
    0.5979013125962198 0.5977478279748067 0.5975330156951731  
    0.5972569419068875 0.5969196916011751 0.5965213685673114  
    0.5960620953393885 0.5955420131334925 0.5949612817753392  
    0.5943200796184166 0.5936186034526952 0.5928570684039729  
    0.5920357078239213 0.5911547731709189 0.5902145338817503  
    0.5892152772342677 0.5881573082011092 0.5870409492945813  
    0.5858665404028125 0.5846344386172982 0.5833450180519567  
    0.5819986696538259 0.5805958010055342 0.5791368361196867  
    0.577622215225309 0.5760523945465026 0.5744278460734653  
    0.5727490573260375 0.5710165311099428 0.5692799833439857  
    0.5675676563844528 0.5658478540078646 0.5640888799907421  
    0.5622590381096052 0.5603365712176178 0.5583305122131551  
    0.556255349940557 0.554125573244163 0.5519556709683127  
    0.5497702485950705 0.5475689659236446 0.5453288932740903  
    0.543027100966463 0.5406406593208177 0.5381524082275969  
    0.5355425530758282 0.532784212433446 0.5298505048683846  
    0.526714548948578 0.5233217507361537 0.5196261686095858  
    0.5156138996113299 0.5112710407838419 0.5065836891695772  
    0.5015939574452623 0.49637917966441697 0.4909782849346876  
    0.4854302023637205 0.4797738610591616 0.47404124387746754  
    0.46825087958612494 0.46242151615932503 0.4565719015712596  
    0.45072078379611996 0.44488301692950205 0.4390658929677489  
    0.43327681673617285 0.4275231930600865 0.42181242676480224  
    0.41614803251740534 0.4105299168605015 0.40496007243268384  
    0.3994404918725454 0.3939731678186795 0.38856196656608455  
    0.3832049695830345 0.37789549226803654 0.3726268500195974  
    0.36739235823622396 0.3621507614281515 0.3568953952625431  
    0.3516714618732975 0.34652416339431363 0.3414987019594902  
    0.3368954882137497 0.3328309039176214 0.32907410787841423  
    0.3253942589034374 0.32156051580000006 0.3110001932 0.2984741654  
    0.2838992146 0.26751827879999984 0.24999015839999977 0.2323345534  
    0.21569990860000002 0.20104854419999998 0.18892806874 0.17943160296 
  DENSITY_IMP_3 = 3.579210577863636 3.5784542858804764  
    3.5764224426999296 3.5734690077224767 3.569948878585877  
    3.566220637226044 3.5623965872493124 3.557580553196738  
    3.5506022677735842 3.5402479017080064 3.525225958575448  
    3.5033572136530977 3.473654355232279 3.4364636347880575  
    3.39208432626446 3.340814407358006 3.2835988840028225  
    3.2215498431864384 3.155386716521427 3.086058217880878  
    3.014784522527209 2.9425076808089394 2.8690574057376166  
    2.7942224212173232 2.717808382608358 2.6396371157196215  
    2.5588768066430037 2.475168117461029 2.3890416199469593  
    2.301009745848466 2.211563929448472 2.121924898954273  
    2.03316299319075 1.9455490215209592 1.8593795265687394  
    1.774970829142992 1.6926826426836263 1.6126720938828614  
    1.5349394484687304 1.4594560980707674 1.386167216847176  
    1.3147771030902802 1.2451603803266078 1.1775015048636803  
    1.1119834024189799 1.0487828339479193 0.9884614630857489  
    0.9313606522777079 0.8773119412767025 0.8261390590981992  
    0.7776605625023041 0.7314840466274662 0.6872932106299463  
    0.6450136845868382 0.6045663867435802 0.565869565091639  
    0.5289957764633888 0.49408249735181553 0.46112781736464076  
    0.43011036513529133 0.40099263206241414 0.3737118974387307  
    0.3481832794091203 0.3243238282567759 0.3020490302301714  
    0.28127395460381105 0.2619134411809348 0.24387697269410788  
    0.22707517021328325 0.21142317866770027 0.19684075001577042  
    0.18324762791165602 0.17056908928858774 0.15874001442950142  
    0.1476996287832411 0.13739132558334927 0.12776710024742977  
    0.11877715340361286 0.11036910588203212 0.1024954748036487  
    0.09511330553903125 0.08816728316695971 0.0816204110078769  
    0.07545963147905524 0.06967104359714536 0.06424008233075577  
    0.059182629913673596 0.054486770284001854 0.05010370516833195  
    0.045994798644520635 0.04213056187181731 0.03083131558335607  
    0.020363532518773625 0.011561848881060358 0.005278873913530809  
    0.0017712666366294324 0.00038469389892977694 4.407195322919359e-05  
    1.7604867608227635e-06 7.558988362730722e-09 3.344299239935724e-15 
  DENSITY_TH = 25.27261301577599 25.271887870636657 25.26947585883285  
    25.265024389879066 25.258180846881668 25.248589839307215  
    25.236143163972287 25.221742003675345 25.206562537399044  
    25.191825407420623 25.178829820996242 25.16976360755731  
    25.165623572993866 25.166073844628716 25.17082640662758  
    25.17959541296627 25.191448856755684 25.205288510800116  
    25.220409656968133 25.23587914107352 25.250493185841577  
    25.26332696889227 25.27456882643355 25.284448895898915  
    25.29318118585389 25.30096432708369 25.308651372455827  
    25.31662367053362 25.32437342082889 25.331411712110544  
    25.337271368083492 25.34313021747215 25.34928048099127  
    25.353922157051972 25.355229510804612 25.351357029214437  
    25.340895319853143 25.324123050468856 25.301738973250927  
    25.274470714487194 25.24307211793681 25.209025982941043  
    25.172441272901104 25.132027283368117 25.086494840483265  
    25.03456093514976 24.974836009956718 24.9060237065039  
    24.826995583628 24.736631010903224 24.633814530159086  
    24.516304648075952 24.382201200481678 24.23090780563668  
    24.06183279363307 23.874387164816902 23.67053009897265  
    23.453855120352898 23.226242283880598 22.989591105452995  
    22.745817238202104 22.49652642374066 22.242697468943376  
    21.985317824228897 21.725376504050644 21.463862939835945  
    21.20157893133712 20.938966800008178 20.676473172427556  
    20.414540151314437 20.153605232358807 19.89391823789869  
    19.635549382125525 19.37865992010344 19.123406761730674  
    18.869942649120798 18.618502117224956 18.369042405372284  
    18.121293392462455 17.87498006110433 17.62982286565715  
    17.383886739624565 17.136887157282327 16.891017964463646  
    16.648473850402365 16.411450168380338 16.194424422830735  
    16.003023396947622 15.826158897952732 15.652732570716543  
    15.471636913028133 14.973450755398943 14.379597195745578  
    13.68522673429959 12.90120736636216 12.059066422910956  
    11.208653918522419 10.406451943430922 9.69963551657829  
    9.114881900819498 8.656722542705934 
  NI = 21.082969308574075 21.08303179895831 21.082745651300325  
    21.081404286751305 21.078300142524945 21.07271917862972  
    21.064440801521073 21.05526226351352 21.04752988580778  
    21.043677995806604 21.046297134048615 21.059754172633717  
    21.08603302828725 21.124451357267304 21.174421631601852  
    21.235359770894043 21.30538848729307 21.3822971733768  
    21.464661368100426 21.550598874200197 21.637685392198197  
    21.72405368486472 21.810061993519398 21.89615133263245  
    21.982729639369133 22.0701732858949 22.16016668962159  
    22.253450071339252 22.34898457700244 22.445768365996525  
    22.542842314504547 22.640112775519505 22.73677280254609  
    22.830783938552486 22.92005625998532 23.002460286921067  
    23.076249122099135 23.141535086244417 23.199001876330374  
    23.249390937527444 23.29349614994873 23.333070898597345  
    23.368349870607936 23.397881310694913 23.42021652475277  
    23.43391914820012 23.437055476172652 23.428007993174038  
    23.40584415750986 23.369647048960623 23.31851009181752  
    23.250639924384558 23.164499578243493 23.05958123302157  
    22.935386492009382 22.79142229900542 22.62953229044701  
    22.45309357535863 22.263948382168874 22.063977861254934  
    21.85509543746355 21.638936926614004 21.416547104196717  
    21.18897723335249 20.95728170529161 20.722515745172245  
    20.485551150625398 20.246913317067243 20.007130691530826  
    19.766722673330655 19.526199447722863 19.285887505794893  
    19.04593188020158 18.806556911738276 18.567978250868535  
    18.330403212486534 18.0941103896052 17.859108779266787  
    17.625187462847826 17.392125729143178 17.159693810448495  
    16.92605406672982 16.69096577156021 16.456589688277422  
    16.22508826702047 15.998625286024431 15.791355723322877  
    15.60879948148971 15.440152797167508 15.274591582296338  
    15.101273454653466 14.625165992606687 14.054566158894755  
    13.38387476211558 12.622859209363531 11.802117702087529  
    10.97111372924044 10.186232189774241 9.494413454599378  
    8.922033567094156 8.473567733984511 
  NZ = 4.189643707201916 4.18885607167835 4.186730207532521  
    4.183620103127761 4.179880704356725 4.175870660677499  
    4.171702362451212 4.166479740161821 4.159032651591265  
    4.148147411614019 4.132532686947625 4.1100094349235965  
    4.079590544706617 4.041622487361413 3.9964047750257277  
    3.9442356420722215 3.8860603694626192 3.8229913374233173  
    3.7557482888677094 3.685280266873322 3.61280779364338  
    3.5392732840275465 3.4645068329141515 3.388297563266466  
    3.310451546484757 3.230791041188792 3.148484682834238  
    3.0631735991943714 2.975388843826449 2.885643346114019  
    2.7944290535789458 2.7030174419526465 2.6125076784451804  
    2.5231382184994873 2.4351732508192896 2.3488967422933715  
    2.2646461977540095 2.1825879642244397 2.102737096920554  
    2.0250797769597466 1.949575967988081 1.8759550843436985  
    1.804091402293168 1.734145972673208 1.666278315730497  
    1.600641786949644 1.5377805337840684 1.4780157133298597  
    1.4211514261181426 1.3669839619426027 1.315304438341565  
    1.2656647236913952 1.217701622238181 1.171326572615103  
    1.126446301623687 1.0829648658114848 1.0409978085256402  
    1.000761544994269 0.9622939017117231 0.925613244198059  
    0.8907218007385533 0.8575894971266557 0.8261503647466573  
    0.796340590876407 0.7680947987590346 0.7413471946637005  
    0.716027780711724 0.6920534829409376 0.6693424808967317  
    0.6478174779837835 0.6274057846359423 0.6080307321037975  
    0.5896175019239447 0.5721030083651635 0.5554285108621417  
    0.5395394366342664 0.5243917276197605 0.5099336261054953  
    0.49610592961463046 0.4828543319611528 0.47012905520865683  
    0.45783267289474533 0.4459213857221178 0.4344282761862237  
    0.42338558338189103 0.4128248823559054 0.4030686995078586  
    0.39422391545791385 0.3860061007852233 0.3781409884202044  
    0.37036345837466733 0.34828476279225606 0.3250310368508236  
    0.3013519721840104 0.27834815699863064 0.2569487208234292  
    0.23754018928197979 0.22021975365667923 0.2052220619789108  
    0.19284833372534335 0.1831548087214233 
  DENSITY_HE = 3.579210577863636 3.5784542858804764 3.5764224426999296  
    3.5734690077224767 3.569948878585877 3.566220637226044  
    3.5623965872493124 3.557580553196738 3.5506022677735842  
    3.5402479017080064 3.525225958575448 3.5033572136530977  
    3.473654355232279 3.4364636347880575 3.39208432626446  
    3.340814407358006 3.2835988840028225 3.2215498431864384  
    3.155386716521427 3.086058217880878 3.014784522527209  
    2.9425076808089394 2.8690574057376166 2.7942224212173232  
    2.717808382608358 2.6396371157196215 2.5588768066430037  
    2.475168117461029 2.3890416199469593 2.301009745848466  
    2.211563929448472 2.121924898954273 2.03316299319075  
    1.9455490215209592 1.8593795265687394 1.774970829142992  
    1.6926826426836263 1.6126720938828614 1.5349394484687304  
    1.4594560980707674 1.386167216847176 1.3147771030902802  
    1.2451603803266078 1.1775015048636803 1.1119834024189799  
    1.0487828339479193 0.9884614630857489 0.9313606522777079  
    0.8773119412767025 0.8261390590981992 0.7776605625023041  
    0.7314840466274662 0.6872932106299463 0.6450136845868382  
    0.6045663867435802 0.565869565091639 0.5289957764633888  
    0.49408249735181553 0.46112781736464076 0.43011036513529133  
    0.40099263206241414 0.3737118974387307 0.3481832794091203  
    0.3243238282567759 0.3020490302301714 0.28127395460381105  
    0.2619134411809348 0.24387697269410788 0.22707517021328325  
    0.21142317866770027 0.19684075001577042 0.18324762791165602  
    0.17056908928858774 0.15874001442950142 0.1476996287832411  
    0.13739132558334927 0.12776710024742977 0.11877715340361286  
    0.11036910588203212 0.1024954748036487 0.09511330553903125  
    0.08816728316695971 0.0816204110078769 0.07545963147905524  
    0.06967104359714536 0.06424008233075577 0.059182629913673596  
    0.054486770284001854 0.05010370516833195 0.045994798644520635  
    0.04213056187181731 0.03083131558335607 0.020363532518773625  
    0.011561848881060358 0.005278873913530809 0.0017712666366294324  
    0.00038469389892977694 4.407195322919359e-05 1.7604867608227635e-06  
    7.558988362730722e-09 3.344299239935724e-15 
  _NZ_0 = 0.0004485180965013078 0.00044849506671408796  
    0.00044842598444716486 0.000448310870981105 0.00044814976177137987  
    0.0004479427064301656 0.00044768976870088135 0.00044739102642548355  
    0.0004470465715045413 0.0004466565098501194 0.00044622096133150447  
    0.0004457400597138124 0.00044521395258952145 0.0004446428013029797  
    0.00044402678086794103 0.0004433660798781892 0.0004426609004113127  
    0.00044191145792570074 0.0004411179811508319 0.00044028071197093596  
    0.0004393999053021094 0.0004384758289629737 0.00043750876353896754  
    0.00043649900224036937 0.00043544685075415064 0.000434352627089765  
    0.0004332166614189817 0.00043203929590987695 0.0004308208845550989  
    0.00042956179299452813 0.000428262398332457 0.00042695998750798926  
    0.0004256757422883396 0.0004243858905058985 0.0004230666599930565  
    0.00042169427858220393 0.00042025242841321335  
    0.00041874788415986633 0.00041719151245541775  
    0.00041559417993312225 0.0004139667532262345 0.0004123276864463029  
    0.0004106767244427334 0.0004089966699555677 0.0004072703257248472  
    0.00040548049449061333 0.0004036143061706977 0.00040165691480687117  
    0.00039958815932508447 0.0003973878786512884 0.0003950359117114336  
    0.0003924913130521153 0.0003897196264571893 0.00038671042470849744  
    0.0003834532805878814 0.0003799377668771829 0.00037619546808394667  
    0.00037228438474831276 0.0003682337137010157 0.0003640726517727903  
    0.00035983039579437124 0.00035553093290810066 0.0003511881596895937  
    0.0003468161371194938 0.0003424289261784447 0.00033804058784708997  
    0.0003336622626971265 0.0003292994197258117 0.00032495761255212964  
    0.0003206423947950649 0.0003163593200736017 0.00031211102438805403  
    0.0003078974376453761 0.0003037200543245129 0.000299580368904409  
    0.00029547987586400965 0.0002914214749245634 0.0002874037271872759  
    0.0002834216192010274 0.00027947013751469807 0.000275544268677168  
    0.00027161307107111365 0.0002676715464469073 0.00026375359640497313  
    0.0002598931225457352 0.00025612402646961767 0.0002526716161603123  
    0.00024962317793821606 0.00024680558090881064  
    0.00024404569417757808 0.00024117038685000003  
    0.00023325014490000002 0.00022385562405 0.00021292441095000002  
    0.00020063870909999988 0.00018749261879999983 0.00017425091505  
    0.00016177493145 0.00015078640815 0.000141696051555  
    0.00013457370222 
  _NZ_1 = 0.011960482573368209 0.011959868445709012  
    0.011958026251924396 0.011954956559496134 0.011950660313903462  
    0.011945138838137751 0.011938393832023502 0.011930427371346228  
    0.011921241906787769 0.011910840262669852 0.011899225635506785  
    0.011886401592368331 0.011872372069053906 0.01185714136807946  
    0.011840714156478428 0.011823095463418379 0.011804290677635006  
    0.011784305544685353 0.011763146164022185 0.011740818985891627  
    0.011717330808056252 0.011692688772345965 0.011666900361039135  
    0.011639973393076517 0.011611916020110684 0.011582736722393733  
    0.01155244430450618 0.011521047890930053 0.011488556921469306  
    0.01145498114652075 0.011420330622198854 0.011385599666879714  
    0.011351353127689057 0.011316957080157293 0.011281777599814842  
    0.011245180762192105 0.011206731424352356 0.011166610244263101  
    0.01112510699881114 0.01108251146488326 0.011039113419366255  
    0.01099540497190141 0.010951379318472891 0.010906577865481805  
    0.01086054201932926 0.010812813186416356 0.010763048164551939  
    0.010710851061516565 0.010655684248668919 0.01059701009736769  
    0.010534290978971562 0.010466435014723075 0.010392523372191716  
    0.010312277992226598 0.010225420815676838 0.010131673783391545  
    0.010031879148905245 0.00992758359328834 0.009819565698693753  
    0.00970860404727441 0.009595477221183233 0.009480824877549351  
    0.009365017591722499 0.0092484303231865 0.009131438031425193  
    0.0090144156759224 0.008897660338590041 0.008781317859354978  
    0.008665536334723457 0.008550463861201731 0.008436248535296046  
    0.008322960650348108 0.00821059833721003 0.008099201448653677  
    0.007988809837450907 0.00787946335637359 0.007771239331321691  
    0.007664099391660691 0.007557909845360731 0.007452537000391948  
    0.007347847164724479 0.007243015228563031 0.007137907905250862  
    0.0070334292374659504 0.0069304832678862725 0.006829974039189804  
    0.006737909764274994 0.006656618078352427 0.006581482157568284  
    0.006507885178068749 0.006431210316000001 0.006220003864000001  
    0.005969483308000001 0.005677984292 0.005350365575999997  
    0.004999803167999996 0.004646691068 0.0043139981720000005  
    0.0040209708839999995 0.0037785613748000007 0.0035886320592 
  _NZ_2 = 0.5980241286684104 0.5979934222854506 0.5979013125962198  
    0.5977478279748067 0.5975330156951731 0.5972569419068875  
    0.5969196916011751 0.5965213685673114 0.5960620953393885  
    0.5955420131334925 0.5949612817753392 0.5943200796184166  
    0.5936186034526952 0.5928570684039729 0.5920357078239213  
    0.5911547731709189 0.5902145338817503 0.5892152772342677  
    0.5881573082011092 0.5870409492945813 0.5858665404028125  
    0.5846344386172982 0.5833450180519567 0.5819986696538259  
    0.5805958010055342 0.5791368361196867 0.577622215225309  
    0.5760523945465026 0.5744278460734653 0.5727490573260375  
    0.5710165311099428 0.5692799833439857 0.5675676563844528  
    0.5658478540078646 0.5640888799907421 0.5622590381096052  
    0.5603365712176178 0.5583305122131551 0.556255349940557  
    0.554125573244163 0.5519556709683127 0.5497702485950705  
    0.5475689659236446 0.5453288932740903 0.543027100966463  
    0.5406406593208177 0.5381524082275969 0.5355425530758282  
    0.532784212433446 0.5298505048683846 0.526714548948578  
    0.5233217507361537 0.5196261686095858 0.5156138996113299  
    0.5112710407838419 0.5065836891695772 0.5015939574452623  
    0.49637917966441697 0.4909782849346876 0.4854302023637205  
    0.4797738610591616 0.47404124387746754 0.46825087958612494  
    0.46242151615932503 0.4565719015712596 0.45072078379611996  
    0.44488301692950205 0.4390658929677489 0.43327681673617285  
    0.4275231930600865 0.42181242676480224 0.41614803251740534  
    0.4105299168605015 0.40496007243268384 0.3994404918725454  
    0.3939731678186795 0.38856196656608455 0.3832049695830345  
    0.37789549226803654 0.3726268500195974 0.36739235823622396  
    0.3621507614281515 0.3568953952625431 0.3516714618732975  
    0.34652416339431363 0.3414987019594902 0.3368954882137497  
    0.3328309039176214 0.32907410787841423 0.3253942589034374  
    0.32156051580000006 0.3110001932 0.2984741654 0.2838992146  
    0.26751827879999984 0.24999015839999977 0.2323345534  
    0.21569990860000002 0.20104854419999998 0.18892806874 0.17943160296 
  PNBE = 0.0 
  PNBI = 0.0 
  PRFE = 5.071298327803083 
  PRFI = 24.93577568903023 
  PFUSE = 71.70015323635295 
  PFUSI = 23.090890524039203 
  PEI = 5.7381781518314785 
  PRAD = -56.66384978616923 
  AREA = 243.1122744 
/










