 21-Jul-26 07/09/2014
     1               1
  0.200000000E+01
*   2.000             1               0 MAR   3   2 CLC    40   41
  0.000000000E+00 0.170000000E+03 0.200000000E+01 0.679320679E+06
  0.679320679E+06 0.172212727E+03 0.745016864E+00 0.414434964E+02
  0.135067207E+01-0.371132365E+00-0.307039075E+00 0.780612056E+07
  0.177101908E+03 0.181434973E+01 0.234087712E+01 0.126299694E+01
  0.641044041E+00 0.856610151E+00 0.100000000E+11 0.105196034E+02
  0.100000000E+11 0.100000000E+11 0.202928872E+01-0.121158967E+01
  0.770737550E+02 0.108386699E+03 0.537613404E+02
  0.000000000E+00 0.000000000E+00 0.000000000E+00
  0.827086310E+02 0.797369321E+02
  0.000000000E+00 0.000000000E+00
  0.164751582E+01 0.277121925E+00 0.204373042E+01 0.111694379E+01
  0.769246011E+00 0.222404891E+01-0.500000000E+02-0.500000000E+02
 -0.500000000E+02 0.302287423E+00 0.710391296E+04 0.229359260E+06
  0.956440994E-04 0.130260107E+01 0.972757503E+00 0.517445764E-02
  0.128278043E+01 0.173042665E+03 0.000000000E+00 0.000000000E+00
 -0.999000000E+03-0.999000000E+03-0.999000000E+03-0.999000000E+03
 -0.100000000E+03-0.500000000E+02 0.193078248E+01 0.191009174E+01
  0.637425323E+01 0.396286471E+02 0.100000000E+03 0.105196034E+02
  0.178001921E+03 0.206728500E+01 0.465053607E+00 0.000000000E+00
  0.101186968E+01 0.199360453E+01 0.362037030E+06 0.000000000E+00
  0.000000000E+00 0.000000000E+00 0.891140259E+00 0.100000000E+02
    44   60   18    6
  0.177160482E+00 0.141761502E+00 0.191202215E+00 0.152682765E+00
  0.647930035E-01-0.247208276E-01 0.546037356E+00-0.756899069E-01
 -0.484858126E+00 0.244563507E+00 0.147071560E+00 0.237255541E-01
 -0.401978250E-01-0.734852721E-01-0.910610144E-01 0.560712342E+00
 -0.864706606E-01-0.208146201E-01 0.218506298E+00 0.160312738E+00
  0.168584434E+00 0.169907732E+00 0.100845192E+00 0.175997634E-01
 -0.345764616E+00 0.403665545E+00 0.433406426E+00 0.217045913E-01
  0.738500545E-01 0.204749228E+00 0.879975754E-01-0.675412851E-02
 -0.481474453E-01-0.669164794E-01 0.975163078E-01 0.480581933E+00
  0.470487641E+00-0.495305285E-01 0.222800028E-01-0.355362100E-01
 -0.892496494E-02 0.124433871E-01 0.579001433E-01 0.120703535E+00
  0.107038540E+00 0.236506016E+00 0.224428315E+00-0.163373864E+00
 -0.265095587E+00-0.384601233E-01 0.300982502E+00 0.653347556E+00
  0.300501172E+00-0.159467041E+00-0.336843766E+00-0.873252945E-01
  0.239647480E+00 0.325097578E+00 0.257354101E+00-0.366900139E-01
  0.113363250E+00 0.239579545E+00 0.170923817E+00 0.202429397E+00
  0.224530711E+00 0.216997873E+00 0.291967277E+00-0.103513821E+00
 -0.317956166E+00-0.292475069E+00-0.625908617E-01 0.303012262E+00
  0.362828797E+00 0.279636284E+00 0.404803136E+00 0.782532167E+00
  0.313089769E+00 0.432363781E-01-0.196489837E+00-0.272262887E+00
 -0.689249007E-01 0.917496183E-01 0.323731956E+00 0.255056088E+00
  0.364756382E+00 0.108886598E+00-0.612511572E-01-0.254614170E+00
 -0.310276494E+00-0.104160284E+00 0.288011917E+00 0.218472257E+00
  0.223501687E+00 0.202668512E+00 0.167829804E+00 0.236755354E+00
  0.115358433E+00-0.331794029E-01 0.109724988E+00 0.236378596E+00
  0.226726637E+00-0.148922882E+00-0.270491088E+00-0.362796036E-01
  0.295769877E+05-0.430004797E+05 0.262240876E+06 0.246982219E+06
  0.103473755E+06-0.318948258E+06 0.625714308E+06-0.505850804E+05
 -0.790063938E+06 0.338311255E+06 0.933688688E+05-0.107064263E+06
 -0.111844150E+06-0.106506177E+06-0.416550189E+06 0.573019139E+06
 -0.133754766E+06-0.167411534E+06
  0.000000000E+00 0.000000000E+00 0.000000000E+00 0.000000000E+00
  0.000000000E+00 0.000000000E+00
  0.000000000E+00 0.000000000E+00 0.000000000E+00 0.000000000E+00
  0.000000000E+00 0.000000000E+00 0.000000000E+00 0.000000000E+00
  0.000000000E+00 0.000000000E+00 0.559223891E+02 0.000000000E+00
  0.246632318E+00 0.110348343E+01 0.400000006E+02-0.152192734E+00
 -0.117703002E+01 0.000000000E+00 0.999000000E+03 0.190051809E+01
 -0.100000000E+02 0.972757503E+00 0.000000000E+00 0.494482418E-01
 -0.100000000E+02 0.000000000E+00 0.221218163E+01 0.000000000E+00
  0.143546633E+00 0.279458535E+01 0.130769231E+01 0.213442274E+01
  0.339437833E+02 0.334265442E+01-0.890000000E+02-0.890000000E+02
 -0.890000000E+02-0.890000000E+02-0.890000000E+02-0.890000000E+02
 -0.890000000E+02-0.890000000E+02-0.890000000E+02-0.890000000E+02
 -0.890000000E+02-0.890000000E+02-0.890000000E+02-0.890000000E+02
 -0.890000000E+02 0.000000000E+00 0.697914075E+00 0.941018871E+00
  0.141752477E+03 0.186265625E+03 0.000000000E+00 0.818381050E+00
  0.100000000E+01 0.000000000E+00 0.000000000E+00 0.000000000E+00
                                            EQG
