@I NRHO 1 []
101
@R RHOB 1 []
1.264619e+00
@R RHO 101 []
0.000000e+00 1.000000e-02 2.000000e-02 3.000000e-02 4.000000e-02 
5.000000e-02 6.000000e-02 7.000000e-02 8.000000e-02 9.000000e-02 
1.000000e-01 1.100000e-01 1.200000e-01 1.300000e-01 1.400000e-01 
1.500000e-01 1.600000e-01 1.700000e-01 1.800000e-01 1.900000e-01 
2.000000e-01 2.100000e-01 2.200000e-01 2.300000e-01 2.400000e-01 
2.500000e-01 2.600000e-01 2.700000e-01 2.800000e-01 2.900000e-01 
3.000000e-01 3.100000e-01 3.200000e-01 3.300000e-01 3.400000e-01 
3.500000e-01 3.600000e-01 3.700000e-01 3.800000e-01 3.900000e-01 
4.000000e-01 4.100000e-01 4.200000e-01 4.300000e-01 4.400000e-01 
4.500000e-01 4.600000e-01 4.700000e-01 4.800000e-01 4.900000e-01 
5.000000e-01 5.100000e-01 5.200000e-01 5.300000e-01 5.400000e-01 
5.500000e-01 5.600000e-01 5.700000e-01 5.800000e-01 5.900000e-01 
6.000000e-01 6.100000e-01 6.200000e-01 6.300000e-01 6.400000e-01 
6.500000e-01 6.600000e-01 6.700000e-01 6.800000e-01 6.900000e-01 
7.000000e-01 7.100000e-01 7.200000e-01 7.300000e-01 7.400000e-01 
7.500000e-01 7.600000e-01 7.700000e-01 7.800000e-01 7.900000e-01 
8.000000e-01 8.100000e-01 8.200000e-01 8.300000e-01 8.400000e-01 
8.500000e-01 8.600000e-01 8.700000e-01 8.800000e-01 8.900000e-01 
9.000000e-01 9.100000e-01 9.200000e-01 9.300000e-01 9.400000e-01 
9.500000e-01 9.600000e-01 9.700000e-01 9.800000e-01 9.900000e-01 
1.000000e+00 
@R VOLP 101 []
0.000000e+00 2.469773e+00 4.939240e+00 7.408100e+00 9.876049e+00 
1.234279e+01 1.480803e+01 1.727149e+01 1.973288e+01 2.219194e+01 
2.464841e+01 2.710202e+01 2.955256e+01 3.199979e+01 3.444350e+01 
3.688349e+01 3.931959e+01 4.175162e+01 4.417944e+01 4.660293e+01 
4.902197e+01 5.143645e+01 5.384633e+01 5.625153e+01 5.865203e+01 
6.104788e+01 6.343910e+01 6.582559e+01 6.820709e+01 7.058340e+01 
7.295466e+01 7.532147e+01 7.768452e+01 8.004423e+01 8.240070e+01 
8.475404e+01 8.710439e+01 8.945186e+01 9.179644e+01 9.413791e+01 
9.647588e+01 9.880986e+01 1.011394e+02 1.034641e+02 1.057839e+02 
1.080988e+02 1.104092e+02 1.127155e+02 1.150182e+02 1.173177e+02 
1.196140e+02 1.219076e+02 1.241983e+02 1.264863e+02 1.287716e+02 
1.310541e+02 1.333338e+02 1.356105e+02 1.378843e+02 1.401548e+02 
1.424221e+02 1.446859e+02 1.469460e+02 1.492023e+02 1.514544e+02 
1.537021e+02 1.559450e+02 1.581828e+02 1.604152e+02 1.626419e+02 
1.648628e+02 1.670776e+02 1.692863e+02 1.714887e+02 1.736848e+02 
1.758744e+02 1.780578e+02 1.802349e+02 1.824060e+02 1.845711e+02 
1.867302e+02 1.888832e+02 1.910298e+02 1.931701e+02 1.953043e+02 
1.974343e+02 1.995639e+02 2.016963e+02 2.038312e+02 2.059597e+02 
2.080622e+02 2.101173e+02 2.121191e+02 2.140749e+02 2.159973e+02 
2.178993e+02 2.197977e+02 2.217319e+02 2.237747e+02 2.259894e+02 
2.284055e+02 
@R IPOL 101 []
1.010122e+00 1.010123e+00 1.010129e+00 1.010139e+00 1.010155e+00 
1.010176e+00 1.010202e+00 1.010233e+00 1.010268e+00 1.010307e+00 
1.010349e+00 1.010395e+00 1.010444e+00 1.010495e+00 1.010548e+00 
1.010602e+00 1.010657e+00 1.010713e+00 1.010767e+00 1.010820e+00 
1.010872e+00 1.010921e+00 1.010966e+00 1.011008e+00 1.011044e+00 
1.011076e+00 1.011101e+00 1.011118e+00 1.011130e+00 1.011135e+00 
1.011134e+00 1.011124e+00 1.011102e+00 1.011065e+00 1.011013e+00 
1.010946e+00 1.010863e+00 1.010766e+00 1.010653e+00 1.010527e+00 
1.010389e+00 1.010241e+00 1.010085e+00 1.009922e+00 1.009754e+00 
1.009581e+00 1.009402e+00 1.009215e+00 1.009020e+00 1.008816e+00 
1.008603e+00 1.008379e+00 1.008147e+00 1.007905e+00 1.007655e+00 
1.007397e+00 1.007132e+00 1.006860e+00 1.006583e+00 1.006301e+00 
1.006015e+00 1.005727e+00 1.005436e+00 1.005144e+00 1.004851e+00 
1.004560e+00 1.004270e+00 1.003983e+00 1.003700e+00 1.003421e+00 
1.003147e+00 1.002880e+00 1.002618e+00 1.002363e+00 1.002116e+00 
1.001876e+00 1.001645e+00 1.001421e+00 1.001206e+00 1.001000e+00 
1.000803e+00 1.000616e+00 1.000439e+00 1.000272e+00 1.000116e+00 
9.999707e-01 9.998352e-01 9.997096e-01 9.995942e-01 9.994902e-01 
9.994082e-01 9.993700e-01 9.993851e-01 9.994443e-01 9.995364e-01 
9.996498e-01 9.997677e-01 9.998729e-01 9.999532e-01 1.000003e+00 
1.000010e+00 
@R G11 101 []
0.000000e+00 2.463563e+00 4.927124e+00 7.391165e+00 9.856271e+00 
1.232218e+01 1.478870e+01 1.725594e+01 1.972427e+01 2.219436e+01 
2.466651e+01 2.714004e+01 2.961609e+01 3.209204e+01 3.457303e+01 
3.704588e+01 3.952675e+01 4.201302e+01 4.450004e+01 4.700020e+01 
4.948597e+01 5.198340e+01 5.448947e+01 5.699083e+01 5.949326e+01 
6.199801e+01 6.450826e+01 6.702254e+01 6.953825e+01 7.205672e+01 
7.457799e+01 7.710179e+01 7.962715e+01 8.215415e+01 8.467975e+01 
8.720314e+01 8.972798e+01 9.225512e+01 9.479000e+01 9.732191e+01 
9.984666e+01 1.023860e+02 1.049324e+02 1.074688e+02 1.100246e+02 
1.125802e+02 1.151360e+02 1.177040e+02 1.202678e+02 1.228393e+02 
1.254144e+02 1.279875e+02 1.305717e+02 1.331518e+02 1.357396e+02 
1.383373e+02 1.409255e+02 1.435370e+02 1.461434e+02 1.487526e+02 
1.513843e+02 1.540158e+02 1.566471e+02 1.593000e+02 1.619678e+02 
1.646354e+02 1.673139e+02 1.700161e+02 1.727358e+02 1.754648e+02 
1.782058e+02 1.809688e+02 1.837594e+02 1.865683e+02 1.893957e+02 
1.922430e+02 1.951145e+02 1.980195e+02 2.009550e+02 2.039159e+02 
2.069067e+02 2.099276e+02 2.129914e+02 2.161046e+02 2.192590e+02 
2.224546e+02 2.256873e+02 2.289714e+02 2.323209e+02 2.357413e+02 
2.392547e+02 2.428977e+02 2.466980e+02 2.506376e+02 2.546905e+02 
2.588879e+02 2.632240e+02 2.676407e+02 2.721719e+02 2.768444e+02 
2.816802e+02 
@R G22 101 []
0.000000e+00 1.248775e-02 2.497560e-02 3.746611e-02 4.996235e-02 
6.246313e-02 7.496758e-02 8.747638e-02 9.999150e-02 1.125166e-01 
1.250533e-01 1.375982e-01 1.501575e-01 1.627179e-01 1.753058e-01 
1.878545e-01 2.004463e-01 2.130681e-01 2.256965e-01 2.383948e-01 
2.510236e-01 2.637154e-01 2.764552e-01 2.891757e-01 3.019066e-01 
3.146551e-01 3.274377e-01 3.402468e-01 3.530688e-01 3.659102e-01 
3.787722e-01 3.916556e-01 4.045582e-01 4.174817e-01 4.304109e-01 
4.433419e-01 4.562933e-01 4.692698e-01 4.822989e-01 4.953253e-01 
5.083261e-01 5.214109e-01 5.345394e-01 5.476243e-01 5.608148e-01 
5.740125e-01 5.872206e-01 6.005028e-01 6.137770e-01 6.271050e-01 
6.404670e-01 6.538345e-01 6.672755e-01 6.807117e-01 6.942036e-01 
7.077623e-01 7.212878e-01 7.349489e-01 7.485985e-01 7.622769e-01 
7.760844e-01 7.899047e-01 8.037359e-01 8.176905e-01 8.317316e-01 
8.457818e-01 8.598956e-01 8.741383e-01 8.884767e-01 9.028671e-01 
9.173227e-01 9.318937e-01 9.466085e-01 9.614190e-01 9.763243e-01 
9.913312e-01 1.006461e+00 1.021762e+00 1.037218e+00 1.052801e+00 
1.068533e+00 1.084411e+00 1.100497e+00 1.116821e+00 1.133341e+00 
1.150062e+00 1.166981e+00 1.184180e+00 1.201721e+00 1.219571e+00 
1.237747e+00 1.256348e+00 1.275478e+00 1.295070e+00 1.315043e+00 
1.335607e+00 1.356790e+00 1.378452e+00 1.401066e+00 1.424956e+00 
1.450234e+00 
@R G33 101 []
9.105232e-01 9.105396e-01 9.105886e-01 9.106701e-01 9.107841e-01 
9.109304e-01 9.111088e-01 9.113192e-01 9.115612e-01 9.118344e-01 
9.121386e-01 9.124735e-01 9.128383e-01 9.132328e-01 9.136565e-01 
9.141088e-01 9.145890e-01 9.150965e-01 9.156307e-01 9.161907e-01 
9.167757e-01 9.173853e-01 9.180183e-01 9.186738e-01 9.193510e-01 
9.200479e-01 9.207637e-01 9.214987e-01 9.222544e-01 9.230317e-01 
9.238284e-01 9.246397e-01 9.254599e-01 9.262861e-01 9.271176e-01 
9.279542e-01 9.287954e-01 9.296410e-01 9.304909e-01 9.313468e-01 
9.322114e-01 9.330874e-01 9.339771e-01 9.348826e-01 9.358040e-01 
9.367402e-01 9.376889e-01 9.386469e-01 9.396117e-01 9.405815e-01 
9.415547e-01 9.425304e-01 9.435082e-01 9.444879e-01 9.454692e-01 
9.464521e-01 9.474368e-01 9.484234e-01 9.494122e-01 9.504036e-01 
9.513979e-01 9.523952e-01 9.533962e-01 9.544012e-01 9.554110e-01 
9.564263e-01 9.574480e-01 9.584770e-01 9.595138e-01 9.605588e-01 
9.616123e-01 9.626743e-01 9.637443e-01 9.648223e-01 9.659076e-01 
9.669997e-01 9.680976e-01 9.692000e-01 9.703053e-01 9.714127e-01 
9.725214e-01 9.736314e-01 9.747430e-01 9.758560e-01 9.769682e-01 
9.780706e-01 9.791456e-01 9.801769e-01 9.811672e-01 9.821576e-01 
9.832221e-01 9.844332e-01 9.858187e-01 9.873531e-01 9.889826e-01 
9.906598e-01 9.923268e-01 9.938229e-01 9.948369e-01 9.951057e-01 
9.945446e-01 
@R GRADRHO 101 []
1.002962e+00 9.945372e-01 9.945569e-01 9.946224e-01 9.947413e-01 
9.948799e-01 9.950261e-01 9.951844e-01 9.953654e-01 9.955826e-01 
9.958334e-01 9.960989e-01 9.963981e-01 9.966850e-01 9.970388e-01 
9.972706e-01 9.976089e-01 9.980046e-01 9.983982e-01 9.989232e-01 
9.992820e-01 9.997495e-01 1.000284e+00 1.000761e+00 1.001235e+00 
1.001718e+00 1.002234e+00 1.002768e+00 1.003300e+00 1.003841e+00 
1.004388e+00 1.004937e+00 1.005481e+00 1.006020e+00 1.006536e+00 
1.007024e+00 1.007507e+00 1.007989e+00 1.008498e+00 1.008976e+00 
1.009406e+00 1.009899e+00 1.010415e+00 1.010873e+00 1.011412e+00 
1.011937e+00 1.012452e+00 1.013007e+00 1.013528e+00 1.014067e+00 
1.014603e+00 1.015114e+00 1.015652e+00 1.016156e+00 1.016671e+00 
1.017205e+00 1.017686e+00 1.018232e+00 1.018741e+00 1.019240e+00 
1.019796e+00 1.020332e+00 1.020846e+00 1.021410e+00 1.021999e+00 
1.022565e+00 1.023142e+00 1.023768e+00 1.024422e+00 1.025077e+00 
1.025740e+00 1.026438e+00 1.027183e+00 1.027945e+00 1.028723e+00 
1.029518e+00 1.030336e+00 1.031198e+00 1.032092e+00 1.032999e+00 
1.033926e+00 1.034868e+00 1.035851e+00 1.036884e+00 1.037939e+00 
1.039008e+00 1.040064e+00 1.041124e+00 1.042206e+00 1.043327e+00 
1.044569e+00 1.046055e+00 1.047841e+00 1.049852e+00 1.051982e+00 
1.054240e+00 1.056550e+00 1.058651e+00 1.060333e+00 1.061318e+00 
1.061438e+00 
@R AREA 101 []
0.000000e+00 2.456331e+00 4.912604e+00 7.368720e+00 9.824493e+00 
1.227978e+01 1.473451e+01 1.718865e+01 1.964212e+01 2.209483e+01 
2.454663e+01 2.699744e+01 2.944719e+01 3.189579e+01 3.434323e+01 
3.678935e+01 3.923453e+01 4.167805e+01 4.412032e+01 4.656075e+01 
4.899960e+01 5.143693e+01 5.387240e+01 5.630609e+01 5.873803e+01 
6.116824e+01 6.359666e+01 6.602322e+01 6.844792e+01 7.087075e+01 
7.329169e+01 7.571075e+01 7.812797e+01 8.054339e+01 8.295710e+01 
8.536920e+01 8.777978e+01 9.018889e+01 9.259656e+01 9.500280e+01 
9.740779e+01 9.981155e+01 1.022139e+02 1.046151e+02 1.070150e+02 
1.094135e+02 1.118108e+02 1.142068e+02 1.166016e+02 1.189953e+02 
1.213879e+02 1.237794e+02 1.261701e+02 1.285600e+02 1.309491e+02 
1.333376e+02 1.357255e+02 1.381130e+02 1.405000e+02 1.428868e+02 
1.452733e+02 1.476597e+02 1.500461e+02 1.524326e+02 1.548192e+02 
1.572060e+02 1.595931e+02 1.619807e+02 1.643687e+02 1.667573e+02 
1.691466e+02 1.715367e+02 1.739278e+02 1.763198e+02 1.787131e+02 
1.811077e+02 1.835039e+02 1.859019e+02 1.883018e+02 1.907038e+02 
1.931084e+02 1.955158e+02 1.979264e+02 2.003404e+02 2.027584e+02 
2.051806e+02 2.076079e+02 2.100409e+02 2.124804e+02 2.149273e+02 
2.173820e+02 2.198447e+02 2.223151e+02 2.247929e+02 2.272784e+02 
2.297725e+02 2.322761e+02 2.347914e+02 2.373225e+02 2.398763e+02 
2.424628e+02 
@R A 101 []
0.000000e+00 1.130836e-02 2.261697e-02 3.392550e-02 4.523369e-02 
5.654186e-02 6.785016e-02 7.915837e-02 9.046649e-02 1.017746e-01 
1.130825e-01 1.243901e-01 1.356976e-01 1.470046e-01 1.583116e-01 
1.696181e-01 1.809263e-01 1.922328e-01 2.035399e-01 2.148451e-01 
2.261499e-01 2.374544e-01 2.487572e-01 2.600588e-01 2.713593e-01 
2.826588e-01 2.939570e-01 3.052535e-01 3.165482e-01 3.278414e-01 
3.391331e-01 3.504227e-01 3.617097e-01 3.729940e-01 3.842753e-01 
3.955539e-01 4.068294e-01 4.181017e-01 4.293701e-01 4.406342e-01 
4.518944e-01 4.631506e-01 4.744022e-01 4.856494e-01 4.968927e-01 
5.081307e-01 5.193644e-01 5.305929e-01 5.418166e-01 5.530349e-01 
5.642475e-01 5.754540e-01 5.866545e-01 5.978480e-01 6.090350e-01 
6.202143e-01 6.313862e-01 6.425502e-01 6.537056e-01 6.648528e-01 
6.759909e-01 6.871194e-01 6.982384e-01 7.093476e-01 7.204460e-01 
7.315337e-01 7.426104e-01 7.536756e-01 7.647287e-01 7.757694e-01 
7.867974e-01 7.978124e-01 8.088138e-01 8.198009e-01 8.307733e-01 
8.417306e-01 8.526724e-01 8.635979e-01 8.745065e-01 8.853975e-01 
8.962705e-01 9.071245e-01 9.179589e-01 9.287725e-01 9.395644e-01 
9.503341e-01 9.610812e-01 9.718045e-01 9.825026e-01 9.931750e-01 
1.003820e+00 1.014437e+00 1.025028e+00 1.035597e+00 1.046149e+00 
1.056683e+00 1.067200e+00 1.077694e+00 1.088153e+00 1.098563e+00 
1.108906e+00 
@R RTOR 101 []
4.768325e+00 4.768303e+00 4.768235e+00 4.768123e+00 4.767966e+00 
4.767764e+00 4.767517e+00 4.767226e+00 4.766891e+00 4.766513e+00 
4.766090e+00 4.765625e+00 4.765116e+00 4.764566e+00 4.763973e+00 
4.763339e+00 4.762663e+00 4.761948e+00 4.761192e+00 4.760397e+00 
4.759563e+00 4.758692e+00 4.757783e+00 4.756838e+00 4.755857e+00 
4.754840e+00 4.753790e+00 4.752707e+00 4.751592e+00 4.750445e+00 
4.749266e+00 4.748055e+00 4.746813e+00 4.745544e+00 4.744249e+00 
4.742930e+00 4.741586e+00 4.740221e+00 4.738835e+00 4.737429e+00 
4.736002e+00 4.734557e+00 4.733091e+00 4.731606e+00 4.730100e+00 
4.728572e+00 4.727023e+00 4.725453e+00 4.723862e+00 4.722250e+00 
4.720618e+00 4.718967e+00 4.717296e+00 4.715607e+00 4.713900e+00 
4.712174e+00 4.710431e+00 4.708671e+00 4.706893e+00 4.705098e+00 
4.703286e+00 4.701456e+00 4.699608e+00 4.697743e+00 4.695860e+00 
4.693958e+00 4.692037e+00 4.690097e+00 4.688137e+00 4.686156e+00 
4.684153e+00 4.682129e+00 4.680081e+00 4.678010e+00 4.675914e+00 
4.673793e+00 4.671646e+00 4.669472e+00 4.667271e+00 4.665041e+00 
4.662782e+00 4.660493e+00 4.658172e+00 4.655820e+00 4.653433e+00 
4.651012e+00 4.648557e+00 4.646066e+00 4.643542e+00 4.640980e+00 
4.638379e+00 4.635731e+00 4.633028e+00 4.630260e+00 4.627420e+00 
4.624502e+00 4.621502e+00 4.618424e+00 4.615276e+00 4.612071e+00 
4.608825e+00 
@R SHIFT 101 []
2.183255e-01 2.183028e-01 2.182353e-01 2.181230e-01 2.179657e-01 
2.177637e-01 2.175172e-01 2.172265e-01 2.168915e-01 2.165127e-01 
2.160904e-01 2.156249e-01 2.151165e-01 2.145658e-01 2.139730e-01 
2.133387e-01 2.126633e-01 2.119475e-01 2.111917e-01 2.103968e-01 
2.095633e-01 2.086917e-01 2.077830e-01 2.068377e-01 2.058565e-01 
2.048402e-01 2.037901e-01 2.027073e-01 2.015924e-01 2.004452e-01 
1.992658e-01 1.980546e-01 1.968135e-01 1.955445e-01 1.942494e-01 
1.929295e-01 1.915863e-01 1.902211e-01 1.888348e-01 1.874285e-01 
1.860024e-01 1.845566e-01 1.830913e-01 1.816058e-01 1.800995e-01 
1.785721e-01 1.770233e-01 1.754532e-01 1.738620e-01 1.722503e-01 
1.706184e-01 1.689669e-01 1.672964e-01 1.656072e-01 1.638997e-01 
1.621744e-01 1.604314e-01 1.586710e-01 1.568932e-01 1.550981e-01 
1.532856e-01 1.514558e-01 1.496084e-01 1.477431e-01 1.458598e-01 
1.439581e-01 1.420373e-01 1.400971e-01 1.381369e-01 1.361559e-01 
1.341534e-01 1.321288e-01 1.300812e-01 1.280100e-01 1.259143e-01 
1.237933e-01 1.216462e-01 1.194723e-01 1.172708e-01 1.150409e-01 
1.127820e-01 1.104928e-01 1.081725e-01 1.058197e-01 1.034333e-01 
1.010124e-01 9.855668e-02 9.606638e-02 9.354158e-02 9.098038e-02 
8.837857e-02 8.573071e-02 8.302798e-02 8.026047e-02 7.742014e-02 
7.450210e-02 7.150218e-02 6.842374e-02 6.527550e-02 6.207110e-02 
5.882549e-02 
@R ELONG 101 []
1.298259e+00 1.298254e+00 1.298242e+00 1.298231e+00 1.298199e+00 
1.298134e+00 1.298051e+00 1.297967e+00 1.297881e+00 1.297784e+00 
1.297677e+00 1.297561e+00 1.297440e+00 1.297311e+00 1.297175e+00 
1.297030e+00 1.296880e+00 1.296725e+00 1.296566e+00 1.296402e+00 
1.296234e+00 1.296064e+00 1.295894e+00 1.295722e+00 1.295551e+00 
1.295381e+00 1.295214e+00 1.295050e+00 1.294890e+00 1.294732e+00 
1.294577e+00 1.294429e+00 1.294290e+00 1.294161e+00 1.294044e+00 
1.293941e+00 1.293852e+00 1.293779e+00 1.293724e+00 1.293687e+00 
1.293669e+00 1.293668e+00 1.293685e+00 1.293719e+00 1.293768e+00 
1.293832e+00 1.293912e+00 1.294007e+00 1.294118e+00 1.294245e+00 
1.294391e+00 1.294555e+00 1.294739e+00 1.294944e+00 1.295171e+00 
1.295421e+00 1.295694e+00 1.295991e+00 1.296313e+00 1.296660e+00 
1.297034e+00 1.297434e+00 1.297862e+00 1.298317e+00 1.298801e+00 
1.299314e+00 1.299856e+00 1.300428e+00 1.301031e+00 1.301666e+00 
1.302332e+00 1.303030e+00 1.303763e+00 1.304529e+00 1.305331e+00 
1.306170e+00 1.307047e+00 1.307963e+00 1.308921e+00 1.309923e+00 
1.310970e+00 1.312065e+00 1.313210e+00 1.314408e+00 1.315662e+00 
1.316973e+00 1.318347e+00 1.319791e+00 1.321313e+00 1.322919e+00 
1.324612e+00 1.326389e+00 1.328242e+00 1.330163e+00 1.332144e+00 
1.334185e+00 1.336283e+00 1.338448e+00 1.340735e+00 1.343236e+00 
1.346066e+00 
@R TRIAG 101 []
0.000000e+00 3.263108e-02 3.102166e-02 2.940621e-02 2.778021e-02 
2.614724e-02 2.450918e-02 2.286202e-02 2.120391e-02 1.953647e-02 
1.785790e-02 1.616613e-02 1.446156e-02 1.274358e-02 1.101094e-02 
9.263072e-03 7.498852e-03 5.717483e-03 3.917926e-03 2.100357e-03 
2.635711e-04 -1.593665e-03 -3.471449e-03 -5.370462e-03 -7.292206e-03 
-9.236867e-03 -1.120361e-02 -1.319247e-02 -1.520499e-02 -1.724399e-02 
-1.931212e-02 -2.140981e-02 -2.353449e-02 -2.568612e-02 -2.786681e-02 
-3.007935e-02 -3.232669e-02 -3.461017e-02 -3.692824e-02 -3.927988e-02 
-4.166570e-02 -4.408628e-02 -4.654053e-02 -4.902761e-02 -5.154689e-02 
-5.409747e-02 -5.667952e-02 -5.929482e-02 -6.194542e-02 -6.463322e-02 
-6.736007e-02 -7.012719e-02 -7.293606e-02 -7.578793e-02 -7.868476e-02 
-8.162794e-02 -8.461878e-02 -8.765864e-02 -9.074892e-02 -9.389172e-02 
-9.708844e-02 -1.003406e-01 -1.036502e-01 -1.070192e-01 -1.104496e-01 
-1.139439e-01 -1.175050e-01 -1.211352e-01 -1.248369e-01 -1.286127e-01 
-1.324654e-01 -1.363977e-01 -1.404131e-01 -1.445148e-01 -1.487065e-01 
-1.529924e-01 -1.573770e-01 -1.618652e-01 -1.664621e-01 -1.711734e-01 
-1.760056e-01 -1.809657e-01 -1.860610e-01 -1.912998e-01 -1.966915e-01 
-2.022464e-01 -2.079758e-01 -2.138914e-01 -2.200105e-01 -2.263553e-01 
-2.329475e-01 -2.397976e-01 -2.469134e-01 -2.543004e-01 -2.619443e-01 
-2.698168e-01 -2.779316e-01 -2.863633e-01 -2.953104e-01 -3.049556e-01 
-3.154778e-01 
