&IN1
  ICONVR = 3 
  MXITER = -1 
  NXITER = 51 
  ERROR = 0.0001 
  RELAX = 0.5 
  IOUT = 4 
  ICURRT = 2 
  KPPFNC = 6 
  KPPCUR = 3 
  KFFFNC = 6 
  KFFCUR = 3 
  ISHOT = 1 
  ITIME = 0 
  ITIMEU = 0 
  ITEK = 0 
  ITRACE = 1 
  PLASMA = 10000000.0 
  BTOR = 11.0 
  RCENTR = 4.55 
  RZERO = 4.55 
  LIMITR = 5 
  XLIM = 6.0 3.5 3.5 6.0 6.0 
  YLIM = 1.93 1.93 -1.93 -1.93 1.93 
  NBDRY = 15 
  RBDRY = 5.75 5.717889612279765 5.599231274196216 5.333894952548324  
    4.862048988436734 4.215741544340384 3.606248672667517  
    3.3499999999999996 3.606248672667517 4.215741544340384  
    4.862048988436735 5.333894952548324 5.599231274196216  
    5.717889612279765 5.75 
  ZBDRY = 0.0 0.7289246817174976 1.3134768905462901 1.6378788924654637  
    1.6378788924654637 1.3134768905462901 0.7289246817174978  
    2.0574066225675533e-16 -0.7289246817174975 -1.31347689054629  
    -1.6378788924654637 -1.6378788924654637 -1.3134768905462901  
    -0.728924681717498 0.0 
  IERCHK = 0 
  NEXTRA = 0 
  SCRAPE = 0.01 
  PSIBRY = 0.0 
  CFCOIL = -10.0 
  ENP = 1.0 
  EMP = 1.0 
  FCURBD = 0 
  PCURBD = 0 
  FCZERO = 1.0 1.0 1.0 1.0 1.0 1.0 1.0 1.0 1.0 1.0 1.0 1.0 1.0 1.0 1.0  
    1.0 
  FCSUM = 1.0 1.0 1.0 1.0 1.0 1.0 1.0 1.0 1.0 1.0 1.0 1.0 1.0 1.0 1.0  
    1.0 
  IFREF = 2 
  PRBDRY = 10423.760982998123 
  KBETAPR = 1 
  FWTBDRY = 1.0 1.0 1.0 1.0 1.0 1.0 1.0 1.0 1.0 1.0 1.0 1.0 1.0 1.0 1.0 
  FWTBDRY(2) = 10.0 
  FWTBDRY(3) = 10.0 
  FWTBDRY(4) = 10.0 
  FWTBDRY(5) = 10.0 
  FWTBDRY(9) = 10.0 
  FWTBDRY(10) = 10.0 
  FWTBDRY(11) = 10.0 
  FWTBDRY(12) = 10.0 
/

&PROFILE_EXT
  NPSI_EXT = 257 
  PSIN_EXT = 0.0 0.00390625 0.0078125 0.01171875 0.015625 0.01953125  
    0.0234375 0.02734375 0.03125 0.03515625 0.0390625 0.04296875  
    0.046875 0.05078125 0.0546875 0.05859375 0.0625 0.06640625  
    0.0703125 0.07421875 0.078125 0.08203125 0.0859375 0.08984375  
    0.09375 0.09765625 0.1015625 0.10546875 0.109375 0.11328125  
    0.1171875 0.12109375 0.125 0.12890625 0.1328125 0.13671875 0.140625  
    0.14453125 0.1484375 0.15234375 0.15625 0.16015625 0.1640625  
    0.16796875 0.171875 0.17578125 0.1796875 0.18359375 0.1875  
    0.19140625 0.1953125 0.19921875 0.203125 0.20703125 0.2109375  
    0.21484375 0.21875 0.22265625 0.2265625 0.23046875 0.234375  
    0.23828125 0.2421875 0.24609375 0.25 0.25390625 0.2578125  
    0.26171875 0.265625 0.26953125 0.2734375 0.27734375 0.28125  
    0.28515625 0.2890625 0.29296875 0.296875 0.30078125 0.3046875  
    0.30859375 0.3125 0.31640625 0.3203125 0.32421875 0.328125  
    0.33203125 0.3359375 0.33984375 0.34375 0.34765625 0.3515625  
    0.35546875 0.359375 0.36328125 0.3671875 0.37109375 0.375  
    0.37890625 0.3828125 0.38671875 0.390625 0.39453125 0.3984375  
    0.40234375 0.40625 0.41015625 0.4140625 0.41796875 0.421875  
    0.42578125 0.4296875 0.43359375 0.4375 0.44140625 0.4453125  
    0.44921875 0.453125 0.45703125 0.4609375 0.46484375 0.46875  
    0.47265625 0.4765625 0.48046875 0.484375 0.48828125 0.4921875  
    0.49609375 0.5 0.50390625 0.5078125 0.51171875 0.515625 0.51953125  
    0.5234375 0.52734375 0.53125 0.53515625 0.5390625 0.54296875  
    0.546875 0.55078125 0.5546875 0.55859375 0.5625 0.56640625  
    0.5703125 0.57421875 0.578125 0.58203125 0.5859375 0.58984375  
    0.59375 0.59765625 0.6015625 0.60546875 0.609375 0.61328125  
    0.6171875 0.62109375 0.625 0.62890625 0.6328125 0.63671875 0.640625  
    0.64453125 0.6484375 0.65234375 0.65625 0.66015625 0.6640625  
    0.66796875 0.671875 0.67578125 0.6796875 0.68359375 0.6875  
    0.69140625 0.6953125 0.69921875 0.703125 0.70703125 0.7109375  
    0.71484375 0.71875 0.72265625 0.7265625 0.73046875 0.734375  
    0.73828125 0.7421875 0.74609375 0.75 0.75390625 0.7578125  
    0.76171875 0.765625 0.76953125 0.7734375 0.77734375 0.78125  
    0.78515625 0.7890625 0.79296875 0.796875 0.80078125 0.8046875  
    0.80859375 0.8125 0.81640625 0.8203125 0.82421875 0.828125  
    0.83203125 0.8359375 0.83984375 0.84375 0.84765625 0.8515625  
    0.85546875 0.859375 0.86328125 0.8671875 0.87109375 0.875  
    0.87890625 0.8828125 0.88671875 0.890625 0.89453125 0.8984375  
    0.90234375 0.90625 0.91015625 0.9140625 0.91796875 0.921875  
    0.92578125 0.9296875 0.93359375 0.9375 0.94140625 0.9453125  
    0.94921875 0.953125 0.95703125 0.9609375 0.96484375 0.96875  
    0.97265625 0.9765625 0.98046875 0.984375 0.98828125 0.9921875  
    0.99609375 1.0 
  PPRIME_EXT = 752786.4394672975 741878.5533159152 731081.768897756  
    720396.0862128197 709821.5052611066 699358.0260426167  
    689005.6485573496 678764.3728053056 668634.1987864848  
    658615.1265008871 648707.1559485124 638910.2871293607  
    629224.5200434322 619649.8546907266 610186.2910712443  
    600833.8291849848 591592.4690319486 582462.2106121355  
    573443.0539255452 564534.9989721782 555738.045752034  
    547052.1942651132 538477.4445114152 530013.7964909405  
    521661.25020368875 513419.80564966006 506109.42093837983  
    500229.433309714 494444.5273223015 488586.5669813091  
    482315.3624133274 475166.8168389497 467183.8467284392  
    458507.4618209903 449534.8082676333 440746.48983362206  
    432273.56158553367 424241.4613148748 416648.46437979303  
    409379.8146228163 402430.5891498907 395731.07294230803  
    389217.27128568955 382912.84259481006 376735.41240685154  
    370722.2826696163 364878.6146662644 359190.51002960827  
    353685.02158702334 348321.7511483262 343131.0516703599  
    338074.70001274894 333171.78908074036 328411.2599691202  
    323801.4684479142 319333.31227382197 314990.8113182025  
    310783.3586809909 306668.95589179464 302668.4792456137  
    298736.1819300609 294909.7853281697 291148.4251557926  
    287470.158988184 283864.41266661324 280307.4920165706  
    276832.3863646395 273365.72962562623 269973.38158682594  
    266608.7783839081 263296.6471745506 260063.64962838008  
    256858.84792832934 253769.1950719187 250741.62187436377  
    247772.8847402801 244917.18666144664 242098.06056618423  
    239364.91160394877 236725.4345208905 234116.0084207799  
    231613.4134874012 229202.6096282822 226833.85707889448  
    224569.771914712 222378.34493498577 220216.07364831195  
    218134.55710513846 216102.49122286975 214081.1665269384  
    212125.06940114012 210216.96839037555 208308.89976146704  
    206449.39438609115 204648.08045012076 202852.32639250928  
    201082.6630096315 199364.70828195952 197654.2546556026  
    195943.20664635865 194269.94444578263 192614.42795148905  
    190939.45965216262 189275.49150419948 187643.5165000394  
    186006.26394724858 184355.28644109023 182728.51415742232  
    181123.96236720783 179506.02148195571 177882.18019279942  
    176280.8569490157 174685.2427405722 173067.88354324587  
    171445.2813572809 169837.5439754028 168232.38228885684  
    166618.57056569506 165013.24506823847 163437.88595725503  
    161884.96913682227 160341.78600142302 158823.00122000073  
    157344.01188767666 155892.4524266143 154452.98806128197  
    153034.90867795827 151655.34622212136 150307.82891634648  
    148976.45423482748 147667.4625701288 146401.0992588368  
    145179.32692615472 143983.51013574435 142806.0577959921  
    141663.3108982553 140564.3427894978 139488.62408949432  
    138420.19264054386 137369.34782866266 136349.81133370727  
    135353.70085454534 134366.7341221617 133389.46141814935  
    132431.55046239233 131498.30888452457 130582.84246310612  
    129674.42004444671 128769.62471417469 127879.79310256745  
    127010.61714652312 126147.83525838405 125281.69525343062  
    124420.33265017028 123576.13079125219 122745.42054347115  
    121918.32233876726 121094.26060816715 120278.01252782013  
    119477.80534221353 118692.84150994517 117912.95886002551  
    117133.46960114519 116363.01703008416 115611.1919297462  
    114870.37077418517 114131.78883181736 113397.41084268449  
    112672.72150007187 111962.99896467869 111265.55548559097  
    110572.76456247945 109881.43870125854 109199.55821038524  
    108535.48318328254 107881.45301506438 107229.41670277175  
    106581.44584399201 105942.81795782153 105317.83102611275  
    104703.69113332292 104093.87045018119 103485.46664403036  
    102885.93021018202 102303.48219443258 101731.09310073935  
    101161.29698231156 100595.89384548418 100039.57657592735  
    99496.16759764552 98962.64666940179 98431.99169976966  
    97900.96751500104 97376.813986182 96866.58062947844  
    96362.90572959205 95858.47267661997 95355.81026698086  
    94861.57813895382 94378.59744913853 93902.4212436 93428.22552688184  
    92954.97392402247 92490.14884086876 92038.84158496387  
    91592.7500620157 91145.035273839 90700.31076490827  
    90266.93617807158 89844.17722019882 89426.2038285975  
    89011.21106741492 88604.61330376068 88221.04814243058  
    87864.62056769784 87526.25279882352 87209.60962947602  
    86932.26146351581 86700.59686619183 86511.47810038656  
    86395.78763274116 86388.37971780404 86494.12443566603  
    86729.27926280045 87122.12533073316 87676.31545682994  
    88432.99633214457 89725.55795603423 91798.7514779239  
    94673.93853586991 98155.53415774275 101912.18184876909  
    105739.72272278348 110092.17239463027 117933.24558214736  
    131456.92796499463 150371.82545470668 176324.99880784773  
    211381.4354352847 256527.31217519197 309591.58563262783  
    363191.45589914755 413716.3268415715 461620.7507134746  
    500314.97812523454 523819.49015357194 531860.3217305741  
    525679.4669518605 507483.6153269838 477385.51018630026  
    435800.6303083788 384619.067616293 324544.20356429287  
    255201.5040479718 176366.69452910585 87654.98849287983  
    -10933.614062786102 
  FFPRIM_EXT = 1.155054791681797 1.4105594121294023 1.6558493249208026  
    1.897373617823125 2.135388639148276 2.369926884693111  
    2.600997081688639 2.828609434441347 3.052768343070216  
    3.2734892442107935 3.4907698417898203 3.7046163458437293  
    3.9150353559832887 4.122032325487785 4.3256147644716725  
    4.52578798403313 4.722557394677196 4.91592955668158  
    5.105910364785477 5.292506729424928 5.475723848843692  
    5.6555667826199585 5.8320440274914045 6.005156349387138  
    6.174909318849155 6.341348539688772 6.481515096374639  
    6.581422827430387 6.6785492104907185 6.777534138890088  
    6.887821839067692 7.022381601386204 7.179969285788678  
    7.356651994886551 7.541335925829777 7.720620472336805  
    7.8909022565037095 8.04869391297323 8.194060317351155  
    8.3302136652702 8.457293458968415 8.577242699244191  
    8.691851937949062 8.800458729183605 8.905358713537005  
    9.005521156395758 9.100800047681844 9.191595347778675  
    9.277153192620988 9.358606600817449 9.435113592708387  
    9.507738817427848 9.575956705013638 9.640075018998607  
    9.699872880220378 9.755597416080796 9.807699773772137  
    9.855915265245851 9.90141772230574 9.943623953664968  
    9.983802878281939 10.020913621682187 10.056085155191852  
    10.088826460662919 10.119417366913785 10.148527008535105  
    10.175230891675977 10.201566209368353 10.225707770034774  
    10.248940557955994 10.270594305568741 10.289922867709707  
    10.308348400162735 10.32346864056182 10.336744544211921  
    10.348277070410592 10.356557583988199 10.36370271419826  
    10.368359157222187 10.370303659117313 10.371301768628923  
    10.369239536374701 10.364522034782867 10.358528982541642  
    10.349532050851174 10.338406998243773 10.32636574290319  
    10.311982339408065 10.296103186644377 10.279802108654597  
    10.261579551997178 10.241901845303982 10.222097745703552  
    10.200833965298944 10.177831160464708 10.15454046937475  
    10.13040762363302 10.104718922888187 10.078682896000785  
    10.052528102043343 10.025195031375308 9.997226297878044  
    9.969649452457826 9.941631668311567 9.912584411381175  
    9.883527022913862 9.854700510391066 9.825065828459149  
    9.794667811178034 9.76448138314732 9.734307036923425  
    9.703362273897206 9.672099141091547 9.641270372408854  
    9.61042764397271 9.579016255964502 9.547369041068803  
    9.515798626674254 9.483842040013432 9.450907758391692  
    9.417198073583847 9.383065974606387 9.348116632769916  
    9.311925231793708 9.274823455700709 9.237232200522588  
    9.198902507366185 9.159365091872758 9.118790346998736  
    9.077611608967231 9.035664080079263 8.992398428993484  
    8.947756238365201 8.902240937810507 8.856063119282185  
    8.80878077940205 8.760140501234948 8.710692124847505  
    8.660871221872505 8.610401693314044 8.55890706369885  
    8.506593941460412 8.45384975758908 8.40066205707937  
    8.346767548810284 8.292018255087655 8.236597227792387  
    8.180793733864887 8.124701857236097 8.068014776088088  
    8.010571656628676 7.95275113981881 7.8948189298019535  
    7.836558711304225 7.777633105241473 7.718134257520971  
    7.658327976135231 7.598230739749639 7.537713149626745  
    7.476552158143024 7.41476451562891 7.352618506264896  
    7.290241731005418 7.227404936649279 7.163847441345535  
    7.099763917747564 7.035388603654576 6.970671391109807  
    6.905465435472757 6.839624424127413 6.7732137506030785  
    6.706434837161973 6.6393748819949545 6.571822030966217  
    6.50354752485976 6.434750185179528 6.36564470331165  
    6.296176393648691 6.22620189344293 6.155603224466525  
    6.084450344927447 6.012911825700901 5.941064894494158  
    5.868713143520468 5.795633920640689 5.722002309247147  
    5.648015637426655 5.573629687822532 5.498720849118568  
    5.423177949313213 5.347070700920948 5.2705851207815595  
    5.19381006388269 5.116553191488608 5.03861806744058  
    4.960189014084794 4.881459496636484 4.802364325432176  
    4.722724480043056 4.642454563914893 4.5616639675482205  
    4.480479328811276 4.398928967357435 4.316811458522034  
    4.233979922522945 4.150644214608741 4.06698550538225  
    3.982881935786522 3.8981049266976395 3.8126631026313533  
    3.726706686745688 3.6402822855410073 3.553243569319174  
    3.465198368375429 3.376031266511773 3.2859783545457173  
    3.194944373703051 3.102464756366909 3.0083653728907755  
    2.9127274025539425 2.814742076400068 2.7135033398663646  
    2.60889569697445 2.500475450109702 2.3875090555266674  
    2.269949777959439 2.1467647349124532 2.0092324536489885  
    1.8509584106304227 1.6714038708429704 1.4757802083875853  
    1.2727567441337722 1.0678776630991131 0.8497779357807229  
    0.5407460769797419 0.08358596657601298 -0.5129793373400373  
    -1.2914730144112705 -2.3054953466245283 -3.5808188443379234  
    -5.060347347344454 -6.549621088788653 -7.954294015921997  
    -9.288016389295855 -10.37852849972254 -11.069568609426046  
    -11.355477443316449 -11.269254461264662 -10.869192628145688  
    -10.158915678438714 -9.14957102160787 -7.890282554049258  
    -6.397058992905555 -4.659906619573608 -2.6696610750808274  
    -0.4046255621760304 2.135199919185652 
/

