@I NRHO 1 []
101
@R RHOB 1 []
1.265192e+00
@R RHO 101 []
0.000000e+00 1.000000e-02 2.000000e-02 3.000000e-02 4.000000e-02 
5.000000e-02 6.000000e-02 7.000000e-02 8.000000e-02 9.000000e-02 
1.000000e-01 1.100000e-01 1.200000e-01 1.300000e-01 1.400000e-01 
1.500000e-01 1.600000e-01 1.700000e-01 1.800000e-01 1.900000e-01 
2.000000e-01 2.100000e-01 2.200000e-01 2.300000e-01 2.400000e-01 
2.500000e-01 2.600000e-01 2.700000e-01 2.800000e-01 2.900000e-01 
3.000000e-01 3.100000e-01 3.200000e-01 3.300000e-01 3.400000e-01 
3.500000e-01 3.600000e-01 3.700000e-01 3.800000e-01 3.900000e-01 
4.000000e-01 4.100000e-01 4.200000e-01 4.300000e-01 4.400000e-01 
4.500000e-01 4.600000e-01 4.700000e-01 4.800000e-01 4.900000e-01 
5.000000e-01 5.100000e-01 5.200000e-01 5.300000e-01 5.400000e-01 
5.500000e-01 5.600000e-01 5.700000e-01 5.800000e-01 5.900000e-01 
6.000000e-01 6.100000e-01 6.200000e-01 6.300000e-01 6.400000e-01 
6.500000e-01 6.600000e-01 6.700000e-01 6.800000e-01 6.900000e-01 
7.000000e-01 7.100000e-01 7.200000e-01 7.300000e-01 7.400000e-01 
7.500000e-01 7.600000e-01 7.700000e-01 7.800000e-01 7.900000e-01 
8.000000e-01 8.100000e-01 8.200000e-01 8.300000e-01 8.400000e-01 
8.500000e-01 8.600000e-01 8.700000e-01 8.800000e-01 8.900000e-01 
9.000000e-01 9.100000e-01 9.200000e-01 9.300000e-01 9.400000e-01 
9.500000e-01 9.600000e-01 9.700000e-01 9.800000e-01 9.900000e-01 
1.000000e+00 
@R VOLP 101 []
0.000000e+00 2.458626e+00 4.917044e+00 7.375084e+00 9.832553e+00 
1.228925e+01 1.474496e+01 1.719952e+01 1.965274e+01 2.210444e+01 
2.455443e+01 2.700254e+01 2.944862e+01 3.189250e+01 3.433403e+01 
3.677307e+01 3.920948e+01 4.164316e+01 4.407396e+01 4.650179e+01 
4.892655e+01 5.134816e+01 5.376652e+01 5.618157e+01 5.859323e+01 
6.100145e+01 6.340619e+01 6.580739e+01 6.820504e+01 7.059912e+01 
7.298958e+01 7.537637e+01 7.775942e+01 8.013867e+01 8.251408e+01 
8.488559e+01 8.725316e+01 8.961674e+01 9.197629e+01 9.433175e+01 
9.668309e+01 9.903029e+01 1.013733e+02 1.037120e+02 1.060466e+02 
1.083768e+02 1.107027e+02 1.130242e+02 1.153414e+02 1.176542e+02 
1.199625e+02 1.222665e+02 1.245659e+02 1.268610e+02 1.291515e+02 
1.314376e+02 1.337191e+02 1.359962e+02 1.382688e+02 1.405369e+02 
1.428005e+02 1.450596e+02 1.473143e+02 1.495645e+02 1.518104e+02 
1.540518e+02 1.562888e+02 1.585216e+02 1.607500e+02 1.629743e+02 
1.651943e+02 1.674103e+02 1.696222e+02 1.718302e+02 1.740343e+02 
1.762346e+02 1.784313e+02 1.806244e+02 1.828140e+02 1.850001e+02 
1.871829e+02 1.893621e+02 1.915377e+02 1.937094e+02 1.958766e+02 
1.980383e+02 2.001929e+02 2.023377e+02 2.044690e+02 2.065806e+02 
2.086635e+02 2.107084e+02 2.127083e+02 2.146610e+02 2.165705e+02 
2.184438e+02 2.202954e+02 2.221664e+02 2.241339e+02 2.262662e+02 
2.285994e+02 
@R IPOL 101 []
1.011121e+00 1.011121e+00 1.011120e+00 1.011118e+00 1.011115e+00 
1.011110e+00 1.011105e+00 1.011099e+00 1.011092e+00 1.011084e+00 
1.011075e+00 1.011064e+00 1.011052e+00 1.011038e+00 1.011023e+00 
1.011005e+00 1.010985e+00 1.010962e+00 1.010937e+00 1.010908e+00 
1.010876e+00 1.010840e+00 1.010801e+00 1.010757e+00 1.010710e+00 
1.010657e+00 1.010600e+00 1.010538e+00 1.010471e+00 1.010398e+00 
1.010320e+00 1.010237e+00 1.010147e+00 1.010053e+00 1.009953e+00 
1.009848e+00 1.009737e+00 1.009622e+00 1.009501e+00 1.009375e+00 
1.009244e+00 1.009109e+00 1.008968e+00 1.008823e+00 1.008673e+00 
1.008519e+00 1.008360e+00 1.008197e+00 1.008030e+00 1.007859e+00 
1.007684e+00 1.007505e+00 1.007322e+00 1.007136e+00 1.006946e+00 
1.006753e+00 1.006557e+00 1.006358e+00 1.006156e+00 1.005952e+00 
1.005745e+00 1.005536e+00 1.005324e+00 1.005111e+00 1.004896e+00 
1.004679e+00 1.004462e+00 1.004243e+00 1.004023e+00 1.003803e+00 
1.003582e+00 1.003361e+00 1.003140e+00 1.002919e+00 1.002700e+00 
1.002481e+00 1.002263e+00 1.002047e+00 1.001833e+00 1.001622e+00 
1.001413e+00 1.001208e+00 1.001007e+00 1.000811e+00 1.000622e+00 
1.000440e+00 1.000268e+00 1.000108e+00 9.999645e-01 9.998410e-01 
9.997431e-01 9.996763e-01 9.996455e-01 9.996527e-01 9.996949e-01 
9.997624e-01 9.998403e-01 9.999130e-01 9.999700e-01 1.000009e+00 
1.000012e+00 
@R G11 101 []
0.000000e+00 2.464628e+00 4.930300e+00 7.391659e+00 9.849374e+00 
1.230795e+01 1.477017e+01 1.723789e+01 1.970967e+01 2.218226e+01 
2.465294e+01 2.712423e+01 2.960073e+01 3.207729e+01 3.455828e+01 
3.703021e+01 3.951021e+01 4.199642e+01 4.448355e+01 4.698213e+01 
4.946668e+01 5.196500e+01 5.446903e+01 5.696723e+01 5.946686e+01 
6.197341e+01 6.448560e+01 6.699792e+01 6.951250e+01 7.202960e+01 
7.454956e+01 7.707254e+01 7.959866e+01 8.212804e+01 8.466107e+01 
8.719802e+01 8.974073e+01 9.228527e+01 9.482923e+01 9.737788e+01 
9.993466e+01 1.024999e+02 1.050608e+02 1.076230e+02 1.102043e+02 
1.127795e+02 1.153571e+02 1.179519e+02 1.205381e+02 1.231406e+02 
1.257422e+02 1.283521e+02 1.309676e+02 1.335882e+02 1.362182e+02 
1.388491e+02 1.414977e+02 1.441385e+02 1.468008e+02 1.494634e+02 
1.521308e+02 1.548214e+02 1.575049e+02 1.602005e+02 1.629176e+02 
1.656352e+02 1.683576e+02 1.711012e+02 1.738598e+02 1.766220e+02 
1.793937e+02 1.821863e+02 1.849981e+02 1.878196e+02 1.906548e+02 
1.935043e+02 1.963773e+02 1.992740e+02 2.021885e+02 2.051236e+02 
2.080813e+02 2.110631e+02 2.140750e+02 2.171222e+02 2.202033e+02 
2.233208e+02 2.264805e+02 2.296892e+02 2.329546e+02 2.362886e+02 
2.397109e+02 2.432340e+02 2.468660e+02 2.506143e+02 2.544790e+02 
2.584567e+02 2.625543e+02 2.667629e+02 2.710559e+02 2.754542e+02 
2.800359e+02 
@R G22 101 []
0.000000e+00 1.254314e-02 2.509174e-02 3.761871e-02 5.012749e-02 
6.264106e-02 7.517378e-02 8.773517e-02 1.003181e-01 1.129062e-01 
1.254856e-01 1.380694e-01 1.506811e-01 1.632947e-01 1.759326e-01 
1.885263e-01 2.011632e-01 2.138340e-01 2.265121e-01 2.392511e-01 
2.519218e-01 2.646657e-01 2.774422e-01 2.901928e-01 3.029546e-01 
3.157558e-01 3.285904e-01 3.414305e-01 3.542871e-01 3.671621e-01 
3.800574e-01 3.929739e-01 4.059124e-01 4.188736e-01 4.318598e-01 
4.448724e-01 4.579211e-01 4.709859e-01 4.840548e-01 4.971549e-01 
5.103038e-01 5.235035e-01 5.366891e-01 5.498891e-01 5.631943e-01 
5.764776e-01 5.897808e-01 6.031815e-01 6.165463e-01 6.300041e-01 
6.434663e-01 6.569809e-01 6.705331e-01 6.841220e-01 6.977683e-01 
7.114295e-01 7.251916e-01 7.389244e-01 7.527777e-01 7.666436e-01 
7.805450e-01 7.945761e-01 8.085814e-01 8.226606e-01 8.368609e-01 
8.510755e-01 8.653254e-01 8.796963e-01 8.941552e-01 9.086438e-01 
9.231923e-01 9.378600e-01 9.526369e-01 9.674747e-01 9.823934e-01 
9.973962e-01 1.012530e+00 1.027795e+00 1.043160e+00 1.058639e+00 
1.074240e+00 1.089969e+00 1.105856e+00 1.121924e+00 1.138160e+00 
1.154572e+00 1.171179e+00 1.188001e+00 1.205057e+00 1.222377e+00 
1.240018e+00 1.257998e+00 1.276325e+00 1.295029e+00 1.314125e+00 
1.333621e+00 1.353607e+00 1.374192e+00 1.395535e+00 1.417948e+00 
1.441849e+00 
@R G33 101 []
9.141666e-01 9.141808e-01 9.142209e-01 9.142830e-01 9.143694e-01 
9.144813e-01 9.146186e-01 9.147806e-01 9.149669e-01 9.151774e-01 
9.154119e-01 9.156705e-01 9.159528e-01 9.162583e-01 9.165866e-01 
9.169375e-01 9.173105e-01 9.177050e-01 9.181210e-01 9.185575e-01 
9.190143e-01 9.194909e-01 9.199867e-01 9.205011e-01 9.210339e-01 
9.215845e-01 9.221523e-01 9.227366e-01 9.233370e-01 9.239528e-01 
9.245838e-01 9.252296e-01 9.258903e-01 9.265656e-01 9.272553e-01 
9.279593e-01 9.286773e-01 9.294091e-01 9.301546e-01 9.309135e-01 
9.316856e-01 9.324706e-01 9.332684e-01 9.340788e-01 9.349015e-01 
9.357362e-01 9.365827e-01 9.374409e-01 9.383103e-01 9.391908e-01 
9.400821e-01 9.409839e-01 9.418960e-01 9.428180e-01 9.437497e-01 
9.446908e-01 9.456408e-01 9.465996e-01 9.475668e-01 9.485419e-01 
9.495246e-01 9.505146e-01 9.515115e-01 9.525148e-01 9.535241e-01 
9.545389e-01 9.555588e-01 9.565831e-01 9.576115e-01 9.586433e-01 
9.596779e-01 9.607147e-01 9.617530e-01 9.627922e-01 9.638315e-01 
9.648700e-01 9.659071e-01 9.669419e-01 9.679736e-01 9.690016e-01 
9.700254e-01 9.710449e-01 9.720601e-01 9.730714e-01 9.740805e-01 
9.750901e-01 9.761064e-01 9.771386e-01 9.781996e-01 9.793127e-01 
9.805129e-01 9.818349e-01 9.833031e-01 9.849234e-01 9.866791e-01 
9.885482e-01 9.904794e-01 9.923028e-01 9.936849e-01 9.943344e-01 
9.941511e-01 
@R GRADRHO 101 []
1.004971e+00 9.969328e-01 9.970338e-01 9.967796e-01 9.964837e-01 
9.963497e-01 9.963905e-01 9.965907e-01 9.968615e-01 9.971114e-01 
9.972952e-01 9.974788e-01 9.977406e-01 9.979835e-01 9.982758e-01 
9.984272e-01 9.986822e-01 9.990016e-01 9.993161e-01 9.997394e-01 
9.999983e-01 1.000385e+00 1.000807e+00 1.001161e+00 1.001515e+00 
1.001915e+00 1.002346e+00 1.002763e+00 1.003183e+00 1.003607e+00 
1.004038e+00 1.004476e+00 1.004922e+00 1.005375e+00 1.005838e+00 
1.006310e+00 1.006803e+00 1.007291e+00 1.007764e+00 1.008250e+00 
1.008765e+00 1.009308e+00 1.009816e+00 1.010317e+00 1.010894e+00 
1.011429e+00 1.011960e+00 1.012553e+00 1.013094e+00 1.013689e+00 
1.014265e+00 1.014860e+00 1.015460e+00 1.016064e+00 1.016688e+00 
1.017298e+00 1.017955e+00 1.018567e+00 1.019237e+00 1.019888e+00 
1.020537e+00 1.021244e+00 1.021906e+00 1.022587e+00 1.023314e+00 
1.024019e+00 1.024716e+00 1.025452e+00 1.026207e+00 1.026946e+00 
1.027684e+00 1.028453e+00 1.029245e+00 1.030031e+00 1.030821e+00 
1.031614e+00 1.032431e+00 1.033271e+00 1.034114e+00 1.034965e+00 
1.035826e+00 1.036696e+00 1.037588e+00 1.038511e+00 1.039457e+00 
1.040429e+00 1.041439e+00 1.042501e+00 1.043631e+00 1.044863e+00 
1.046254e+00 1.047837e+00 1.049632e+00 1.051647e+00 1.053857e+00 
1.056224e+00 1.058703e+00 1.061099e+00 1.063041e+00 1.064227e+00 
1.064587e+00 
@R AREA 101 []
0.000000e+00 2.448391e+00 4.895948e+00 7.343925e+00 9.792816e+00 
1.224236e+01 1.469220e+01 1.714192e+01 1.959124e+01 2.204003e+01 
2.448839e+01 2.693637e+01 2.938383e+01 3.183062e+01 3.427682e+01 
3.672229e+01 3.916748e+01 4.161165e+01 4.405523e+01 4.649763e+01 
4.893921e+01 5.137996e+01 5.381956e+01 5.625815e+01 5.869579e+01 
6.113245e+01 6.356798e+01 6.600241e+01 6.843576e+01 7.086803e+01 
7.329921e+01 7.572930e+01 7.815830e+01 8.058621e+01 8.301303e+01 
8.543874e+01 8.786334e+01 9.028682e+01 9.270924e+01 9.513062e+01 
9.755095e+01 9.997017e+01 1.023883e+02 1.048055e+02 1.072217e+02 
1.096367e+02 1.120509e+02 1.144641e+02 1.168764e+02 1.192878e+02 
1.216983e+02 1.241080e+02 1.265168e+02 1.289250e+02 1.313323e+02 
1.337391e+02 1.361452e+02 1.385507e+02 1.409557e+02 1.433602e+02 
1.457644e+02 1.481683e+02 1.505719e+02 1.529754e+02 1.553788e+02 
1.577822e+02 1.601858e+02 1.625896e+02 1.649937e+02 1.673983e+02 
1.698035e+02 1.722096e+02 1.746164e+02 1.770244e+02 1.794336e+02 
1.818443e+02 1.842566e+02 1.866708e+02 1.890871e+02 1.915058e+02 
1.939271e+02 1.963514e+02 1.987790e+02 2.012102e+02 2.036454e+02 
2.060848e+02 2.085290e+02 2.109783e+02 2.134329e+02 2.158932e+02 
2.183591e+02 2.208307e+02 2.233076e+02 2.257896e+02 2.282766e+02 
2.307687e+02 2.332662e+02 2.357701e+02 2.382841e+02 2.408153e+02 
2.433736e+02 
@R A 101 []
0.000000e+00 1.127558e-02 2.254601e-02 3.381552e-02 4.508711e-02 
5.635914e-02 6.762886e-02 7.889325e-02 9.015139e-02 1.014038e-01 
1.126522e-01 1.238975e-01 1.351399e-01 1.463790e-01 1.576153e-01 
1.688483e-01 1.800804e-01 1.913084e-01 2.025345e-01 2.137563e-01 
2.249755e-01 2.361923e-01 2.474053e-01 2.586154e-01 2.698230e-01 
2.810279e-01 2.922296e-01 3.034284e-01 3.146242e-01 3.258170e-01 
3.370069e-01 3.481938e-01 3.593778e-01 3.705587e-01 3.817366e-01 
3.929114e-01 4.040829e-01 4.152511e-01 4.264162e-01 4.375782e-01 
4.487370e-01 4.598923e-01 4.710439e-01 4.821924e-01 4.933373e-01 
5.044783e-01 5.156160e-01 5.267498e-01 5.378796e-01 5.490058e-01 
5.601275e-01 5.712455e-01 5.823588e-01 5.934682e-01 6.045727e-01 
6.156730e-01 6.267681e-01 6.378585e-01 6.489440e-01 6.600240e-01 
6.710989e-01 6.821681e-01 6.932313e-01 7.042890e-01 7.153403e-01 
7.263851e-01 7.374234e-01 7.484550e-01 7.594793e-01 7.704961e-01 
7.815053e-01 7.925067e-01 8.034996e-01 8.144838e-01 8.254590e-01 
8.364249e-01 8.473811e-01 8.583270e-01 8.692621e-01 8.801861e-01 
8.910985e-01 9.019988e-01 9.128865e-01 9.237609e-01 9.346217e-01 
9.454683e-01 9.563003e-01 9.671176e-01 9.779198e-01 9.887073e-01 
9.994810e-01 1.010241e+00 1.020989e+00 1.031730e+00 1.042465e+00 
1.053198e+00 1.063931e+00 1.074657e+00 1.085361e+00 1.096026e+00 
1.106632e+00 
@R RTOR 101 []
4.758814e+00 4.758793e+00 4.758734e+00 4.758643e+00 4.758517e+00 
4.758355e+00 4.758155e+00 4.757919e+00 4.757646e+00 4.757337e+00 
4.756993e+00 4.756613e+00 4.756197e+00 4.755746e+00 4.755259e+00 
4.754738e+00 4.754182e+00 4.753592e+00 4.752967e+00 4.752309e+00 
4.751618e+00 4.750894e+00 4.750138e+00 4.749349e+00 4.748529e+00 
4.747678e+00 4.746796e+00 4.745883e+00 4.744941e+00 4.743969e+00 
4.742969e+00 4.741939e+00 4.740882e+00 4.739796e+00 4.738683e+00 
4.737542e+00 4.736375e+00 4.735180e+00 4.733959e+00 4.732711e+00 
4.731437e+00 4.730137e+00 4.728811e+00 4.727459e+00 4.726082e+00 
4.724678e+00 4.723250e+00 4.721796e+00 4.720317e+00 4.718813e+00 
4.717284e+00 4.715730e+00 4.714152e+00 4.712548e+00 4.710920e+00 
4.709268e+00 4.707591e+00 4.705890e+00 4.704165e+00 4.702415e+00 
4.700641e+00 4.698843e+00 4.697021e+00 4.695175e+00 4.693305e+00 
4.691410e+00 4.689491e+00 4.687549e+00 4.685582e+00 4.683591e+00 
4.681575e+00 4.679536e+00 4.677472e+00 4.675383e+00 4.673270e+00 
4.671132e+00 4.668969e+00 4.666782e+00 4.664568e+00 4.662330e+00 
4.660065e+00 4.657775e+00 4.655457e+00 4.653113e+00 4.650740e+00 
4.648339e+00 4.645908e+00 4.643445e+00 4.640948e+00 4.638414e+00 
4.635839e+00 4.633218e+00 4.630543e+00 4.627806e+00 4.624998e+00 
4.622115e+00 4.619149e+00 4.616103e+00 4.612982e+00 4.609798e+00 
4.606564e+00 
@R SHIFT 101 []
2.088140e-01 2.087934e-01 2.087339e-01 2.086427e-01 2.085169e-01 
2.083548e-01 2.081551e-01 2.079185e-01 2.076457e-01 2.073370e-01 
2.069927e-01 2.066127e-01 2.061969e-01 2.057457e-01 2.052593e-01 
2.047379e-01 2.041819e-01 2.035916e-01 2.029673e-01 2.023094e-01 
2.016183e-01 2.008943e-01 2.001378e-01 1.993494e-01 1.985293e-01 
1.976780e-01 1.967959e-01 1.958835e-01 1.949411e-01 1.939693e-01 
1.929686e-01 1.919392e-01 1.908816e-01 1.897961e-01 1.886830e-01 
1.875425e-01 1.863749e-01 1.851804e-01 1.839592e-01 1.827115e-01 
1.814374e-01 1.801373e-01 1.788112e-01 1.774592e-01 1.760816e-01 
1.746784e-01 1.732499e-01 1.717960e-01 1.703170e-01 1.688129e-01 
1.672839e-01 1.657301e-01 1.641515e-01 1.625483e-01 1.609205e-01 
1.592681e-01 1.575914e-01 1.558903e-01 1.541649e-01 1.524153e-01 
1.506414e-01 1.488434e-01 1.470213e-01 1.451750e-01 1.433046e-01 
1.414101e-01 1.394915e-01 1.375487e-01 1.355818e-01 1.335907e-01 
1.315754e-01 1.295357e-01 1.274717e-01 1.253831e-01 1.232700e-01 
1.211321e-01 1.189694e-01 1.167815e-01 1.145684e-01 1.123298e-01 
1.100653e-01 1.077747e-01 1.054574e-01 1.031129e-01 1.007404e-01 
9.833918e-02 9.590786e-02 9.344465e-02 9.094764e-02 8.841387e-02 
8.583914e-02 8.321800e-02 8.054295e-02 7.780563e-02 7.499820e-02 
7.211456e-02 6.914903e-02 6.610259e-02 6.298202e-02 5.979828e-02 
5.656407e-02 
@R ELONG 101 []
1.301751e+00 1.301777e+00 1.301854e+00 1.302180e+00 1.302498e+00 
1.302831e+00 1.303215e+00 1.303656e+00 1.304121e+00 1.304587e+00 
1.305034e+00 1.305453e+00 1.305846e+00 1.306217e+00 1.306571e+00 
1.306912e+00 1.307242e+00 1.307562e+00 1.307873e+00 1.308175e+00 
1.308469e+00 1.308755e+00 1.309035e+00 1.309309e+00 1.309578e+00 
1.309843e+00 1.310104e+00 1.310361e+00 1.310616e+00 1.310869e+00 
1.311121e+00 1.311373e+00 1.311624e+00 1.311875e+00 1.312127e+00 
1.312380e+00 1.312634e+00 1.312890e+00 1.313148e+00 1.313409e+00 
1.313672e+00 1.313938e+00 1.314207e+00 1.314480e+00 1.314757e+00 
1.315038e+00 1.315324e+00 1.315615e+00 1.315912e+00 1.316214e+00 
1.316523e+00 1.316838e+00 1.317160e+00 1.317490e+00 1.317827e+00 
1.318173e+00 1.318528e+00 1.318892e+00 1.319266e+00 1.319650e+00 
1.320046e+00 1.320453e+00 1.320872e+00 1.321305e+00 1.321751e+00 
1.322211e+00 1.322687e+00 1.323179e+00 1.323688e+00 1.324214e+00 
1.324759e+00 1.325325e+00 1.325911e+00 1.326519e+00 1.327151e+00 
1.327808e+00 1.328491e+00 1.329202e+00 1.329942e+00 1.330714e+00 
1.331518e+00 1.332358e+00 1.333235e+00 1.334152e+00 1.335110e+00 
1.336112e+00 1.337160e+00 1.338255e+00 1.339399e+00 1.340592e+00 
1.341833e+00 1.343120e+00 1.344450e+00 1.345812e+00 1.347197e+00 
1.348598e+00 1.350009e+00 1.351459e+00 1.353005e+00 1.354729e+00 
1.356712e+00 
@R TRIAG 101 []
0.000000e+00 2.965909e-02 2.772171e-02 2.597460e-02 2.419345e-02 
2.235832e-02 2.047813e-02 1.857530e-02 1.665891e-02 1.472990e-02 
1.278604e-02 1.082427e-02 8.843001e-03 6.843654e-03 4.825787e-03 
2.787558e-03 7.283240e-04 -1.351770e-03 -3.454306e-03 -5.579396e-03 
-7.727751e-03 -9.900350e-03 -1.209751e-02 -1.431961e-02 -1.656736e-02 
-1.884138e-02 -2.114188e-02 -2.346940e-02 -2.582451e-02 -2.820778e-02 
-3.061975e-02 -3.306115e-02 -3.553240e-02 -3.803359e-02 -4.056488e-02 
-4.312668e-02 -4.571940e-02 -4.834330e-02 -5.099884e-02 -5.368661e-02 
-5.640705e-02 -5.916055e-02 -6.194759e-02 -6.476882e-02 -6.762471e-02 
-7.051576e-02 -7.344279e-02 -7.640627e-02 -7.940688e-02 -8.244551e-02 
-8.552271e-02 -8.863942e-02 -9.179617e-02 -9.499416e-02 -9.823411e-02 
-1.015171e-01 -1.048440e-01 -1.082161e-01 -1.116346e-01 -1.151009e-01 
-1.186174e-01 -1.221854e-01 -1.258064e-01 -1.294819e-01 -1.332133e-01 
-1.370021e-01 -1.408504e-01 -1.447598e-01 -1.487321e-01 -1.527694e-01 
-1.568739e-01 -1.610480e-01 -1.652942e-01 -1.696153e-01 -1.740144e-01 
-1.784946e-01 -1.830596e-01 -1.877125e-01 -1.924576e-01 -1.972998e-01 
-2.022448e-01 -2.072982e-01 -2.124657e-01 -2.177527e-01 -2.231656e-01 
-2.287125e-01 -2.344061e-01 -2.402632e-01 -2.462990e-01 -2.525139e-01 
-2.588903e-01 -2.654056e-01 -2.720365e-01 -2.788062e-01 -2.858037e-01 
-2.931037e-01 -3.007375e-01 -3.086004e-01 -3.165687e-01 -3.247167e-01 
-3.333163e-01 
