@I NRHO 1 []
101
@R RHOB 1 []
1.268507e+00
@R RHO 101 []
0.000000e+00 1.000000e-02 2.000000e-02 3.000000e-02 4.000000e-02 
5.000000e-02 6.000000e-02 7.000000e-02 8.000000e-02 9.000000e-02 
1.000000e-01 1.100000e-01 1.200000e-01 1.300000e-01 1.400000e-01 
1.500000e-01 1.600000e-01 1.700000e-01 1.800000e-01 1.900000e-01 
2.000000e-01 2.100000e-01 2.200000e-01 2.300000e-01 2.400000e-01 
2.500000e-01 2.600000e-01 2.700000e-01 2.800000e-01 2.900000e-01 
3.000000e-01 3.100000e-01 3.200000e-01 3.300000e-01 3.400000e-01 
3.500000e-01 3.600000e-01 3.700000e-01 3.800000e-01 3.900000e-01 
4.000000e-01 4.100000e-01 4.200000e-01 4.300000e-01 4.400000e-01 
4.500000e-01 4.600000e-01 4.700000e-01 4.800000e-01 4.900000e-01 
5.000000e-01 5.100000e-01 5.200000e-01 5.300000e-01 5.400000e-01 
5.500000e-01 5.600000e-01 5.700000e-01 5.800000e-01 5.900000e-01 
6.000000e-01 6.100000e-01 6.200000e-01 6.300000e-01 6.400000e-01 
6.500000e-01 6.600000e-01 6.700000e-01 6.800000e-01 6.900000e-01 
7.000000e-01 7.100000e-01 7.200000e-01 7.300000e-01 7.400000e-01 
7.500000e-01 7.600000e-01 7.700000e-01 7.800000e-01 7.900000e-01 
8.000000e-01 8.100000e-01 8.200000e-01 8.300000e-01 8.400000e-01 
8.500000e-01 8.600000e-01 8.700000e-01 8.800000e-01 8.900000e-01 
9.000000e-01 9.100000e-01 9.200000e-01 9.300000e-01 9.400000e-01 
9.500000e-01 9.600000e-01 9.700000e-01 9.800000e-01 9.900000e-01 
1.000000e+00 
@R VOLP 101 []
0.000000e+00 2.473599e+00 4.946930e+00 7.419726e+00 9.891723e+00 
1.236266e+01 1.483229e+01 1.730036e+01 1.976664e+01 2.223090e+01 
2.469293e+01 2.715252e+01 2.960949e+01 3.206366e+01 3.451486e+01 
3.696296e+01 3.940783e+01 4.184935e+01 4.428742e+01 4.672199e+01 
4.915296e+01 5.158030e+01 5.400398e+01 5.642398e+01 5.884029e+01 
6.125296e+01 6.366202e+01 6.606739e+01 6.846888e+01 7.086632e+01 
7.325985e+01 7.564990e+01 7.803691e+01 8.042098e+01 8.280196e+01 
8.517963e+01 8.755388e+01 8.992473e+01 9.229220e+01 9.465633e+01 
9.701713e+01 9.937457e+01 1.017286e+02 1.040793e+02 1.064266e+02 
1.087706e+02 1.111112e+02 1.134484e+02 1.157823e+02 1.181129e+02 
1.204400e+02 1.227638e+02 1.250842e+02 1.274009e+02 1.297139e+02 
1.320230e+02 1.343279e+02 1.366283e+02 1.389242e+02 1.412154e+02 
1.435018e+02 1.457834e+02 1.480603e+02 1.503325e+02 1.525998e+02 
1.548622e+02 1.571196e+02 1.593718e+02 1.616188e+02 1.638605e+02 
1.660966e+02 1.683272e+02 1.705520e+02 1.727710e+02 1.749841e+02 
1.771912e+02 1.793923e+02 1.815874e+02 1.837767e+02 1.859602e+02 
1.881381e+02 1.903102e+02 1.924764e+02 1.946362e+02 1.967887e+02 
1.989341e+02 2.010740e+02 2.032095e+02 2.053366e+02 2.074371e+02 
2.094773e+02 2.114260e+02 2.132740e+02 2.150317e+02 2.167259e+02 
2.183884e+02 2.200503e+02 2.217622e+02 2.236133e+02 2.256821e+02 
2.280071e+02 
@R IPOL 101 []
1.010410e+00 1.010411e+00 1.010414e+00 1.010420e+00 1.010430e+00 
1.010441e+00 1.010456e+00 1.010472e+00 1.010491e+00 1.010511e+00 
1.010533e+00 1.010555e+00 1.010577e+00 1.010599e+00 1.010620e+00 
1.010639e+00 1.010657e+00 1.010672e+00 1.010683e+00 1.010691e+00 
1.010694e+00 1.010691e+00 1.010683e+00 1.010669e+00 1.010647e+00 
1.010618e+00 1.010581e+00 1.010535e+00 1.010481e+00 1.010420e+00 
1.010351e+00 1.010273e+00 1.010183e+00 1.010081e+00 1.009967e+00 
1.009842e+00 1.009707e+00 1.009563e+00 1.009409e+00 1.009245e+00 
1.009072e+00 1.008890e+00 1.008699e+00 1.008500e+00 1.008293e+00 
1.008078e+00 1.007856e+00 1.007626e+00 1.007389e+00 1.007145e+00 
1.006895e+00 1.006639e+00 1.006378e+00 1.006111e+00 1.005841e+00 
1.005567e+00 1.005291e+00 1.005014e+00 1.004735e+00 1.004456e+00 
1.004177e+00 1.003898e+00 1.003620e+00 1.003343e+00 1.003068e+00 
1.002794e+00 1.002523e+00 1.002254e+00 1.001989e+00 1.001727e+00 
1.001471e+00 1.001219e+00 1.000973e+00 1.000733e+00 1.000500e+00 
1.000273e+00 1.000055e+00 9.998444e-01 9.996425e-01 9.994494e-01 
9.992656e-01 9.990915e-01 9.989275e-01 9.987744e-01 9.986333e-01 
9.985057e-01 9.983934e-01 9.982989e-01 9.982256e-01 9.981776e-01 
9.981709e-01 9.982337e-01 9.983772e-01 9.985868e-01 9.988423e-01 
9.991200e-01 9.993906e-01 9.996269e-01 9.998124e-01 9.999419e-01 
9.999962e-01 
@R G11 101 []
0.000000e+00 2.471296e+00 4.942646e+00 7.414371e+00 9.887089e+00 
1.236054e+01 1.483446e+01 1.730901e+01 1.978456e+01 2.226164e+01 
2.474047e+01 2.722050e+01 2.970278e+01 3.218467e+01 3.467120e+01 
3.714984e+01 3.963535e+01 4.212562e+01 4.461737e+01 4.712047e+01 
4.960910e+01 5.211000e+01 5.461795e+01 5.712030e+01 5.962335e+01 
6.212917e+01 6.464051e+01 6.715455e+01 6.966947e+01 7.218674e+01 
7.470636e+01 7.722834e+01 7.975210e+01 8.227866e+01 8.480603e+01 
8.733218e+01 8.986055e+01 9.239297e+01 9.493455e+01 9.747694e+01 
1.000119e+02 1.025569e+02 1.051132e+02 1.076579e+02 1.102158e+02 
1.127777e+02 1.153349e+02 1.179076e+02 1.204758e+02 1.230528e+02 
1.256356e+02 1.282173e+02 1.308142e+02 1.334059e+02 1.360112e+02 
1.386251e+02 1.412352e+02 1.438715e+02 1.465021e+02 1.491416e+02 
1.518052e+02 1.544688e+02 1.571360e+02 1.598263e+02 1.625315e+02 
1.652379e+02 1.679562e+02 1.706986e+02 1.734583e+02 1.762278e+02 
1.790096e+02 1.818131e+02 1.846445e+02 1.874952e+02 1.903650e+02 
1.932560e+02 1.961714e+02 1.991216e+02 2.021048e+02 2.051155e+02 
2.081583e+02 2.112337e+02 2.143529e+02 2.175254e+02 2.207458e+02 
2.240143e+02 2.273304e+02 2.307090e+02 2.341708e+02 2.377327e+02 
2.414292e+02 2.453032e+02 2.493890e+02 2.536696e+02 2.580965e+02 
2.626771e+02 2.673882e+02 2.721497e+02 2.769539e+02 2.817960e+02 
2.866959e+02 
@R G22 101 []
0.000000e+00 1.254248e-02 2.508535e-02 3.763035e-02 5.018073e-02 
6.273530e-02 7.529288e-02 8.785439e-02 1.004219e-01 1.129982e-01 
1.255846e-01 1.381785e-01 1.507855e-01 1.633922e-01 1.760246e-01 
1.886193e-01 2.012513e-01 2.139104e-01 2.265801e-01 2.393110e-01 
2.519722e-01 2.646997e-01 2.774675e-01 2.902117e-01 3.029646e-01 
3.157375e-01 3.285446e-01 3.413715e-01 3.542085e-01 3.670632e-01 
3.799362e-01 3.928294e-01 4.057415e-01 4.186781e-01 4.316286e-01 
4.445818e-01 4.575552e-01 4.705579e-01 4.836166e-01 4.966890e-01 
5.097336e-01 5.228389e-01 5.360120e-01 5.491362e-01 5.623379e-01 
5.755704e-01 5.887904e-01 6.020999e-01 6.153982e-01 6.287523e-01 
6.421477e-01 6.555493e-01 6.690395e-01 6.825148e-01 6.960704e-01 
7.096797e-01 7.232796e-01 7.370219e-01 7.507439e-01 7.645193e-01 
7.784265e-01 7.923425e-01 8.062850e-01 8.203553e-01 8.345103e-01 
8.486796e-01 8.629178e-01 8.772865e-01 8.917510e-01 9.062708e-01 
9.208591e-01 9.355631e-01 9.504131e-01 9.653646e-01 9.804149e-01 
9.955737e-01 1.010857e+00 1.026316e+00 1.041942e+00 1.057704e+00 
1.073624e+00 1.089702e+00 1.105991e+00 1.122534e+00 1.139297e+00 
1.156281e+00 1.173492e+00 1.191005e+00 1.208900e+00 1.227155e+00 
1.245787e+00 1.264891e+00 1.284594e+00 1.304852e+00 1.325546e+00 
1.346858e+00 1.368797e+00 1.391174e+00 1.414328e+00 1.438484e+00 
1.463756e+00 
@R G33 101 []
9.116519e-01 9.116671e-01 9.117124e-01 9.117876e-01 9.118929e-01 
9.120280e-01 9.121924e-01 9.123860e-01 9.126085e-01 9.128593e-01 
9.131380e-01 9.134442e-01 9.137772e-01 9.141364e-01 9.145213e-01 
9.149311e-01 9.153651e-01 9.158227e-01 9.163030e-01 9.168050e-01 
9.173282e-01 9.178718e-01 9.184349e-01 9.190165e-01 9.196159e-01 
9.202316e-01 9.208629e-01 9.215102e-01 9.221747e-01 9.228569e-01 
9.235550e-01 9.242654e-01 9.249847e-01 9.257118e-01 9.264479e-01 
9.271946e-01 9.279525e-01 9.287215e-01 9.295012e-01 9.302908e-01 
9.310902e-01 9.318993e-01 9.327180e-01 9.335461e-01 9.343832e-01 
9.352292e-01 9.360836e-01 9.369461e-01 9.378164e-01 9.386944e-01 
9.395797e-01 9.404722e-01 9.413717e-01 9.422785e-01 9.431932e-01 
9.441161e-01 9.450481e-01 9.459897e-01 9.469412e-01 9.479025e-01 
9.488733e-01 9.498528e-01 9.508405e-01 9.518359e-01 9.528386e-01 
9.538484e-01 9.548652e-01 9.558889e-01 9.569192e-01 9.579560e-01 
9.589991e-01 9.600484e-01 9.611035e-01 9.621642e-01 9.632302e-01 
9.643011e-01 9.653763e-01 9.664544e-01 9.675344e-01 9.686151e-01 
9.696955e-01 9.707750e-01 9.718538e-01 9.729337e-01 9.740169e-01 
9.751007e-01 9.761746e-01 9.772306e-01 9.782847e-01 9.794160e-01 
9.807544e-01 9.824081e-01 9.844184e-01 9.867501e-01 9.892927e-01 
9.919258e-01 9.945389e-01 9.969285e-01 9.987108e-01 9.995521e-01 
9.993455e-01 
@R GRADRHO 101 []
1.003822e+00 9.952434e-01 9.952663e-01 9.953228e-01 9.954293e-01 
9.955525e-01 9.956800e-01 9.958182e-01 9.959774e-01 9.961670e-01 
9.963846e-01 9.966144e-01 9.968740e-01 9.971176e-01 9.974225e-01 
9.976099e-01 9.978886e-01 9.982181e-01 9.985549e-01 9.990031e-01 
9.992861e-01 9.996839e-01 1.000134e+00 1.000519e+00 1.000899e+00 
1.001293e+00 1.001719e+00 1.002153e+00 1.002582e+00 1.003017e+00 
1.003456e+00 1.003897e+00 1.004335e+00 1.004777e+00 1.005211e+00 
1.005625e+00 1.006040e+00 1.006466e+00 1.006928e+00 1.007381e+00 
1.007784e+00 1.008224e+00 1.008707e+00 1.009120e+00 1.009583e+00 
1.010049e+00 1.010481e+00 1.010966e+00 1.011417e+00 1.011890e+00 
1.012371e+00 1.012833e+00 1.013339e+00 1.013808e+00 1.014314e+00 
1.014834e+00 1.015324e+00 1.015892e+00 1.016422e+00 1.016965e+00 
1.017571e+00 1.018157e+00 1.018734e+00 1.019364e+00 1.020018e+00 
1.020651e+00 1.021296e+00 1.021988e+00 1.022703e+00 1.023416e+00 
1.024135e+00 1.024883e+00 1.025674e+00 1.026481e+00 1.027301e+00 
1.028136e+00 1.028991e+00 1.029888e+00 1.030818e+00 1.031762e+00 
1.032725e+00 1.033703e+00 1.034717e+00 1.035784e+00 1.036886e+00 
1.038017e+00 1.039165e+00 1.040348e+00 1.041609e+00 1.043007e+00 
1.044690e+00 1.046813e+00 1.049449e+00 1.052506e+00 1.055790e+00 
1.059217e+00 1.062646e+00 1.065770e+00 1.068288e+00 1.069840e+00 
1.070243e+00 
@R AREA 101 []
0.000000e+00 2.461928e+00 4.923770e+00 7.385475e+00 9.846880e+00 
1.230786e+01 1.476837e+01 1.722836e+01 1.968780e+01 2.214657e+01 
2.460457e+01 2.706174e+01 2.951802e+01 3.197333e+01 3.442769e+01 
3.688095e+01 3.933349e+01 4.178466e+01 4.423484e+01 4.668349e+01 
4.913090e+01 5.157712e+01 5.402182e+01 5.646513e+01 5.890710e+01 
6.134775e+01 6.378702e+01 6.622486e+01 6.866129e+01 7.109633e+01 
7.352996e+01 7.596220e+01 7.839308e+01 8.082265e+01 8.325092e+01 
8.567799e+01 8.810389e+01 9.052864e+01 9.295222e+01 9.537460e+01 
9.779593e+01 1.002163e+02 1.026355e+02 1.050537e+02 1.074711e+02 
1.098874e+02 1.123030e+02 1.147176e+02 1.171315e+02 1.195446e+02 
1.219570e+02 1.243688e+02 1.267801e+02 1.291907e+02 1.316009e+02 
1.340106e+02 1.364200e+02 1.388291e+02 1.412378e+02 1.436463e+02 
1.460546e+02 1.484628e+02 1.508710e+02 1.532792e+02 1.556875e+02 
1.580960e+02 1.605048e+02 1.629141e+02 1.653238e+02 1.677342e+02 
1.701454e+02 1.725575e+02 1.749707e+02 1.773851e+02 1.798009e+02 
1.822183e+02 1.846376e+02 1.870589e+02 1.894826e+02 1.919088e+02 
1.943379e+02 1.967704e+02 1.992066e+02 2.016468e+02 2.040916e+02 
2.065413e+02 2.089966e+02 2.114582e+02 2.139266e+02 2.164025e+02 
2.188857e+02 2.213751e+02 2.238694e+02 2.263669e+02 2.288669e+02 
2.313697e+02 2.338761e+02 2.363886e+02 2.389116e+02 2.414532e+02 
2.440247e+02 
@R A 101 []
0.000000e+00 1.132190e-02 2.264391e-02 3.396585e-02 4.528749e-02 
5.660893e-02 6.793042e-02 7.925182e-02 9.057302e-02 1.018941e-01 
1.132150e-01 1.245353e-01 1.358553e-01 1.471749e-01 1.584942e-01 
1.698128e-01 1.811327e-01 1.924510e-01 2.037695e-01 2.150858e-01 
2.264014e-01 2.377165e-01 2.490296e-01 2.603412e-01 2.716514e-01 
2.829603e-01 2.942675e-01 3.055725e-01 3.168755e-01 3.281767e-01 
3.394760e-01 3.507730e-01 3.620670e-01 3.733580e-01 3.846459e-01 
3.959308e-01 4.072129e-01 4.184917e-01 4.297668e-01 4.410378e-01 
4.523051e-01 4.635685e-01 4.748275e-01 4.860818e-01 4.973320e-01 
5.085768e-01 5.198170e-01 5.310518e-01 5.422810e-01 5.535046e-01 
5.647220e-01 5.759333e-01 5.871382e-01 5.983360e-01 6.095273e-01 
6.207107e-01 6.318869e-01 6.430550e-01 6.542148e-01 6.653665e-01 
6.765093e-01 6.876427e-01 6.987669e-01 7.098814e-01 7.209853e-01 
7.320787e-01 7.431611e-01 7.542322e-01 7.652910e-01 7.763373e-01 
7.873709e-01 7.983911e-01 8.093974e-01 8.203890e-01 8.313654e-01 
8.423263e-01 8.532709e-01 8.641987e-01 8.751088e-01 8.860007e-01 
8.968736e-01 9.077266e-01 9.185588e-01 9.293691e-01 9.401567e-01 
9.509215e-01 9.616632e-01 9.723810e-01 9.830740e-01 9.937416e-01 
1.004385e+00 1.015007e+00 1.025612e+00 1.036209e+00 1.046806e+00 
1.057406e+00 1.068009e+00 1.078607e+00 1.089190e+00 1.099740e+00 
1.110235e+00 
@R RTOR 101 []
4.765373e+00 4.765351e+00 4.765288e+00 4.765183e+00 4.765036e+00 
4.764846e+00 4.764616e+00 4.764344e+00 4.764031e+00 4.763677e+00 
4.763283e+00 4.762849e+00 4.762376e+00 4.761863e+00 4.761313e+00 
4.760725e+00 4.760099e+00 4.759437e+00 4.758740e+00 4.758007e+00 
4.757240e+00 4.756439e+00 4.755605e+00 4.754738e+00 4.753841e+00 
4.752912e+00 4.751954e+00 4.750967e+00 4.749952e+00 4.748909e+00 
4.747837e+00 4.746738e+00 4.745612e+00 4.744461e+00 4.743286e+00 
4.742088e+00 4.740866e+00 4.739622e+00 4.738356e+00 4.737067e+00 
4.735756e+00 4.734424e+00 4.733071e+00 4.731696e+00 4.730301e+00 
4.728884e+00 4.727447e+00 4.725990e+00 4.724512e+00 4.723015e+00 
4.721497e+00 4.719959e+00 4.718401e+00 4.716823e+00 4.715225e+00 
4.713607e+00 4.711969e+00 4.710310e+00 4.708631e+00 4.706930e+00 
4.705208e+00 4.703464e+00 4.701698e+00 4.699909e+00 4.698098e+00 
4.696264e+00 4.694406e+00 4.692525e+00 4.690620e+00 4.688691e+00 
4.686737e+00 4.684757e+00 4.682752e+00 4.680720e+00 4.678661e+00 
4.676575e+00 4.674460e+00 4.672316e+00 4.670143e+00 4.667940e+00 
4.665706e+00 4.663439e+00 4.661140e+00 4.658807e+00 4.656438e+00 
4.654033e+00 4.651591e+00 4.649111e+00 4.646593e+00 4.644030e+00 
4.641413e+00 4.638730e+00 4.635969e+00 4.633113e+00 4.630150e+00 
4.627075e+00 4.623885e+00 4.620583e+00 4.617183e+00 4.613706e+00 
4.610176e+00 
@R SHIFT 101 []
2.153728e-01 2.153515e-01 2.152881e-01 2.151829e-01 2.150356e-01 
2.148463e-01 2.146156e-01 2.143436e-01 2.140305e-01 2.136768e-01 
2.132828e-01 2.128489e-01 2.123756e-01 2.118635e-01 2.113130e-01 
2.107248e-01 2.100994e-01 2.094375e-01 2.087396e-01 2.080068e-01 
2.072395e-01 2.064385e-01 2.056046e-01 2.047385e-01 2.038408e-01 
2.029123e-01 2.019542e-01 2.009674e-01 1.999522e-01 1.989087e-01 
1.978370e-01 1.967377e-01 1.956119e-01 1.944611e-01 1.932861e-01 
1.920878e-01 1.908663e-01 1.896222e-01 1.883556e-01 1.870668e-01 
1.857563e-01 1.844241e-01 1.830707e-01 1.816961e-01 1.803006e-01 
1.788843e-01 1.774474e-01 1.759901e-01 1.745124e-01 1.730145e-01 
1.714966e-01 1.699586e-01 1.684007e-01 1.668229e-01 1.652251e-01 
1.636072e-01 1.619690e-01 1.603104e-01 1.586309e-01 1.569302e-01 
1.552079e-01 1.534639e-01 1.516977e-01 1.499091e-01 1.480979e-01 
1.462638e-01 1.444064e-01 1.425253e-01 1.406203e-01 1.386909e-01 
1.367366e-01 1.347570e-01 1.327515e-01 1.307197e-01 1.286610e-01 
1.265746e-01 1.244600e-01 1.223164e-01 1.201433e-01 1.179400e-01 
1.157057e-01 1.134394e-01 1.111402e-01 1.088069e-01 1.064383e-01 
1.040333e-01 1.015912e-01 9.911123e-02 9.659263e-02 9.402973e-02 
9.141255e-02 8.873026e-02 8.596890e-02 8.311284e-02 8.014985e-02 
7.707503e-02 7.388455e-02 7.058258e-02 6.718307e-02 6.370628e-02 
6.017618e-02 
@R ELONG 101 []
1.301944e+00 1.301939e+00 1.301924e+00 1.301916e+00 1.301889e+00 
1.301842e+00 1.301781e+00 1.301719e+00 1.301658e+00 1.301588e+00 
1.301512e+00 1.301432e+00 1.301350e+00 1.301263e+00 1.301173e+00 
1.301080e+00 1.300984e+00 1.300888e+00 1.300791e+00 1.300693e+00 
1.300596e+00 1.300502e+00 1.300410e+00 1.300322e+00 1.300238e+00 
1.300159e+00 1.300086e+00 1.300020e+00 1.299961e+00 1.299908e+00 
1.299861e+00 1.299823e+00 1.299797e+00 1.299783e+00 1.299781e+00 
1.299792e+00 1.299815e+00 1.299852e+00 1.299903e+00 1.299968e+00 
1.300048e+00 1.300143e+00 1.300253e+00 1.300378e+00 1.300520e+00 
1.300677e+00 1.300852e+00 1.301043e+00 1.301253e+00 1.301480e+00 
1.301726e+00 1.301991e+00 1.302275e+00 1.302579e+00 1.302904e+00 
1.303250e+00 1.303617e+00 1.304005e+00 1.304416e+00 1.304848e+00 
1.305304e+00 1.305782e+00 1.306284e+00 1.306811e+00 1.307364e+00 
1.307942e+00 1.308548e+00 1.309181e+00 1.309844e+00 1.310536e+00 
1.311261e+00 1.312017e+00 1.312808e+00 1.313633e+00 1.314495e+00 
1.315396e+00 1.316336e+00 1.317318e+00 1.318345e+00 1.319418e+00 
1.320540e+00 1.321713e+00 1.322941e+00 1.324226e+00 1.325571e+00 
1.326979e+00 1.328456e+00 1.330009e+00 1.331643e+00 1.333361e+00 
1.335150e+00 1.336998e+00 1.338885e+00 1.340788e+00 1.342696e+00 
1.344605e+00 1.346515e+00 1.348452e+00 1.350475e+00 1.352664e+00 
1.355116e+00 
@R TRIAG 101 []
0.000000e+00 3.153854e-02 2.983866e-02 2.813806e-02 2.642588e-02 
2.470394e-02 2.297716e-02 2.124155e-02 1.949390e-02 1.773631e-02 
1.596735e-02 1.418449e-02 1.238794e-02 1.057765e-02 8.752172e-03 
6.910478e-03 5.051663e-03 3.175031e-03 1.279305e-03 -6.351828e-04 
-2.569396e-03 -4.524587e-03 -6.500906e-03 -8.498982e-03 -1.052009e-02 
-1.256457e-02 -1.463196e-02 -1.672255e-02 -1.883773e-02 -2.097949e-02 
-2.314972e-02 -2.534869e-02 -2.757506e-02 -2.982795e-02 -3.210797e-02 
-3.441666e-02 -3.675597e-02 -3.912684e-02 -4.152942e-02 -4.396376e-02 
-4.643016e-02 -4.892906e-02 -5.146099e-02 -5.402664e-02 -5.662704e-02 
-5.926301e-02 -6.193563e-02 -6.464565e-02 -6.739402e-02 -7.018205e-02 
-7.301083e-02 -7.588144e-02 -7.879512e-02 -8.175314e-02 -8.475732e-02 
-8.780854e-02 -9.090807e-02 -9.405709e-02 -9.725698e-02 -1.005096e-01 
-1.038168e-01 -1.071804e-01 -1.106027e-01 -1.140866e-01 -1.176350e-01 
-1.212506e-01 -1.249363e-01 -1.286947e-01 -1.325290e-01 -1.364422e-01 
-1.404376e-01 -1.445190e-01 -1.486901e-01 -1.529550e-01 -1.573178e-01 
-1.617834e-01 -1.663570e-01 -1.710440e-01 -1.758503e-01 -1.807829e-01 
-1.858495e-01 -1.910580e-01 -1.964161e-01 -2.019321e-01 -2.076155e-01 
-2.134776e-01 -2.195350e-01 -2.258067e-01 -2.323128e-01 -2.390655e-01 
-2.460449e-01 -2.532306e-01 -2.605917e-01 -2.681054e-01 -2.757798e-01 
-2.836405e-01 -2.917137e-01 -2.999885e-01 -3.084548e-01 -3.172958e-01 
-3.268887e-01 
