 # generated by zfastran.py Ver+Oct2009
@R INFLAG 1 []
  1.000000000e+00
@R TIME0 1 [s]
  0.000000000e+00
@R IP 1 []
  9.999999995e+00
@R BCENTR 1 []
  1.100000000e+01
@R RMAJOR 1 []
  4.550000000e+00
@R AMINOR 1 []
  1.109136092e+00
@R ELONGB 1 []
  1.350087615e+00
@R TRIANB 1 []
 -3.223795866e-01
@R RHO 101 []
  0.000000000e+00  1.000000000e-02  2.000000000e-02  3.000000000e-02
  4.000000000e-02  5.000000000e-02  6.000000000e-02  7.000000000e-02
  8.000000000e-02  9.000000000e-02  1.000000000e-01  1.100000000e-01
  1.200000000e-01  1.300000000e-01  1.400000000e-01  1.500000000e-01
  1.600000000e-01  1.700000000e-01  1.800000000e-01  1.900000000e-01
  2.000000000e-01  2.100000000e-01  2.200000000e-01  2.300000000e-01
  2.400000000e-01  2.500000000e-01  2.600000000e-01  2.700000000e-01
  2.800000000e-01  2.900000000e-01  3.000000000e-01  3.100000000e-01
  3.200000000e-01  3.300000000e-01  3.400000000e-01  3.500000000e-01
  3.600000000e-01  3.700000000e-01  3.800000000e-01  3.900000000e-01
  4.000000000e-01  4.100000000e-01  4.200000000e-01  4.300000000e-01
  4.400000000e-01  4.500000000e-01  4.600000000e-01  4.700000000e-01
  4.800000000e-01  4.900000000e-01  5.000000000e-01  5.100000000e-01
  5.200000000e-01  5.300000000e-01  5.400000000e-01  5.500000000e-01
  5.600000000e-01  5.700000000e-01  5.800000000e-01  5.900000000e-01
  6.000000000e-01  6.100000000e-01  6.200000000e-01  6.300000000e-01
  6.400000000e-01  6.500000000e-01  6.600000000e-01  6.700000000e-01
  6.800000000e-01  6.900000000e-01  7.000000000e-01  7.100000000e-01
  7.200000000e-01  7.300000000e-01  7.400000000e-01  7.500000000e-01
  7.600000000e-01  7.700000000e-01  7.800000000e-01  7.900000000e-01
  8.000000000e-01  8.100000000e-01  8.200000000e-01  8.300000000e-01
  8.400000000e-01  8.500000000e-01  8.600000000e-01  8.700000000e-01
  8.800000000e-01  8.900000000e-01  9.000000000e-01  9.100000000e-01
  9.200000000e-01  9.300000000e-01  9.400000000e-01  9.500000000e-01
  9.600000000e-01  9.700000000e-01  9.800000000e-01  9.900000000e-01
  1.000000000e+00
@R AMAIN 1 []
  2.500000000e+00
@R ZMAIN 1 []
  1.000000000e+00
@I NIMP 1 []
                1
@R AIMP 1 []
  1.820000000e+02
@R ZIMP 1 []
  7.400000000e+01
@R FIMP 1 []
  9.515500182e-05
@R ENE 101 []
  2.762277393e+01  2.762277393e+01  2.757846936e+01  2.753107480e+01
  2.748062933e+01  2.742717202e+01  2.737074191e+01  2.731137808e+01
  2.724911960e+01  2.718400553e+01  2.711607492e+01  2.704536685e+01
  2.697192039e+01  2.689577458e+01  2.681696851e+01  2.673554123e+01
  2.665153180e+01  2.656497930e+01  2.647592278e+01  2.638440132e+01
  2.629045396e+01  2.619411979e+01  2.609543786e+01  2.599444724e+01
  2.589118699e+01  2.578569618e+01  2.567801386e+01  2.556817912e+01
  2.545623100e+01  2.534220857e+01  2.522615090e+01  2.510809706e+01
  2.498808610e+01  2.486615709e+01  2.474234909e+01  2.461670118e+01
  2.448925241e+01  2.436004184e+01  2.422910855e+01  2.409649160e+01
  2.396223004e+01  2.382636295e+01  2.368892939e+01  2.354996843e+01
  2.340951912e+01  2.326762053e+01  2.312431173e+01  2.297963178e+01
  2.283361975e+01  2.268631470e+01  2.253775569e+01  2.238798178e+01
  2.223703205e+01  2.208494556e+01  2.193176137e+01  2.177751854e+01
  2.162225615e+01  2.146601324e+01  2.130882890e+01  2.115074218e+01
  2.099179214e+01  2.083201786e+01  2.067145839e+01  2.051015280e+01
  2.034814015e+01  2.018545952e+01  2.002214995e+01  1.985825053e+01
  1.969380030e+01  1.952883834e+01  1.936340371e+01  1.919753547e+01
  1.903127269e+01  1.886465442e+01  1.869771972e+01  1.853050763e+01
  1.836305717e+01  1.819540729e+01  1.802759684e+01  1.785966439e+01
  1.769164789e+01  1.752358405e+01  1.735550673e+01  1.718744365e+01
  1.701940910e+01  1.685138814e+01  1.668330201e+01  1.651493301e+01
  1.634576110e+01  1.617460934e+01  1.599887885e+01  1.581291440e+01
  1.560459306e+01  1.534857328e+01  1.499458496e+01  1.445394201e+01
  1.360891210e+01  1.240518740e+01  1.101627130e+01  9.804787057e+00
  8.995343210e+00
@R TE 101 []
  1.930699649e+01  1.930699649e+01  1.925299738e+01  1.919190387e+01
  1.912381283e+01  1.904882658e+01  1.896705287e+01  1.887860476e+01
  1.878360058e+01  1.868216379e+01  1.857442288e+01  1.846051124e+01
  1.834056696e+01  1.821473276e+01  1.808315576e+01  1.794598729e+01
  1.780338271e+01  1.765550121e+01  1.750250560e+01  1.734456204e+01
  1.718183986e+01  1.701451132e+01  1.684275129e+01  1.666673711e+01
  1.648664825e+01  1.630266612e+01  1.611497372e+01  1.592375550e+01
  1.572919698e+01  1.553148457e+01  1.533080528e+01  1.512821167e+01
  1.492458235e+01  1.471984372e+01  1.451392219e+01  1.430674418e+01
  1.409834033e+01  1.388891823e+01  1.367866973e+01  1.346778663e+01
  1.325646077e+01  1.304492811e+01  1.283344592e+01  1.262223795e+01
  1.241152799e+01  1.220153979e+01  1.199248366e+01  1.178447832e+01
  1.157761017e+01  1.137196559e+01  1.116763098e+01  1.096468010e+01
  1.076314352e+01  1.056304279e+01  1.036439950e+01  1.016723520e+01
  9.971564341e+00  9.777393922e+00  9.584734380e+00  9.393596137e+00
  9.203989614e+00  9.015872873e+00  8.829277867e+00  8.644325862e+00
  8.461138125e+00  8.279835920e+00  8.100695675e+00  7.923943970e+00
  7.749627303e+00  7.577792170e+00  7.408485069e+00  7.241656350e+00
  7.077225852e+00  6.915194300e+00  6.755562419e+00  6.598330932e+00
  6.443527577e+00  6.291199068e+00  6.141374585e+00  5.994083282e+00
  5.849354247e+00  5.707202585e+00  5.567655516e+00  5.430759401e+00
  5.296558362e+00  5.165091126e+00  5.036378489e+00  4.910460297e+00
  4.787330718e+00  4.666800980e+00  4.548241302e+00  4.430226313e+00
  4.308639350e+00  4.173123246e+00  4.000307755e+00  3.741993157e+00
  3.221569572e+00  2.406970787e+00  1.426272870e+00  5.996588162e-01
  9.664111306e-02
@R TI 101 []
  1.984694361e+01  1.984694361e+01  1.978989755e+01  1.972413341e+01
  1.964976466e+01  1.956691627e+01  1.947572462e+01  1.937633715e+01
  1.926891227e+01  1.915361889e+01  1.903063620e+01  1.890015318e+01
  1.876236825e+01  1.861748877e+01  1.846573053e+01  1.830731726e+01
  1.814248006e+01  1.797145681e+01  1.779449159e+01  1.761183406e+01
  1.742373880e+01  1.723046474e+01  1.703227444e+01  1.682943344e+01
  1.662220965e+01  1.641087266e+01  1.619569312e+01  1.597694205e+01
  1.575489030e+01  1.552980783e+01  1.530196320e+01  1.507372107e+01
  1.484709951e+01  1.462184584e+01  1.439770733e+01  1.417443129e+01
  1.395200779e+01  1.373064183e+01  1.351040303e+01  1.329136108e+01
  1.307358562e+01  1.285722406e+01  1.264241527e+01  1.242921616e+01
  1.221768359e+01  1.200787449e+01  1.179990215e+01  1.159382203e+01
  1.138960414e+01  1.118721856e+01  1.098663530e+01  1.078780215e+01
  1.059066597e+01  1.039519541e+01  1.020135911e+01  1.000912574e+01
  9.818438634e+00  9.629255485e+00  9.441566450e+00  9.255361689e+00
  9.070631357e+00  8.887295898e+00  8.705369831e+00  8.524984427e+00
  8.346270957e+00  8.169360693e+00  7.994566663e+00  7.822135296e+00
  7.652097968e+00  7.484486052e+00  7.319330921e+00  7.156550154e+00
  6.996045543e+00  6.837824794e+00  6.681895609e+00  6.528265690e+00
  6.376987618e+00  6.228141519e+00  6.081776395e+00  5.937941223e+00
  5.796684917e+00  5.658048628e+00  5.522066749e+00  5.388777172e+00
  5.258215592e+00  5.130412393e+00  5.005347145e+00  4.883011949e+00
  4.763383768e+00  4.646258642e+00  4.530995879e+00  4.416168807e+00
  4.297733006e+00  4.165461801e+00  3.996157113e+00  3.741797389e+00
  3.221727600e+00  2.407293842e+00  1.426164137e+00  5.993649464e-01
  9.685720340e-02
@R ZEFF 101 []
  1.514027320e+00  1.514027320e+00  1.513371847e+00  1.512521068e+00
  1.511556917e+00  1.510564768e+00  1.509586939e+00  1.508475879e+00
  1.507026234e+00  1.505012793e+00  1.502173343e+00  1.498414760e+00
  1.493945821e+00  1.488945108e+00  1.483650728e+00  1.478376634e+00
  1.473180089e+00  1.467878519e+00  1.462489291e+00  1.457031844e+00
  1.451527627e+00  1.445961555e+00  1.440318814e+00  1.434625023e+00
  1.428908810e+00  1.423201629e+00  1.417581640e+00  1.412107811e+00
  1.406781500e+00  1.401599803e+00  1.396555725e+00  1.391616299e+00
  1.386752594e+00  1.381959482e+00  1.377230255e+00  1.372556807e+00
  1.367944376e+00  1.363410795e+00  1.358965643e+00  1.354618050e+00
  1.350376606e+00  1.346253540e+00  1.342260014e+00  1.338401897e+00
  1.334684145e+00  1.331110773e+00  1.327687817e+00  1.324417175e+00
  1.321295354e+00  1.318318168e+00  1.315480845e+00  1.312777086e+00
  1.310200090e+00  1.307743777e+00  1.305401913e+00  1.303168188e+00
  1.301034780e+00  1.298995086e+00  1.297044634e+00  1.295179003e+00
  1.293393864e+00  1.291682877e+00  1.290043589e+00  1.288477274e+00
  1.286984784e+00  1.285566554e+00  1.284228238e+00  1.282972005e+00
  1.281792881e+00  1.280686059e+00  1.279646923e+00  1.278667952e+00
  1.277741947e+00  1.276865134e+00  1.276034015e+00  1.275245367e+00
  1.274497272e+00  1.273788499e+00  1.273117146e+00  1.272481419e+00
  1.271879625e+00  1.271310038e+00  1.270770947e+00  1.270260856e+00
  1.269778394e+00  1.269322306e+00  1.268890909e+00  1.268483299e+00
  1.268099330e+00  1.267738645e+00  1.267400597e+00  1.267086678e+00
  1.266795878e+00  1.266522852e+00  1.266260851e+00  1.266001606e+00
  1.265218007e+00  1.264597280e+00  1.264394973e+00  1.264380768e+00
  1.264380716e+00
@R OMEGA 101 []
  4.992501875e+03  4.992501875e+03  4.978801804e+03  4.961079526e+03
  4.940120160e+03  4.916382264e+03  4.890178959e+03  4.861743180e+03
  4.831258024e+03  4.798873089e+03  4.764714177e+03  4.728889466e+03
  4.691493659e+03  4.652610886e+03  4.612316799e+03  4.570680145e+03
  4.527763951e+03  4.483626454e+03  4.438321832e+03  4.391900796e+03
  4.344411068e+03  4.295897774e+03  4.246403778e+03  4.195969955e+03
  4.144635428e+03  4.092437767e+03  4.039413164e+03  3.985596584e+03
  3.931021896e+03  3.875721988e+03  3.819728870e+03  3.763073767e+03
  3.705787199e+03  3.647899055e+03  3.589438660e+03  3.530434837e+03
  3.470915960e+03  3.410910006e+03  3.350444605e+03  3.289547080e+03
  3.228244492e+03  3.166563674e+03  3.104531273e+03  3.042173783e+03
  2.979517575e+03  2.916588934e+03  2.853414088e+03  2.790019238e+03
  2.726430588e+03  2.662674375e+03  2.598776897e+03  2.534764544e+03
  2.470663824e+03  2.406501396e+03  2.342304099e+03  2.278098979e+03
  2.213913327e+03  2.149774707e+03  2.085710992e+03  2.021750397e+03
  1.957921519e+03  1.894253376e+03  1.830775447e+03  1.767517715e+03
  1.704510722e+03  1.641785608e+03  1.579374179e+03  1.517308956e+03
  1.455623246e+03  1.394351213e+03  1.333527952e+03  1.273189580e+03
  1.213373329e+03  1.154117653e+03  1.095462349e+03  1.037448686e+03
  9.801195629e+02  9.235196753e+02  8.676957162e+02  8.126966008e+02
  7.585737302e+02  7.053812976e+02  6.531766492e+02  6.020207128e+02
  5.519785103e+02  5.031197796e+02  4.555197357e+02  4.092600162e+02
  3.644298727e+02  3.211276991e+02  2.794630303e+02  2.395592200e+02
  2.015571260e+02  1.656203590e+02  1.319430748e+02  1.007621703e+02
  7.237775876e+01  4.719105135e+01  2.578549737e+01  9.151104569e+00
 -2.298605750e-12
@R Q 101 []
  0.000000000e+00  0.000000000e+00  0.000000000e+00  0.000000000e+00
  0.000000000e+00  0.000000000e+00  0.000000000e+00  0.000000000e+00
  0.000000000e+00  0.000000000e+00  0.000000000e+00  0.000000000e+00
  0.000000000e+00  0.000000000e+00  0.000000000e+00  0.000000000e+00
  0.000000000e+00  0.000000000e+00  0.000000000e+00  0.000000000e+00
  0.000000000e+00  0.000000000e+00  0.000000000e+00  0.000000000e+00
  0.000000000e+00  0.000000000e+00  0.000000000e+00  0.000000000e+00
  0.000000000e+00  0.000000000e+00  0.000000000e+00  0.000000000e+00
  0.000000000e+00  0.000000000e+00  0.000000000e+00  0.000000000e+00
  0.000000000e+00  0.000000000e+00  0.000000000e+00  0.000000000e+00
  0.000000000e+00  0.000000000e+00  0.000000000e+00  0.000000000e+00
  0.000000000e+00  0.000000000e+00  0.000000000e+00  0.000000000e+00
  0.000000000e+00  0.000000000e+00  0.000000000e+00  0.000000000e+00
  0.000000000e+00  0.000000000e+00  0.000000000e+00  0.000000000e+00
  0.000000000e+00  0.000000000e+00  0.000000000e+00  0.000000000e+00
  0.000000000e+00  0.000000000e+00  0.000000000e+00  0.000000000e+00
  0.000000000e+00  0.000000000e+00  0.000000000e+00  0.000000000e+00
  0.000000000e+00  0.000000000e+00  0.000000000e+00  0.000000000e+00
  0.000000000e+00  0.000000000e+00  0.000000000e+00  0.000000000e+00
  0.000000000e+00  0.000000000e+00  0.000000000e+00  0.000000000e+00
  0.000000000e+00  0.000000000e+00  0.000000000e+00  0.000000000e+00
  0.000000000e+00  0.000000000e+00  0.000000000e+00  0.000000000e+00
  0.000000000e+00  0.000000000e+00  0.000000000e+00  0.000000000e+00
  0.000000000e+00  0.000000000e+00  0.000000000e+00  0.000000000e+00
  0.000000000e+00  0.000000000e+00  0.000000000e+00  0.000000000e+00
  0.000000000e+00
@R FP 101 []
  0.000000000e+00  0.000000000e+00  0.000000000e+00  0.000000000e+00
  0.000000000e+00  0.000000000e+00  0.000000000e+00  0.000000000e+00
  0.000000000e+00  0.000000000e+00  0.000000000e+00  0.000000000e+00
  0.000000000e+00  0.000000000e+00  0.000000000e+00  0.000000000e+00
  0.000000000e+00  0.000000000e+00  0.000000000e+00  0.000000000e+00
  0.000000000e+00  0.000000000e+00  0.000000000e+00  0.000000000e+00
  0.000000000e+00  0.000000000e+00  0.000000000e+00  0.000000000e+00
  0.000000000e+00  0.000000000e+00  0.000000000e+00  0.000000000e+00
  0.000000000e+00  0.000000000e+00  0.000000000e+00  0.000000000e+00
  0.000000000e+00  0.000000000e+00  0.000000000e+00  0.000000000e+00
  0.000000000e+00  0.000000000e+00  0.000000000e+00  0.000000000e+00
  0.000000000e+00  0.000000000e+00  0.000000000e+00  0.000000000e+00
  0.000000000e+00  0.000000000e+00  0.000000000e+00  0.000000000e+00
  0.000000000e+00  0.000000000e+00  0.000000000e+00  0.000000000e+00
  0.000000000e+00  0.000000000e+00  0.000000000e+00  0.000000000e+00
  0.000000000e+00  0.000000000e+00  0.000000000e+00  0.000000000e+00
  0.000000000e+00  0.000000000e+00  0.000000000e+00  0.000000000e+00
  0.000000000e+00  0.000000000e+00  0.000000000e+00  0.000000000e+00
  0.000000000e+00  0.000000000e+00  0.000000000e+00  0.000000000e+00
  0.000000000e+00  0.000000000e+00  0.000000000e+00  0.000000000e+00
  0.000000000e+00  0.000000000e+00  0.000000000e+00  0.000000000e+00
  0.000000000e+00  0.000000000e+00  0.000000000e+00  0.000000000e+00
  0.000000000e+00  0.000000000e+00  0.000000000e+00  0.000000000e+00
  0.000000000e+00  0.000000000e+00  0.000000000e+00  0.000000000e+00
  0.000000000e+00  0.000000000e+00  0.000000000e+00  0.000000000e+00
  0.000000000e+00
@R CURPAR 101 []
  3.649918843e+00  3.649703765e+00  3.648923514e+00  3.647377527e+00
  3.645028020e+00  3.641929998e+00  3.638119970e+00  3.633610734e+00
  3.628406566e+00  3.622508329e+00  3.615916158e+00  3.608630073e+00
  3.600650075e+00  3.591976164e+00  3.582608339e+00  3.572546603e+00
  3.561790953e+00  3.550341390e+00  3.538197914e+00  3.525360526e+00
  3.511829224e+00  3.497604010e+00  3.482684883e+00  3.467071843e+00
  3.450764890e+00  3.433764024e+00  3.416069245e+00  3.397680554e+00
  3.378597949e+00  3.358821432e+00  3.338351002e+00  3.317186659e+00
  3.295328403e+00  3.272776234e+00  3.249530152e+00  3.225590157e+00
  3.200956250e+00  3.175628429e+00  3.149606696e+00  3.122891049e+00
  3.095481490e+00  3.067378018e+00  3.038580633e+00  3.009089336e+00
  2.978904125e+00  2.948025001e+00  2.916451965e+00  2.884185015e+00
  2.851224153e+00  2.817569378e+00  2.783220690e+00  2.748178089e+00
  2.712441575e+00  2.676011148e+00  2.638886808e+00  2.601068556e+00
  2.562556390e+00  2.523350312e+00  2.483450321e+00  2.442856417e+00
  2.401568600e+00  2.359586870e+00  2.316911227e+00  2.273541672e+00
  2.229478203e+00  2.184720822e+00  2.139269528e+00  2.093124320e+00
  2.046285200e+00  1.998752167e+00  1.950525221e+00  1.901604363e+00
  1.851989591e+00  1.801680906e+00  1.750678309e+00  1.698981799e+00
  1.646591375e+00  1.593507039e+00  1.539728790e+00  1.485256628e+00
  1.430090554e+00  1.374230566e+00  1.317676665e+00  1.260428852e+00
  1.202487126e+00  1.143851487e+00  1.084521934e+00  1.024498469e+00
  9.637810915e-01  9.023698007e-01  8.402645971e-01  7.774654805e-01
  7.139729805e-01  6.497960970e-01  5.850063008e-01  5.199364026e-01
  4.556470717e-01  3.947268860e-01  3.412354521e-01  3.016698174e-01
  2.864272398e-01
@R CURBEAM 101 []
  0.000000000e+00  0.000000000e+00  0.000000000e+00  0.000000000e+00
  0.000000000e+00  0.000000000e+00  0.000000000e+00  0.000000000e+00
  0.000000000e+00  0.000000000e+00  0.000000000e+00  0.000000000e+00
  0.000000000e+00  0.000000000e+00  0.000000000e+00  0.000000000e+00
  0.000000000e+00  0.000000000e+00  0.000000000e+00  0.000000000e+00
  0.000000000e+00  0.000000000e+00  0.000000000e+00  0.000000000e+00
  0.000000000e+00  0.000000000e+00  0.000000000e+00  0.000000000e+00
  0.000000000e+00  0.000000000e+00  0.000000000e+00  0.000000000e+00
  0.000000000e+00  0.000000000e+00  0.000000000e+00  0.000000000e+00
  0.000000000e+00  0.000000000e+00  0.000000000e+00  0.000000000e+00
  0.000000000e+00  0.000000000e+00  0.000000000e+00  0.000000000e+00
  0.000000000e+00  0.000000000e+00  0.000000000e+00  0.000000000e+00
  0.000000000e+00  0.000000000e+00  0.000000000e+00  0.000000000e+00
  0.000000000e+00  0.000000000e+00  0.000000000e+00  0.000000000e+00
  0.000000000e+00  0.000000000e+00  0.000000000e+00  0.000000000e+00
  0.000000000e+00  0.000000000e+00  0.000000000e+00  0.000000000e+00
  0.000000000e+00  0.000000000e+00  0.000000000e+00  0.000000000e+00
  0.000000000e+00  0.000000000e+00  0.000000000e+00  0.000000000e+00
  0.000000000e+00  0.000000000e+00  0.000000000e+00  0.000000000e+00
  0.000000000e+00  0.000000000e+00  0.000000000e+00  0.000000000e+00
  0.000000000e+00  0.000000000e+00  0.000000000e+00  0.000000000e+00
  0.000000000e+00  0.000000000e+00  0.000000000e+00  0.000000000e+00
  0.000000000e+00  0.000000000e+00  0.000000000e+00  0.000000000e+00
  0.000000000e+00  0.000000000e+00  0.000000000e+00  0.000000000e+00
  0.000000000e+00  0.000000000e+00  0.000000000e+00  0.000000000e+00
  0.000000000e+00
@R CURRF 101 []
  1.153442882e+00  1.016233430e+00  7.643644613e-01  7.368397403e-01
  8.775123293e-01  8.194409686e-01  6.376835488e-01  6.630428323e-01
  8.426805579e-01  8.901805982e-01  8.453321793e-01  8.790526600e-01
  8.826735920e-01  7.391272198e-01  5.883415401e-01  5.519060578e-01
  5.301833450e-01  4.463317563e-01  3.904372195e-01  4.062745004e-01
  4.000275897e-01  3.301847152e-01  2.782383529e-01  2.883946101e-01
  3.026625954e-01  2.800721917e-01  2.553972873e-01  2.561149333e-01
  2.537488788e-01  2.284661506e-01  2.112037528e-01  2.165070836e-01
  2.077718174e-01  1.620926261e-01  1.141755854e-01  1.016398256e-01
  1.055560761e-01  9.275146381e-02  7.004672240e-02  6.244772667e-02
  6.776703076e-02  6.555160313e-02  5.310609978e-02  4.576704658e-02
  4.802278417e-02  4.830356618e-02  4.122441625e-02  3.503436898e-02
  3.567161245e-02  3.719357151e-02  3.327155605e-02  2.744709184e-02
  2.585539089e-02  2.730154790e-02  2.668685800e-02  2.339108798e-02
  2.065057995e-02  1.979005868e-02  1.928737284e-02  1.788428917e-02
  1.602517054e-02  1.473541356e-02  1.421919558e-02  1.369201365e-02
  1.239201628e-02  1.057793815e-02  9.200629866e-03  8.734354750e-03
  8.654439803e-03  7.951927603e-03  6.639904700e-03  5.581900286e-03
  5.153676976e-03  5.163063484e-03  5.173725612e-03  4.853596390e-03
  4.221236581e-03  3.591886983e-03  3.271355047e-03  3.250371254e-03
  3.226017924e-03  2.956092497e-03  2.508682417e-03  2.120315921e-03
  1.928398850e-03  1.877951124e-03  1.818435558e-03  1.652816297e-03
  1.399948495e-03  1.168085453e-03  1.028407435e-03  9.306343663e-04
  7.710745472e-04  4.842443390e-04  7.440416329e-05 -4.118232155e-04
 -8.561153417e-04 -1.054558456e-03 -9.018051470e-04 -4.571456042e-04
 -1.739444011e-04
@R CURBOOT 101 []
  0.000000000e+00  0.000000000e+00  0.000000000e+00  0.000000000e+00
  0.000000000e+00  0.000000000e+00  0.000000000e+00  0.000000000e+00
  0.000000000e+00  0.000000000e+00  0.000000000e+00  0.000000000e+00
  0.000000000e+00  0.000000000e+00  0.000000000e+00  0.000000000e+00
  0.000000000e+00  0.000000000e+00  0.000000000e+00  0.000000000e+00
  0.000000000e+00  0.000000000e+00  0.000000000e+00  0.000000000e+00
  0.000000000e+00  0.000000000e+00  0.000000000e+00  0.000000000e+00
  0.000000000e+00  0.000000000e+00  0.000000000e+00  0.000000000e+00
  0.000000000e+00  0.000000000e+00  0.000000000e+00  0.000000000e+00
  0.000000000e+00  0.000000000e+00  0.000000000e+00  0.000000000e+00
  0.000000000e+00  0.000000000e+00  0.000000000e+00  0.000000000e+00
  0.000000000e+00  0.000000000e+00  0.000000000e+00  0.000000000e+00
  0.000000000e+00  0.000000000e+00  0.000000000e+00  0.000000000e+00
  0.000000000e+00  0.000000000e+00  0.000000000e+00  0.000000000e+00
  0.000000000e+00  0.000000000e+00  0.000000000e+00  0.000000000e+00
  0.000000000e+00  0.000000000e+00  0.000000000e+00  0.000000000e+00
  0.000000000e+00  0.000000000e+00  0.000000000e+00  0.000000000e+00
  0.000000000e+00  0.000000000e+00  0.000000000e+00  0.000000000e+00
  0.000000000e+00  0.000000000e+00  0.000000000e+00  0.000000000e+00
  0.000000000e+00  0.000000000e+00  0.000000000e+00  0.000000000e+00
  0.000000000e+00  0.000000000e+00  0.000000000e+00  0.000000000e+00
  0.000000000e+00  0.000000000e+00  0.000000000e+00  0.000000000e+00
  0.000000000e+00  0.000000000e+00  0.000000000e+00  0.000000000e+00
  0.000000000e+00  0.000000000e+00  0.000000000e+00  0.000000000e+00
  0.000000000e+00  0.000000000e+00  0.000000000e+00  0.000000000e+00
  0.000000000e+00
@R ENBEAM 101 []
  0.000000000e+00  0.000000000e+00  0.000000000e+00  0.000000000e+00
  0.000000000e+00  0.000000000e+00  0.000000000e+00  0.000000000e+00
  0.000000000e+00  0.000000000e+00  0.000000000e+00  0.000000000e+00
  0.000000000e+00  0.000000000e+00  0.000000000e+00  0.000000000e+00
  0.000000000e+00  0.000000000e+00  0.000000000e+00  0.000000000e+00
  0.000000000e+00  0.000000000e+00  0.000000000e+00  0.000000000e+00
  0.000000000e+00  0.000000000e+00  0.000000000e+00  0.000000000e+00
  0.000000000e+00  0.000000000e+00  0.000000000e+00  0.000000000e+00
  0.000000000e+00  0.000000000e+00  0.000000000e+00  0.000000000e+00
  0.000000000e+00  0.000000000e+00  0.000000000e+00  0.000000000e+00
  0.000000000e+00  0.000000000e+00  0.000000000e+00  0.000000000e+00
  0.000000000e+00  0.000000000e+00  0.000000000e+00  0.000000000e+00
  0.000000000e+00  0.000000000e+00  0.000000000e+00  0.000000000e+00
  0.000000000e+00  0.000000000e+00  0.000000000e+00  0.000000000e+00
  0.000000000e+00  0.000000000e+00  0.000000000e+00  0.000000000e+00
  0.000000000e+00  0.000000000e+00  0.000000000e+00  0.000000000e+00
  0.000000000e+00  0.000000000e+00  0.000000000e+00  0.000000000e+00
  0.000000000e+00  0.000000000e+00  0.000000000e+00  0.000000000e+00
  0.000000000e+00  0.000000000e+00  0.000000000e+00  0.000000000e+00
  0.000000000e+00  0.000000000e+00  0.000000000e+00  0.000000000e+00
  0.000000000e+00  0.000000000e+00  0.000000000e+00  0.000000000e+00
  0.000000000e+00  0.000000000e+00  0.000000000e+00  0.000000000e+00
  0.000000000e+00  0.000000000e+00  0.000000000e+00  0.000000000e+00
  0.000000000e+00  0.000000000e+00  0.000000000e+00  0.000000000e+00
  0.000000000e+00  0.000000000e+00  0.000000000e+00  0.000000000e+00
  0.000000000e+00
@R WBEAM 101 []
  0.000000000e+00  0.000000000e+00  0.000000000e+00  0.000000000e+00
  0.000000000e+00  0.000000000e+00  0.000000000e+00  0.000000000e+00
  0.000000000e+00  0.000000000e+00  0.000000000e+00  0.000000000e+00
  0.000000000e+00  0.000000000e+00  0.000000000e+00  0.000000000e+00
  0.000000000e+00  0.000000000e+00  0.000000000e+00  0.000000000e+00
  0.000000000e+00  0.000000000e+00  0.000000000e+00  0.000000000e+00
  0.000000000e+00  0.000000000e+00  0.000000000e+00  0.000000000e+00
  0.000000000e+00  0.000000000e+00  0.000000000e+00  0.000000000e+00
  0.000000000e+00  0.000000000e+00  0.000000000e+00  0.000000000e+00
  0.000000000e+00  0.000000000e+00  0.000000000e+00  0.000000000e+00
  0.000000000e+00  0.000000000e+00  0.000000000e+00  0.000000000e+00
  0.000000000e+00  0.000000000e+00  0.000000000e+00  0.000000000e+00
  0.000000000e+00  0.000000000e+00  0.000000000e+00  0.000000000e+00
  0.000000000e+00  0.000000000e+00  0.000000000e+00  0.000000000e+00
  0.000000000e+00  0.000000000e+00  0.000000000e+00  0.000000000e+00
  0.000000000e+00  0.000000000e+00  0.000000000e+00  0.000000000e+00
  0.000000000e+00  0.000000000e+00  0.000000000e+00  0.000000000e+00
  0.000000000e+00  0.000000000e+00  0.000000000e+00  0.000000000e+00
  0.000000000e+00  0.000000000e+00  0.000000000e+00  0.000000000e+00
  0.000000000e+00  0.000000000e+00  0.000000000e+00  0.000000000e+00
  0.000000000e+00  0.000000000e+00  0.000000000e+00  0.000000000e+00
  0.000000000e+00  0.000000000e+00  0.000000000e+00  0.000000000e+00
  0.000000000e+00  0.000000000e+00  0.000000000e+00  0.000000000e+00
  0.000000000e+00  0.000000000e+00  0.000000000e+00  0.000000000e+00
  0.000000000e+00  0.000000000e+00  0.000000000e+00  0.000000000e+00
  0.000000000e+00
@R QBEAME 101 []
  0.000000000e+00  0.000000000e+00  0.000000000e+00  0.000000000e+00
  0.000000000e+00  0.000000000e+00  0.000000000e+00  0.000000000e+00
  0.000000000e+00  0.000000000e+00  0.000000000e+00  0.000000000e+00
  0.000000000e+00  0.000000000e+00  0.000000000e+00  0.000000000e+00
  0.000000000e+00  0.000000000e+00  0.000000000e+00  0.000000000e+00
  0.000000000e+00  0.000000000e+00  0.000000000e+00  0.000000000e+00
  0.000000000e+00  0.000000000e+00  0.000000000e+00  0.000000000e+00
  0.000000000e+00  0.000000000e+00  0.000000000e+00  0.000000000e+00
  0.000000000e+00  0.000000000e+00  0.000000000e+00  0.000000000e+00
  0.000000000e+00  0.000000000e+00  0.000000000e+00  0.000000000e+00
  0.000000000e+00  0.000000000e+00  0.000000000e+00  0.000000000e+00
  0.000000000e+00  0.000000000e+00  0.000000000e+00  0.000000000e+00
  0.000000000e+00  0.000000000e+00  0.000000000e+00  0.000000000e+00
  0.000000000e+00  0.000000000e+00  0.000000000e+00  0.000000000e+00
  0.000000000e+00  0.000000000e+00  0.000000000e+00  0.000000000e+00
  0.000000000e+00  0.000000000e+00  0.000000000e+00  0.000000000e+00
  0.000000000e+00  0.000000000e+00  0.000000000e+00  0.000000000e+00
  0.000000000e+00  0.000000000e+00  0.000000000e+00  0.000000000e+00
  0.000000000e+00  0.000000000e+00  0.000000000e+00  0.000000000e+00
  0.000000000e+00  0.000000000e+00  0.000000000e+00  0.000000000e+00
  0.000000000e+00  0.000000000e+00  0.000000000e+00  0.000000000e+00
  0.000000000e+00  0.000000000e+00  0.000000000e+00  0.000000000e+00
  0.000000000e+00  0.000000000e+00  0.000000000e+00  0.000000000e+00
  0.000000000e+00  0.000000000e+00  0.000000000e+00  0.000000000e+00
  0.000000000e+00  0.000000000e+00  0.000000000e+00  0.000000000e+00
  0.000000000e+00
@R QBEAMI 101 []
  0.000000000e+00  0.000000000e+00  0.000000000e+00  0.000000000e+00
  0.000000000e+00  0.000000000e+00  0.000000000e+00  0.000000000e+00
  0.000000000e+00  0.000000000e+00  0.000000000e+00  0.000000000e+00
  0.000000000e+00  0.000000000e+00  0.000000000e+00  0.000000000e+00
  0.000000000e+00  0.000000000e+00  0.000000000e+00  0.000000000e+00
  0.000000000e+00  0.000000000e+00  0.000000000e+00  0.000000000e+00
  0.000000000e+00  0.000000000e+00  0.000000000e+00  0.000000000e+00
  0.000000000e+00  0.000000000e+00  0.000000000e+00  0.000000000e+00
  0.000000000e+00  0.000000000e+00  0.000000000e+00  0.000000000e+00
  0.000000000e+00  0.000000000e+00  0.000000000e+00  0.000000000e+00
  0.000000000e+00  0.000000000e+00  0.000000000e+00  0.000000000e+00
  0.000000000e+00  0.000000000e+00  0.000000000e+00  0.000000000e+00
  0.000000000e+00  0.000000000e+00  0.000000000e+00  0.000000000e+00
  0.000000000e+00  0.000000000e+00  0.000000000e+00  0.000000000e+00
  0.000000000e+00  0.000000000e+00  0.000000000e+00  0.000000000e+00
  0.000000000e+00  0.000000000e+00  0.000000000e+00  0.000000000e+00
  0.000000000e+00  0.000000000e+00  0.000000000e+00  0.000000000e+00
  0.000000000e+00  0.000000000e+00  0.000000000e+00  0.000000000e+00
  0.000000000e+00  0.000000000e+00  0.000000000e+00  0.000000000e+00
  0.000000000e+00  0.000000000e+00  0.000000000e+00  0.000000000e+00
  0.000000000e+00  0.000000000e+00  0.000000000e+00  0.000000000e+00
  0.000000000e+00  0.000000000e+00  0.000000000e+00  0.000000000e+00
  0.000000000e+00  0.000000000e+00  0.000000000e+00  0.000000000e+00
  0.000000000e+00  0.000000000e+00  0.000000000e+00  0.000000000e+00
  0.000000000e+00  0.000000000e+00  0.000000000e+00  0.000000000e+00
  0.000000000e+00
@R ENALP 101 []
  0.000000000e+00  0.000000000e+00  0.000000000e+00  0.000000000e+00
  0.000000000e+00  0.000000000e+00  0.000000000e+00  0.000000000e+00
  0.000000000e+00  0.000000000e+00  0.000000000e+00  0.000000000e+00
  0.000000000e+00  0.000000000e+00  0.000000000e+00  0.000000000e+00
  0.000000000e+00  0.000000000e+00  0.000000000e+00  0.000000000e+00
  0.000000000e+00  0.000000000e+00  0.000000000e+00  0.000000000e+00
  0.000000000e+00  0.000000000e+00  0.000000000e+00  0.000000000e+00
  0.000000000e+00  0.000000000e+00  0.000000000e+00  0.000000000e+00
  0.000000000e+00  0.000000000e+00  0.000000000e+00  0.000000000e+00
  0.000000000e+00  0.000000000e+00  0.000000000e+00  0.000000000e+00
  0.000000000e+00  0.000000000e+00  0.000000000e+00  0.000000000e+00
  0.000000000e+00  0.000000000e+00  0.000000000e+00  0.000000000e+00
  0.000000000e+00  0.000000000e+00  0.000000000e+00  0.000000000e+00
  0.000000000e+00  0.000000000e+00  0.000000000e+00  0.000000000e+00
  0.000000000e+00  0.000000000e+00  0.000000000e+00  0.000000000e+00
  0.000000000e+00  0.000000000e+00  0.000000000e+00  0.000000000e+00
  0.000000000e+00  0.000000000e+00  0.000000000e+00  0.000000000e+00
  0.000000000e+00  0.000000000e+00  0.000000000e+00  0.000000000e+00
  0.000000000e+00  0.000000000e+00  0.000000000e+00  0.000000000e+00
  0.000000000e+00  0.000000000e+00  0.000000000e+00  0.000000000e+00
  0.000000000e+00  0.000000000e+00  0.000000000e+00  0.000000000e+00
  0.000000000e+00  0.000000000e+00  0.000000000e+00  0.000000000e+00
  0.000000000e+00  0.000000000e+00  0.000000000e+00  0.000000000e+00
  0.000000000e+00  0.000000000e+00  0.000000000e+00  0.000000000e+00
  0.000000000e+00  0.000000000e+00  0.000000000e+00  0.000000000e+00
  0.000000000e+00
@R WALP 101 []
  0.000000000e+00  0.000000000e+00  0.000000000e+00  0.000000000e+00
  0.000000000e+00  0.000000000e+00  0.000000000e+00  0.000000000e+00
  0.000000000e+00  0.000000000e+00  0.000000000e+00  0.000000000e+00
  0.000000000e+00  0.000000000e+00  0.000000000e+00  0.000000000e+00
  0.000000000e+00  0.000000000e+00  0.000000000e+00  0.000000000e+00
  0.000000000e+00  0.000000000e+00  0.000000000e+00  0.000000000e+00
  0.000000000e+00  0.000000000e+00  0.000000000e+00  0.000000000e+00
  0.000000000e+00  0.000000000e+00  0.000000000e+00  0.000000000e+00
  0.000000000e+00  0.000000000e+00  0.000000000e+00  0.000000000e+00
  0.000000000e+00  0.000000000e+00  0.000000000e+00  0.000000000e+00
  0.000000000e+00  0.000000000e+00  0.000000000e+00  0.000000000e+00
  0.000000000e+00  0.000000000e+00  0.000000000e+00  0.000000000e+00
  0.000000000e+00  0.000000000e+00  0.000000000e+00  0.000000000e+00
  0.000000000e+00  0.000000000e+00  0.000000000e+00  0.000000000e+00
  0.000000000e+00  0.000000000e+00  0.000000000e+00  0.000000000e+00
  0.000000000e+00  0.000000000e+00  0.000000000e+00  0.000000000e+00
  0.000000000e+00  0.000000000e+00  0.000000000e+00  0.000000000e+00
  0.000000000e+00  0.000000000e+00  0.000000000e+00  0.000000000e+00
  0.000000000e+00  0.000000000e+00  0.000000000e+00  0.000000000e+00
  0.000000000e+00  0.000000000e+00  0.000000000e+00  0.000000000e+00
  0.000000000e+00  0.000000000e+00  0.000000000e+00  0.000000000e+00
  0.000000000e+00  0.000000000e+00  0.000000000e+00  0.000000000e+00
  0.000000000e+00  0.000000000e+00  0.000000000e+00  0.000000000e+00
  0.000000000e+00  0.000000000e+00  0.000000000e+00  0.000000000e+00
  0.000000000e+00  0.000000000e+00  0.000000000e+00  0.000000000e+00
  0.000000000e+00
@R QTFUSE 101 []
  2.513028627e+00  2.511804695e+00  2.508005481e+00  2.503004542e+00
  2.498310027e+00  2.493854935e+00  2.489024472e+00  2.482250771e+00
  2.471299329e+00  2.453595539e+00  2.426797023e+00  2.390292990e+00
  2.345562429e+00  2.294901540e+00  2.241036230e+00  2.186560309e+00
  2.132268986e+00  2.077483694e+00  2.021931268e+00  1.965895004e+00
  1.909519998e+00  1.852737773e+00  1.795445822e+00  1.737728255e+00
  1.679812091e+00  1.622055862e+00  1.564996743e+00  1.509071247e+00
  1.454422528e+00  1.401042045e+00  1.348832624e+00  1.297589038e+00
  1.247124531e+00  1.197357878e+00  1.148243209e+00  1.099752534e+00
  1.051951518e+00  1.004971669e+00  9.589246597e-01  9.138973822e-01
  8.699855924e-01  8.273026620e-01  7.859432520e-01  7.459712697e-01
  7.074395999e-01  6.703909326e-01  6.348709418e-01  6.009003973e-01
  5.684570963e-01  5.375041681e-01  5.079939305e-01  4.798687832e-01
  4.530682491e-01  4.275320073e-01  4.032018107e-01  3.800144250e-01
  3.578998836e-01  3.367984813e-01  3.166605067e-01  2.974430424e-01
  2.790995991e-01  2.615813518e-01  2.448619939e-01  2.289405011e-01
  2.138201966e-01  1.995122921e-01  1.860425240e-01  1.734159330e-01
  1.615971898e-01  1.505362791e-01  1.401783153e-01  1.304575028e-01
  1.213113206e-01  1.126940484e-01  1.045698292e-01  9.690769470e-02
  8.968469977e-02  8.288238293e-02  7.648109333e-02  7.046053848e-02
  6.480120884e-02  5.948385137e-02  5.448981773e-02  4.980178520e-02
  4.540376190e-02  4.127977477e-02  3.741399733e-02  3.379440491e-02
  3.041291751e-02  2.726078196e-02  2.433024057e-02  2.161337163e-02
  1.908309698e-02  1.668035015e-02  1.432161136e-02  1.102922118e-02
  6.283500622e-03  2.200263618e-03  3.964283270e-04  2.135895907e-05
  1.410731567e-07
@R QTFUSI 101 []
  1.364442511e+00  1.360977469e+00  1.351074806e+00  1.336663546e+00
  1.319842247e+00  1.301845538e+00  1.283374944e+00  1.264249405e+00
  1.243742184e+00  1.220970023e+00  1.195133012e+00  1.166033029e+00
  1.134215506e+00  1.100533660e+00  1.066009985e+00  1.031580068e+00
  9.974229603e-01  9.631412250e-01  9.285512949e-01  8.937207565e-01
  8.586853909e-01  8.234695259e-01  7.881586891e-01  7.529267811e-01
  7.179896087e-01  6.836326283e-01  6.502404195e-01  6.180979524e-01
  5.872689532e-01  5.577168091e-01  5.293547462e-01  5.020209418e-01
  4.755611175e-01  4.498977676e-01  4.249878034e-01  4.008008006e-01
  3.773517348e-01  3.546891706e-01  3.328547916e-01  3.118772139e-01
  2.917849606e-01  2.726103820e-01  2.543762866e-01  2.370904951e-01
  2.207531271e-01  2.053576535e-01  1.908937251e-01  1.773383972e-01
  1.646534744e-01  1.527969205e-01  1.417246506e-01  1.313904695e-01
  1.217477825e-01  1.127513011e-01  1.043583020e-01  9.652684518e-02
  8.921517052e-02  8.238616289e-02  7.600725244e-02  7.004928347e-02
  6.448356862e-02  5.928234366e-02  5.442537260e-02  4.990010114e-02
  4.569545396e-02  4.180254201e-02  3.821624570e-02  3.492613782e-02
  3.191198731e-02  2.915088559e-02  2.662001858e-02  2.429523391e-02
  2.215433364e-02  2.018007253e-02  1.835834082e-02  1.667681352e-02
  1.512543285e-02  1.369556347e-02  1.237879529e-02  1.116702186e-02
  1.005268007e-02  9.028639118e-03  8.088296874e-03  7.225670880e-03
  6.435295524e-03  5.711971873e-03  5.050809057e-03  4.447749570e-03
  3.899474864e-03  3.402659416e-03  2.954280839e-03  2.551498352e-03
  2.189041671e-03  1.857946618e-03  1.547329427e-03  1.142558296e-03
  6.020821972e-04  1.825933412e-04  2.609661776e-05  8.960570506e-07
  2.667506434e-09
@R QRFE 101 []
  1.137681445e+00  9.413750960e-01  6.602203154e-01  6.605503830e-01
  7.802462086e-01  7.119885062e-01  5.632918822e-01  6.139799900e-01
  7.798040200e-01  8.159701054e-01  7.885684269e-01  8.357188695e-01
  8.345814967e-01  6.952549875e-01  5.648938331e-01  5.422226791e-01
  5.201910714e-01  4.393718609e-01  3.962734980e-01  4.199820765e-01
  4.108659840e-01  3.396038375e-01  2.950474319e-01  3.134944549e-01
  3.295379600e-01  3.069900139e-01  2.872097857e-01  2.943016716e-01
  2.935464103e-01  2.682390990e-01  2.583644582e-01  2.728318671e-01
  2.702597647e-01  2.429009407e-01  2.233154917e-01  2.348121210e-01
  2.538155619e-01  2.474564152e-01  2.280180466e-01  2.219683088e-01
  2.226227300e-01  2.056056153e-01  1.726440969e-01  1.480499831e-01
  1.385443927e-01  1.283363014e-01  1.111547495e-01  9.892477699e-02
  9.749502972e-02  9.585535608e-02  8.523412340e-02  7.239029581e-02
  6.648158885e-02  6.492059044e-02  6.043370910e-02  5.317905988e-02
  4.795845821e-02  4.555761022e-02  4.298750088e-02  3.889486795e-02
  3.503418344e-02  3.322978467e-02  3.281478553e-02  3.146269827e-02
  2.793475655e-02  2.352113040e-02  2.061758622e-02  2.011298126e-02
  2.090690326e-02  2.129342516e-02  1.940842017e-02  1.602810603e-02
  1.389424312e-02  1.320129809e-02  1.252294380e-02  1.112298574e-02
  9.378071938e-03  8.186243199e-03  7.962649059e-03  8.167439331e-03
  7.914870016e-03  6.889448062e-03  5.617394404e-03  4.786438454e-03
  4.585595284e-03  4.685424841e-03  4.638027401e-03  4.255286322e-03
  3.663446292e-03  3.141022598e-03  2.810560179e-03  2.533208176e-03
  2.134779554e-03  1.568421995e-03  9.660513977e-04  4.925471279e-04
  1.894233632e-04  4.117646613e-05  3.344630564e-06  5.689594697e-07
  1.183962871e-06
@R QRFI 101 []
  3.088115978e+00  2.695263970e+00  2.973054498e+00  4.583267657e+00
  5.588804079e+00  5.313858594e+00  5.351773926e+00  6.385976295e+00
  6.744605373e+00  5.642737595e+00  4.635593447e+00  4.373629616e+00
  4.076406200e+00  3.549951644e+00  2.947003330e+00  2.394018671e+00
  1.917275197e+00  1.409268205e+00  9.160939608e-01  5.989397209e-01
  5.229077075e-01  6.027200569e-01  6.774397390e-01  6.400250203e-01
  5.251272547e-01  4.506119704e-01  4.433127554e-01  4.458826977e-01
  4.230177825e-01  3.570789864e-01  2.962763400e-01  3.062468482e-01
  3.441415801e-01  3.308091578e-01  2.983759155e-01  2.970601238e-01
  2.864959033e-01  2.490090142e-01  2.329805975e-01  2.323040454e-01
  1.925561674e-01  1.360880751e-01  1.186478118e-01  1.254950662e-01
  1.161310582e-01  8.786574770e-02  6.360621930e-02  5.315034475e-02
  5.280450684e-02  5.917707937e-02  6.771758842e-02  6.732304543e-02
  5.143220417e-02  3.345679626e-02  3.276896496e-02  4.368323102e-02
  4.246995017e-02  2.539238022e-02  1.196175043e-02  1.151144890e-02
  1.351933397e-02  1.057258402e-02  7.930865841e-03  9.300307965e-03
  1.074745817e-02  9.691326667e-03  8.445531840e-03  8.639470433e-03
  8.870360122e-03  7.904557171e-03  6.373396973e-03  5.195345862e-03
  4.564748424e-03  4.467348341e-03  4.973295098e-03  5.806239177e-03
  6.128966677e-03  5.456923814e-03  4.501036616e-03  4.000848580e-03
  3.642636488e-03  2.986095362e-03  2.346991259e-03  2.426942232e-03
  3.253790783e-03  3.984038624e-03  4.071110479e-03  3.956302828e-03
  4.182626370e-03  4.319575654e-03  3.596105035e-03  2.330960981e-03
  1.667663224e-03  1.827164931e-03  1.823138786e-03  1.142700923e-03
  4.228175744e-04  2.174019622e-04  3.083679448e-04  3.824939365e-04
  4.033879314e-04
@R QRAD 101 []
 -0.000000000e+00 -0.000000000e+00 -0.000000000e+00 -0.000000000e+00
 -0.000000000e+00 -0.000000000e+00 -0.000000000e+00 -0.000000000e+00
 -0.000000000e+00 -0.000000000e+00 -0.000000000e+00 -0.000000000e+00
 -0.000000000e+00 -0.000000000e+00 -0.000000000e+00 -0.000000000e+00
 -0.000000000e+00 -0.000000000e+00 -0.000000000e+00 -0.000000000e+00
 -0.000000000e+00 -0.000000000e+00 -0.000000000e+00 -0.000000000e+00
 -0.000000000e+00 -0.000000000e+00 -0.000000000e+00 -0.000000000e+00
 -0.000000000e+00 -0.000000000e+00 -0.000000000e+00 -0.000000000e+00
 -0.000000000e+00 -0.000000000e+00 -0.000000000e+00 -0.000000000e+00
 -0.000000000e+00 -0.000000000e+00 -0.000000000e+00 -0.000000000e+00
 -0.000000000e+00 -0.000000000e+00 -0.000000000e+00 -0.000000000e+00
 -0.000000000e+00 -0.000000000e+00 -0.000000000e+00 -0.000000000e+00
 -0.000000000e+00 -0.000000000e+00 -0.000000000e+00 -0.000000000e+00
 -0.000000000e+00 -0.000000000e+00 -0.000000000e+00 -0.000000000e+00
 -0.000000000e+00 -0.000000000e+00 -0.000000000e+00 -0.000000000e+00
 -0.000000000e+00 -0.000000000e+00 -0.000000000e+00 -0.000000000e+00
 -0.000000000e+00 -0.000000000e+00 -0.000000000e+00 -0.000000000e+00
 -0.000000000e+00 -0.000000000e+00 -0.000000000e+00 -0.000000000e+00
 -0.000000000e+00 -0.000000000e+00 -0.000000000e+00 -0.000000000e+00
 -0.000000000e+00 -0.000000000e+00 -0.000000000e+00 -0.000000000e+00
 -0.000000000e+00 -0.000000000e+00 -0.000000000e+00 -0.000000000e+00
 -0.000000000e+00 -0.000000000e+00 -0.000000000e+00 -0.000000000e+00
 -0.000000000e+00 -0.000000000e+00 -0.000000000e+00 -0.000000000e+00
 -0.000000000e+00 -0.000000000e+00 -0.000000000e+00 -0.000000000e+00
 -0.000000000e+00 -0.000000000e+00 -0.000000000e+00 -0.000000000e+00
 -0.000000000e+00
@R QOHM 101 []
  0.000000000e+00  0.000000000e+00  0.000000000e+00  0.000000000e+00
  0.000000000e+00  0.000000000e+00  0.000000000e+00  0.000000000e+00
  0.000000000e+00  0.000000000e+00  0.000000000e+00  0.000000000e+00
  0.000000000e+00  0.000000000e+00  0.000000000e+00  0.000000000e+00
  0.000000000e+00  0.000000000e+00  0.000000000e+00  0.000000000e+00
  0.000000000e+00  0.000000000e+00  0.000000000e+00  0.000000000e+00
  0.000000000e+00  0.000000000e+00  0.000000000e+00  0.000000000e+00
  0.000000000e+00  0.000000000e+00  0.000000000e+00  0.000000000e+00
  0.000000000e+00  0.000000000e+00  0.000000000e+00  0.000000000e+00
  0.000000000e+00  0.000000000e+00  0.000000000e+00  0.000000000e+00
  0.000000000e+00  0.000000000e+00  0.000000000e+00  0.000000000e+00
  0.000000000e+00  0.000000000e+00  0.000000000e+00  0.000000000e+00
  0.000000000e+00  0.000000000e+00  0.000000000e+00  0.000000000e+00
  0.000000000e+00  0.000000000e+00  0.000000000e+00  0.000000000e+00
  0.000000000e+00  0.000000000e+00  0.000000000e+00  0.000000000e+00
  0.000000000e+00  0.000000000e+00  0.000000000e+00  0.000000000e+00
  0.000000000e+00  0.000000000e+00  0.000000000e+00  0.000000000e+00
  0.000000000e+00  0.000000000e+00  0.000000000e+00  0.000000000e+00
  0.000000000e+00  0.000000000e+00  0.000000000e+00  0.000000000e+00
  0.000000000e+00  0.000000000e+00  0.000000000e+00  0.000000000e+00
  0.000000000e+00  0.000000000e+00  0.000000000e+00  0.000000000e+00
  0.000000000e+00  0.000000000e+00  0.000000000e+00  0.000000000e+00
  0.000000000e+00  0.000000000e+00  0.000000000e+00  0.000000000e+00
  0.000000000e+00  0.000000000e+00  0.000000000e+00  0.000000000e+00
  0.000000000e+00  0.000000000e+00  0.000000000e+00  0.000000000e+00
  0.000000000e+00
@R QIONE 101 []
  0.000000000e+00  0.000000000e+00  0.000000000e+00  0.000000000e+00
  0.000000000e+00  0.000000000e+00  0.000000000e+00  0.000000000e+00
  0.000000000e+00  0.000000000e+00  0.000000000e+00  0.000000000e+00
  0.000000000e+00  0.000000000e+00  0.000000000e+00  0.000000000e+00
  0.000000000e+00  0.000000000e+00  0.000000000e+00  0.000000000e+00
  0.000000000e+00  0.000000000e+00  0.000000000e+00  0.000000000e+00
  0.000000000e+00  0.000000000e+00  0.000000000e+00  0.000000000e+00
  0.000000000e+00  0.000000000e+00  0.000000000e+00  0.000000000e+00
  0.000000000e+00  0.000000000e+00  0.000000000e+00  0.000000000e+00
  0.000000000e+00  0.000000000e+00  0.000000000e+00  0.000000000e+00
  0.000000000e+00  0.000000000e+00  0.000000000e+00  0.000000000e+00
  0.000000000e+00  0.000000000e+00  0.000000000e+00  0.000000000e+00
  0.000000000e+00  0.000000000e+00  0.000000000e+00  0.000000000e+00
  0.000000000e+00  0.000000000e+00  0.000000000e+00  0.000000000e+00
  0.000000000e+00  0.000000000e+00  0.000000000e+00  0.000000000e+00
  0.000000000e+00  0.000000000e+00  0.000000000e+00  0.000000000e+00
  0.000000000e+00  0.000000000e+00  0.000000000e+00  0.000000000e+00
  0.000000000e+00  0.000000000e+00  0.000000000e+00  0.000000000e+00
  0.000000000e+00  0.000000000e+00  0.000000000e+00  0.000000000e+00
  0.000000000e+00  0.000000000e+00  0.000000000e+00  0.000000000e+00
  0.000000000e+00  0.000000000e+00  0.000000000e+00  0.000000000e+00
  0.000000000e+00  0.000000000e+00  0.000000000e+00  0.000000000e+00
  0.000000000e+00  0.000000000e+00  0.000000000e+00  0.000000000e+00
  0.000000000e+00  0.000000000e+00  0.000000000e+00  0.000000000e+00
  0.000000000e+00  0.000000000e+00  0.000000000e+00  0.000000000e+00
  0.000000000e+00
@R QIONI 101 []
  0.000000000e+00  0.000000000e+00  0.000000000e+00  0.000000000e+00
  0.000000000e+00  0.000000000e+00  0.000000000e+00  0.000000000e+00
  0.000000000e+00  0.000000000e+00  0.000000000e+00  0.000000000e+00
  0.000000000e+00  0.000000000e+00  0.000000000e+00  0.000000000e+00
  0.000000000e+00  0.000000000e+00  0.000000000e+00  0.000000000e+00
  0.000000000e+00  0.000000000e+00  0.000000000e+00  0.000000000e+00
  0.000000000e+00  0.000000000e+00  0.000000000e+00  0.000000000e+00
  0.000000000e+00  0.000000000e+00  0.000000000e+00  0.000000000e+00
  0.000000000e+00  0.000000000e+00  0.000000000e+00  0.000000000e+00
  0.000000000e+00  0.000000000e+00  0.000000000e+00  0.000000000e+00
  0.000000000e+00  0.000000000e+00  0.000000000e+00  0.000000000e+00
  0.000000000e+00  0.000000000e+00  0.000000000e+00  0.000000000e+00
  0.000000000e+00  0.000000000e+00  0.000000000e+00  0.000000000e+00
  0.000000000e+00  0.000000000e+00  0.000000000e+00  0.000000000e+00
  0.000000000e+00  0.000000000e+00  0.000000000e+00  0.000000000e+00
  0.000000000e+00  0.000000000e+00  0.000000000e+00  0.000000000e+00
  0.000000000e+00  0.000000000e+00  0.000000000e+00  0.000000000e+00
  0.000000000e+00  0.000000000e+00  0.000000000e+00  0.000000000e+00
  0.000000000e+00  0.000000000e+00  0.000000000e+00  0.000000000e+00
  0.000000000e+00  0.000000000e+00  0.000000000e+00  0.000000000e+00
  0.000000000e+00  0.000000000e+00  0.000000000e+00  0.000000000e+00
  0.000000000e+00  0.000000000e+00  0.000000000e+00  0.000000000e+00
  0.000000000e+00  0.000000000e+00  0.000000000e+00  0.000000000e+00
  0.000000000e+00  0.000000000e+00  0.000000000e+00  0.000000000e+00
  0.000000000e+00  0.000000000e+00  0.000000000e+00  0.000000000e+00
  0.000000000e+00
@R QCX 101 []
  0.000000000e+00  0.000000000e+00  0.000000000e+00  0.000000000e+00
  0.000000000e+00  0.000000000e+00  0.000000000e+00  0.000000000e+00
  0.000000000e+00  0.000000000e+00  0.000000000e+00  0.000000000e+00
  0.000000000e+00  0.000000000e+00  0.000000000e+00  0.000000000e+00
  0.000000000e+00  0.000000000e+00  0.000000000e+00  0.000000000e+00
  0.000000000e+00  0.000000000e+00  0.000000000e+00  0.000000000e+00
  0.000000000e+00  0.000000000e+00  0.000000000e+00  0.000000000e+00
  0.000000000e+00  0.000000000e+00  0.000000000e+00  0.000000000e+00
  0.000000000e+00  0.000000000e+00  0.000000000e+00  0.000000000e+00
  0.000000000e+00  0.000000000e+00  0.000000000e+00  0.000000000e+00
  0.000000000e+00  0.000000000e+00  0.000000000e+00  0.000000000e+00
  0.000000000e+00  0.000000000e+00  0.000000000e+00  0.000000000e+00
  0.000000000e+00  0.000000000e+00  0.000000000e+00  0.000000000e+00
  0.000000000e+00  0.000000000e+00  0.000000000e+00  0.000000000e+00
  0.000000000e+00  0.000000000e+00  0.000000000e+00  0.000000000e+00
  0.000000000e+00  0.000000000e+00  0.000000000e+00  0.000000000e+00
  0.000000000e+00  0.000000000e+00  0.000000000e+00  0.000000000e+00
  0.000000000e+00  0.000000000e+00  0.000000000e+00  0.000000000e+00
  0.000000000e+00  0.000000000e+00  0.000000000e+00  0.000000000e+00
  0.000000000e+00  0.000000000e+00  0.000000000e+00  0.000000000e+00
  0.000000000e+00  0.000000000e+00  0.000000000e+00  0.000000000e+00
  0.000000000e+00  0.000000000e+00  0.000000000e+00  0.000000000e+00
  0.000000000e+00  0.000000000e+00  0.000000000e+00  0.000000000e+00
  0.000000000e+00  0.000000000e+00  0.000000000e+00  0.000000000e+00
  0.000000000e+00  0.000000000e+00  0.000000000e+00  0.000000000e+00
  0.000000000e+00
@R STORQUEB 101 []
  0.000000000e+00  0.000000000e+00  0.000000000e+00  0.000000000e+00
  0.000000000e+00  0.000000000e+00  0.000000000e+00  0.000000000e+00
  0.000000000e+00  0.000000000e+00  0.000000000e+00  0.000000000e+00
  0.000000000e+00  0.000000000e+00  0.000000000e+00  0.000000000e+00
  0.000000000e+00  0.000000000e+00  0.000000000e+00  0.000000000e+00
  0.000000000e+00  0.000000000e+00  0.000000000e+00  0.000000000e+00
  0.000000000e+00  0.000000000e+00  0.000000000e+00  0.000000000e+00
  0.000000000e+00  0.000000000e+00  0.000000000e+00  0.000000000e+00
  0.000000000e+00  0.000000000e+00  0.000000000e+00  0.000000000e+00
  0.000000000e+00  0.000000000e+00  0.000000000e+00  0.000000000e+00
  0.000000000e+00  0.000000000e+00  0.000000000e+00  0.000000000e+00
  0.000000000e+00  0.000000000e+00  0.000000000e+00  0.000000000e+00
  0.000000000e+00  0.000000000e+00  0.000000000e+00  0.000000000e+00
  0.000000000e+00  0.000000000e+00  0.000000000e+00  0.000000000e+00
  0.000000000e+00  0.000000000e+00  0.000000000e+00  0.000000000e+00
  0.000000000e+00  0.000000000e+00  0.000000000e+00  0.000000000e+00
  0.000000000e+00  0.000000000e+00  0.000000000e+00  0.000000000e+00
  0.000000000e+00  0.000000000e+00  0.000000000e+00  0.000000000e+00
  0.000000000e+00  0.000000000e+00  0.000000000e+00  0.000000000e+00
  0.000000000e+00  0.000000000e+00  0.000000000e+00  0.000000000e+00
  0.000000000e+00  0.000000000e+00  0.000000000e+00  0.000000000e+00
  0.000000000e+00  0.000000000e+00  0.000000000e+00  0.000000000e+00
  0.000000000e+00  0.000000000e+00  0.000000000e+00  0.000000000e+00
  0.000000000e+00  0.000000000e+00  0.000000000e+00  0.000000000e+00
  0.000000000e+00  0.000000000e+00  0.000000000e+00  0.000000000e+00
  0.000000000e+00
@R STORQUE 101 []
  0.000000000e+00  0.000000000e+00  0.000000000e+00  0.000000000e+00
  0.000000000e+00  0.000000000e+00  0.000000000e+00  0.000000000e+00
  0.000000000e+00  0.000000000e+00  0.000000000e+00  0.000000000e+00
  0.000000000e+00  0.000000000e+00  0.000000000e+00  0.000000000e+00
  0.000000000e+00  0.000000000e+00  0.000000000e+00  0.000000000e+00
  0.000000000e+00  0.000000000e+00  0.000000000e+00  0.000000000e+00
  0.000000000e+00  0.000000000e+00  0.000000000e+00  0.000000000e+00
  0.000000000e+00  0.000000000e+00  0.000000000e+00  0.000000000e+00
  0.000000000e+00  0.000000000e+00  0.000000000e+00  0.000000000e+00
  0.000000000e+00  0.000000000e+00  0.000000000e+00  0.000000000e+00
  0.000000000e+00  0.000000000e+00  0.000000000e+00  0.000000000e+00
  0.000000000e+00  0.000000000e+00  0.000000000e+00  0.000000000e+00
  0.000000000e+00  0.000000000e+00  0.000000000e+00  0.000000000e+00
  0.000000000e+00  0.000000000e+00  0.000000000e+00  0.000000000e+00
  0.000000000e+00  0.000000000e+00  0.000000000e+00  0.000000000e+00
  0.000000000e+00  0.000000000e+00  0.000000000e+00  0.000000000e+00
  0.000000000e+00  0.000000000e+00  0.000000000e+00  0.000000000e+00
  0.000000000e+00  0.000000000e+00  0.000000000e+00  0.000000000e+00
  0.000000000e+00  0.000000000e+00  0.000000000e+00  0.000000000e+00
  0.000000000e+00  0.000000000e+00  0.000000000e+00  0.000000000e+00
  0.000000000e+00  0.000000000e+00  0.000000000e+00  0.000000000e+00
  0.000000000e+00  0.000000000e+00  0.000000000e+00  0.000000000e+00
  0.000000000e+00  0.000000000e+00  0.000000000e+00  0.000000000e+00
  0.000000000e+00  0.000000000e+00  0.000000000e+00  0.000000000e+00
  0.000000000e+00  0.000000000e+00  0.000000000e+00  0.000000000e+00
  0.000000000e+00
@R SION 101 []
  4.399694211e-04  5.188204592e-04  7.029915690e-04  9.483294904e-04
  1.273633571e-03  1.702969423e-03  2.266962953e-03  3.004394327e-03
  3.964112050e-03  5.207286594e-03  6.810094748e-03  8.866885393e-03
  1.149383344e-02  1.483316751e-02  1.905805983e-02  2.437800245e-02
  3.104523838e-02  3.936101065e-02  4.968345717e-02  6.243592752e-02
  7.811414931e-02  9.729697413e-02  1.206550598e-01  1.489587484e-01
  1.830877967e-01  2.240401095e-01  2.729398312e-01  3.310417645e-01
  3.997355371e-01  4.805481186e-01  5.751415633e-01  6.853078345e-01
  8.129598697e-01  9.601182395e-01  1.128891513e+00  1.321450314e+00
  1.540006417e+00  1.786767868e+00  2.063890436e+00  2.373429499e+00
  2.717300393e+00  3.097227545e+00  3.514640473e+00  3.970630602e+00
  4.465930479e+00  5.000756140e+00  5.574829117e+00  6.187289935e+00
  6.836614369e+00  7.520631457e+00  8.236449318e+00  8.980448153e+00
  9.748308109e+00  1.053495025e+01  1.133466986e+01  1.214111797e+01
  1.294734649e+01  1.374602423e+01  1.452934450e+01  1.528931559e+01
  1.601786506e+01  1.670684452e+01  1.734832106e+01  1.793472609e+01
  1.845891337e+01  1.891431440e+01  1.929516045e+01  1.959657017e+01
  1.981459930e+01  1.994637110e+01  1.999013287e+01  1.994533087e+01
  1.981258122e+01  1.959362804e+01  1.929135624e+01  1.890970267e+01
  1.845358934e+01  1.792881240e+01  1.734190030e+01  1.669999490e+01
  1.601070931e+01  1.528197024e+01  1.452188060e+01  1.373856358e+01
  1.294001203e+01  1.213397142e+01  1.132781811e+01  1.052846236e+01
  9.742258253e+00  8.974923993e+00  8.231475930e+00  7.516178936e+00
  6.832565916e+00  6.183472481e+00  5.571099656e+00  4.997105591e+00
  4.462492867e+00  3.967553445e+00  3.512019060e+00  3.095100758e+00
  2.896163048e+00
@R CHIE 101 []
  0.000000000e+00  0.000000000e+00  0.000000000e+00  0.000000000e+00
  0.000000000e+00  0.000000000e+00  0.000000000e+00  0.000000000e+00
  0.000000000e+00  0.000000000e+00  0.000000000e+00  0.000000000e+00
  0.000000000e+00  0.000000000e+00  0.000000000e+00  0.000000000e+00
  0.000000000e+00  0.000000000e+00  0.000000000e+00  0.000000000e+00
  0.000000000e+00  0.000000000e+00  0.000000000e+00  0.000000000e+00
  0.000000000e+00  0.000000000e+00  0.000000000e+00  0.000000000e+00
  0.000000000e+00  0.000000000e+00  0.000000000e+00  0.000000000e+00
  0.000000000e+00  0.000000000e+00  0.000000000e+00  0.000000000e+00
  0.000000000e+00  0.000000000e+00  0.000000000e+00  0.000000000e+00
  0.000000000e+00  0.000000000e+00  0.000000000e+00  0.000000000e+00
  0.000000000e+00  0.000000000e+00  0.000000000e+00  0.000000000e+00
  0.000000000e+00  0.000000000e+00  0.000000000e+00  0.000000000e+00
  0.000000000e+00  0.000000000e+00  0.000000000e+00  0.000000000e+00
  0.000000000e+00  0.000000000e+00  0.000000000e+00  0.000000000e+00
  0.000000000e+00  0.000000000e+00  0.000000000e+00  0.000000000e+00
  0.000000000e+00  0.000000000e+00  0.000000000e+00  0.000000000e+00
  0.000000000e+00  0.000000000e+00  0.000000000e+00  0.000000000e+00
  0.000000000e+00  0.000000000e+00  0.000000000e+00  0.000000000e+00
  0.000000000e+00  0.000000000e+00  0.000000000e+00  0.000000000e+00
  0.000000000e+00  0.000000000e+00  0.000000000e+00  0.000000000e+00
  0.000000000e+00  0.000000000e+00  0.000000000e+00  0.000000000e+00
  0.000000000e+00  0.000000000e+00  0.000000000e+00  0.000000000e+00
  0.000000000e+00  0.000000000e+00  0.000000000e+00  0.000000000e+00
  0.000000000e+00  0.000000000e+00  0.000000000e+00  0.000000000e+00
  0.000000000e+00
@R CHII 101 []
  0.000000000e+00  0.000000000e+00  0.000000000e+00  0.000000000e+00
  0.000000000e+00  0.000000000e+00  0.000000000e+00  0.000000000e+00
  0.000000000e+00  0.000000000e+00  0.000000000e+00  0.000000000e+00
  0.000000000e+00  0.000000000e+00  0.000000000e+00  0.000000000e+00
  0.000000000e+00  0.000000000e+00  0.000000000e+00  0.000000000e+00
  0.000000000e+00  0.000000000e+00  0.000000000e+00  0.000000000e+00
  0.000000000e+00  0.000000000e+00  0.000000000e+00  0.000000000e+00
  0.000000000e+00  0.000000000e+00  0.000000000e+00  0.000000000e+00
  0.000000000e+00  0.000000000e+00  0.000000000e+00  0.000000000e+00
  0.000000000e+00  0.000000000e+00  0.000000000e+00  0.000000000e+00
  0.000000000e+00  0.000000000e+00  0.000000000e+00  0.000000000e+00
  0.000000000e+00  0.000000000e+00  0.000000000e+00  0.000000000e+00
  0.000000000e+00  0.000000000e+00  0.000000000e+00  0.000000000e+00
  0.000000000e+00  0.000000000e+00  0.000000000e+00  0.000000000e+00
  0.000000000e+00  0.000000000e+00  0.000000000e+00  0.000000000e+00
  0.000000000e+00  0.000000000e+00  0.000000000e+00  0.000000000e+00
  0.000000000e+00  0.000000000e+00  0.000000000e+00  0.000000000e+00
  0.000000000e+00  0.000000000e+00  0.000000000e+00  0.000000000e+00
  0.000000000e+00  0.000000000e+00  0.000000000e+00  0.000000000e+00
  0.000000000e+00  0.000000000e+00  0.000000000e+00  0.000000000e+00
  0.000000000e+00  0.000000000e+00  0.000000000e+00  0.000000000e+00
  0.000000000e+00  0.000000000e+00  0.000000000e+00  0.000000000e+00
  0.000000000e+00  0.000000000e+00  0.000000000e+00  0.000000000e+00
  0.000000000e+00  0.000000000e+00  0.000000000e+00  0.000000000e+00
  0.000000000e+00  0.000000000e+00  0.000000000e+00  0.000000000e+00
  0.000000000e+00
