&IN1
  ICONVR = 3 
  MXITER = -1 
  NXITER = 51 
  ERROR = 0.0001 
  RELAX = 0.5 
  IOUT = 4 
  ICURRT = 2 
  KPPFNC = 6 
  KPPCUR = 3 
  KFFFNC = 6 
  KFFCUR = 3 
  ISHOT = 1 
  ITIME = 7 
  ITIMEU = 0 
  ITEK = 0 
  ITRACE = 1 
  PLASMA = 10000000.0 
  BTOR = 11.0 
  RCENTR = 4.55 
  RZERO = 4.55 
  LIMITR = 5 
  XLIM = 6.0 3.5 3.5 6.0 6.0 
  YLIM = 1.93 1.93 -1.93 -1.93 1.93 
  NBDRY = 15 
  RBDRY = 5.75 5.717889612279765 5.599231274196216 5.333894952548324  
    4.862048988436734 4.215741544340384 3.606248672667517  
    3.3499999999999996 3.606248672667517 4.215741544340384  
    4.862048988436735 5.333894952548324 5.599231274196216  
    5.717889612279765 5.75 
  ZBDRY = 0.0 0.7289246817174976 1.3134768905462901 1.6378788924654637  
    1.6378788924654637 1.3134768905462901 0.7289246817174978  
    2.0574066225675533e-16 -0.7289246817174975 -1.31347689054629  
    -1.6378788924654637 -1.6378788924654637 -1.3134768905462901  
    -0.728924681717498 0.0 
  IERCHK = 0 
  NEXTRA = 0 
  SCRAPE = 0.01 
  PSIBRY = 0.0 
  CFCOIL = -10.0 
  ENP = 1.0 
  EMP = 1.0 
  FCURBD = 0 
  PCURBD = 0 
  FCZERO = 1.0 1.0 1.0 1.0 1.0 1.0 1.0 1.0 1.0 1.0 1.0 1.0 1.0 1.0 1.0  
    1.0 
  FCSUM = 1.0 1.0 1.0 1.0 1.0 1.0 1.0 1.0 1.0 1.0 1.0 1.0 1.0 1.0 1.0  
    1.0 
  IFREF = 2 
  PRBDRY = 7115.600730545591 
  KBETAPR = 1 
  FWTBDRY = 1.0 1.0 1.0 1.0 1.0 1.0 1.0 1.0 1.0 1.0 1.0 1.0 1.0 1.0 1.0 
  FWTBDRY(2) = 10.0 
  FWTBDRY(3) = 10.0 
  FWTBDRY(4) = 10.0 
  FWTBDRY(5) = 10.0 
  FWTBDRY(9) = 10.0 
  FWTBDRY(10) = 10.0 
  FWTBDRY(11) = 10.0 
  FWTBDRY(12) = 10.0 
/

&PROFILE_EXT
  NPSI_EXT = 257 
  PSIN_EXT = 0.0 0.00390625 0.0078125 0.01171875 0.015625 0.01953125  
    0.0234375 0.02734375 0.03125 0.03515625 0.0390625 0.04296875  
    0.046875 0.05078125 0.0546875 0.05859375 0.0625 0.06640625  
    0.0703125 0.07421875 0.078125 0.08203125 0.0859375 0.08984375  
    0.09375 0.09765625 0.1015625 0.10546875 0.109375 0.11328125  
    0.1171875 0.12109375 0.125 0.12890625 0.1328125 0.13671875 0.140625  
    0.14453125 0.1484375 0.15234375 0.15625 0.16015625 0.1640625  
    0.16796875 0.171875 0.17578125 0.1796875 0.18359375 0.1875  
    0.19140625 0.1953125 0.19921875 0.203125 0.20703125 0.2109375  
    0.21484375 0.21875 0.22265625 0.2265625 0.23046875 0.234375  
    0.23828125 0.2421875 0.24609375 0.25 0.25390625 0.2578125  
    0.26171875 0.265625 0.26953125 0.2734375 0.27734375 0.28125  
    0.28515625 0.2890625 0.29296875 0.296875 0.30078125 0.3046875  
    0.30859375 0.3125 0.31640625 0.3203125 0.32421875 0.328125  
    0.33203125 0.3359375 0.33984375 0.34375 0.34765625 0.3515625  
    0.35546875 0.359375 0.36328125 0.3671875 0.37109375 0.375  
    0.37890625 0.3828125 0.38671875 0.390625 0.39453125 0.3984375  
    0.40234375 0.40625 0.41015625 0.4140625 0.41796875 0.421875  
    0.42578125 0.4296875 0.43359375 0.4375 0.44140625 0.4453125  
    0.44921875 0.453125 0.45703125 0.4609375 0.46484375 0.46875  
    0.47265625 0.4765625 0.48046875 0.484375 0.48828125 0.4921875  
    0.49609375 0.5 0.50390625 0.5078125 0.51171875 0.515625 0.51953125  
    0.5234375 0.52734375 0.53125 0.53515625 0.5390625 0.54296875  
    0.546875 0.55078125 0.5546875 0.55859375 0.5625 0.56640625  
    0.5703125 0.57421875 0.578125 0.58203125 0.5859375 0.58984375  
    0.59375 0.59765625 0.6015625 0.60546875 0.609375 0.61328125  
    0.6171875 0.62109375 0.625 0.62890625 0.6328125 0.63671875 0.640625  
    0.64453125 0.6484375 0.65234375 0.65625 0.66015625 0.6640625  
    0.66796875 0.671875 0.67578125 0.6796875 0.68359375 0.6875  
    0.69140625 0.6953125 0.69921875 0.703125 0.70703125 0.7109375  
    0.71484375 0.71875 0.72265625 0.7265625 0.73046875 0.734375  
    0.73828125 0.7421875 0.74609375 0.75 0.75390625 0.7578125  
    0.76171875 0.765625 0.76953125 0.7734375 0.77734375 0.78125  
    0.78515625 0.7890625 0.79296875 0.796875 0.80078125 0.8046875  
    0.80859375 0.8125 0.81640625 0.8203125 0.82421875 0.828125  
    0.83203125 0.8359375 0.83984375 0.84375 0.84765625 0.8515625  
    0.85546875 0.859375 0.86328125 0.8671875 0.87109375 0.875  
    0.87890625 0.8828125 0.88671875 0.890625 0.89453125 0.8984375  
    0.90234375 0.90625 0.91015625 0.9140625 0.91796875 0.921875  
    0.92578125 0.9296875 0.93359375 0.9375 0.94140625 0.9453125  
    0.94921875 0.953125 0.95703125 0.9609375 0.96484375 0.96875  
    0.97265625 0.9765625 0.98046875 0.984375 0.98828125 0.9921875  
    0.99609375 1.0 
  PPRIME_EXT = 1010311.3866461321 1001449.5393414157 992533.1744855244  
    983562.2920784587 974536.8921202181 965456.974610803  
    956322.5395502129 947133.5869384483 937890.116775509  
    928592.1290613948 919239.6237961061 909832.6009796427  
    900371.0606120045 890855.0026931916 881284.427223204  
    871659.3342020418 861979.7236297048 852245.5955061931  
    842456.9498315068 832613.7866056457 822716.10582861  
    812763.9075003995 802757.1916210144 792695.9581904544  
    782580.2072087198 772409.9386758106 763054.0374066378  
    755122.9832521502 747339.8973263772 739497.0091329769  
    731197.0807608168 721830.1107345868 711236.1790454322  
    699489.0921546778 686850.549786292 673925.7144996966  
    661044.216523821 648327.1364879303 635820.6917506121  
    623485.9872379439 611273.1785873823 599110.6344158994  
    587034.9488425935 575034.0320931324 563186.4894782568  
    551561.0418933975 540195.2043303552 529204.617259165  
    518518.85283183993 508185.1234217381 498156.1548222696  
    488434.0793690842 478992.0846084247 469855.63777486596  
    461042.2079438586 452551.36869118875 444410.49002172914  
    436623.1625238537 429178.48078857944 422045.1507831185  
    415236.9837354004 408689.03319074935 402435.032044534  
    396400.0045357718 390635.79711092566 385074.99995860545  
    379740.1427796324 374623.337270064 369668.77271808067  
    364949.5026709867 360361.2177256928 355964.4512968188  
    351741.229701114 347631.9628181504 343721.0449961382  
    339917.01028559625 336245.78530652006 332742.4694770753  
    329315.52713318425 326042.74680327857 322908.6719255496  
    319838.0117818421 316907.7154246328 314071.65877663373  
    311248.95786124736 308490.33078771573 305749.1907608089  
    302966.85144155193 300197.23396682844 297400.47741412383  
    294538.2386663265 291686.02083191846 288825.3808316284  
    285901.5952438294 282968.512854355 280034.3677775145  
    277024.6027851717 273948.86089872895 270841.71186316054  
    267654.2871816808 264380.97614453617 261078.6045861871  
    257735.03519933863 254336.67351325974 250939.27105731834  
    247564.37017610436 244178.68366329258 240783.7478274309  
    237421.91334567234 234088.00084838065 230741.5633368558  
    227394.59359830274 224083.5230130006 220798.5729943252  
    217514.12129216743 214248.7867160249 211042.6436620172  
    207890.29097400978 204766.72445011482 201695.13402484497  
    198708.4339982706 195790.41964882176 192916.78812835028  
    190103.96483293973 187372.22275420994 184704.95673323155  
    182080.4979233271 179511.6637315856 177019.2645832424  
    174593.80881794178 172218.56378695025 169900.83604407572  
    167658.8488319064 165489.76165974548 163371.7943454854  
    161298.62937279668 159282.27712735417 157322.4644505683  
    155402.1812040059 153510.0111410678 151646.52317520423  
    149823.6771501582 148043.41489065794 146290.56662058836  
    144555.6975722235 142848.9073327114 141181.94390297227  
    139543.10216659255 137913.8209759215 136294.67283969  
    134697.15327385342 133123.77425676998 131567.60689310485  
    130022.98116220368 128492.11422745787 126991.4650875558  
    125528.69377116172 124091.70881163195 122674.37291403864  
    121285.72813033244 119936.18291456887 118620.50136034546  
    117328.24916214193 116057.83187003588 114813.76692184442  
    113602.50679496175 112423.80045196699 111270.16877201184  
    110137.24005680918 109035.10409806279 107976.35413088406  
    106955.36418064307 105963.82759170566 105005.83274088481  
    104089.186300467 103218.05432584196 102388.825756753  
    101592.70032690949 100825.8554486832 100095.07645658031  
    99410.5826871928 98770.75163587689 98169.25889938153  
    97608.38141249487 97103.89197499913 96667.41298673872  
    96296.25706393362 95980.1688539233 95702.26711530024  
    95462.14631648251 95269.4335690093 95097.10281048139  
    94910.67565650144 94708.87015718657 94499.50759804682  
    94286.036514993 94064.5175344832 93832.77083329516  
    93578.57505312568 93281.60791597783 92935.52939738627  
    92535.49796524817 92043.29532954164 91427.14848169324  
    90692.90700376325 89835.48229484342 88830.26697841805  
    87673.8184478623 86342.2124520604 85043.949748972 84107.1813523469  
    83613.64220990369 83485.35645965228 82914.82172229199  
    81326.26741439142 78466.17909401804 75876.68385483185  
    76981.24045179272 82949.32150301419 93599.9114648267  
    110317.91026385615 134187.28479319578 165848.5459142584  
    202537.93069968303 237151.10393590355 266880.77528716036  
    292237.8886937144 313379.03027946537 330670.76661874796  
    343818.4988749888 353840.0640722077 363156.4213665053  
    372635.9733488927 381966.7877342622 389821.30449349433  
    395048.9576464141 397684.9085899296 397541.34496663837  
    394466.63737731904 388414.90582451544 379409.5361364946  
    367710.982187061 353506.5461379857 336751.1852998232  
    317915.2761221933 297551.6281826431 275509.4355280836  
    252883.05201857304 231516.1675780843 212149.315012826  
    193697.3369580942 172687.9842486257 147294.87867782588  
    117711.64624087376 83732.8321097767 45202.76110904165  
    2121.4332372248173 
  FFPRIM_EXT = -6.296528355017031 -6.093733633344602 -5.89547838230839  
    -5.696141078765969 -5.495646043716338 -5.293992958507721  
    -5.0911807372277025 -4.887206144448351 -4.682071345282861  
    -4.4757665661140065 -4.268299997822968 -4.059671112945914  
    -3.849880061649458 -3.6389255197206 -3.4268072757507317  
    -3.213523493640277 -2.999073977355228 -2.783458929909477  
    -2.5666773746548484 -2.34872753222797 -2.1296110307434555  
    -1.9093250375265258 -1.6878702117214313 -1.465245500856302  
    -1.2414519097520733 -1.0164087311489305 -0.814581107806634  
    -0.6531833361907936 -0.49611977067444224 -0.3376682792053082  
    -0.16677888740874933 0.03367089518601972 0.26808503392889216  
    0.5343884988428365 0.825230085098406 1.1236563006119467  
    1.420506156476294 1.7124138010205425 1.9981240813936596  
    2.2787295510206698 2.55561636333938 2.8307823574365716  
    3.1031803633810178 3.373135592398483 3.6384404275383226  
    3.8971765492782158 4.14831179497542 4.388628716317229  
    4.620122205713652 4.841490030382753 5.054063244631792  
    5.257801438386737 5.453456703537082 5.640340491199133  
    5.817971504034269 5.986391668085238 6.144849759904645  
    6.293271922268589 6.4319697225517904 6.561838521727145  
    6.68249679631827 6.795767434884455 6.9007090976047305  
    6.999418019667667 7.09045879610032 7.175703332203137  
    7.254536171439895 7.327168910242017 7.39516783130318  
    7.456498571236224 7.514061840106454 7.566187810063188  
    7.613370675883801 7.657279979111927 7.695576396978867  
    7.730793987535886 7.76222400424803 7.788885813442178  
    7.813323207038416 7.833388385611864 7.8495026276352124  
    7.863761600276748 7.8740404661082675 7.881602167031856  
    7.888687754269826 7.893884086574152 7.898459938522329  
    7.90403685434887 7.909114577316581 7.914779850477257  
    7.922094605505123 7.928972101502736 7.93591043474567  
    7.944423875835609 7.9530315325873815 7.96149108358169  
    7.971851079633386 7.983845197340053 7.996506725620089  
    8.011171664532075 8.027998703996232 8.045422625749005  
    8.06377199534407 8.08343022949716 8.102878026867765  
    8.121522006521804 8.140276946340624 8.159110627024141  
    8.176865001364462 8.19367291113728 8.21064324272502  
    8.227454369177615 8.243106724263663 8.257862448980227  
    8.272428387721156 8.286302409630798 8.298386750301244  
    8.308830510610665 8.318327527294365 8.326249939284056  
    8.331693082868558 8.335100174603387 8.337143677846548  
    8.337379233310223 8.335245193102516 8.331190681837981  
    8.325812456059833 8.318767077104594 8.309484287978972  
    8.298216841663887 8.2854230623689 8.270910420794106  
    8.25418360173973 8.235315045574573 8.214896044169105  
    8.193100202584581 8.169599701938445 8.144394932222177  
    8.117941485202264 8.090548311115317 8.062201735623985  
    8.032575102255745 8.001608734374207 7.9697119736332365  
    7.937144891582976 7.903635123478315 7.868856808235973  
    7.833120734961758 7.796930553989299 7.760272206936538  
    7.722830345726644 7.684532806426496 7.645565869971238  
    7.606083062522311 7.566026273627518 7.524951577485458  
    7.482649063200827 7.439443822206594 7.395505712293879  
    7.350592668524355 7.304417325200572 7.257115455015186  
    7.208969127143911 7.160023298791714 7.110156088785281  
    7.059189561586681 7.007125009492842 6.954163953065326  
    6.9004286867548785 6.845648780210834 6.789477591406754  
    6.732062906551251 6.67363024366264 6.6140703140754145  
    6.55316916533287 6.490811191085079 6.427089255642583  
    6.362235450897579 6.296352996759933 6.229261987578809  
    6.160684011178565 6.090652061447351 6.01933522683561  
    5.946677506632129 5.8722582978056295 5.7957591452392165  
    5.717244036037714 5.636986480702342 5.555439791853681  
    5.472611632455804 5.388231436957591 5.303013120901568  
    5.217877362492629 5.132856975178319 5.0477360431518274  
    4.962413666868961 4.876988470704623 4.791514197615916  
    4.706314938217387 4.621928510802286 4.538511055772255  
    4.456179318006036 4.375951427286212 4.298677634541079  
    4.22419825671761 4.152622134708835 4.084583259615357  
    4.020165401376227 3.960008468968376 3.898620640507989  
    3.8273466706299173 3.74404025761776 3.6507186376835143  
    3.568542837665098 3.5124293342184254 3.4894106906228535  
    3.4590648181731147 3.3312318600817985 3.075870170114615  
    2.6985204025051153 2.162980385293195 1.440985453625828  
    0.5158478845978798 -0.5404682046393713 -1.541459545151354  
    -2.4140801489235173 -3.1730818343622493 -3.822848474349536  
    -4.372760308410836 -4.814866778284765 -5.175860580181157  
    -5.519096033631374 -5.866913490399089 -6.211222084862875  
    -6.5172383881092415 -6.755096633264209 -6.926216403931301  
    -7.025774323475277 -7.049809422073532 -6.997106533191568  
    -6.86821217463946 -6.669797473228199 -6.406552474879513  
    -6.076993581665388 -5.692930618708528 -5.267995963975244  
    -4.7971568767458255 -4.307586377288841 -3.846498516319162  
    -3.4330482280852825 -3.038781693250904 -2.573229560006882  
    -1.9870110541600392 -1.2844714669179753 -0.45738947004909614  
    0.5082485454191814 1.6124425794955641 
/

