@I NRHO 1 []
101
@R RHOB 1 []
1.266005e+00
@R RHO 101 []
0.000000e+00 1.000000e-02 2.000000e-02 3.000000e-02 4.000000e-02 
5.000000e-02 6.000000e-02 7.000000e-02 8.000000e-02 9.000000e-02 
1.000000e-01 1.100000e-01 1.200000e-01 1.300000e-01 1.400000e-01 
1.500000e-01 1.600000e-01 1.700000e-01 1.800000e-01 1.900000e-01 
2.000000e-01 2.100000e-01 2.200000e-01 2.300000e-01 2.400000e-01 
2.500000e-01 2.600000e-01 2.700000e-01 2.800000e-01 2.900000e-01 
3.000000e-01 3.100000e-01 3.200000e-01 3.300000e-01 3.400000e-01 
3.500000e-01 3.600000e-01 3.700000e-01 3.800000e-01 3.900000e-01 
4.000000e-01 4.100000e-01 4.200000e-01 4.300000e-01 4.400000e-01 
4.500000e-01 4.600000e-01 4.700000e-01 4.800000e-01 4.900000e-01 
5.000000e-01 5.100000e-01 5.200000e-01 5.300000e-01 5.400000e-01 
5.500000e-01 5.600000e-01 5.700000e-01 5.800000e-01 5.900000e-01 
6.000000e-01 6.100000e-01 6.200000e-01 6.300000e-01 6.400000e-01 
6.500000e-01 6.600000e-01 6.700000e-01 6.800000e-01 6.900000e-01 
7.000000e-01 7.100000e-01 7.200000e-01 7.300000e-01 7.400000e-01 
7.500000e-01 7.600000e-01 7.700000e-01 7.800000e-01 7.900000e-01 
8.000000e-01 8.100000e-01 8.200000e-01 8.300000e-01 8.400000e-01 
8.500000e-01 8.600000e-01 8.700000e-01 8.800000e-01 8.900000e-01 
9.000000e-01 9.100000e-01 9.200000e-01 9.300000e-01 9.400000e-01 
9.500000e-01 9.600000e-01 9.700000e-01 9.800000e-01 9.900000e-01 
1.000000e+00 
@R VOLP 101 []
0.000000e+00 2.387062e+00 4.774493e+00 7.162508e+00 9.551376e+00 
1.194136e+01 1.433268e+01 1.672547e+01 1.911984e+01 2.151593e+01 
2.391383e+01 2.631363e+01 2.871535e+01 3.111902e+01 3.352465e+01 
3.593222e+01 3.834168e+01 4.075298e+01 4.316605e+01 4.558079e+01 
4.799710e+01 5.041485e+01 5.283389e+01 5.525409e+01 5.767527e+01 
6.009722e+01 6.251974e+01 6.494260e+01 6.736554e+01 6.978832e+01 
7.221069e+01 7.463235e+01 7.705303e+01 7.947245e+01 8.189030e+01 
8.430629e+01 8.672011e+01 8.913144e+01 9.153998e+01 9.394541e+01 
9.634741e+01 9.874567e+01 1.011399e+02 1.035297e+02 1.059148e+02 
1.082950e+02 1.106699e+02 1.130392e+02 1.154026e+02 1.177598e+02 
1.201107e+02 1.224548e+02 1.247920e+02 1.271220e+02 1.294447e+02 
1.317596e+02 1.340668e+02 1.363659e+02 1.386569e+02 1.409396e+02 
1.432138e+02 1.454794e+02 1.477364e+02 1.499847e+02 1.522242e+02 
1.544550e+02 1.566770e+02 1.588904e+02 1.610952e+02 1.632914e+02 
1.654793e+02 1.676591e+02 1.698310e+02 1.719952e+02 1.741521e+02 
1.763020e+02 1.784454e+02 1.805827e+02 1.827144e+02 1.848410e+02 
1.869632e+02 1.890814e+02 1.911961e+02 1.933077e+02 1.954165e+02 
1.975225e+02 1.996252e+02 2.017236e+02 2.038147e+02 2.058935e+02 
2.079528e+02 2.099842e+02 2.119810e+02 2.139423e+02 2.158718e+02 
2.177735e+02 2.196599e+02 2.215747e+02 2.236050e+02 2.258361e+02 
2.283121e+02 
@R IPOL 101 []
1.035228e+00 1.035212e+00 1.035148e+00 1.035024e+00 1.034840e+00 
1.034602e+00 1.034313e+00 1.033977e+00 1.033598e+00 1.033178e+00 
1.032719e+00 1.032224e+00 1.031696e+00 1.031138e+00 1.030551e+00 
1.029939e+00 1.029304e+00 1.028648e+00 1.027973e+00 1.027282e+00 
1.026576e+00 1.025858e+00 1.025129e+00 1.024391e+00 1.023646e+00 
1.022896e+00 1.022143e+00 1.021389e+00 1.020634e+00 1.019881e+00 
1.019132e+00 1.018387e+00 1.017648e+00 1.016916e+00 1.016193e+00 
1.015479e+00 1.014776e+00 1.014085e+00 1.013406e+00 1.012740e+00 
1.012089e+00 1.011451e+00 1.010830e+00 1.010223e+00 1.009634e+00 
1.009060e+00 1.008504e+00 1.007965e+00 1.007444e+00 1.006940e+00 
1.006454e+00 1.005986e+00 1.005535e+00 1.005103e+00 1.004688e+00 
1.004292e+00 1.003912e+00 1.003550e+00 1.003205e+00 1.002877e+00 
1.002565e+00 1.002270e+00 1.001990e+00 1.001726e+00 1.001477e+00 
1.001243e+00 1.001023e+00 1.000817e+00 1.000623e+00 1.000443e+00 
1.000275e+00 1.000119e+00 9.999743e-01 9.998402e-01 9.997165e-01 
9.996025e-01 9.994978e-01 9.994019e-01 9.993143e-01 9.992348e-01 
9.991628e-01 9.990982e-01 9.990408e-01 9.989906e-01 9.989480e-01 
9.989134e-01 9.988880e-01 9.988734e-01 9.988721e-01 9.988875e-01 
9.989238e-01 9.989855e-01 9.990765e-01 9.991977e-01 9.993452e-01 
9.995080e-01 9.996702e-01 9.998139e-01 9.999258e-01 9.999981e-01 
1.000012e+00 
@R G11 101 []
0.000000e+00 2.408625e+00 4.795766e+00 7.176780e+00 9.566080e+00 
1.196459e+01 1.436944e+01 1.677290e+01 1.916902e+01 2.156500e+01 
2.396362e+01 2.636464e+01 2.874600e+01 3.113461e+01 3.354651e+01 
3.594294e+01 3.833975e+01 4.073712e+01 4.313765e+01 4.553982e+01 
4.794171e+01 5.034481e+01 5.274901e+01 5.515256e+01 5.755575e+01 
5.996076e+01 6.236907e+01 6.478724e+01 6.720247e+01 6.960874e+01 
7.203247e+01 7.446111e+01 7.687588e+01 7.931390e+01 8.174605e+01 
8.418172e+01 8.662834e+01 8.907342e+01 9.152846e+01 9.398884e+01 
9.645195e+01 9.892758e+01 1.014036e+02 1.038909e+02 1.063885e+02 
1.088832e+02 1.114080e+02 1.139153e+02 1.164500e+02 1.189952e+02 
1.215333e+02 1.241084e+02 1.266749e+02 1.292533e+02 1.318675e+02 
1.344652e+02 1.370875e+02 1.397431e+02 1.423803e+02 1.450519e+02 
1.477523e+02 1.504364e+02 1.531653e+02 1.559113e+02 1.586532e+02 
1.614487e+02 1.642395e+02 1.670555e+02 1.699183e+02 1.727658e+02 
1.756720e+02 1.785855e+02 1.815292e+02 1.845131e+02 1.875056e+02 
1.905545e+02 1.936110e+02 1.967211e+02 1.998553e+02 2.030324e+02 
2.062524e+02 2.095036e+02 2.128201e+02 2.161564e+02 2.195780e+02 
2.230275e+02 2.265504e+02 2.301509e+02 2.337829e+02 2.375631e+02 
2.413991e+02 2.453269e+02 2.494317e+02 2.536206e+02 2.579251e+02 
2.624238e+02 2.670234e+02 2.716601e+02 2.763616e+02 2.811922e+02 
2.862651e+02 
@R G22 101 []
0.000000e+00 1.234014e-02 2.457027e-02 3.676919e-02 4.901120e-02 
6.130142e-02 7.362530e-02 8.594326e-02 9.822501e-02 1.105076e-01 
1.228054e-01 1.351176e-01 1.473313e-01 1.595845e-01 1.719596e-01 
1.842581e-01 1.965616e-01 2.088710e-01 2.211999e-01 2.335406e-01 
2.458835e-01 2.582363e-01 2.705987e-01 2.829618e-01 2.953273e-01 
3.077065e-01 3.201070e-01 3.325626e-01 3.450077e-01 3.574115e-01 
3.699096e-01 3.824378e-01 3.948996e-01 4.074856e-01 4.200464e-01 
4.326304e-01 4.452754e-01 4.579175e-01 4.706158e-01 4.833464e-01 
4.960958e-01 5.089146e-01 5.217402e-01 5.346282e-01 5.475742e-01 
5.605094e-01 5.736039e-01 5.866123e-01 5.997662e-01 6.129782e-01 
6.261569e-01 6.395298e-01 6.528621e-01 6.662581e-01 6.798420e-01 
6.933428e-01 7.069731e-01 7.207766e-01 7.344872e-01 7.483764e-01 
7.624147e-01 7.763701e-01 7.905565e-01 8.048310e-01 8.190838e-01 
8.336122e-01 8.481146e-01 8.627459e-01 8.776160e-01 8.924051e-01 
9.074936e-01 9.226163e-01 9.378914e-01 9.533693e-01 9.688868e-01 
9.846903e-01 1.000528e+00 1.016635e+00 1.032861e+00 1.049300e+00 
1.065953e+00 1.082757e+00 1.099888e+00 1.117107e+00 1.134749e+00 
1.152512e+00 1.170626e+00 1.189101e+00 1.207679e+00 1.226932e+00 
1.246345e+00 1.266059e+00 1.286478e+00 1.307105e+00 1.328107e+00 
1.349893e+00 1.372040e+00 1.394455e+00 1.417685e+00 1.442289e+00 
1.468835e+00 
@R G33 101 []
9.202827e-01 9.202805e-01 9.202936e-01 9.203326e-01 9.203895e-01 
9.204597e-01 9.205430e-01 9.206412e-01 9.207558e-01 9.208866e-01 
9.210335e-01 9.211961e-01 9.213745e-01 9.215689e-01 9.217793e-01 
9.220058e-01 9.222484e-01 9.225073e-01 9.227823e-01 9.230736e-01 
9.233813e-01 9.237054e-01 9.240459e-01 9.244030e-01 9.247765e-01 
9.251668e-01 9.255740e-01 9.259982e-01 9.264396e-01 9.268984e-01 
9.273748e-01 9.278689e-01 9.283809e-01 9.289109e-01 9.294591e-01 
9.300256e-01 9.306106e-01 9.312144e-01 9.318369e-01 9.324783e-01 
9.331388e-01 9.338184e-01 9.345175e-01 9.352359e-01 9.359737e-01 
9.367312e-01 9.375083e-01 9.383052e-01 9.391218e-01 9.399582e-01 
9.408143e-01 9.416903e-01 9.425858e-01 9.435010e-01 9.444357e-01 
9.453897e-01 9.463630e-01 9.473553e-01 9.483661e-01 9.493955e-01 
9.504429e-01 9.515079e-01 9.525900e-01 9.536887e-01 9.548034e-01 
9.559335e-01 9.570779e-01 9.582359e-01 9.594066e-01 9.605888e-01 
9.617814e-01 9.629829e-01 9.641919e-01 9.654069e-01 9.666261e-01 
9.678474e-01 9.690689e-01 9.702884e-01 9.715034e-01 9.727115e-01 
9.739102e-01 9.750971e-01 9.762697e-01 9.774263e-01 9.785659e-01 
9.796877e-01 9.807926e-01 9.818846e-01 9.829750e-01 9.840835e-01 
9.852384e-01 9.864741e-01 9.878148e-01 9.892631e-01 9.908056e-01 
9.924359e-01 9.941136e-01 9.956590e-01 9.966966e-01 9.968691e-01 
9.960418e-01 
@R GRADRHO 101 []
1.008652e+00 1.003207e+00 1.000857e+00 9.995668e-01 9.992876e-01 
9.994459e-01 9.997173e-01 9.998197e-01 9.996548e-01 9.994742e-01 
9.993380e-01 9.992271e-01 9.987501e-01 9.984221e-01 9.984491e-01 
9.982214e-01 9.979938e-01 9.977689e-01 9.975764e-01 9.973949e-01 
9.972034e-01 9.970188e-01 9.968404e-01 9.966522e-01 9.964586e-01 
9.962795e-01 9.961265e-01 9.960484e-01 9.959435e-01 9.957722e-01 
9.957253e-01 9.957083e-01 9.955979e-01 9.956366e-01 9.956348e-01 
9.956528e-01 9.957329e-01 9.958014e-01 9.959223e-01 9.960680e-01 
9.962241e-01 9.964404e-01 9.966535e-01 9.969160e-01 9.972210e-01 
9.975055e-01 9.979194e-01 9.982458e-01 9.986834e-01 9.991543e-01 
9.995842e-01 1.000154e+00 1.000674e+00 1.001227e+00 1.001901e+00 
1.002495e+00 1.003163e+00 1.003931e+00 1.004611e+00 1.005389e+00 
1.006241e+00 1.007011e+00 1.007901e+00 1.008816e+00 1.009685e+00 
1.010688e+00 1.011639e+00 1.012627e+00 1.013714e+00 1.014710e+00 
1.015829e+00 1.016917e+00 1.018036e+00 1.019209e+00 1.020343e+00 
1.021565e+00 1.022736e+00 1.023974e+00 1.025195e+00 1.026442e+00 
1.027707e+00 1.028956e+00 1.030264e+00 1.031514e+00 1.032857e+00 
1.034149e+00 1.035492e+00 1.036887e+00 1.038232e+00 1.039790e+00 
1.041369e+00 1.043067e+00 1.045070e+00 1.047160e+00 1.049373e+00 
1.051846e+00 1.054360e+00 1.056698e+00 1.058624e+00 1.059725e+00 
1.059842e+00 
@R AREA 101 []
0.000000e+00 2.377203e+00 4.761758e+00 7.151535e+00 9.543606e+00 
1.193624e+01 1.432868e+01 1.672096e+01 1.911357e+01 2.150694e+01 
2.390085e+01 2.629534e+01 2.869053e+01 3.108734e+01 3.348437e+01 
3.588198e+01 3.828035e+01 4.067950e+01 4.307937e+01 4.547989e+01 
4.788110e+01 5.028298e+01 5.268552e+01 5.508873e+01 5.749264e+01 
5.989724e+01 6.230248e+01 6.470827e+01 6.711448e+01 6.952133e+01 
7.192874e+01 7.433644e+01 7.674461e+01 7.915323e+01 8.156197e+01 
8.397119e+01 8.638047e+01 8.879005e+01 9.119967e+01 9.360944e+01 
9.601915e+01 9.842895e+01 1.008385e+02 1.032482e+02 1.056575e+02 
1.080667e+02 1.104756e+02 1.128842e+02 1.152925e+02 1.177003e+02 
1.201079e+02 1.225149e+02 1.249214e+02 1.273275e+02 1.297330e+02 
1.321379e+02 1.345424e+02 1.369462e+02 1.393495e+02 1.417524e+02 
1.441545e+02 1.465562e+02 1.489575e+02 1.513583e+02 1.537587e+02 
1.561588e+02 1.585586e+02 1.609583e+02 1.633579e+02 1.657576e+02 
1.681575e+02 1.705577e+02 1.729585e+02 1.753599e+02 1.777623e+02 
1.801659e+02 1.825709e+02 1.849777e+02 1.873866e+02 1.897979e+02 
1.922121e+02 1.946297e+02 1.970511e+02 1.994768e+02 2.019075e+02 
2.043437e+02 2.067863e+02 2.092357e+02 2.116928e+02 2.141583e+02 
2.166325e+02 2.191160e+02 2.216089e+02 2.241112e+02 2.266236e+02 
2.291465e+02 2.316806e+02 2.342276e+02 2.367906e+02 2.393767e+02 
2.419972e+02 
@R A 101 []
0.000000e+00 1.179533e-02 2.360024e-02 3.540648e-02 4.720358e-02 
5.898757e-02 7.075763e-02 8.251691e-02 9.426934e-02 1.060175e-01 
1.177605e-01 1.294986e-01 1.412321e-01 1.529652e-01 1.646907e-01 
1.764101e-01 1.881241e-01 1.998327e-01 2.115354e-01 2.232320e-01 
2.349222e-01 2.466058e-01 2.582828e-01 2.699530e-01 2.816164e-01 
2.932727e-01 3.049216e-01 3.165624e-01 3.281944e-01 3.398184e-01 
3.514339e-01 3.630393e-01 3.746354e-01 3.862219e-01 3.977971e-01 
4.093623e-01 4.209153e-01 4.324572e-01 4.439865e-01 4.555033e-01 
4.670066e-01 4.784967e-01 4.899720e-01 5.014334e-01 5.128787e-01 
5.243092e-01 5.357228e-01 5.471197e-01 5.584999e-01 5.698615e-01 
5.812053e-01 5.925301e-01 6.038351e-01 6.151208e-01 6.263855e-01 
6.376290e-01 6.488517e-01 6.600515e-01 6.712287e-01 6.823834e-01 
6.935136e-01 7.046197e-01 7.157015e-01 7.267572e-01 7.377876e-01 
7.487916e-01 7.597682e-01 7.707182e-01 7.816395e-01 7.925325e-01 
8.033970e-01 8.142313e-01 8.250364e-01 8.358102e-01 8.465535e-01 
8.572650e-01 8.679443e-01 8.785914e-01 8.892049e-01 8.997851e-01 
9.103307e-01 9.208419e-01 9.313176e-01 9.417576e-01 9.521613e-01 
9.625277e-01 9.728577e-01 9.831495e-01 9.934043e-01 1.003622e+00 
1.013803e+00 1.023950e+00 1.034065e+00 1.044149e+00 1.054206e+00 
1.064239e+00 1.074250e+00 1.084237e+00 1.094192e+00 1.104104e+00 
1.113953e+00 
@R RTOR 101 []
4.742974e+00 4.742985e+00 4.742980e+00 4.742943e+00 4.742880e+00 
4.742797e+00 4.742698e+00 4.742583e+00 4.742450e+00 4.742298e+00 
4.742128e+00 4.741938e+00 4.741729e+00 4.741501e+00 4.741253e+00 
4.740985e+00 4.740698e+00 4.740391e+00 4.740063e+00 4.739715e+00 
4.739346e+00 4.738956e+00 4.738545e+00 4.738113e+00 4.737659e+00 
4.737184e+00 4.736687e+00 4.736167e+00 4.735625e+00 4.735061e+00 
4.734473e+00 4.733862e+00 4.733227e+00 4.732568e+00 4.731884e+00 
4.731176e+00 4.730443e+00 4.729685e+00 4.728901e+00 4.728090e+00 
4.727254e+00 4.726390e+00 4.725499e+00 4.724581e+00 4.723634e+00 
4.722660e+00 4.721656e+00 4.720624e+00 4.719561e+00 4.718469e+00 
4.717347e+00 4.716194e+00 4.715010e+00 4.713794e+00 4.712547e+00 
4.711267e+00 4.709955e+00 4.708610e+00 4.707231e+00 4.705818e+00 
4.704371e+00 4.702890e+00 4.701373e+00 4.699822e+00 4.698234e+00 
4.696611e+00 4.694951e+00 4.693255e+00 4.691521e+00 4.689751e+00 
4.687942e+00 4.686096e+00 4.684211e+00 4.682288e+00 4.680327e+00 
4.678326e+00 4.676286e+00 4.674207e+00 4.672089e+00 4.669931e+00 
4.667734e+00 4.665496e+00 4.663219e+00 4.660901e+00 4.658543e+00 
4.656145e+00 4.653705e+00 4.651223e+00 4.648699e+00 4.646130e+00 
4.643514e+00 4.640848e+00 4.638128e+00 4.635346e+00 4.632496e+00 
4.629572e+00 4.626570e+00 4.623496e+00 4.620363e+00 4.617185e+00 
4.613977e+00 
@R SHIFT 101 []
1.929741e-01 1.929846e-01 1.929804e-01 1.929433e-01 1.928795e-01 
1.927967e-01 1.926978e-01 1.925827e-01 1.924498e-01 1.922983e-01 
1.921276e-01 1.919378e-01 1.917289e-01 1.915007e-01 1.912529e-01 
1.909855e-01 1.906981e-01 1.903906e-01 1.900629e-01 1.897146e-01 
1.893457e-01 1.889560e-01 1.885451e-01 1.881130e-01 1.876594e-01 
1.871840e-01 1.866867e-01 1.861673e-01 1.856253e-01 1.850606e-01 
1.844728e-01 1.838616e-01 1.832267e-01 1.825677e-01 1.818844e-01 
1.811764e-01 1.804434e-01 1.796849e-01 1.789008e-01 1.780905e-01 
1.772537e-01 1.763901e-01 1.754993e-01 1.745808e-01 1.736345e-01 
1.726597e-01 1.716562e-01 1.706236e-01 1.695615e-01 1.684695e-01 
1.673471e-01 1.661941e-01 1.650101e-01 1.637945e-01 1.625470e-01 
1.612674e-01 1.599550e-01 1.586096e-01 1.572307e-01 1.558181e-01 
1.543712e-01 1.528898e-01 1.513734e-01 1.498218e-01 1.482344e-01 
1.466110e-01 1.449513e-01 1.432548e-01 1.415213e-01 1.397505e-01 
1.379421e-01 1.360957e-01 1.342111e-01 1.322882e-01 1.303265e-01 
1.283260e-01 1.262864e-01 1.242074e-01 1.220891e-01 1.199311e-01 
1.177335e-01 1.154960e-01 1.132187e-01 1.109012e-01 1.085433e-01 
1.061448e-01 1.037049e-01 1.012235e-01 9.869894e-02 9.612969e-02 
9.351387e-02 9.084817e-02 8.812757e-02 8.534568e-02 8.249597e-02 
7.957245e-02 7.657033e-02 7.349637e-02 7.036313e-02 6.718512e-02 
6.397651e-02 
@R ELONG 101 []
1.149581e+00 1.150493e+00 1.153228e+00 1.155493e+00 1.157438e+00 
1.159130e+00 1.160649e+00 1.162002e+00 1.163227e+00 1.164359e+00 
1.165419e+00 1.166426e+00 1.167399e+00 1.168355e+00 1.169303e+00 
1.170252e+00 1.171205e+00 1.172162e+00 1.173125e+00 1.174095e+00 
1.175073e+00 1.176062e+00 1.177059e+00 1.178068e+00 1.179088e+00 
1.180121e+00 1.181167e+00 1.182227e+00 1.183299e+00 1.184387e+00 
1.185489e+00 1.186607e+00 1.187739e+00 1.188888e+00 1.190052e+00 
1.191234e+00 1.192433e+00 1.193648e+00 1.194882e+00 1.196133e+00 
1.197403e+00 1.198692e+00 1.200000e+00 1.201328e+00 1.202675e+00 
1.204044e+00 1.205433e+00 1.206843e+00 1.208275e+00 1.209729e+00 
1.211206e+00 1.212706e+00 1.214229e+00 1.215778e+00 1.217350e+00 
1.218948e+00 1.220572e+00 1.222222e+00 1.223900e+00 1.225605e+00 
1.227339e+00 1.229101e+00 1.230894e+00 1.232718e+00 1.234573e+00 
1.236461e+00 1.238382e+00 1.240337e+00 1.242328e+00 1.244356e+00 
1.246421e+00 1.248525e+00 1.250670e+00 1.252857e+00 1.255087e+00 
1.257362e+00 1.259685e+00 1.262056e+00 1.264478e+00 1.266954e+00 
1.269486e+00 1.272076e+00 1.274727e+00 1.277443e+00 1.280226e+00 
1.283079e+00 1.286007e+00 1.289012e+00 1.292096e+00 1.295261e+00 
1.298506e+00 1.301828e+00 1.305221e+00 1.308682e+00 1.312205e+00 
1.315786e+00 1.319416e+00 1.323095e+00 1.326836e+00 1.330722e+00 
1.334882e+00 
@R TRIAG 101 []
0.000000e+00 2.190542e-02 2.118527e-02 1.998893e-02 1.881974e-02 
1.777946e-02 1.682877e-02 1.591903e-02 1.501634e-02 1.410760e-02 
1.319126e-02 1.226909e-02 1.133938e-02 1.039844e-02 9.443640e-03 
8.472153e-03 7.482044e-03 6.472938e-03 5.444615e-03 4.396449e-03 
3.328058e-03 2.238861e-03 1.127797e-03 -5.932320e-06 -1.163126e-03 
-2.344844e-03 -3.551790e-03 -4.784701e-03 -6.044536e-03 -7.332307e-03 
-8.648907e-03 -9.995202e-03 -1.137215e-02 -1.278076e-02 -1.422204e-02 
-1.569711e-02 -1.720691e-02 -1.875279e-02 -2.033567e-02 -2.195695e-02 
-2.361776e-02 -2.531943e-02 -2.706315e-02 -2.885063e-02 -3.068294e-02 
-3.256186e-02 -3.448867e-02 -3.646503e-02 -3.849280e-02 -4.057335e-02 
-4.270875e-02 -4.490071e-02 -4.715109e-02 -4.946215e-02 -5.183575e-02 
-5.427405e-02 -5.677951e-02 -5.935430e-02 -6.200094e-02 -6.472207e-02 
-6.752013e-02 -7.039813e-02 -7.335898e-02 -7.640563e-02 -7.954137e-02 
-8.276968e-02 -8.609391e-02 -8.951828e-02 -9.304627e-02 -9.668227e-02 
-1.004311e-01 -1.042980e-01 -1.082888e-01 -1.124078e-01 -1.166613e-01 
-1.210549e-01 -1.255944e-01 -1.302863e-01 -1.351374e-01 -1.401553e-01 
-1.453468e-01 -1.507193e-01 -1.562815e-01 -1.620426e-01 -1.680128e-01 
-1.742011e-01 -1.806198e-01 -1.872791e-01 -1.941846e-01 -2.013428e-01 
-2.087601e-01 -2.164434e-01 -2.244010e-01 -2.326408e-01 -2.411745e-01 
-2.500006e-01 -2.591239e-01 -2.685829e-01 -2.784405e-01 -2.888195e-01 
-2.999837e-01 
