@R IP 1 []
  9.999999995e+06
@R BCENTR 1 []
  1.100000000e+01
@R RMAJOR 1 []
  4.550000000e+00
@R AMINOR 1 []
  1.109560673e+00
@R KAPPA 1 []
  1.353009087e+00
@R DELTA 1 []
 -3.258656569e-01
@I NRHO 1 []
              101
@R RHOB 1 []
  1.267319818e+00
@R RHO 101 []
  0.000000000e+00  1.000000000e-02  2.000000000e-02  3.000000000e-02
  4.000000000e-02  5.000000000e-02  6.000000000e-02  7.000000000e-02
  8.000000000e-02  9.000000000e-02  1.000000000e-01  1.100000000e-01
  1.200000000e-01  1.300000000e-01  1.400000000e-01  1.500000000e-01
  1.600000000e-01  1.700000000e-01  1.800000000e-01  1.900000000e-01
  2.000000000e-01  2.100000000e-01  2.200000000e-01  2.300000000e-01
  2.400000000e-01  2.500000000e-01  2.600000000e-01  2.700000000e-01
  2.800000000e-01  2.900000000e-01  3.000000000e-01  3.100000000e-01
  3.200000000e-01  3.300000000e-01  3.400000000e-01  3.500000000e-01
  3.600000000e-01  3.700000000e-01  3.800000000e-01  3.900000000e-01
  4.000000000e-01  4.100000000e-01  4.200000000e-01  4.300000000e-01
  4.400000000e-01  4.500000000e-01  4.600000000e-01  4.700000000e-01
  4.800000000e-01  4.900000000e-01  5.000000000e-01  5.100000000e-01
  5.200000000e-01  5.300000000e-01  5.400000000e-01  5.500000000e-01
  5.600000000e-01  5.700000000e-01  5.800000000e-01  5.900000000e-01
  6.000000000e-01  6.100000000e-01  6.200000000e-01  6.300000000e-01
  6.400000000e-01  6.500000000e-01  6.600000000e-01  6.700000000e-01
  6.800000000e-01  6.900000000e-01  7.000000000e-01  7.100000000e-01
  7.200000000e-01  7.300000000e-01  7.400000000e-01  7.500000000e-01
  7.600000000e-01  7.700000000e-01  7.800000000e-01  7.900000000e-01
  8.000000000e-01  8.100000000e-01  8.200000000e-01  8.300000000e-01
  8.400000000e-01  8.500000000e-01  8.600000000e-01  8.700000000e-01
  8.800000000e-01  8.900000000e-01  9.000000000e-01  9.100000000e-01
  9.200000000e-01  9.300000000e-01  9.400000000e-01  9.500000000e-01
  9.600000000e-01  9.700000000e-01  9.800000000e-01  9.900000000e-01
  1.000000000e+00
@R VOLP 101 []
  0.000000000e+00  2.454329594e+00  4.908463441e+00  7.362208096e+00
  9.815371243e+00  1.226776258e+01  1.471919801e+01  1.716949915e+01
  1.961848987e+01  2.206600357e+01  2.451188397e+01  2.695597689e+01
  2.939813981e+01  3.183824559e+01  3.427616968e+01  3.671179514e+01
  3.914502569e+01  4.157577438e+01  4.400395427e+01  4.642950168e+01
  4.885236218e+01  5.127247916e+01  5.368981612e+01  5.610435294e+01
  5.851607064e+01  6.092495715e+01  6.333100692e+01  6.573418642e+01
  6.813441649e+01  7.053164360e+01  7.292591806e+01  7.531736282e+01
  7.770608536e+01  8.009210466e+01  8.247534674e+01  8.485570939e+01
  8.723310114e+01  8.960746697e+01  9.197876863e+01  9.434696945e+01
  9.671204112e+01  9.907394560e+01  1.014326396e+02  1.037880980e+02
  1.061402955e+02  1.084891955e+02  1.108347638e+02  1.131769635e+02
  1.155157317e+02  1.178509859e+02  1.201826403e+02  1.225105973e+02
  1.248347574e+02  1.271550061e+02  1.294712459e+02  1.317833946e+02
  1.340913352e+02  1.363949618e+02  1.386941700e+02  1.409888176e+02
  1.432787557e+02  1.455638298e+02  1.478438954e+02  1.501188473e+02
  1.523886007e+02  1.546531106e+02  1.569123727e+02  1.591663705e+02
  1.614150648e+02  1.636584108e+02  1.658963401e+02  1.681287677e+02
  1.703556245e+02  1.725768558e+02  1.747924300e+02  1.770023230e+02
  1.792065566e+02  1.814052215e+02  1.835983851e+02  1.857860754e+02
  1.879682671e+02  1.901447917e+02  1.923153511e+02  1.944793929e+02
  1.966360420e+02  1.987843381e+02  2.009229556e+02  2.030494281e+02
  2.051584262e+02  2.072373767e+02  2.092656084e+02  2.112234402e+02
  2.131017964e+02  2.149046276e+02  2.166513880e+02  2.183681590e+02
  2.200830508e+02  2.218439876e+02  2.237362888e+02  2.258365250e+02
  2.281827846e+02
@R IPOL 101 []
  1.013193585e+00  1.013192987e+00  1.013191173e+00  1.013188089e+00
  1.013183643e+00  1.013177708e+00  1.013170124e+00  1.013160698e+00
  1.013149204e+00  1.013135390e+00  1.013118977e+00  1.013099662e+00
  1.013077120e+00  1.013051006e+00  1.013020954e+00  1.012986591e+00
  1.012947527e+00  1.012903379e+00  1.012853748e+00  1.012798250e+00
  1.012736494e+00  1.012668107e+00  1.012592731e+00  1.012510019e+00
  1.012419647e+00  1.012321319e+00  1.012214776e+00  1.012099824e+00
  1.011976653e+00  1.011845592e+00  1.011706333e+00  1.011557971e+00
  1.011399863e+00  1.011232148e+00  1.011055400e+00  1.010870149e+00
  1.010676792e+00  1.010475596e+00  1.010266800e+00  1.010050674e+00
  1.009827482e+00  1.009597450e+00  1.009360826e+00  1.009117863e+00
  1.008868808e+00  1.008613935e+00  1.008353507e+00  1.008087844e+00
  1.007817381e+00  1.007542494e+00  1.007263669e+00  1.006981347e+00
  1.006696045e+00  1.006408221e+00  1.006118356e+00  1.005826910e+00
  1.005534315e+00  1.005241071e+00  1.004947657e+00  1.004654591e+00
  1.004362426e+00  1.004071703e+00  1.003782916e+00  1.003496514e+00
  1.003212878e+00  1.002932354e+00  1.002655221e+00  1.002381785e+00
  1.002112432e+00  1.001847574e+00  1.001587641e+00  1.001333114e+00
  1.001084473e+00  1.000842167e+00  1.000606624e+00  1.000378270e+00
  1.000157533e+00  9.999448402e-01  9.997406259e-01  9.995453790e-01
  9.993596645e-01  9.991841437e-01  9.990197055e-01  9.988675416e-01
  9.987292636e-01  9.986070465e-01  9.985038334e-01  9.984236036e-01
  9.983713491e-01  9.983536034e-01  9.983842040e-01  9.984771744e-01
  9.986319256e-01  9.988382232e-01  9.990794362e-01  9.993299801e-01
  9.995619946e-01  9.997539715e-01  9.998973448e-01  9.999909129e-01
  1.000000000e+00
@R G11 101 []
  0.000000000e+00  2.460546838e+00  4.921316414e+00  7.382189551e+00
  9.843619648e+00  1.230594708e+01  1.476874500e+01  1.723167982e+01
  1.969542684e+01  2.216055085e+01  2.462689728e+01  2.709397299e+01
  2.956310565e+01  3.203162278e+01  3.450397300e+01  3.696955155e+01
  3.944004078e+01  4.191435701e+01  4.439223274e+01  4.687816684e+01
  4.935090438e+01  5.183721511e+01  5.432777902e+01  5.681235725e+01
  5.929747835e+01  6.178768786e+01  6.428323038e+01  6.677903957e+01
  6.927616251e+01  7.177518992e+01  7.427628352e+01  7.677960049e+01
  7.928532514e+01  8.179367068e+01  8.430615589e+01  8.681881614e+01
  8.933038283e+01  9.184593443e+01  9.436811811e+01  9.689889117e+01
  9.942397846e+01  1.019475780e+02  1.044914986e+02  1.070281511e+02
  1.095646806e+02  1.121193443e+02  1.146634552e+02  1.172233603e+02
  1.197815840e+02  1.223471362e+02  1.249188199e+02  1.274925049e+02
  1.300802845e+02  1.326619587e+02  1.352660255e+02  1.378629740e+02
  1.404724334e+02  1.431007294e+02  1.457174891e+02  1.483557879e+02
  1.510108468e+02  1.536581315e+02  1.563238298e+02  1.590112845e+02
  1.617026647e+02  1.643989622e+02  1.671162455e+02  1.698553679e+02
  1.726030761e+02  1.753619263e+02  1.781363084e+02  1.809367985e+02
  1.837591548e+02  1.865970204e+02  1.894544819e+02  1.923316278e+02
  1.952389770e+02  1.981789956e+02  2.011445616e+02  2.041383705e+02
  2.071625032e+02  2.102204729e+02  2.133253459e+02  2.164787831e+02
  2.196758258e+02  2.229228200e+02  2.262222732e+02  2.295960001e+02
  2.330571879e+02  2.366134172e+02  2.402892484e+02  2.441226895e+02
  2.481413814e+02  2.523284295e+02  2.566545583e+02  2.611334686e+02
  2.657450222e+02  2.704227598e+02  2.751695927e+02  2.799745209e+02
  2.848507088e+02
@R G22 101 []
  0.000000000e+00  1.253970984e-02  2.508068340e-02  3.762244382e-02
  5.016742895e-02  6.271750399e-02  7.527064182e-02  8.782529176e-02
  1.003850307e-01  1.129529044e-01  1.255283106e-01  1.381088893e-01
  1.507015950e-01  1.632930342e-01  1.759060770e-01  1.884868466e-01
  2.010951819e-01  2.137257986e-01  2.263775550e-01  2.390736752e-01
  2.517060770e-01  2.644115083e-01  2.771427301e-01  2.898478796e-01
  3.025605646e-01  3.153042792e-01  3.280805874e-01  3.408637838e-01
  3.536592259e-01  3.664701703e-01  3.792980013e-01  3.921441389e-01
  4.050100621e-01  4.178971829e-01  4.308132420e-01  4.437378192e-01
  4.566643403e-01  4.696188430e-01  4.826150148e-01  4.956630441e-01
  5.086901456e-01  5.217179513e-01  5.348581592e-01  5.479697858e-01
  5.610896615e-01  5.743113866e-01  5.874881877e-01  6.007552409e-01
  6.140230430e-01  6.273377631e-01  6.406931975e-01  6.540681722e-01
  6.675246110e-01  6.809587407e-01  6.945167781e-01  7.080472496e-01
  7.216507774e-01  7.353597209e-01  7.490179536e-01  7.627951625e-01
  7.766664105e-01  7.905051822e-01  8.044458426e-01  8.185053413e-01
  8.325916944e-01  8.467099589e-01  8.609429741e-01  8.752949879e-01
  8.896974304e-01  9.041631277e-01  9.187141653e-01  9.334043297e-01
  9.482109408e-01  9.631003733e-01  9.780928419e-01  9.931877531e-01
  1.008438457e+00  1.023856941e+00  1.039405269e+00  1.055095675e+00
  1.070936580e+00  1.086942642e+00  1.103177216e+00  1.119643412e+00
  1.136308742e+00  1.153199467e+00  1.170320249e+00  1.187769037e+00
  1.205582530e+00  1.223728403e+00  1.242231539e+00  1.261199257e+00
  1.280728784e+00  1.300750672e+00  1.321204444e+00  1.342271624e+00
  1.363961108e+00  1.386132101e+00  1.409157370e+00  1.433233512e+00
  1.458455043e+00
@R G33 101 []
  9.154323448e-01  9.154450918e-01  9.154832379e-01  9.155465910e-01
  9.156351380e-01  9.157488363e-01  9.158874056e-01  9.160505473e-01
  9.162381368e-01  9.164498380e-01  9.166851948e-01  9.169439697e-01
  9.172257685e-01  9.175299965e-01  9.178562776e-01  9.182042546e-01
  9.185732868e-01  9.189627634e-01  9.193723124e-01  9.198012502e-01
  9.202489420e-01  9.207149699e-01  9.211987040e-01  9.216994077e-01
  9.222164852e-01  9.227493603e-01  9.232974617e-01  9.238606769e-01
  9.244392079e-01  9.250327499e-01  9.256402707e-01  9.262605589e-01
  9.268926037e-01  9.275358944e-01  9.281906155e-01  9.288572243e-01
  9.295360873e-01  9.302272413e-01  9.309305527e-01  9.316458397e-01
  9.323728438e-01  9.331114363e-01  9.338615124e-01  9.346227928e-01
  9.353950096e-01  9.361779771e-01  9.369714934e-01  9.377753265e-01
  9.385893446e-01  9.394136091e-01  9.402480759e-01  9.410928030e-01
  9.419477627e-01  9.428130604e-01  9.436886237e-01  9.445742628e-01
  9.454700481e-01  9.463758793e-01  9.472916412e-01  9.482174200e-01
  9.491532769e-01  9.500992889e-01  9.510554796e-01  9.520216395e-01
  9.529974834e-01  9.539825160e-01  9.549760631e-01  9.559775264e-01
  9.569863815e-01  9.580021196e-01  9.590243580e-01  9.600527582e-01
  9.610868907e-01  9.621262697e-01  9.631703074e-01  9.642183833e-01
  9.652696385e-01  9.663228685e-01  9.673770160e-01  9.684312037e-01
  9.694847724e-01  9.705377018e-01  9.715903780e-01  9.726441094e-01
  9.737012922e-01  9.747640300e-01  9.758352816e-01  9.769222518e-01
  9.780443836e-01  9.792529540e-01  9.806280400e-01  9.822419969e-01
  9.841303607e-01  9.862780939e-01  9.886070821e-01  9.910207220e-01
  9.934185378e-01  9.956078055e-01  9.972214007e-01  9.979351455e-01
  9.976414477e-01
@R GRADRHO 101 []
  1.005364838e+00  9.971307093e-01  9.971644663e-01  9.972007953e-01
  9.972689230e-01  9.973663960e-01  9.974687399e-01  9.975678651e-01
  9.976843765e-01  9.978286108e-01  9.979914589e-01  9.981598334e-01
  9.983562164e-01  9.985347855e-01  9.987648163e-01  9.988933304e-01
  9.990883207e-01  9.993258917e-01  9.995965026e-01  9.999434488e-01
  1.000140373e+00  1.000466887e+00  1.000819783e+00  1.001105877e+00
  1.001388471e+00  1.001704524e+00  1.002052085e+00  1.002389813e+00
  1.002726353e+00  1.003066155e+00  1.003409732e+00  1.003756859e+00
  1.004107710e+00  1.004463147e+00  1.004831874e+00  1.005189744e+00
  1.005530650e+00  1.005883743e+00  1.006261950e+00  1.006673344e+00
  1.007043104e+00  1.007394886e+00  1.007834847e+00  1.008226690e+00
  1.008606447e+00  1.009056803e+00  1.009446534e+00  1.009892838e+00
  1.010318263e+00  1.010761066e+00  1.011215144e+00  1.011663332e+00
  1.012152747e+00  1.012603678e+00  1.013124787e+00  1.013603389e+00
  1.014112270e+00  1.014671859e+00  1.015173325e+00  1.015732499e+00
  1.016329836e+00  1.016881810e+00  1.017475397e+00  1.018118484e+00
  1.018751575e+00  1.019377247e+00  1.020043812e+00  1.020750573e+00
  1.021455003e+00  1.022163217e+00  1.022886178e+00  1.023651448e+00
  1.024443417e+00  1.025241383e+00  1.026053855e+00  1.026877816e+00
  1.027737492e+00  1.028634543e+00  1.029545645e+00  1.030473072e+00
  1.031417013e+00  1.032380863e+00  1.033391072e+00  1.034445656e+00
  1.035527537e+00  1.036647040e+00  1.037805015e+00  1.039046928e+00
  1.040400839e+00  1.041896352e+00  1.043624891e+00  1.045702424e+00
  1.048187454e+00  1.051011994e+00  1.054041340e+00  1.057215916e+00
  1.060403805e+00  1.063312806e+00  1.065656625e+00  1.067078459e+00
  1.067397200e+00
@R AREA 101 []
  0.000000000e+00  2.447409767e+00  4.894712951e+00  7.341918580e+00
  9.788938204e+00  1.223565883e+01  1.468203405e+01  1.712804594e+01
  1.957367557e+01  2.201883785e+01  2.446346264e+01  2.690749932e+01
  2.935092055e+01  3.179365366e+01  3.423573924e+01  3.667704337e+01
  3.911791971e+01  4.155783464e+01  4.399709257e+01  4.643517761e+01
  4.887244825e+01  5.130886648e+01  5.374415627e+01  5.617846528e+01
  5.861185312e+01  6.104431330e+01  6.347574224e+01  6.590614558e+01
  6.833554722e+01  7.076395608e+01  7.319137754e+01  7.561782177e+01
  7.804330254e+01  8.046783478e+01  8.289142477e+01  8.531407880e+01
  8.773587902e+01  9.015684669e+01  9.257696632e+01  9.499619155e+01
  9.741453416e+01  9.983216475e+01  1.022489977e+02  1.046649589e+02
  1.070802889e+02  1.094948455e+02  1.119086858e+02  1.143219322e+02
  1.167344394e+02  1.191464574e+02  1.215577904e+02  1.239686956e+02
  1.263790047e+02  1.287889075e+02  1.311983715e+02  1.336074009e+02
  1.360161839e+02  1.384245752e+02  1.408327351e+02  1.432407637e+02
  1.456485652e+02  1.480562862e+02  1.504640518e+02  1.528718044e+02
  1.552796364e+02  1.576876855e+02  1.600960615e+02  1.625047663e+02
  1.649139280e+02  1.673237003e+02  1.697342394e+02  1.721456615e+02
  1.745580658e+02  1.769716407e+02  1.793865873e+02  1.818031206e+02
  1.842214640e+02  1.866418008e+02  1.890643966e+02  1.914895575e+02
  1.939176178e+02  1.963489406e+02  1.987838935e+02  2.012228216e+02
  2.036661607e+02  2.061143781e+02  2.085679706e+02  2.110274370e+02
  2.134931534e+02  2.159654207e+02  2.184441853e+02  2.209288915e+02
  2.234185758e+02  2.259123055e+02  2.284096190e+02  2.309108255e+02
  2.334168706e+02  2.359300895e+02  2.384550230e+02  2.409995084e+02
  2.435745436e+02
@R A 101 []
  0.000000000e+00  1.131371309e-02  2.262691549e-02  3.393995360e-02
  4.525306730e-02  5.656582848e-02  6.787819642e-02  7.919050736e-02
  9.050264163e-02  1.018143528e-01  1.131256948e-01  1.244365558e-01
  1.357468075e-01  1.470563700e-01  1.583656295e-01  1.696739865e-01
  1.809832278e-01  1.922909952e-01  2.035986947e-01  2.149039677e-01
  2.262085923e-01  2.375123564e-01  2.488138775e-01  2.601139058e-01
  2.714126763e-01  2.827099794e-01  2.940052179e-01  3.052983663e-01
  3.165894821e-01  3.278785324e-01  3.391654565e-01  3.504500230e-01
  3.617319708e-01  3.730111702e-01  3.842874766e-01  3.955606640e-01
  4.068309020e-01  4.180981324e-01  4.293620520e-01  4.406221875e-01
  4.518783829e-01  4.631311947e-01  4.743799446e-01  4.856240064e-01
  4.968642351e-01  5.080996599e-01  5.193301919e-01  5.305560579e-01
  5.417762546e-01  5.529915506e-01  5.642006284e-01  5.754043194e-01
  5.866014273e-01  5.977923879e-01  6.089766185e-01  6.201536896e-01
  6.313239828e-01  6.424863011e-01  6.536408573e-01  6.647875803e-01
  6.759254383e-01  6.870544792e-01  6.981746825e-01  7.092851215e-01
  7.203854852e-01  7.314756418e-01  7.425553010e-01  7.536235902e-01
  7.646801197e-01  7.757245592e-01  7.867565584e-01  7.977754955e-01
  8.087805670e-01  8.197713285e-01  8.307472939e-01  8.417079191e-01
  8.526525856e-01  8.635803930e-01  8.744906907e-01  8.853828481e-01
  8.962561575e-01  9.071098445e-01  9.179429774e-01  9.287544316e-01
  9.395435712e-01  9.503098589e-01  9.610529485e-01  9.717727080e-01
  9.824686362e-01  9.931412752e-01  1.003791190e+00  1.014420020e+00
  1.025031949e+00  1.035633363e+00  1.046230716e+00  1.056825736e+00
  1.067418738e+00  1.078003081e+00  1.088566370e+00  1.099093172e+00
  1.109560673e+00
@R RTOR 101 []
  4.755522820e+00  4.755504774e+00  4.755450676e+00  4.755360801e+00
  4.755235143e+00  4.755073664e+00  4.754876596e+00  4.754644237e+00
  4.754376698e+00  4.754074163e+00  4.753737053e+00  4.753365642e+00
  4.752960147e+00  4.752521054e+00  4.752048755e+00  4.751543558e+00
  4.751005859e+00  4.750436288e+00  4.749835147e+00  4.749203020e+00
  4.748540405e+00  4.747847773e+00  4.747125638e+00  4.746374553e+00
  4.745595042e+00  4.744787585e+00  4.743952778e+00  4.743091145e+00
  4.742203004e+00  4.741288673e+00  4.740348617e+00  4.739383336e+00
  4.738393278e+00  4.737378969e+00  4.736340894e+00  4.735279453e+00
  4.734194895e+00  4.733087400e+00  4.731957117e+00  4.730804160e+00
  4.729628674e+00  4.728430726e+00  4.727210435e+00  4.725967921e+00
  4.724703193e+00  4.723416404e+00  4.722107570e+00  4.720776715e+00
  4.719423982e+00  4.718049257e+00  4.716652649e+00  4.715233996e+00
  4.713793361e+00  4.712330542e+00  4.710845458e+00  4.709338029e+00
  4.707808007e+00  4.706255319e+00  4.704679732e+00  4.703081009e+00
  4.701459000e+00  4.699813382e+00  4.698143821e+00  4.696450084e+00
  4.694731818e+00  4.692988645e+00  4.691220257e+00  4.689426407e+00
  4.687606735e+00  4.685760887e+00  4.683888499e+00  4.681989199e+00
  4.680062607e+00  4.678108252e+00  4.676125643e+00  4.674114251e+00
  4.672073501e+00  4.670002908e+00  4.667901919e+00  4.665769902e+00
  4.663606181e+00  4.661409914e+00  4.659180171e+00  4.656915960e+00
  4.654615930e+00  4.652278755e+00  4.649902970e+00  4.647486674e+00
  4.645027832e+00  4.642521473e+00  4.639959341e+00  4.637332257e+00
  4.634628339e+00  4.631834404e+00  4.628940324e+00  4.625941575e+00
  4.622834379e+00  4.619622362e+00  4.616316908e+00  4.612935998e+00
  4.609503066e+00
@R SHIFT 101 []
  2.055228202e-01  2.055047737e-01  2.054506762e-01  2.053608007e-01
  2.052351427e-01  2.050736644e-01  2.048765962e-01  2.046442374e-01
  2.043766984e-01  2.040741628e-01  2.037370526e-01  2.033656420e-01
  2.029601473e-01  2.025210536e-01  2.020487548e-01  2.015435579e-01
  2.010058594e-01  2.004362885e-01  1.998351467e-01  1.992030201e-01
  1.985404053e-01  1.978477733e-01  1.971256382e-01  1.963745535e-01
  1.955950419e-01  1.947875852e-01  1.939527782e-01  1.930911449e-01
  1.922030040e-01  1.912886725e-01  1.903486167e-01  1.893833363e-01
  1.883932783e-01  1.873789691e-01  1.863408936e-01  1.852794527e-01
  1.841948952e-01  1.830874003e-01  1.819571172e-01  1.808041601e-01
  1.796286742e-01  1.784307260e-01  1.772104350e-01  1.759679210e-01
  1.747031933e-01  1.734164039e-01  1.721075697e-01  1.707767146e-01
  1.694239819e-01  1.680492568e-01  1.666526490e-01  1.652339960e-01
  1.637933611e-01  1.623305423e-01  1.608454581e-01  1.593380288e-01
  1.578080068e-01  1.562553186e-01  1.546797322e-01  1.530810086e-01
  1.514589996e-01  1.498133823e-01  1.481438206e-01  1.464500843e-01
  1.447318178e-01  1.429886450e-01  1.412202575e-01  1.394264074e-01
  1.376067346e-01  1.357608868e-01  1.338884987e-01  1.319891986e-01
  1.300626075e-01  1.281082518e-01  1.261256429e-01  1.241142514e-01
  1.220735015e-01  1.200029082e-01  1.179019190e-01  1.157699023e-01
  1.136061812e-01  1.114099144e-01  1.091801706e-01  1.069159599e-01
  1.046159300e-01  1.022787552e-01  9.990297041e-02  9.748667385e-02
  9.502783223e-02  9.252147288e-02  8.995934092e-02  8.733225685e-02
  8.462833910e-02  8.183440438e-02  7.894032375e-02  7.594157463e-02
  7.283437851e-02  6.962236228e-02  6.631690812e-02  6.293599766e-02
  5.950306606e-02
@R ELONG 101 []
  1.295128942e+00  1.295136818e+00  1.295160447e+00  1.295183104e+00
  1.295175382e+00  1.295157645e+00  1.295138649e+00  1.295117273e+00
  1.295098034e+00  1.295078138e+00  1.295055832e+00  1.295032614e+00
  1.295011997e+00  1.294991981e+00  1.294971303e+00  1.294951631e+00
  1.294933429e+00  1.294917294e+00  1.294903408e+00  1.294892338e+00
  1.294884040e+00  1.294879772e+00  1.294880485e+00  1.294885730e+00
  1.294896095e+00  1.294912687e+00  1.294936377e+00  1.294967118e+00
  1.295005050e+00  1.295050430e+00  1.295103663e+00  1.295165780e+00
  1.295237642e+00  1.295319790e+00  1.295412461e+00  1.295516256e+00
  1.295631402e+00  1.295757979e+00  1.295896327e+00  1.296046842e+00
  1.296209764e+00  1.296385254e+00  1.296573716e+00  1.296775440e+00
  1.296990766e+00  1.297220012e+00  1.297463634e+00  1.297722051e+00
  1.297995534e+00  1.298284605e+00  1.298589663e+00  1.298911115e+00
  1.299249340e+00  1.299604846e+00  1.299978036e+00  1.300369349e+00
  1.300779337e+00  1.301208475e+00  1.301657337e+00  1.302126445e+00
  1.302616411e+00  1.303127889e+00  1.303661453e+00  1.304217754e+00
  1.304797617e+00  1.305401887e+00  1.306031356e+00  1.306686978e+00
  1.307369889e+00  1.308081313e+00  1.308822434e+00  1.309594513e+00
  1.310398966e+00  1.311237278e+00  1.312111021e+00  1.313021896e+00
  1.313971813e+00  1.314962828e+00  1.315997133e+00  1.317077085e+00
  1.318205237e+00  1.319384216e+00  1.320616814e+00  1.321906006e+00
  1.323254756e+00  1.324666368e+00  1.326144115e+00  1.327691213e+00
  1.329311224e+00  1.331004947e+00  1.332765581e+00  1.334584072e+00
  1.336446683e+00  1.338336955e+00  1.340244605e+00  1.342169035e+00
  1.344111737e+00  1.346097028e+00  1.348184645e+00  1.350455464e+00
  1.353009087e+00
@R TRIAG 101 []
  0.000000000e+00  3.101964329e-02  2.926687900e-02  2.751448644e-02
  2.575662858e-02  2.399060156e-02  2.221681044e-02  2.043542634e-02
  1.864426715e-02  1.684256801e-02  1.503089638e-02  1.320784945e-02
  1.137192574e-02  9.523756233e-03  7.662836744e-03  5.787196026e-03
  3.895837727e-03  1.988838678e-03  6.490806250e-05 -1.876257342e-03
 -3.835196502e-03 -5.812731917e-03 -7.809582032e-03 -9.826117567e-03
 -1.186297915e-02 -1.392099968e-02 -1.600061590e-02 -1.810246235e-02
 -2.022763283e-02 -2.237691609e-02 -2.455070754e-02 -2.674935728e-02
 -2.897338736e-02 -3.122308634e-02 -3.349886607e-02 -3.580147086e-02
 -3.813201437e-02 -4.049124803e-02 -4.287947973e-02 -4.529717809e-02
 -4.774478725e-02 -5.022298829e-02 -5.273250523e-02 -5.527405832e-02
 -5.784872158e-02 -6.045733071e-02 -6.310089999e-02 -6.578044429e-02
 -6.849671704e-02 -7.125113399e-02 -7.404468171e-02 -7.687854523e-02
 -7.975362538e-02 -8.267132100e-02 -8.563295620e-02 -8.863983778e-02
 -9.169350295e-02 -9.479536179e-02 -9.794718473e-02 -1.011508955e-01
 -1.044079365e-01 -1.077203173e-01 -1.110902547e-01 -1.145207299e-01
 -1.180143692e-01 -1.215736535e-01 -1.252012441e-01 -1.288998113e-01
 -1.326724036e-01 -1.365220771e-01 -1.404521875e-01 -1.444663332e-01
 -1.485683867e-01 -1.527623772e-01 -1.570526797e-01 -1.614441069e-01
 -1.659419661e-01 -1.705515256e-01 -1.752785125e-01 -1.801296220e-01
 -1.851123440e-01 -1.902350309e-01 -1.955059413e-01 -2.009340670e-01
 -2.065294373e-01 -2.123025201e-01 -2.182653869e-01 -2.244340197e-01
 -2.308259009e-01 -2.374558261e-01 -2.443178664e-01 -2.513927958e-01
 -2.586486531e-01 -2.660599671e-01 -2.736624831e-01 -2.815348422e-01
 -2.897381547e-01 -2.982722972e-01 -3.070551510e-01 -3.161648013e-01
 -3.258656569e-01
@R PMHD 101 []
  1.769732345e+06  1.769080595e+06  1.767127639e+06  1.763880358e+06
  1.759350179e+06  1.753553037e+06  1.746509289e+06  1.738243615e+06
  1.728784851e+06  1.718165888e+06  1.706423394e+06  1.693597528e+06
  1.679731643e+06  1.664872381e+06  1.649068364e+06  1.632371772e+06
  1.614833486e+06  1.596512562e+06  1.577463379e+06  1.557747717e+06
  1.537421203e+06  1.516542860e+06  1.495173754e+06  1.473370773e+06
  1.451190661e+06  1.428689355e+06  1.405921960e+06  1.382937473e+06
  1.359750436e+06  1.336364322e+06  1.312840958e+06  1.289297125e+06
  1.265826299e+06  1.242451882e+06  1.219160220e+06  1.195940765e+06
  1.172795415e+06  1.149738829e+06  1.126789415e+06  1.103964250e+06
  1.081280425e+06  1.058755883e+06  1.036412427e+06  1.014270631e+06
  9.923470065e+05  9.706625905e+05  9.492368214e+05  9.280822222e+05
  9.072067085e+05  8.866158123e+05  8.663141873e+05  8.463017666e+05
  8.265798809e+05  8.071486692e+05  7.880098794e+05  7.691669953e+05
  7.506218903e+05  7.323774607e+05  7.144311294e+05  6.967791600e+05
  6.794171108e+05  6.623368558e+05  6.455346459e+05  6.290146528e+05
  6.127826976e+05  5.968478488e+05  5.812248742e+05  5.659269458e+05
  5.509582929e+05  5.363188502e+05  5.220060055e+05  5.080130938e+05
  4.943322263e+05  4.809569416e+05  4.678811362e+05  4.550974469e+05
  4.425979041e+05  4.303740899e+05  4.184140549e+05  4.066994399e+05
  3.952036270e+05  3.838877209e+05  3.726913505e+05  3.615224277e+05
  3.502467516e+05  3.386737464e+05  3.265370592e+05  3.134680665e+05
  2.989979486e+05  2.825064876e+05  2.626782095e+05  2.381722703e+05
  2.090245531e+05  1.761928830e+05  1.412612949e+05  1.066895420e+05
  7.516654296e+04  4.875193075e+04  2.819034849e+04  1.343828608e+04
  7.548517331e+03
@R QMHD 101 []
  9.857398839e-01  9.857989327e-01  9.859767004e-01  9.862749909e-01
  9.866966143e-01  9.872450913e-01  9.879242437e-01  9.887376710e-01
  9.896881203e-01  9.907767398e-01  9.920022459e-01  9.933601014e-01
  9.948462286e-01  9.964606344e-01  9.982041323e-01  1.000078239e+00
  1.002084865e+00  1.004222182e+00  1.006488914e+00  1.008886069e+00
  1.011415666e+00  1.014078557e+00  1.016873918e+00  1.019803612e+00
  1.022868760e+00  1.026068313e+00  1.029404801e+00  1.032879158e+00
  1.036494676e+00  1.040255267e+00  1.044162598e+00  1.048214362e+00
  1.052410315e+00  1.056755192e+00  1.061253530e+00  1.065908724e+00
  1.070723981e+00  1.075703062e+00  1.080848781e+00  1.086165262e+00
  1.091657420e+00  1.097329248e+00  1.103185092e+00  1.109229158e+00
  1.115467552e+00  1.121904428e+00  1.128545257e+00  1.135396671e+00
  1.142464429e+00  1.149755407e+00  1.157275891e+00  1.165034259e+00
  1.173036703e+00  1.181292540e+00  1.189809980e+00  1.198598024e+00
  1.207666303e+00  1.217023453e+00  1.226680613e+00  1.236649302e+00
  1.246940664e+00  1.257566669e+00  1.268540915e+00  1.279876343e+00
  1.291586958e+00  1.303688272e+00  1.316195749e+00  1.329125522e+00
  1.342495603e+00  1.356325365e+00  1.370635485e+00  1.385447225e+00
  1.400783232e+00  1.416668924e+00  1.433129969e+00  1.450194334e+00
  1.467892611e+00  1.486258432e+00  1.505328038e+00  1.525140129e+00
  1.545734894e+00  1.567153329e+00  1.589437998e+00  1.612639246e+00
  1.636819314e+00  1.662051642e+00  1.688416090e+00  1.715997453e+00
  1.744883412e+00  1.775175086e+00  1.806904035e+00  1.840155082e+00
  1.875061593e+00  1.911695104e+00  1.950182644e+00  1.990643409e+00
  2.033298256e+00  2.078332154e+00  2.126185751e+00  2.177677867e+00
  2.234123459e+00
@R ER 101 []
  0.000000000e+00  0.000000000e+00  0.000000000e+00  0.000000000e+00
  0.000000000e+00  0.000000000e+00  0.000000000e+00  0.000000000e+00
  0.000000000e+00  0.000000000e+00  0.000000000e+00  0.000000000e+00
  0.000000000e+00  0.000000000e+00  0.000000000e+00  0.000000000e+00
  0.000000000e+00  0.000000000e+00  0.000000000e+00  0.000000000e+00
  0.000000000e+00  0.000000000e+00  0.000000000e+00  0.000000000e+00
  0.000000000e+00  0.000000000e+00  0.000000000e+00  0.000000000e+00
  0.000000000e+00  0.000000000e+00  0.000000000e+00  0.000000000e+00
  0.000000000e+00  0.000000000e+00  0.000000000e+00  0.000000000e+00
  0.000000000e+00  0.000000000e+00  0.000000000e+00  0.000000000e+00
  0.000000000e+00  0.000000000e+00  0.000000000e+00  0.000000000e+00
  0.000000000e+00  0.000000000e+00  0.000000000e+00  0.000000000e+00
  0.000000000e+00  0.000000000e+00  0.000000000e+00  0.000000000e+00
  0.000000000e+00  0.000000000e+00  0.000000000e+00  0.000000000e+00
  0.000000000e+00  0.000000000e+00  0.000000000e+00  0.000000000e+00
  0.000000000e+00  0.000000000e+00  0.000000000e+00  0.000000000e+00
  0.000000000e+00  0.000000000e+00  0.000000000e+00  0.000000000e+00
  0.000000000e+00  0.000000000e+00  0.000000000e+00  0.000000000e+00
  0.000000000e+00  0.000000000e+00  0.000000000e+00  0.000000000e+00
  0.000000000e+00  0.000000000e+00  0.000000000e+00  0.000000000e+00
  0.000000000e+00  0.000000000e+00  0.000000000e+00  0.000000000e+00
  0.000000000e+00  0.000000000e+00  0.000000000e+00  0.000000000e+00
  0.000000000e+00  0.000000000e+00  0.000000000e+00  0.000000000e+00
  0.000000000e+00  0.000000000e+00  0.000000000e+00  0.000000000e+00
  0.000000000e+00  0.000000000e+00  0.000000000e+00  0.000000000e+00
  0.000000000e+00
@R NC1 101 []
  9.985000475e-01  9.385436688e-01  9.154281834e-01  8.985074636e-01
  8.847564068e-01  8.730097700e-01  8.626726296e-01  8.533929035e-01
  8.449427803e-01  8.371646139e-01  8.299438842e-01  8.231947558e-01
  8.168505708e-01  8.108581691e-01  8.051744612e-01  7.997653471e-01
  7.946004621e-01  7.896562741e-01  7.849112978e-01  7.803482904e-01
  7.759506678e-01  7.717047741e-01  7.675991487e-01  7.636226918e-01
  7.597656901e-01  7.560196305e-01  7.523771739e-01  7.488321605e-01
  7.453790988e-01  7.420122715e-01  7.387256906e-01  7.355139584e-01
  7.323725364e-01  7.292976334e-01  7.262861770e-01  7.233356714e-01
  7.204438632e-01  7.176081453e-01  7.148259218e-01  7.120948602e-01
  7.094125398e-01  7.067766841e-01  7.041855234e-01  7.016371465e-01
  6.991294484e-01  6.966609915e-01  6.942300630e-01  6.918351021e-01
  6.894749649e-01  6.871481218e-01  6.848538062e-01  6.825906455e-01
  6.803577298e-01  6.781540969e-01  6.759787692e-01  6.738307399e-01
  6.717090827e-01  6.696130287e-01  6.675416474e-01  6.654942307e-01
  6.634701087e-01  6.614686357e-01  6.594891287e-01  6.575308311e-01
  6.555929450e-01  6.536745384e-01  6.517746599e-01  6.498925822e-01
  6.480274610e-01  6.461786100e-01  6.443454752e-01  6.425274370e-01
  6.407240321e-01  6.389347019e-01  6.371587640e-01  6.353956941e-01
  6.336447988e-01  6.319052124e-01  6.301763897e-01  6.284577238e-01
  6.267488092e-01  6.250495768e-01  6.233599366e-01  6.216809644e-01
  6.200135472e-01  6.183579921e-01  6.167164344e-01  6.150903047e-01
  6.134884541e-01  6.119316154e-01  6.104438444e-01  6.090514894e-01
  6.077692497e-01  6.065844056e-01  6.054503035e-01  6.043296944e-01
  6.031799286e-01  6.019231779e-01  6.004455708e-01  5.986425818e-01
  5.964907110e-01
@R HFAC1 101 []
  1.000000000e+00  9.976217232e-01  9.952451722e-01  9.928703438e-01
  9.904972933e-01  9.881261839e-01  9.857570257e-01  9.833897458e-01
  9.810244107e-01  9.786610161e-01  9.762994677e-01  9.739397842e-01
  9.715818871e-01  9.692256282e-01  9.668708542e-01  9.645175993e-01
  9.621652468e-01  9.598141277e-01  9.574638259e-01  9.551146066e-01
  9.527658569e-01  9.504174923e-01  9.480695751e-01  9.457216536e-01
  9.433734334e-01  9.410247180e-01  9.386754437e-01  9.363256994e-01
  9.339756602e-01  9.316251671e-01  9.292736585e-01  9.269205714e-01
  9.245655203e-01  9.222083690e-01  9.198492944e-01  9.174886361e-01
  9.151266548e-01  9.127633981e-01  9.103988382e-01  9.080329797e-01
  9.056656791e-01  9.032967104e-01  9.009261673e-01  8.985539943e-01
  8.961798043e-01  8.938037074e-01  8.914255380e-01  8.890450904e-01
  8.866625104e-01  8.842775392e-01  8.818904674e-01  8.795010474e-01
  8.771094705e-01  8.747156293e-01  8.723195279e-01  8.699210721e-01
  8.675201266e-01  8.651168049e-01  8.627108970e-01  8.603023830e-01
  8.578913884e-01  8.554778429e-01  8.530616564e-01  8.506427752e-01
  8.482209823e-01  8.457959003e-01  8.433671041e-01  8.409343825e-01
  8.384973969e-01  8.360558535e-01  8.336095555e-01  8.311583240e-01
  8.287020373e-01  8.262404536e-01  8.237732342e-01  8.213001042e-01
  8.188206548e-01  8.163343887e-01  8.138408891e-01  8.113397356e-01
  8.088306832e-01  8.063138362e-01  8.037893714e-01  8.012582928e-01
  7.987217197e-01  7.961802375e-01  7.936355340e-01  7.910901532e-01
  7.885534971e-01  7.860489856e-01  7.836075527e-01  7.812575644e-01
  7.790117449e-01  7.768564091e-01  7.747449185e-01  7.726316374e-01
  7.704692725e-01  7.681734090e-01  7.656083767e-01  7.626578002e-01
  7.592935947e-01
@R HFAC2 101 []
  1.000000000e+00  9.952519191e-01  9.905241645e-01  9.858166240e-01
  9.811293033e-01  9.764624180e-01  9.718158797e-01  9.671894374e-01
  9.625831143e-01  9.579967954e-01  9.534301903e-01  9.488832285e-01
  9.443556515e-01  9.398470708e-01  9.353570922e-01  9.308856789e-01
  9.264315602e-01  9.219952673e-01  9.175759235e-01  9.131739318e-01
  9.087880509e-01  9.044180374e-01  9.000639224e-01  8.957247845e-01
  8.913999998e-01  8.870891309e-01  8.827919913e-01  8.785086904e-01
  8.742394948e-01  8.699840471e-01  8.657412449e-01  8.615099920e-01
  8.572895343e-01  8.530795878e-01  8.488804434e-01  8.446926832e-01
  8.405167492e-01  8.363526859e-01  8.322003947e-01  8.280598377e-01
  8.239307151e-01  8.198125910e-01  8.157055888e-01  8.116095664e-01
  8.075238119e-01  8.034484802e-01  7.993832452e-01  7.953277229e-01
  7.912821331e-01  7.872460062e-01  7.832198133e-01  7.792031120e-01
  7.751961956e-01  7.711988620e-01  7.672110896e-01  7.632326873e-01
  7.592634086e-01  7.553034114e-01  7.513523221e-01  7.474100911e-01
  7.434768964e-01  7.395526056e-01  7.356370533e-01  7.317301139e-01
  7.278313986e-01  7.239402580e-01  7.200559672e-01  7.161781506e-01
  7.123062304e-01  7.084397150e-01  7.045782832e-01  7.007216339e-01
  6.968695603e-01  6.930216686e-01  6.891774063e-01  6.853363290e-01
  6.814977729e-01  6.776609287e-01  6.738251346e-01  6.699897245e-01
  6.661543199e-01  6.623191162e-01  6.584844265e-01  6.546519295e-01
  6.508235136e-01  6.470001842e-01  6.431847150e-01  6.393811227e-01
  6.356043049e-01  6.318918267e-01  6.282932531e-01  6.248537981e-01
  6.215935448e-01  6.184903355e-01  6.154692527e-01  6.124574623e-01
  6.093800676e-01  6.061017261e-01  6.024045709e-01  5.981048925e-01
  5.931623928e-01
