&INSTATE
  DENSITY_MODEL = 1 
  MODEL_SHAPE = 0 
  NBDRY = 15 
  USE_INPED = 0 
  R0 = 4.55 
  A0 = 1.2 
  KAPPA = 1.4 
  DELTA = -0.5 
  B0 = 11.0 
  IP = 10.0 
  N_ION = 2 
  Z_ION = 1 1 
  A_ION = 2 3 
  F_ION = 0.5 0.5 
  N_IMP = 3 
  Z_IMP = 74 36 2 
  A_IMP = 184 84 3 
  F_IMP = 1.5e-05 0.0011 0.02 
  N_MIN = 0 
  Z_MIN = 1 
  A_MIN = 1 
  N_BEAM = 1 
  Z_BEAM = 1 
  A_BEAM = 2 
  N_FUSION = 1 
  Z_FUSION = 2 
  A_FUSION = 4 
  NRHO = 101 
  NE_AXIS = 27.6 
  NE_PED = 14.424 
  NE_SEP = 9.0 
  NE_ALPHA = 1.5 
  NE_BETA = 1.1 
  NE_FIT = 1 
  NE_XMID = 0.975 
  NE_XWID = 0.05 
  TE_AXIS = 18.8 
  TE_PED = 3.7455 
  TE_SEP = 0.08 
  TE_ALPHA = 1.5 
  TE_BETA = 1.5 
  TE_FIT = 1 
  TE_XMID = 0.975 
  TE_XWID = 0.05 
  TI_AXIS = 19.0 
  TI_PED = 3.7455 
  TI_SEP = 0.08 
  TI_ALPHA = 1.5 
  TI_BETA = 1.5 
  TI_FIT = 1 
  TI_XMID = 0.975 
  TI_XWID = 0.05 
  ZEFF_AXIS = 2.0 
  OMEGA_AXIS = 5000.0 
  OMEGA_SEP = 0.0 
  OMEGA_ALPHA = 1.5 
  OMEGA_BETA = 1.5 
  JPAR_AXIS = 1.0 
  JPAR_SEP = 0.05 
  JPAR_ALPHA = 2.0 
  JPAR_BETA = 1.0 
  NBEAM_AXIS = 0.0 
  NBEAM_SEP = 0.0 
  NBEAM_ALPHA = 1.5 
  NBEAM_BETA = 1.5 
  TBEAMI = 20.0 20.0 20.0 20.0 20.0 20.0 20.0 20.0 20.0 20.0 20.0 20.0  
    20.0 20.0 20.0 20.0 20.0 20.0 20.0 20.0 20.0 20.0 20.0 20.0 20.0  
    20.0 20.0 20.0 20.0 20.0 20.0 20.0 20.0 20.0 20.0 20.0 20.0 20.0  
    20.0 20.0 20.0 20.0 20.0 20.0 20.0 20.0 20.0 20.0 20.0 20.0 20.0  
    20.0 20.0 20.0 20.0 20.0 20.0 20.0 20.0 20.0 20.0 20.0 20.0 20.0  
    20.0 20.0 20.0 20.0 20.0 20.0 20.0 20.0 20.0 20.0 20.0 20.0 20.0  
    20.0 20.0 20.0 20.0 20.0 20.0 20.0 20.0 20.0 20.0 20.0 20.0 20.0  
    20.0 20.0 20.0 20.0 20.0 20.0 20.0 20.0 20.0 20.0 20.0 
  BETAN_PED = -1.0 
  XMID = 0.975 
  XWID = 0.05 
  PRESSURE_MODEL = 'full' 
  H98_TARGET = 0.8 
  BETAN_TARGET = 1.25 
  BETAN_BEAM_TARGET = 0.0 
  CURRENT_MODEL = 'broad' 
  RHO_JBDRY = 0.85 
  RHO_JPEAK = 0.65 
  JAXIS = 0.6 
  JAXIS_PRIME = 1.0 
  JBDRY_PRIME = -1.0 
  RBDRY = 5.75 5.717889612279765 5.599231274196216 5.333894952548324  
    4.862048988436734 4.215741544340384 3.606248672667517  
    3.3499999999999996 3.606248672667517 4.215741544340384  
    4.862048988436735 5.333894952548324 5.599231274196216  
    5.717889612279765 5.75 
  ZBDRY = 0.0 0.7289246817174976 1.3134768905462901 1.6378788924654637  
    1.6378788924654637 1.3134768905462901 0.7289246817174978  
    2.0574066225675533e-16 -0.7289246817174975 -1.31347689054629  
    -1.6378788924654637 -1.6378788924654637 -1.3134768905462901  
    -0.728924681717498 0.0 
  NLIM = 5 
  RLIM = 6.0 3.5 3.5 6.0 6.0 
  ZLIM = 1.93 1.93 -1.93 -1.93 1.93 
  NE = 26.62041867010047 26.61897048888675 26.61462641792473  
    26.607387874994703 26.59725722220695 26.584237764717074  
    26.568333748928904 26.549550360186213 26.52789371995513  
    26.5033708824993 26.475989831050352 26.445759473476617  
    26.41268963745332 26.376791065137958 26.338075407354907  
    26.296555217293626 26.252243943725265 26.205155923742804  
    26.15530637503019 26.10271138766632 26.04738791547008  
    25.989353766892854 25.928627595465525 25.86522888980695  
    25.79917796320155 25.730495942753738 25.659204758127295  
    25.585327129878152 25.508886557389186 25.42990730641605  
    25.34841439625328 25.261323850066066 25.16744845962178  
    25.069658954386238 24.970826063825236 24.87382051740458  
    24.782329414394187 24.696898303593613 24.615685588763135  
    24.536849673663035 24.458548962053584 24.378891564979078  
    24.297747017627444 24.21591585997439 24.13419863199566  
    24.053395873666958 23.97515629681403 23.899780743029368  
    23.826047946938807 23.7527366431682 23.678625566343378  
    23.60227970649245 23.522463757734034 23.43825601082975  
    23.34873475654122 23.25297828563006 23.15008836187229  
    23.039301263767005 22.919897054160458 22.791155795898906  
    22.652357551828594 22.50272637534196 22.342289184253033  
    22.171530338040448 21.99093419618284 21.800985118158863  
    21.603786165391245 21.40165287948927 21.195388340211355  
    20.985795627315937 20.773677820561453 20.55891099892406  
    20.340886072455014 20.11967836752537 19.895363210506193  
    19.66801592776853 19.437916647740057 19.205402799115614  
    18.970635658667007 18.73377650316605 18.494986609384547  
    18.254357822005293 18.01186317635354 17.767485735164797  
    17.521208561174593 17.27301471711843 17.02181592678576  
    16.76744230124845 16.511254484165633 16.25461311919644 15.99887885  
    15.8129144 15.60459306 15.34857328 14.994584959999992  
    14.453942009999992 13.6089121 12.4051874 11.0162713 9.804787057  
    8.99534321 
  TE = 22.323293559215024 22.316435380581076 22.29587348393825  
    22.261645748249084 22.2138151759029 22.152469699476505  
    22.077721912361845 21.989708724415777 21.88859094410591  
    21.774552788937655 21.64780132624862 21.50856584674626  
    21.357097173441456 21.193666908892887 21.018566623923768  
    20.83210699120174 20.634616867284098 20.4264423269224  
    20.20794565359245 19.979504290366524 19.74150975537398  
    19.494366526203905 19.238490897688145 18.97430981756544  
    18.702259704566856 18.422785253479635 18.136338231740968  
    17.843376272085525 17.54436166572115 17.23976016043677  
    16.930039767955655 16.6174945780078 16.30453113554367  
    15.991787123910516 15.679900226455619 15.369508126526236  
    15.063083267077776 14.762573821519686 14.467831068880303  
    14.17870628818797 13.895050758471015 13.615083487381142  
    13.33724798379882 13.06173227859556 12.788724402642872  
    12.518412386812265 12.25289456084456 11.994023047754972  
    11.741616568326611 11.495493843342578 11.255473593585982  
    11.020184432171414 10.788221584027161 10.559353687656868  
    10.333349381564188 10.109977304252764 9.889836183975772  
    9.673714750818293 9.461666646031839 9.253745510867926  
    9.05000498657807 8.849992072010867 8.653343808151641  
    8.460248899456998 8.270896050383545 8.085473965387886  
    7.9047406320219284 7.729257020715942 7.558916310244077  
    7.393611679380483 7.233236306899312 7.0773290547330205  
    6.925318166823001 6.776930894956801 6.631894490921975  
    6.48993620650607 6.350900383586077 6.214655024610611  
    6.080962872224655 5.949586669073197 5.8202891578012235  
    5.692681416215424 5.566484040533963 5.4416240510190335  
    5.3180284679328285 5.195624311537543 5.075293690624219  
    4.957299745490984 4.840641043660655 4.724316152656055 4.60732364  
    4.492639526 4.372548958 4.233518305 4.044663160999996  
    3.7419931569999942 3.221569572 2.406970787 1.42627287 0.5996588162  
    0.09664111306 
  TI = 30.076049347138486 30.06110395043694 30.016312305590127  
    29.94180782716372 29.83781213694531 29.704633965578658  
    29.54266762553667 29.352391066003545 29.134363523094628  
    28.889222781581356 28.617682066884697 28.32052658853097  
    27.998609758509037 27.65284911000848 27.28422194383858  
    26.893760731413423 26.482548304528002 26.051712863234588  
    25.602422833951547 25.13588161049476 24.653322211013407  
    24.156001883839078 23.645196695024076 23.12219612985788  
    22.588297739919273 22.04480186625695 21.49300646810657  
    20.934202085162692 20.369666959846676 19.80066234426469  
    19.228428014653048 18.66155924242574 18.10838851513114  
    17.56974274773076 17.046448855186114 16.5393337524587  
    16.05209841522343 15.586833218910076 15.14194917811244  
    14.715857307424328 14.306968621439543 13.910850347192998  
    13.524608975539207 13.148964416801375 12.784636581302713  
    12.432345379366431 12.096470113194284 11.779692563685376  
    11.480186359208934 11.196125128134186 10.925682498830357  
    10.665260101156967 10.41214878200333 10.165855995283357  
    9.925889194910958 9.69175583480005 9.46455195076481  
    9.24549788288573 9.034287541476209 8.83061483684964  
    8.634173679319419 8.443974641032417 8.259202202997626  
    8.079811138821608 7.905756222110923 7.736992226472137  
    7.57405974482623 7.41724453914256 7.266119136600252  
    7.1202560643784345 6.979227849656234 6.842249298567578  
    6.708584357933162 6.577879265962271 6.449780260864185  
    6.323933580848188 6.2001375507004095 6.078312185247009  
    5.958286257757315 5.839888541500653 5.722947809746349  
    5.607221509920554 5.492546300524753 5.378869771441275  
    5.26613951255245 5.154303113740607 5.043921700039235  
    4.935135547621957 4.827260973081304 4.719614293009808 4.611511824  
    4.495426815 4.374085922 4.234043967 4.044560571999996  
    3.741797388999994 3.2217276 2.407293842 1.426164137 0.5993649464  
    0.0968572034 
  OMEGA = 4992.501875 4992.501875 4978.801804 4961.079526 4940.12016  
    4916.382264 4890.178959 4861.74318 4831.258024 4798.873089  
    4764.714177 4728.889466 4691.493659 4652.610886 4612.316799  
    4570.680145 4527.763951 4483.626454 4438.321832 4391.900796  
    4344.411068 4295.897774 4246.403778 4195.969955 4144.635428  
    4092.437767 4039.413164 3985.596584 3931.021896 3875.721988  
    3819.72887 3763.073767 3705.787199 3647.899055 3589.43866  
    3530.4348369999993 3470.91596 3410.910006 3350.444605 3289.54708  
    3228.244492 3166.5636739999995 3104.531273 3042.173783 2979.517575  
    2916.588934 2853.414088 2790.0192379999994 2726.430588 2662.674375  
    2598.776897 2534.764544 2470.663824 2406.501396 2342.304099  
    2278.098979 2213.913327 2149.7747069999996 2085.710992 2021.750397  
    1957.921519 1894.253376 1830.775447 1767.517715 1704.510722  
    1641.785608 1579.374179 1517.308956 1455.623246 1394.3512129999992  
    1333.5279519999992 1273.18958 1213.373329 1154.117653 1095.462349  
    1037.448686 980.1195629 923.5196753 867.6957162 812.6966008  
    758.5737302 705.3812976 653.1766491999995 602.0207127999994  
    551.9785103 503.1197796 455.5197357 409.2600162 364.4298727  
    321.1276991 279.4630303 239.55922 201.557126 165.620359  
    131.94307479999964 100.76217029999968 72.37775876 47.19105135  
    25.78549737 9.151104569 -2.470912364e-12 
  ZEFF = 2.5070300000000003 2.5070300000000003 2.50703  
    2.5070300000000003 2.5070300000000003 2.5070300000000003  
    2.5070300000000003 2.50703 2.5070300000000003 2.50703 2.50703  
    2.5070300000000003 2.50703 2.5070300000000003 2.50703 2.50703  
    2.5070300000000003 2.50703 2.5070300000000003 2.5070300000000003  
    2.50703 2.5070300000000003 2.5070300000000003 2.50703  
    2.5070300000000003 2.5070300000000003 2.5070300000000003  
    2.5070300000000003 2.5070300000000003 2.50703 2.50703 2.50703  
    2.50703 2.5070300000000003 2.5070300000000003 2.5070300000000003  
    2.50703 2.5070300000000003 2.5070300000000003 2.5070300000000003  
    2.50703 2.5070300000000003 2.50703 2.5070300000000003 2.50703  
    2.5070300000000003 2.5070300000000003 2.50703 2.5070300000000003  
    2.5070300000000003 2.50703 2.50703 2.5070300000000003  
    2.5070300000000003 2.50703 2.5070300000000003 2.5070300000000003  
    2.50703 2.5070300000000003 2.5070300000000003 2.5070300000000003  
    2.5070300000000003 2.5070300000000003 2.50703 2.5070300000000003  
    2.5070300000000003 2.50703 2.50703 2.50703 2.5070300000000003  
    2.50703 2.50703 2.5070300000000003 2.50703 2.5070300000000003  
    2.50703 2.50703 2.50703 2.50703 2.5070300000000003 2.50703  
    2.5070300000000003 2.50703 2.50703 2.50703 2.5070300000000003  
    2.50703 2.5070300000000003 2.50703 2.5070300000000003  
    2.5070299999999994 2.50703 2.50703 2.5070300000000003 2.50703  
    2.5070300000000003 2.5070300000000003 2.50703 2.5070300000000003  
    2.50703 2.5070300000000003 
  J_OH = 0.0 0.0 0.0 0.0 0.0 0.0 0.0 0.0 0.0 0.0 0.0 0.0 0.0 0.0 0.0  
    0.0 0.0 0.0 0.0 0.0 0.0 0.0 0.0 0.0 0.0 0.0 0.0 0.0 0.0 0.0 0.0 0.0  
    0.0 0.0 0.0 0.0 0.0 0.0 0.0 0.0 0.0 0.0 0.0 0.0 0.0 0.0 0.0 0.0 0.0  
    0.0 0.0 0.0 0.0 0.0 0.0 0.0 0.0 0.0 0.0 0.0 0.0 0.0 0.0 0.0 0.0 0.0  
    0.0 0.0 0.0 0.0 0.0 0.0 0.0 0.0 0.0 0.0 0.0 0.0 0.0 0.0 0.0 0.0 0.0  
    0.0 0.0 0.0 0.0 0.0 0.0 0.0 0.0 0.0 0.0 0.0 0.0 0.0 0.0 0.0 0.0 0.0  
    0.0 
  J_BS = 66996.87082437011 100495.30623655517 164722.71156488548  
    218462.3313601773 260560.11224276383 296456.9682418526  
    328573.01374842034 358078.87624376913 385588.71768689336  
    411448.0807059422 435882.7005486079 459072.68542623415  
    481140.10242993274 502130.0751020119 522037.69187323033  
    540839.0438309454 558522.8034726968 575099.1934018268  
    590576.4376665759 604953.467713064 618231.6212692477  
    630418.7889250225 641522.9506294887 651547.2554711025  
    660492.3154809646 668352.702990867 675115.1841434143  
    680775.68763434 685349.3605492518 688860.8444637597  
    692361.469866599 694653.3362494458 691686.044719558  
    681987.0657598001 666211.954132817 642860.5309665316  
    613611.2325125895 585556.031011182 562095.2074068411  
    542850.2982566479 528798.508259357 519312.6833595204  
    510481.3509387498 500228.44905624865 488653.98626750894  
    473770.2597003481 454884.44276364363 436012.9514819277  
    419752.48635224 405957.40278220223 395480.35353610007  
    388905.7928190465 384725.87213857943 381728.9191256329  
    379835.3136625592 378283.3236141526 376153.9069134751  
    373837.5578096852 371904.8011754771 370325.5933095127  
    369447.4931601812 369218.1394143329 368667.7189961987  
    367270.898578279 365087.33354076464 361235.82994548994  
    354946.6334937468 347380.89002643817 339582.7393481317  
    331597.1821531104 323978.47430407366 317435.59960456006  
    311712.4747931453 306374.9345518972 301418.4315066874  
    296701.5723287751 292038.12049456435 287493.9872427178  
    283181.81676123297 279100.27809746796 275336.97671687853  
    271951.4817526594 268810.24638939474 265807.35267532285  
    262939.997590759 260001.08804771616 256864.41487709887  
    253862.90086503493 251257.84316000255 249069.42779920215  
    231954.0445385296 223356.253129374 251265.37774218456  
    318843.70060861675 461974.70520372485 714127.455487637  
    1024583.6522163912 1174527.599091746 966739.0832687613  
    520830.9632483745 36010.51767563512 
  J_NB = 0.0 0.0 0.0 0.0 0.0 0.0 0.0 0.0 0.0 0.0 0.0 0.0 0.0 0.0 0.0  
    0.0 0.0 0.0 0.0 0.0 0.0 0.0 0.0 0.0 0.0 0.0 0.0 0.0 0.0 0.0 0.0 0.0  
    0.0 0.0 0.0 0.0 0.0 0.0 0.0 0.0 0.0 0.0 0.0 0.0 0.0 0.0 0.0 0.0 0.0  
    0.0 0.0 0.0 0.0 0.0 0.0 0.0 0.0 0.0 0.0 0.0 0.0 0.0 0.0 0.0 0.0 0.0  
    0.0 0.0 0.0 0.0 0.0 0.0 0.0 0.0 0.0 0.0 0.0 0.0 0.0 0.0 0.0 0.0 0.0  
    0.0 0.0 0.0 0.0 0.0 0.0 0.0 0.0 0.0 0.0 0.0 0.0 0.0 0.0 0.0 0.0 0.0  
    0.0 
  J_EC = 0.0 0.0 0.0 0.0 0.0 0.0 0.0 0.0 0.0 0.0 0.0 0.0 0.0 0.0 0.0  
    0.0 0.0 0.0 0.0 0.0 0.0 0.0 0.0 0.0 0.0 0.0 0.0 0.0 0.0 0.0 0.0 0.0  
    0.0 0.0 0.0 0.0 0.0 0.0 0.0 0.0 0.0 0.0 0.0 0.0 0.0 0.0 0.0 0.0 0.0  
    0.0 0.0 0.0 0.0 0.0 0.0 0.0 0.0 0.0 0.0 0.0 0.0 0.0 0.0 0.0 0.0 0.0  
    0.0 0.0 0.0 0.0 0.0 0.0 0.0 0.0 0.0 0.0 0.0 0.0 0.0 0.0 0.0 0.0 0.0  
    0.0 0.0 0.0 0.0 0.0 0.0 0.0 0.0 0.0 0.0 0.0 0.0 0.0 0.0 0.0 0.0 0.0  
    0.0 
  J_IC = 0.0 0.0 0.0 0.0 0.0 0.0 0.0 0.0 0.0 0.0 0.0 0.0 0.0 0.0 0.0  
    0.0 0.0 0.0 0.0 0.0 0.0 0.0 0.0 0.0 0.0 0.0 0.0 0.0 0.0 0.0 0.0 0.0  
    0.0 0.0 0.0 0.0 0.0 0.0 0.0 0.0 0.0 0.0 0.0 0.0 0.0 0.0 0.0 0.0 0.0  
    0.0 0.0 0.0 0.0 0.0 0.0 0.0 0.0 0.0 0.0 0.0 0.0 0.0 0.0 0.0 0.0 0.0  
    0.0 0.0 0.0 0.0 0.0 0.0 0.0 0.0 0.0 0.0 0.0 0.0 0.0 0.0 0.0 0.0 0.0  
    0.0 0.0 0.0 0.0 0.0 0.0 0.0 0.0 0.0 0.0 0.0 0.0 0.0 0.0 0.0 0.0 0.0  
    0.0 
  J_LH = 0.0 0.0 0.0 0.0 0.0 0.0 0.0 0.0 0.0 0.0 0.0 0.0 0.0 0.0 0.0  
    0.0 0.0 0.0 0.0 0.0 0.0 0.0 0.0 0.0 0.0 0.0 0.0 0.0 0.0 0.0 0.0 0.0  
    0.0 0.0 0.0 0.0 0.0 0.0 0.0 0.0 0.0 0.0 0.0 0.0 0.0 0.0 0.0 0.0 0.0  
    0.0 0.0 0.0 0.0 0.0 0.0 0.0 0.0 0.0 0.0 0.0 0.0 0.0 0.0 0.0 0.0 0.0  
    0.0 0.0 0.0 0.0 0.0 0.0 0.0 0.0 0.0 0.0 0.0 0.0 0.0 0.0 0.0 0.0 0.0  
    0.0 0.0 0.0 0.0 0.0 0.0 0.0 0.0 0.0 0.0 0.0 0.0 0.0 0.0 0.0 0.0 0.0  
    0.0 
  PE_NB = 0.0 0.0 0.0 0.0 0.0 0.0 0.0 0.0 0.0 0.0 0.0 0.0 0.0 0.0 0.0  
    0.0 0.0 0.0 0.0 0.0 0.0 0.0 0.0 0.0 0.0 0.0 0.0 0.0 0.0 0.0 0.0 0.0  
    0.0 0.0 0.0 0.0 0.0 0.0 0.0 0.0 0.0 0.0 0.0 0.0 0.0 0.0 0.0 0.0 0.0  
    0.0 0.0 0.0 0.0 0.0 0.0 0.0 0.0 0.0 0.0 0.0 0.0 0.0 0.0 0.0 0.0 0.0  
    0.0 0.0 0.0 0.0 0.0 0.0 0.0 0.0 0.0 0.0 0.0 0.0 0.0 0.0 0.0 0.0 0.0  
    0.0 0.0 0.0 0.0 0.0 0.0 0.0 0.0 0.0 0.0 0.0 0.0 0.0 0.0 0.0 0.0 0.0  
    0.0 
  PE_EC = 0.0 0.0 0.0 0.0 0.0 0.0 0.0 0.0 0.0 0.0 0.0 0.0 0.0 0.0 0.0  
    0.0 0.0 0.0 0.0 0.0 0.0 0.0 0.0 0.0 0.0 0.0 0.0 0.0 0.0 0.0 0.0 0.0  
    0.0 0.0 0.0 0.0 0.0 0.0 0.0 0.0 0.0 0.0 0.0 0.0 0.0 0.0 0.0 0.0 0.0  
    0.0 0.0 0.0 0.0 0.0 0.0 0.0 0.0 0.0 0.0 0.0 0.0 0.0 0.0 0.0 0.0 0.0  
    0.0 0.0 0.0 0.0 0.0 0.0 0.0 0.0 0.0 0.0 0.0 0.0 0.0 0.0 0.0 0.0 0.0  
    0.0 0.0 0.0 0.0 0.0 0.0 0.0 0.0 0.0 0.0 0.0 0.0 0.0 0.0 0.0 0.0 0.0  
    0.0 
  PE_IC = 0.0 0.0 0.0 0.0 0.0 0.0 0.0 0.0 0.0 0.0 0.0 0.0 0.0 0.0 0.0  
    0.0 0.0 0.0 0.0 0.0 0.0 0.0 0.0 0.0 0.0 0.0 0.0 0.0 0.0 0.0 0.0 0.0  
    0.0 0.0 0.0 0.0 0.0 0.0 0.0 0.0 0.0 0.0 0.0 0.0 0.0 0.0 0.0 0.0 0.0  
    0.0 0.0 0.0 0.0 0.0 0.0 0.0 0.0 0.0 0.0 0.0 0.0 0.0 0.0 0.0 0.0 0.0  
    0.0 0.0 0.0 0.0 0.0 0.0 0.0 0.0 0.0 0.0 0.0 0.0 0.0 0.0 0.0 0.0 0.0  
    0.0 0.0 0.0 0.0 0.0 0.0 0.0 0.0 0.0 0.0 0.0 0.0 0.0 0.0 0.0 0.0 0.0  
    0.0 
  PE_LH = 0.0 0.0 0.0 0.0 0.0 0.0 0.0 0.0 0.0 0.0 0.0 0.0 0.0 0.0 0.0  
    0.0 0.0 0.0 0.0 0.0 0.0 0.0 0.0 0.0 0.0 0.0 0.0 0.0 0.0 0.0 0.0 0.0  
    0.0 0.0 0.0 0.0 0.0 0.0 0.0 0.0 0.0 0.0 0.0 0.0 0.0 0.0 0.0 0.0 0.0  
    0.0 0.0 0.0 0.0 0.0 0.0 0.0 0.0 0.0 0.0 0.0 0.0 0.0 0.0 0.0 0.0 0.0  
    0.0 0.0 0.0 0.0 0.0 0.0 0.0 0.0 0.0 0.0 0.0 0.0 0.0 0.0 0.0 0.0 0.0  
    0.0 0.0 0.0 0.0 0.0 0.0 0.0 0.0 0.0 0.0 0.0 0.0 0.0 0.0 0.0 0.0 0.0  
    0.0 
  PE_FUS = 2013882.5931492993 2014582.2542765823 2016610.856393123  
    2019865.357787198 2024245.6664106078 2029654.0579568495  
    2035895.448801945 2042371.847280959 2048360.7330143542  
    2053097.9219450783 2055755.7256885096 2053472.0728026247  
    2044576.787453075 2029985.6709763447 2010855.9707614272  
    1988826.8981964642 1964880.764583881 1938660.780849557  
    1910341.0917168262 1880188.1552936027 1848572.5997953995  
    1815394.2943377388 1780342.377309301 1743561.7359228793  
    1705204.7889956813 1665430.4718263808 1624904.9759745244  
    1584088.1120411234 1542828.1667249338 1500966.0173118673  
    1458334.9806435597 1414552.9811755838 1369554.6148653356  
    1323640.3671408375 1277106.1725208424 1230241.4627374567  
    1183722.8111252119 1138005.9456273415 1093040.981555915  
    1048775.1411723974 1005152.6517593205 961839.4924455653  
    918717.6435263375 876053.0643488867 834108.9621309431  
    793142.3750810202 753799.9948773347 716458.6532236281  
    680954.9361278017 647115.6428073661 614760.5917830709  
    583511.533271547 553098.7582165776 523502.04195698845  
    494702.1875076121 466681.27545230155 439581.79960847396  
    413552.44283370837 388582.47025430226 364657.1171128975  
    341757.9879797514 319799.4955995155 298738.7069846728  
    278610.38196232705 259438.60538313916 241237.48148734606  
    224091.0381962061 208044.42260417173 193044.10907022355  
    179034.55124726653 165959.30320107445 153725.26092010457  
    142244.46739191707 131469.84421410435 121356.79399885329  
    111863.34755718449 102960.20125311767 94625.19511056508  
    86829.66976743583 79545.80713120474 72746.72309500276  
    66403.40386252585 60490.68499571568 54988.447862996516  
    49876.93772986942 45136.80185543917 40760.5913877839  
    36731.84619606075 33020.42698027745 29599.31465914503  
    26444.458751208254 23602.31799029752 20839.36644848637  
    17918.768878916966 14450.28416730189 10015.042428006056  
    4929.875071262119 1184.778909595895 70.93082664913328  
    0.23550239801640416 1.5050523253684064e-09 
  PE_IONIZATION = 0.0 0.0 0.0 0.0 0.0 0.0 0.0 0.0 0.0 0.0 0.0 0.0 0.0  
    0.0 0.0 0.0 0.0 0.0 0.0 0.0 0.0 0.0 0.0 0.0 0.0 0.0 0.0 0.0 0.0 0.0  
    0.0 0.0 0.0 0.0 0.0 0.0 0.0 0.0 0.0 0.0 0.0 0.0 0.0 0.0 0.0 0.0 0.0  
    0.0 0.0 0.0 0.0 0.0 0.0 0.0 0.0 0.0 0.0 0.0 0.0 0.0 0.0 0.0 0.0 0.0  
    0.0 0.0 0.0 0.0 0.0 0.0 0.0 0.0 0.0 0.0 0.0 0.0 0.0 0.0 0.0 0.0 0.0  
    0.0 0.0 0.0 0.0 0.0 0.0 0.0 0.0 0.0 0.0 0.0 0.0 0.0 0.0 0.0 0.0 0.0  
    0.0 0.0 0.0 
  P_RAD = 0.0 0.0 0.0 0.0 0.0 0.0 0.0 0.0 0.0 0.0 0.0 0.0 0.0 0.0 0.0  
    0.0 0.0 0.0 0.0 0.0 0.0 0.0 0.0 0.0 0.0 0.0 0.0 0.0 0.0 0.0 0.0 0.0  
    0.0 0.0 0.0 0.0 0.0 0.0 0.0 0.0 0.0 0.0 0.0 0.0 0.0 0.0 0.0 0.0 0.0  
    0.0 0.0 0.0 0.0 0.0 0.0 0.0 0.0 0.0 0.0 0.0 0.0 0.0 0.0 0.0 0.0 0.0  
    0.0 0.0 0.0 0.0 0.0 0.0 0.0 0.0 0.0 0.0 0.0 0.0 0.0 0.0 0.0 0.0 0.0  
    0.0 0.0 0.0 0.0 0.0 0.0 0.0 0.0 0.0 0.0 0.0 0.0 0.0 0.0 0.0 0.0 0.0  
    0.0 
  PI_NB = 0.0 0.0 0.0 0.0 0.0 0.0 0.0 0.0 0.0 0.0 0.0 0.0 0.0 0.0 0.0  
    0.0 0.0 0.0 0.0 0.0 0.0 0.0 0.0 0.0 0.0 0.0 0.0 0.0 0.0 0.0 0.0 0.0  
    0.0 0.0 0.0 0.0 0.0 0.0 0.0 0.0 0.0 0.0 0.0 0.0 0.0 0.0 0.0 0.0 0.0  
    0.0 0.0 0.0 0.0 0.0 0.0 0.0 0.0 0.0 0.0 0.0 0.0 0.0 0.0 0.0 0.0 0.0  
    0.0 0.0 0.0 0.0 0.0 0.0 0.0 0.0 0.0 0.0 0.0 0.0 0.0 0.0 0.0 0.0 0.0  
    0.0 0.0 0.0 0.0 0.0 0.0 0.0 0.0 0.0 0.0 0.0 0.0 0.0 0.0 0.0 0.0 0.0  
    0.0 
  PI_IC = 0.0 0.0 0.0 0.0 0.0 0.0 0.0 0.0 0.0 0.0 0.0 0.0 0.0 0.0 0.0  
    0.0 0.0 0.0 0.0 0.0 0.0 0.0 0.0 0.0 0.0 0.0 0.0 0.0 0.0 0.0 0.0 0.0  
    0.0 0.0 0.0 0.0 0.0 0.0 0.0 0.0 0.0 0.0 0.0 0.0 0.0 0.0 0.0 0.0 0.0  
    0.0 0.0 0.0 0.0 0.0 0.0 0.0 0.0 0.0 0.0 0.0 0.0 0.0 0.0 0.0 0.0 0.0  
    0.0 0.0 0.0 0.0 0.0 0.0 0.0 0.0 0.0 0.0 0.0 0.0 0.0 0.0 0.0 0.0 0.0  
    0.0 0.0 0.0 0.0 0.0 0.0 0.0 0.0 0.0 0.0 0.0 0.0 0.0 0.0 0.0 0.0 0.0  
    0.0 
  PI_LH = 0.0 0.0 0.0 0.0 0.0 0.0 0.0 0.0 0.0 0.0 0.0 0.0 0.0 0.0 0.0  
    0.0 0.0 0.0 0.0 0.0 0.0 0.0 0.0 0.0 0.0 0.0 0.0 0.0 0.0 0.0 0.0 0.0  
    0.0 0.0 0.0 0.0 0.0 0.0 0.0 0.0 0.0 0.0 0.0 0.0 0.0 0.0 0.0 0.0 0.0  
    0.0 0.0 0.0 0.0 0.0 0.0 0.0 0.0 0.0 0.0 0.0 0.0 0.0 0.0 0.0 0.0 0.0  
    0.0 0.0 0.0 0.0 0.0 0.0 0.0 0.0 0.0 0.0 0.0 0.0 0.0 0.0 0.0 0.0 0.0  
    0.0 0.0 0.0 0.0 0.0 0.0 0.0 0.0 0.0 0.0 0.0 0.0 0.0 0.0 0.0 0.0 0.0  
    0.0 
  PI_FUS = 1021470.1311782047 1020481.9794530044 1017655.3874177603  
    1013193.4331104502 1007295.8773376612 1000160.9809738076  
    991977.7355901516 982900.3045057433 973078.1531997337  
    962662.4323762248 951798.1060296448 940073.8712334922  
    927061.3150586254 912853.6195515088 897610.4191812195  
    881652.1342195204 865047.3358060168 847463.4802779556  
    828813.826862998 809052.4841807917 788179.4500965843  
    766204.4305338535 743244.7234556021 719497.4616373581  
    695157.1294351775 670413.8908652262 645679.1775505821  
    621221.39106051 597011.1546477808 573017.9401461122  
    549209.9899699666 525416.041002928 501578.43094788777  
    477830.00643432466 454296.53626403824 431095.98399708717  
    408513.660171746 386737.85515986365 365735.14515548816  
    345472.5394964335 325917.405638881 306924.21341146267  
    288425.5863755632 270502.60358797514 253230.4319038653  
    236677.2799090165 221043.77157783724 206435.07284487065  
    192770.28765491894 179969.14735902922 167952.94498123674  
    156580.4800347616 145747.03549469946 135431.16002651537  
    125612.50694977383 116271.84817562904 107436.60179978014  
    99133.6824746784 91343.25561305693 84044.71343904585  
    77216.88240316829 70820.65248876109 64829.23416095715  
    59237.07869893051 54035.57403990953 49213.48062159689  
    44776.194274727655 40718.346000099475 37011.470859730536  
    33628.15992051201 30542.267529322886 27721.122536491595  
    25134.806983187762 22763.60207614505 20589.408899843267  
    18595.669576245335 16769.189970373132 15098.667326885345  
    13572.127099878078 12178.422373977952 10907.196904118373  
    9748.14281663263 8692.344024823024 7732.40136708338  
    6861.308068497327 6072.439523054072 5361.967881724498  
    4724.177220093453 4150.836748423946 3634.8608722591994  
    3170.172453797428 2762.297218266266 2376.6488088603546  
    1981.3731426406782 1529.5776037649441 984.2250905602198  
    420.2005123578695 76.69253379222738 2.815133962987967  
    0.00419689354709018 5.112236632542822e-12 
  PI_IONIZATION = 0.0 0.0 0.0 0.0 0.0 0.0 0.0 0.0 0.0 0.0 0.0 0.0 0.0  
    0.0 0.0 0.0 0.0 0.0 0.0 0.0 0.0 0.0 0.0 0.0 0.0 0.0 0.0 0.0 0.0 0.0  
    0.0 0.0 0.0 0.0 0.0 0.0 0.0 0.0 0.0 0.0 0.0 0.0 0.0 0.0 0.0 0.0 0.0  
    0.0 0.0 0.0 0.0 0.0 0.0 0.0 0.0 0.0 0.0 0.0 0.0 0.0 0.0 0.0 0.0 0.0  
    0.0 0.0 0.0 0.0 0.0 0.0 0.0 0.0 0.0 0.0 0.0 0.0 0.0 0.0 0.0 0.0 0.0  
    0.0 0.0 0.0 0.0 0.0 0.0 0.0 0.0 0.0 0.0 0.0 0.0 0.0 0.0 0.0 0.0 0.0  
    0.0 0.0 0.0 
  PI_CX = 0.0 0.0 0.0 0.0 0.0 0.0 0.0 0.0 0.0 0.0 0.0 0.0 0.0 0.0 0.0  
    0.0 0.0 0.0 0.0 0.0 0.0 0.0 0.0 0.0 0.0 0.0 0.0 0.0 0.0 0.0 0.0 0.0  
    0.0 0.0 0.0 0.0 0.0 0.0 0.0 0.0 0.0 0.0 0.0 0.0 0.0 0.0 0.0 0.0 0.0  
    0.0 0.0 0.0 0.0 0.0 0.0 0.0 0.0 0.0 0.0 0.0 0.0 0.0 0.0 0.0 0.0 0.0  
    0.0 0.0 0.0 0.0 0.0 0.0 0.0 0.0 0.0 0.0 0.0 0.0 0.0 0.0 0.0 0.0 0.0  
    0.0 0.0 0.0 0.0 0.0 0.0 0.0 0.0 0.0 0.0 0.0 0.0 0.0 0.0 0.0 0.0 0.0  
    0.0 
  P_OHM = 0.0 0.0 0.0 0.0 0.0 0.0 0.0 0.0 0.0 0.0 0.0 0.0 0.0 0.0 0.0  
    0.0 0.0 0.0 0.0 0.0 0.0 0.0 0.0 0.0 0.0 0.0 0.0 0.0 0.0 0.0 0.0 0.0  
    0.0 0.0 0.0 0.0 0.0 0.0 0.0 0.0 0.0 0.0 0.0 0.0 0.0 0.0 0.0 0.0 0.0  
    0.0 0.0 0.0 0.0 0.0 0.0 0.0 0.0 0.0 0.0 0.0 0.0 0.0 0.0 0.0 0.0 0.0  
    0.0 0.0 0.0 0.0 0.0 0.0 0.0 0.0 0.0 0.0 0.0 0.0 0.0 0.0 0.0 0.0 0.0  
    0.0 0.0 0.0 0.0 0.0 0.0 0.0 0.0 0.0 0.0 0.0 0.0 0.0 0.0 0.0 0.0 0.0  
    0.0 
  P_EI = 0.0 0.0 0.0 0.0 0.0 0.0 0.0 0.0 0.0 0.0 0.0 0.0 0.0 0.0 0.0  
    0.0 0.0 0.0 0.0 0.0 0.0 0.0 0.0 0.0 0.0 0.0 0.0 0.0 0.0 0.0 0.0 0.0  
    0.0 0.0 0.0 0.0 0.0 0.0 0.0 0.0 0.0 0.0 0.0 0.0 0.0 0.0 0.0 0.0 0.0  
    0.0 0.0 0.0 0.0 0.0 0.0 0.0 0.0 0.0 0.0 0.0 0.0 0.0 0.0 0.0 0.0 0.0  
    0.0 0.0 0.0 0.0 0.0 0.0 0.0 0.0 0.0 0.0 0.0 0.0 0.0 0.0 0.0 0.0 0.0  
    0.0 0.0 0.0 0.0 0.0 0.0 0.0 0.0 0.0 0.0 0.0 0.0 0.0 0.0 0.0 0.0 0.0  
    0.0 
  TORQUE_NB = 0.0 0.0 0.0 0.0 0.0 0.0 0.0 0.0 0.0 0.0 0.0 0.0 0.0 0.0  
    0.0 0.0 0.0 0.0 0.0 0.0 0.0 0.0 0.0 0.0 0.0 0.0 0.0 0.0 0.0 0.0 0.0  
    0.0 0.0 0.0 0.0 0.0 0.0 0.0 0.0 0.0 0.0 0.0 0.0 0.0 0.0 0.0 0.0 0.0  
    0.0 0.0 0.0 0.0 0.0 0.0 0.0 0.0 0.0 0.0 0.0 0.0 0.0 0.0 0.0 0.0 0.0  
    0.0 0.0 0.0 0.0 0.0 0.0 0.0 0.0 0.0 0.0 0.0 0.0 0.0 0.0 0.0 0.0 0.0  
    0.0 0.0 0.0 0.0 0.0 0.0 0.0 0.0 0.0 0.0 0.0 0.0 0.0 0.0 0.0 0.0 0.0  
    0.0 0.0 
  TORQUE_IN = 0.0 0.0 0.0 0.0 0.0 0.0 0.0 0.0 0.0 0.0 0.0 0.0 0.0 0.0  
    0.0 0.0 0.0 0.0 0.0 0.0 0.0 0.0 0.0 0.0 0.0 0.0 0.0 0.0 0.0 0.0 0.0  
    0.0 0.0 0.0 0.0 0.0 0.0 0.0 0.0 0.0 0.0 0.0 0.0 0.0 0.0 0.0 0.0 0.0  
    0.0 0.0 0.0 0.0 0.0 0.0 0.0 0.0 0.0 0.0 0.0 0.0 0.0 0.0 0.0 0.0 0.0  
    0.0 0.0 0.0 0.0 0.0 0.0 0.0 0.0 0.0 0.0 0.0 0.0 0.0 0.0 0.0 0.0 0.0  
    0.0 0.0 0.0 0.0 0.0 0.0 0.0 0.0 0.0 0.0 0.0 0.0 0.0 0.0 0.0 0.0 0.0  
    0.0 0.0 
  SE_NB = 0.0 0.0 0.0 0.0 0.0 0.0 0.0 0.0 0.0 0.0 0.0 0.0 0.0 0.0 0.0  
    0.0 0.0 0.0 0.0 0.0 0.0 0.0 0.0 0.0 0.0 0.0 0.0 0.0 0.0 0.0 0.0 0.0  
    0.0 0.0 0.0 0.0 0.0 0.0 0.0 0.0 0.0 0.0 0.0 0.0 0.0 0.0 0.0 0.0 0.0  
    0.0 0.0 0.0 0.0 0.0 0.0 0.0 0.0 0.0 0.0 0.0 0.0 0.0 0.0 0.0 0.0 0.0  
    0.0 0.0 0.0 0.0 0.0 0.0 0.0 0.0 0.0 0.0 0.0 0.0 0.0 0.0 0.0 0.0 0.0  
    0.0 0.0 0.0 0.0 0.0 0.0 0.0 0.0 0.0 0.0 0.0 0.0 0.0 0.0 0.0 0.0 0.0  
    0.0 
  SE_IONIZATION = 0.0 0.0 0.0 0.0 0.0 0.0 0.0 0.0 0.0 0.0 0.0 0.0 0.0  
    0.0 0.0 0.0 0.0 0.0 0.0 0.0 0.0 0.0 0.0 0.0 0.0 0.0 0.0 0.0 0.0 0.0  
    0.0 0.0 0.0 0.0 0.0 0.0 0.0 0.0 0.0 0.0 0.0 0.0 0.0 0.0 0.0 0.0 0.0  
    0.0 0.0 0.0 0.0 0.0 0.0 0.0 0.0 0.0 0.0 0.0 0.0 0.0 0.0 0.0 0.0 0.0  
    0.0 0.0 0.0 0.0 0.0 0.0 0.0 0.0 0.0 0.0 0.0 0.0 0.0 0.0 0.0 0.0 0.0  
    0.0 0.0 0.0 0.0 0.0 0.0 0.0 0.0 0.0 0.0 0.0 0.0 0.0 0.0 0.0 0.0 0.0  
    0.0 0.0 0.0 
  SI_NB = 0.0 0.0 0.0 0.0 0.0 0.0 0.0 0.0 0.0 0.0 0.0 0.0 0.0 0.0 0.0  
    0.0 0.0 0.0 0.0 0.0 0.0 0.0 0.0 0.0 0.0 0.0 0.0 0.0 0.0 0.0 0.0 0.0  
    0.0 0.0 0.0 0.0 0.0 0.0 0.0 0.0 0.0 0.0 0.0 0.0 0.0 0.0 0.0 0.0 0.0  
    0.0 0.0 0.0 0.0 0.0 0.0 0.0 0.0 0.0 0.0 0.0 0.0 0.0 0.0 0.0 0.0 0.0  
    0.0 0.0 0.0 0.0 0.0 0.0 0.0 0.0 0.0 0.0 0.0 0.0 0.0 0.0 0.0 0.0 0.0  
    0.0 0.0 0.0 0.0 0.0 0.0 0.0 0.0 0.0 0.0 0.0 0.0 0.0 0.0 0.0 0.0 0.0  
    0.0 
  SI_IONIZATION = 0.0 0.0 0.0 0.0 0.0 0.0 0.0 0.0 0.0 0.0 0.0 0.0 0.0  
    0.0 0.0 0.0 0.0 0.0 0.0 0.0 0.0 0.0 0.0 0.0 0.0 0.0 0.0 0.0 0.0 0.0  
    0.0 0.0 0.0 0.0 0.0 0.0 0.0 0.0 0.0 0.0 0.0 0.0 0.0 0.0 0.0 0.0 0.0  
    0.0 0.0 0.0 0.0 0.0 0.0 0.0 0.0 0.0 0.0 0.0 0.0 0.0 0.0 0.0 0.0 0.0  
    0.0 0.0 0.0 0.0 0.0 0.0 0.0 0.0 0.0 0.0 0.0 0.0 0.0 0.0 0.0 0.0 0.0  
    0.0 0.0 0.0 0.0 0.0 0.0 0.0 0.0 0.0 0.0 0.0 0.0 0.0 0.0 0.0 0.0 0.0  
    0.0 0.0 0.0 
  SE_PELLET = 0.0 0.0 0.0 0.0 0.0 0.0 0.0 0.0 0.0 0.0 0.0 0.0 0.0 0.0  
    0.0 0.0 0.0 0.0 0.0 0.0 0.0 0.0 0.0 0.0 0.0 0.0 0.0 0.0 0.0 0.0 0.0  
    0.0 0.0 0.0 0.0 0.0 0.0 0.0 0.0 0.0 0.0 0.0 0.0 0.0 0.0 0.0 0.0 0.0  
    0.0 0.0 0.0 0.0 0.0 0.0 0.0 0.0 0.0 0.0 0.0 0.0 0.0 0.0 0.0 0.0 0.0  
    0.0 0.0 0.0 0.0 0.0 0.0 0.0 0.0 0.0 0.0 0.0 0.0 0.0 0.0 0.0 0.0 0.0  
    0.0 0.0 0.0 0.0 0.0 0.0 0.0 0.0 0.0 0.0 0.0 0.0 0.0 0.0 0.0 0.0 0.0  
    0.0 0.0 
  Q = 0.0 0.0 0.0 0.0 0.0 0.0 0.0 0.0 0.0 0.0 0.0 0.0 0.0 0.0 0.0 0.0  
    0.0 0.0 0.0 0.0 0.0 0.0 0.0 0.0 0.0 0.0 0.0 0.0 0.0 0.0 0.0 0.0 0.0  
    0.0 0.0 0.0 0.0 0.0 0.0 0.0 0.0 0.0 0.0 0.0 0.0 0.0 0.0 0.0 0.0 0.0  
    0.0 0.0 0.0 0.0 0.0 0.0 0.0 0.0 0.0 0.0 0.0 0.0 0.0 0.0 0.0 0.0 0.0  
    0.0 0.0 0.0 0.0 0.0 0.0 0.0 0.0 0.0 0.0 0.0 0.0 0.0 0.0 0.0 0.0 0.0  
    0.0 0.0 0.0 0.0 0.0 0.0 0.0 0.0 0.0 0.0 0.0 0.0 0.0 0.0 0.0 0.0 0.0 
  PSIPOL = 0.0 0.0008924814097682163 0.003569625533327943  
    0.008030510443165346 0.014273598401479959 0.022296707274070817  
    0.03209700183045578 0.04367096963207021 0.0570144538741976  
    0.07212255136633956 0.08898971217250108 0.10760979032686167  
    0.12797618839512878 0.15008124829621577 0.1739177863745962  
    0.1994764104984273 0.22675207065967395 0.2557303068353776  
    0.2864038670568379 0.31875597437138464 0.35278022017322835  
    0.3884632391975935 0.42578898004591553 0.4647465153388221  
    0.5053229583081862 0.5475034411768541 0.5912709443295043  
    0.6366102319066752 0.6835054335821575 0.7319399054938425  
    0.7818963468045195 0.8333567897244456 0.8863027134267123  
    0.9407149648315659 0.996573635252262 1.0538579673530037  
    1.112548169707314 1.172624158312639 1.2340635360154382  
    1.2968424824010392 1.3609365162605587 1.426326636724656  
    1.492987231681496 1.5608897703747036 1.6300147815396602  
    1.7003339293412822 1.7718185648716067 1.8444475838844892  
    1.9181864738864054 1.993014930354856 2.068896760075464  
    2.145810623101593 2.223719332325562 2.3025997758375034  
    2.382415743260418 2.463138356325215 2.5447381799890096  
    2.627177312594825 2.7104280237230483 2.7944559415574592  
    2.8792237367212996 2.9647006738948063 3.050852588971597  
    3.1376396042980224 3.225027706458011 3.3129823473335187  
    3.4014656768401528 3.4904372714428518 3.5798604255673716  
    3.669697674479277 3.759910617996199 3.8504571234200635  
    3.9412965389890973 4.032388915452623 4.1236935718295396  
    4.215169185193179 4.306772555961396 4.398458952063484  
    4.490185339069326 4.581908134512794 4.673583201586845  
    4.765165763633651 4.856608197781434 4.947862267200289  
    5.0388805549738365 5.129615071281217 5.220018110799077  
    5.3100413298364115 5.399633662134841 5.488745173723555  
    5.577320994715646 5.665300437879572 5.752617109022885  
    5.839209779659445 5.9250287229482375 6.010035683133408  
    6.094185870937534 6.177433141244644 6.259712019901893  
    6.340925231060707 6.4209648171084295 
  PSI = 0.0 0.00013899490733701447 0.0005559328909289153  
    0.001250670369936982 0.002222967857330174 0.0034724855078884787  
    0.004998781763284931 0.0068013095969176604 0.00887942162870674  
    0.01123235423657386 0.013859243074403896 0.01675913097049516  
    0.019930990441520694 0.02337362881919703 0.027085927322199076  
    0.031066423221465033 0.03531433002957768 0.03982739574494995  
    0.04460449094717434 0.04964300279641322 0.05494193321745949  
    0.06049920070618472 0.0663123054204278 0.07237954553193031  
    0.07869891405755275 0.08526809549213708 0.09208443920360444  
    0.09914557236171893 0.1064490233244982 0.11399219997960663  
    0.12177240789751484 0.12978684877761618 0.13803263818938716  
    0.14650679323535068 0.15520621333992166 0.16412766575905183  
    0.1732680681792508 0.1826242927212783 0.1921928512561415  
    0.201970033996394 0.2119520282426081 0.22213587480253125  
    0.23251758485009688 0.24309271501001983 0.2538582328307647  
    0.26480972529405605 0.27594273062370006 0.28725396204788806  
    0.29873804459657943 0.31039181604679406 0.3222096396733032  
    0.33418819199634264 0.34632168150190484 0.3586065087449645  
    0.3710370343273891 0.38360876075232053 0.39631710381104196  
    0.4091561607057565 0.4221216127054941 0.4352081067492742  
    0.4484098291661265 0.461721993242428 0.47513927826589397  
    0.488655473697332 0.5022652822929415 0.515963323534525  
    0.5297437026561912 0.5436001241032667 0.557526871355682  
    0.5715181096618844 0.5855678585838148 0.5996695563820346  
    0.61381687195788 0.6280035836216495 0.6422233557240661  
    0.6564697526393561 0.670736046471732 0.6850152706558909  
    0.6993007230167947 0.7135856160283677 0.7278630758315714  
    0.742126128917112 0.7563673585068053 0.7705792522047292  
    0.7847544253081594 0.7988854038903223 0.8129647583320386  
    0.8269849595948567 0.8409380546281318 0.854816266723498  
    0.8686110504538314 0.8823129543997162 0.8959116383405876  
    0.909397566562128 0.9227629946143314 0.9360019645521004  
    0.9491075009007673 0.9620724170275932 0.9748865159988287  
    0.9875346480898852 1.0 
  DENSITY_BEAM = 0.0 0.0 0.0 0.0 0.0 0.0 0.0 0.0 0.0 0.0 0.0 0.0 0.0  
    0.0 0.0 0.0 0.0 0.0 0.0 0.0 0.0 0.0 0.0 0.0 0.0 0.0 0.0 0.0 0.0 0.0  
    0.0 0.0 0.0 0.0 0.0 0.0 0.0 0.0 0.0 0.0 0.0 0.0 0.0 0.0 0.0 0.0 0.0  
    0.0 0.0 0.0 0.0 0.0 0.0 0.0 0.0 0.0 0.0 0.0 0.0 0.0 0.0 0.0 0.0 0.0  
    0.0 0.0 0.0 0.0 0.0 0.0 0.0 0.0 0.0 0.0 0.0 0.0 0.0 0.0 0.0 0.0 0.0  
    0.0 0.0 0.0 0.0 0.0 0.0 0.0 0.0 0.0 0.0 0.0 0.0 0.0 0.0 0.0 0.0 0.0  
    0.0 0.0 0.0 
  WBEAM = 0.0 0.0 0.0 0.0 0.0 0.0 0.0 0.0 0.0 0.0 0.0 0.0 0.0 0.0 0.0  
    0.0 0.0 0.0 0.0 0.0 0.0 0.0 0.0 0.0 0.0 0.0 0.0 0.0 0.0 0.0 0.0 0.0  
    0.0 0.0 0.0 0.0 0.0 0.0 0.0 0.0 0.0 0.0 0.0 0.0 0.0 0.0 0.0 0.0 0.0  
    0.0 0.0 0.0 0.0 0.0 0.0 0.0 0.0 0.0 0.0 0.0 0.0 0.0 0.0 0.0 0.0 0.0  
    0.0 0.0 0.0 0.0 0.0 0.0 0.0 0.0 0.0 0.0 0.0 0.0 0.0 0.0 0.0 0.0 0.0  
    0.0 0.0 0.0 0.0 0.0 0.0 0.0 0.0 0.0 0.0 0.0 0.0 0.0 0.0 0.0 0.0 0.0  
    0.0 
  TBEAM = 0.0 0.0 0.0 0.0 0.0 0.0 0.0 0.0 0.0 0.0 0.0 0.0 0.0 0.0 0.0  
    0.0 0.0 0.0 0.0 0.0 0.0 0.0 0.0 0.0 0.0 0.0 0.0 0.0 0.0 0.0 0.0 0.0  
    0.0 0.0 0.0 0.0 0.0 0.0 0.0 0.0 0.0 0.0 0.0 0.0 0.0 0.0 0.0 0.0 0.0  
    0.0 0.0 0.0 0.0 0.0 0.0 0.0 0.0 0.0 0.0 0.0 0.0 0.0 0.0 0.0 0.0 0.0  
    0.0 0.0 0.0 0.0 0.0 0.0 0.0 0.0 0.0 0.0 0.0 0.0 0.0 0.0 0.0 0.0 0.0  
    0.0 0.0 0.0 0.0 0.0 0.0 0.0 0.0 0.0 0.0 0.0 0.0 0.0 0.0 0.0 0.0 0.0  
    0.0 
  DENSITY_ALPHA = 0.0 0.0 0.0 0.0 0.0 0.0 0.0 0.0 0.0 0.0 0.0 0.0 0.0  
    0.0 0.0 0.0 0.0 0.0 0.0 0.0 0.0 0.0 0.0 0.0 0.0 0.0 0.0 0.0 0.0 0.0  
    0.0 0.0 0.0 0.0 0.0 0.0 0.0 0.0 0.0 0.0 0.0 0.0 0.0 0.0 0.0 0.0 0.0  
    0.0 0.0 0.0 0.0 0.0 0.0 0.0 0.0 0.0 0.0 0.0 0.0 0.0 0.0 0.0 0.0 0.0  
    0.0 0.0 0.0 0.0 0.0 0.0 0.0 0.0 0.0 0.0 0.0 0.0 0.0 0.0 0.0 0.0 0.0  
    0.0 0.0 0.0 0.0 0.0 0.0 0.0 0.0 0.0 0.0 0.0 0.0 0.0 0.0 0.0 0.0 0.0  
    0.0 0.0 0.0 
  WALPHA = 0.0 0.0 0.0 0.0 0.0 0.0 0.0 0.0 0.0 0.0 0.0 0.0 0.0 0.0 0.0  
    0.0 0.0 0.0 0.0 0.0 0.0 0.0 0.0 0.0 0.0 0.0 0.0 0.0 0.0 0.0 0.0 0.0  
    0.0 0.0 0.0 0.0 0.0 0.0 0.0 0.0 0.0 0.0 0.0 0.0 0.0 0.0 0.0 0.0 0.0  
    0.0 0.0 0.0 0.0 0.0 0.0 0.0 0.0 0.0 0.0 0.0 0.0 0.0 0.0 0.0 0.0 0.0  
    0.0 0.0 0.0 0.0 0.0 0.0 0.0 0.0 0.0 0.0 0.0 0.0 0.0 0.0 0.0 0.0 0.0  
    0.0 0.0 0.0 0.0 0.0 0.0 0.0 0.0 0.0 0.0 0.0 0.0 0.0 0.0 0.0 0.0 0.0  
    0.0 
  TALPHA = 0.0 0.0 0.0 0.0 0.0 0.0 0.0 0.0 0.0 0.0 0.0 0.0 0.0 0.0 0.0  
    0.0 0.0 0.0 0.0 0.0 0.0 0.0 0.0 0.0 0.0 0.0 0.0 0.0 0.0 0.0 0.0 0.0  
    0.0 0.0 0.0 0.0 0.0 0.0 0.0 0.0 0.0 0.0 0.0 0.0 0.0 0.0 0.0 0.0 0.0  
    0.0 0.0 0.0 0.0 0.0 0.0 0.0 0.0 0.0 0.0 0.0 0.0 0.0 0.0 0.0 0.0 0.0  
    0.0 0.0 0.0 0.0 0.0 0.0 0.0 0.0 0.0 0.0 0.0 0.0 0.0 0.0 0.0 0.0 0.0  
    0.0 0.0 0.0 0.0 0.0 0.0 0.0 0.0 0.0 0.0 0.0 0.0 0.0 0.0 0.0 0.0 0.0  
    0.0 
  CHIE = 0.0 0.0 0.0 0.0 0.0 0.0 0.0 0.0 0.0 0.0 0.0 0.0 0.0 0.0 0.0  
    0.0 0.0 0.0 0.0 0.0 0.0 0.0 0.0 0.0 0.0 0.0 0.0 0.0 0.0 0.0 0.0 0.0  
    0.0 0.0 0.0 0.0 0.0 0.0 0.0 0.0 0.0 0.0 0.0 0.0 0.0 0.0 0.0 0.0 0.0  
    0.0 0.0 0.0 0.0 0.0 0.0 0.0 0.0 0.0 0.0 0.0 0.0 0.0 0.0 0.0 0.0 0.0  
    0.0 0.0 0.0 0.0 0.0 0.0 0.0 0.0 0.0 0.0 0.0 0.0 0.0 0.0 0.0 0.0 0.0  
    0.0 0.0 0.0 0.0 0.0 0.0 0.0 0.0 0.0 0.0 0.0 0.0 0.0 0.0 0.0 0.0 0.0  
    0.0 
  CHII = 0.0 0.0 0.0 0.0 0.0 0.0 0.0 0.0 0.0 0.0 0.0 0.0 0.0 0.0 0.0  
    0.0 0.0 0.0 0.0 0.0 0.0 0.0 0.0 0.0 0.0 0.0 0.0 0.0 0.0 0.0 0.0 0.0  
    0.0 0.0 0.0 0.0 0.0 0.0 0.0 0.0 0.0 0.0 0.0 0.0 0.0 0.0 0.0 0.0 0.0  
    0.0 0.0 0.0 0.0 0.0 0.0 0.0 0.0 0.0 0.0 0.0 0.0 0.0 0.0 0.0 0.0 0.0  
    0.0 0.0 0.0 0.0 0.0 0.0 0.0 0.0 0.0 0.0 0.0 0.0 0.0 0.0 0.0 0.0 0.0  
    0.0 0.0 0.0 0.0 0.0 0.0 0.0 0.0 0.0 0.0 0.0 0.0 0.0 0.0 0.0 0.0 0.0  
    0.0 
  P_EQ = 0.0 0.0 0.0 0.0 0.0 0.0 0.0 0.0 0.0 0.0 0.0 0.0 0.0 0.0 0.0  
    0.0 0.0 0.0 0.0 0.0 0.0 0.0 0.0 0.0 0.0 0.0 0.0 0.0 0.0 0.0 0.0 0.0  
    0.0 0.0 0.0 0.0 0.0 0.0 0.0 0.0 0.0 0.0 0.0 0.0 0.0 0.0 0.0 0.0 0.0  
    0.0 0.0 0.0 0.0 0.0 0.0 0.0 0.0 0.0 0.0 0.0 0.0 0.0 0.0 0.0 0.0 0.0  
    0.0 0.0 0.0 0.0 0.0 0.0 0.0 0.0 0.0 0.0 0.0 0.0 0.0 0.0 0.0 0.0 0.0  
    0.0 0.0 0.0 0.0 0.0 0.0 0.0 0.0 0.0 0.0 0.0 0.0 0.0 0.0 0.0 0.0 0.0  
    0.0 
  J_TOT = 3656837.4064732944 3656837.4064732944 3656226.209041801  
    3654612.0987410983 3652228.305873295 3649110.7706142263  
    3645288.7286374704 3640770.115297255 3635556.0338312485  
    3629646.7171979947 3623042.1869168 3615742.442987628  
    3607747.485410481 3599057.3141854075 3589671.929062144  
    3579591.3302909266 3568815.518121934 3557344.4923049845  
    3545178.252589853 3532316.7989765564 3518760.131465105  
    3504508.250305582 3489561.1557484083 3473918.8475432694  
    3457581.3254398755 3440548.5896886396 3422820.640289431  
    3404397.476991895 3385279.1000464633 3365465.509703272  
    3344956.705711977 3323752.6878228686 3301853.456035459  
    3279259.0103496336 3255969.3510159543 3231984.478284626  
    3207304.39190538 3181929.091628091 3155858.5777025535  
    3129092.8501289277 3101631.9086573967 3073475.7535375864  
    3044624.3850198695 3015077.8028545673 2984836.0067916964  
    2953898.9968302217 2922266.7732206183 2889939.3362133014  
    2856916.685307362 2823198.8202533177 2788785.741801487  
    2753677.4499518913 2717873.9442044958 2681375.2248094077  
    2644181.291765876 2606292.144823528 2567707.783983562  
    2528428.209495373 2488453.421609619 2447783.4200763316  
    2406418.204644658 2364357.7755652564 2321602.132837228  
    2278151.2762115397 2234005.2059380966 2189163.922016354  
    2143627.4241963984 2097395.7127282447 2050468.787862746  
    2002846.6493484443 1954529.2969360028 1905516.7306267058  
    1855808.9506681515 1805405.9573120794 1754307.750059474  
    1702514.3289071398 1650025.6943567214 1596841.8461590677  
    1542962.7840633495 1488388.5080692584 1433119.0184270577  
    1377154.315386476 1320494.398699139 1263139.2681139081  
    1205088.9236292187 1146343.3654968932 1086902.593965319  
    1026766.6086374016 965935.4093628392 904408.9964642541  
    842187.3699422946 779270.529696364 715658.4757280224  
    651351.2080864717 586357.2132440016 520786.8155970104  
    455293.4753364902 391902.4097605328 335144.7284480935  
    293515.41327681806 262169.0148526128 
  RHO = 0.0 0.01 0.02 0.03 0.04 0.05 0.06 0.07 0.08 0.09 0.1 0.11 0.12  
    0.13 0.14 0.15 0.16 0.17 0.18 0.19 0.2 0.21 0.22 0.23 0.24 0.25  
    0.26 0.27 0.28 0.29 0.3 0.31 0.32 0.33 0.34 0.35 0.36 0.37 0.38  
    0.39 0.4 0.41 0.42 0.43 0.44 0.45 0.46 0.47 0.48 0.49 0.5 0.51 0.52  
    0.53 0.54 0.55 0.56 0.57 0.58 0.59 0.6 0.61 0.62 0.63 0.64 0.65  
    0.66 0.67 0.68 0.69 0.7 0.71 0.72 0.73 0.74 0.75 0.76 0.77 0.78  
    0.79 0.8 0.81 0.82 0.83 0.84 0.85 0.86 0.87 0.88 0.89 0.9 0.91 0.92  
    0.93 0.94 0.95 0.96 0.97 0.98 0.99 1.0 
  MODEL_PROFILE_NE = 'ped' 
  MODEL_PROFILE_TE = 'ped' 
  MODEL_PROFILE_TI = 'ped' 
  MODEL_PROFILE_DENSITY_BEAM = 'parab' 
  MODEL_PROFILE_J_TOT = 'parab' 
  MODEL_PROFILE_OMEGA = 'parab' 
  MODEL_PROFILE_ZEFF = 'const' 
  MODEL_PROFILE_TBEAMI = 'const' 
  MODEL_PROFILE_DENSITY_ALPHA = 'zero' 
  MODEL_PROFILE_WALPHA = 'zero' 
  MODEL_PROFILE_WBEAM = 'derived' 
  J_TOT_AXIS = 1.0 
  J_TOT_SEP = 0.05 
  J_TOT_ALPHA = 2.0 
  J_TOT_BETA = 1.0 
  DENSITY_BEAM_AXIS = 0.0 
  DENSITY_BEAM_SEP = 0.0 
  DENSITY_BEAM_ALPHA = 1.5 
  DENSITY_BEAM_BETA = 1.5 
  TBEAMI_AXIS = 20.0 
  DENSITY_ION_0 = 12.23594233961833 12.235276690364351  
    12.233279959867012 12.22995279980194 12.225296295901313  
    12.21931196736338 12.212001766026425 12.203368075307793  
    12.193413708908777 12.18214190928639 12.169556345893138  
    12.155661113186158 12.140460728407232 12.123960129135337  
    12.106164670613646 12.087080122852928 12.0667126675136  
    12.045068894568761 12.02215579875075 11.997980775783887  
    11.972551618406246 11.945876512183466 11.917964031117751  
    11.888823133055316 11.858463154895777 11.826893807607043  
    11.794125171049421 11.760167688612842 11.725032161671152  
    11.688729743857605 11.651271935165838 11.611241201063619  
    11.568091847222853 11.523143390088864 11.47771534610695  
    11.433127231722429 11.391073803679218 11.351805820755287  
    11.314476802447032 11.278240268250846 11.24224973766312  
    11.205635613384809 11.168337927917365 11.13072464545793  
    11.093163730203646 11.056023146351649 11.020060716049084  
    10.985414719629734 10.95152380857069 10.917826634349044  
    10.883761848441901 10.848669855690721 10.81198285392366  
    10.773277184097841 10.732129187170388 10.68811520409843  
    10.64082236509279 10.589899629384185 10.535016081459583  
    10.475840805805953 10.412042886910255 10.343265664794057  
    10.269521512095986 10.1910330622286 10.108022948604463  
    10.02071380463613 9.930072291991257 9.837162737792847  
    9.74235427363645 9.646016031117634 9.54851714183197  
    9.449800646100448 9.349586578773586 9.247909563241198  
    9.14480422289312 9.040305181119166 8.934541197550478  
    8.827667369599498 8.719757827327996 8.61088670079776  
    8.501128120070561 8.390524301095622 8.279062849695023  
    8.166735980739823 8.053535909101095 7.9394548496499  
    7.82399258166744 7.707071016557343 7.589315567374311  
    7.471351647173047 7.35380466900825 7.268327039388 7.1725731770637  
    7.0548949652856 6.892186003939196 6.643682175186446 6.2552684022045  
    5.701982362473 5.0635740216885 4.506721346814765 4.13466452976045 
  DENSITY_ION_1 = 12.23594233961833 12.235276690364351  
    12.233279959867012 12.22995279980194 12.225296295901313  
    12.21931196736338 12.212001766026425 12.203368075307793  
    12.193413708908777 12.18214190928639 12.169556345893138  
    12.155661113186158 12.140460728407232 12.123960129135337  
    12.106164670613646 12.087080122852928 12.0667126675136  
    12.045068894568761 12.02215579875075 11.997980775783887  
    11.972551618406246 11.945876512183466 11.917964031117751  
    11.888823133055316 11.858463154895777 11.826893807607043  
    11.794125171049421 11.760167688612842 11.725032161671152  
    11.688729743857605 11.651271935165838 11.611241201063619  
    11.568091847222853 11.523143390088864 11.47771534610695  
    11.433127231722429 11.391073803679218 11.351805820755287  
    11.314476802447032 11.278240268250846 11.24224973766312  
    11.205635613384809 11.168337927917365 11.13072464545793  
    11.093163730203646 11.056023146351649 11.020060716049084  
    10.985414719629734 10.95152380857069 10.917826634349044  
    10.883761848441901 10.848669855690721 10.81198285392366  
    10.773277184097841 10.732129187170388 10.68811520409843  
    10.64082236509279 10.589899629384185 10.535016081459583  
    10.475840805805953 10.412042886910255 10.343265664794057  
    10.269521512095986 10.1910330622286 10.108022948604463  
    10.02071380463613 9.930072291991257 9.837162737792847  
    9.74235427363645 9.646016031117634 9.54851714183197  
    9.449800646100448 9.349586578773586 9.247909563241198  
    9.14480422289312 9.040305181119166 8.934541197550478  
    8.827667369599498 8.719757827327996 8.61088670079776  
    8.501128120070561 8.390524301095622 8.279062849695023  
    8.166735980739823 8.053535909101095 7.9394548496499  
    7.82399258166744 7.707071016557343 7.589315567374311  
    7.471351647173047 7.35380466900825 7.268327039388 7.1725731770637  
    7.0548949652856 6.892186003939196 6.643682175186446 6.2552684022045  
    5.701982362473 5.0635740216885 4.506721346814765 4.13466452976045 
  DENSITY_IMP_0 = 0.00039930628005150704 0.0003992845573333012  
    0.00039921939626887093 0.00039911081812492056  
    0.00039895885833310423 0.0003987635664707561 0.00039852500623393356  
    0.0003982432554027932 0.00039791840579932696 0.0003975505632374895  
    0.0003971398474657553 0.00039668639210214924 0.0003961903445617998  
    0.00039565186597706936 0.0003950711311103236 0.0003944483282594044  
    0.000393783659155879 0.00039307733885614207 0.00039232959562545284  
    0.0003915406708149948 0.0003907108187320512 0.00038984030650339284  
    0.00038892941393198286 0.00038797843334710427  
    0.00038698766944802326 0.0003859574391413061 0.0003848880713719094  
    0.00038377990694817227 0.0003826332983608378 0.0003814486095962408  
    0.0003802262159437992 0.000378919857750991 0.0003775117268943267  
    0.00037604488431579357 0.00037456239095737855 0.0003731073077610687  
    0.0003717349412159128 0.00037045347455390423 0.00036923528383144704  
    0.0003680527451049455 0.00036687823443080377 0.0003656833734746862  
    0.00036446620526441167 0.00036323873789961586 0.0003620129794799349  
    0.00036080093810500436 0.00035962734445221047 0.0003584967111454405  
    0.0003573907192040821 0.00035629104964752297 0.0003551793834951507  
    0.00035403419559738674 0.0003528369563660105 0.0003515738401624463  
    0.0003502310213481183 0.0003487946742844509 0.00034725132542808435  
    0.0003455895189565051 0.0003437984558124069 0.0003418673369384836  
    0.0003397853632774289 0.0003375408956301294 0.0003351343377637955  
    0.00033257295507060675 0.00032986401294274266  
    0.00032701477677238294 0.00032405679248086866  
    0.00032102479319233906 0.0003179308251031703 0.0003147869344097391  
    0.0003116051673084218 0.0003083836649838609 0.0003051132910868252  
    0.0003017951755128806 0.00029843044815759293 0.00029502023891652795  
    0.00029156874971610086 0.0002880810419867342 0.0002845595348800051  
    0.00028100664754749077 0.0002774247991407682 0.0002738153673300794  
    0.00027017794764530313 0.00026651228602747194 0.0002628181284176189  
    0.00025909522075677645 0.0002553272389017864 0.0002515116345187268  
    0.0002476688172624845 0.00024381919678794658 0.00023998318275  
    0.000237193716 0.0002340688959 0.00023022859920000002  
    0.00022491877439999989 0.00021680913014999987 0.0002041336815  
    0.00018607781100000003 0.0001652440695 0.000147071805855  
    0.00013493014815 
  DENSITY_IMP_1 = 0.02928246053711052 0.029280867537775427  
    0.029276089059717205 0.029268126662494176 0.029256982944427645  
    0.02924266154118878 0.029225167123821796 0.029204505396204835  
    0.029180683091950644 0.029153707970749232 0.029123588814155388  
    0.02909033542082428 0.02905395860119865 0.029014470171651756  
    0.0289718829480904 0.02892621073902299 0.028877468338097793  
    0.028825671516117087 0.02877083701253321 0.028712982526432954  
    0.028652126707017087 0.028588289143582142 0.02852149035501208  
    0.028451751778787646 0.028379095759521706 0.02830354553702911  
    0.028225125233940027 0.028143859842865968 0.028059775213128108  
    0.02797289803705766 0.02788325583587861 0.027787456235072675  
    0.02768419330558396 0.027576624849824864 0.02746790867020776  
    0.02736120256914504 0.027260562355833608 0.027166588133952976  
    0.02707725414763945 0.02699053464102934 0.026904403858258943  
    0.026816780721476988 0.02672752171939019 0.02663750744597183  
    0.026547618495195227 0.026458735461033656 0.026372671926495436  
    0.026289758817332306 0.026208652741632688 0.02612801030748502  
    0.026046488122977718 0.025962507677141696 0.02587471013350744  
    0.025782081611912727 0.025683608232195343 0.02557827611419307  
    0.02546509719805952 0.025343231390143706 0.025211886759576505  
    0.025070271375488798 0.024917593307011456 0.02475299901287616  
    0.024576518102678337 0.024388683371844494 0.024190027615801128  
    0.02398108362997475 0.023764164781930372 0.023541818167438198  
    0.023314927174232492 0.023084375190047534 0.0228510456026176  
    0.022614802098816465 0.022374974679700517 0.02213164620427791  
    0.021884899531556815 0.021634817520545382 0.021381708312514063  
    0.02112594307902718 0.020867699224533708 0.02060715415348266  
    0.020344485270323003 0.020079793604205823 0.019813049493988894  
    0.01954423430868128 0.019273329417292054 0.019000316188830274  
    0.018723997519464335 0.018444186531373297 0.0181623799325822  
    0.017880074431116083 0.017598766735 0.017394205840000003  
    0.017165052366 0.016883430608000002 0.01649404345599999  
    0.015899336210999992 0.01496980331 0.013645706140000002  
    0.012117898430000001 0.0107852657627 0.009894877531 
  DENSITY_IMP_2 = 0.5324083734020094 0.532379409777735  
    0.5322925283584946 0.5321477574998941 0.531945144444139  
    0.5316847552943414 0.531366674978578 0.5309910072037243  
    0.5305578743991026 0.530067417649986 0.529519796621007  
    0.5289151894695323 0.5282537927490664 0.5275358213027592  
    0.5267615081470981 0.5259311043458725 0.5250448788745053  
    0.5241031184748561 0.5231061275006038 0.5220542277533264  
    0.5209477583094015 0.5197870753378571 0.5185725519093105  
    0.517304577796139 0.515983559264031 0.5146099188550748  
    0.5131840951625459 0.5117065425975631 0.5101777311477838  
    0.508598146128321 0.5069682879250655 0.5052264770013213  
    0.5033489691924357 0.5013931790877247 0.4994165212765047  
    0.49747641034809165 0.49564658828788377 0.4939379660718723  
    0.49231371177526273 0.4907369934732607 0.48917097924107167  
    0.4875778312995816 0.4859549403525489 0.4843183171994878  
    0.4826839726399132 0.48106791747333916 0.47950312593628064  
    0.47799561486058734 0.47652095893877616 0.47505473286336397  
    0.47357251132686756 0.472045594129849 0.4704492751546807  
    0.468765120216595 0.4669746951308244 0.4650595657126012  
    0.4630017672374458 0.4607860252753401 0.4583979410832092  
    0.45582311591797814 0.4530471510365719 0.4500545275068392  
    0.44684578368506067 0.443430606760809 0.43981868392365686  
    0.4360197023631773 0.4320757233078249 0.4280330575897854  
    0.4239077668042271 0.41971591254631874 0.4154735564112291  
    0.4111782199784812 0.4068177214491003 0.4023935673505074  
    0.3979072642101239 0.39336031855537057 0.38875833295480117  
    0.3841080559823123 0.37941271317334013 0.37467553006332105  
    0.36989973218769095 0.36508715644010586 0.3602372635270708  
    0.35534971470329596 0.35042417122349184 0.3454602943423686  
    0.3404363185357152 0.335348846024969 0.33022508968331266  
    0.3250922623839288 0.319977577 0.316258288 0.3120918612  
    0.3069714656 0.29989169919999986 0.28907884019999985 0.272178242  
    0.248103748 0.220325426 0.19609574114 0.1799068642 
  DENSITY_TH = 25.033974819455832 25.032612942601546 25.028527756548502  
    25.021720594584394 25.012193678049528 24.99995011512876  
    24.984993899161484 24.96732990647092 24.946963893714408  
    24.923902494756753 24.898153217068902 24.869724437654774  
    24.838625398509294 24.804866201611063 24.76845780345359  
    24.72941200911901 24.687741465898963 24.64345965646735  
    24.596580891610266 24.547120302518348 24.49509383264764  
    24.440518229154872 24.38341103391376 24.32379057411891  
    24.261675952484556 24.197087037045332 24.130044450566704  
    24.06056955957306 23.988684463001576 23.914411980490183  
    23.837775640308564 23.755875255221383 23.667594368670624  
    23.575632628999593 23.482689684551566 23.391465183669858  
    23.30542649294337 23.22508664919095 23.148713806100798  
    23.074576117361087 23.00094173666 22.926031522164152  
    22.849722784111936 22.77276835429922 22.695921064521876  
    22.619933746575775 22.546356857305394 22.475473309648535  
    22.406134619540993 22.337192302918584 22.267497875717144  
    22.195701847384033 22.120642530091875 22.041453143864352  
    21.957266908725142 21.867217044697938 21.770458845946514  
    21.66627410495281 21.553985789217762 21.432916866242316  
    21.30239030352737 21.161676397003458 21.010800460317473  
    20.850217987544923 20.68038447276133 20.501755410042183  
    20.31630852886475 20.126221376136108 19.932249172076464  
    19.735147136906047 19.535670490845096 19.333702697943174  
    19.12867096696706 18.920646135212696 18.709699039976076  
    18.495900518553164 18.27951400511799 18.060856819302323  
    17.840080626588747 17.61733709245987 17.392777882398274  
    17.166489367602885 16.938446190358754 16.70863242277765  
    16.47703213697139 16.243629405051756 16.00740080662896  
    15.768186577305547 15.527266273181779 15.285919450357927  
    15.04542566493425 14.870543766332 14.6746373365893  
    14.433875055378401 14.100982669308792 13.592559335914041  
    12.797888983400501 11.665900256897 10.3597566118765  
    9.220470772338086 8.459265731400048 
  NI = 24.47188467923666 24.470553380728703 24.466559919734024  
    24.45990559960388 24.450592591802625 24.43862393472676  
    24.42400353205285 24.406736150615586 24.386827417817553  
    24.36428381857278 24.339112691786276 24.311322226372315  
    24.280921456814465 24.247920258270675 24.212329341227292  
    24.174160245705856 24.1334253350272 24.090137789137522  
    24.0443115975015 23.995961551567774 23.945103236812493  
    23.89175302436693 23.835928062235503 23.777646266110633  
    23.716926309791553 23.653787615214085 23.588250342098842  
    23.520335377225685 23.450064323342303 23.37745948771521  
    23.302543870331675 23.222482402127238 23.136183694445705  
    23.046286780177727 22.9554306922139 22.866254463444857  
    22.782147607358436 22.703611641510573 22.628953604894065  
    22.55648053650169 22.48449947532624 22.411271226769617  
    22.33667585583473 22.26144929091586 22.18632746040729  
    22.112046292703297 22.040121432098168 21.970829439259468  
    21.90304761714138 21.83565326869809 21.767523696883803  
    21.697339711381442 21.62396570784732 21.546554368195682  
    21.464258374340776 21.37623040819686 21.28164473018558  
    21.17979925876837 21.070032162919166 20.951681611611907  
    20.82408577382051 20.686531329588114 20.539043024191972  
    20.3820661244572 20.216045897208925 20.04142760927226  
    19.860144583982514 19.674325475585693 19.4847085472729  
    19.29203206223527 19.09703428366394 18.899601292200895  
    18.699173157547172 18.495819126482395 18.28960844578624  
    18.080610362238332 17.869082395100957 17.655334739198995  
    17.43951565465599 17.22177340159552 17.002256240141122  
    16.781048602191245 16.558125699390047 16.333471961479646  
    16.10707181820219 15.8789096992998 15.64798516333488  
    15.414142033114686 15.178631134748622 14.942703294346094  
    14.7076093380165 14.536654078776 14.3451463541274 14.1097899305712  
    13.784372007878392 13.287364350372892 12.510536804409  
    11.403964724946 10.127148043377 9.01344269362953 8.2693290595209 
  NZ = 0.5620901402191715 0.5620595618728438 0.5619678368144807  
    0.5618149949805131 0.5616010862468997 0.561326180402001  
    0.5609903671086338 0.5605937558553319 0.5601364758968526  
    0.5596186761839728 0.5590405252826282 0.5584022112824587  
    0.5577039416948268 0.556945943340388 0.5561284622262989  
    0.555251763413155 0.554316130871759 0.5533218673298294  
    0.5522692941087625 0.5511587509505744 0.5499905958351506  
    0.5487652047879426 0.5474829716782545 0.5461443080082737  
    0.5447496426930007 0.5432994218312452 0.5417941084678579  
    0.5402341823473772 0.5386201396592727 0.5369524927749749  
    0.5352317699768879 0.533392853094145 0.531410674224914  
    0.5293458488218654 0.5272589923376698 0.5252107202249977  
    0.5232788855849333 0.5214750076803791 0.5197602012067336  
    0.518095580859395 0.5164422613337614 0.5147602953945333  
    0.5130469282772034 0.5113190633833593 0.5095936041145883  
    0.5078874538724778 0.5062354252072283 0.5046438703890651  
    0.5030870023996129 0.5015390342204965 0.49997417883334044  
    0.49836213600258805 0.4966768222445542 0.4948987756686702  
    0.49300853438436787 0.4909866365010787 0.4888141157609334  
    0.48647484618444037 0.4839536262985981 0.4812352546304054  
    0.47830452970686077 0.4751450674153455 0.4717574361255028  
    0.46815186308772405 0.4643385755524007 0.4603278007699244  
    0.45616394488223616 0.4518959005504159 0.44754062480356277  
    0.443115074670776 0.4386362071811551 0.4341014057422815  
    0.42949780941988763 0.4248270087302982 0.4200905941898383  
    0.41529015631483246 0.4104316100170313 0.4055220801033262  
    0.40056497193275387 0.3955636908643512 0.39052164225715474  
    0.38544076541164174 0.380320490968705 0.37516046129800473  
    0.3699603187692015 0.3647197057519556 0.3594156432940813  
    0.354044544190861 0.34863513843315735 0.3432161560118328  
    0.33781632691775 0.333889687556 0.3294909824619 0.3240851248072  
    0.31661066143039984 0.3051949855411498 0.2873521789915  
    0.261935531951 0.23260856849949998 0.207028078708555  
    0.18993667187914998 
  DENSITY_HE = 3.309807053589242 3.3094138095288956 3.3083264162649724  
    3.3066822018229054 3.304618126237482 3.302272008171394  
    3.2996366330257527 3.2961135189889816 3.2909367198077626  
    3.2833006596288317 3.2723308156589157 3.25376876974154  
    3.2251265403869205 3.1881193001269805 3.1447685836665724  
    3.0977282409620632 3.0483481799013354 2.9958074211754395  
    2.940230797778614 2.8818777083478535 2.8211612425381376  
    2.757957678004418 2.6920179100573423 2.623696564511126  
    2.5533531979860524 2.481350326220609 2.4088434348764616  
    2.3366010721602612 2.26440478687275 2.1920328378226785  
    2.119258889851049 2.0454770156167252 1.9705502610939132  
    1.8949425257315182 1.8191029135596897 1.743462858249324  
    1.6690463321720284 1.5965330825071598 1.5258222241712505  
    1.456811050666471 1.3893948069070174 1.3230532985724426  
    1.257581386975137 1.1933394010145149 1.1306761026569483  
    1.0699242379734832 1.011964377190265 0.9572880418219797  
    0.9056222734350783 0.8566870611662627 0.8101990785426438  
    0.76560461061816 0.722504763196042 0.680850093977593  
    0.6405938267617965 0.6016920983756266 0.5643168281961043  
    0.5286453156959818 0.49464039134562543 0.46226035897214973  
    0.4314596180048573 0.40210485472904234 0.37412022497822944  
    0.34753261265876184 0.32235487433443943 0.2985870425649675  
    0.27631860096792976 0.25558786523707944 0.23630785313810937  
    0.21839095224515004 0.20175024999483815 0.18625469187023108  
    0.17178167726077376 0.1582613936076117 0.145628412366257  
    0.1338217361616646 0.1227969635239046 0.1125190710245337  
    0.10294574982083138 0.09403648292000723 0.08575259346422842  
    0.07805333082781922 0.07090338094317188 0.06427421055000797  
    0.05813810114774973 0.052468173806114744 0.0472526577448691  
    0.04246862474962082 0.03807656981266946 0.034041393778753815  
    0.030332100985906923 0.02700179915545185 0.023775772905589666  
    0.020378737566796677 0.016363000023474406 0.011261923223057406  
    0.005477207118158674 0.0012913307012662194 7.548932241045441e-05  
    2.45365300358513e-07 1.5458618009572394e-15 
  _NZ_0 = 0.00044629438407924 0.0004462701051544484  
    0.0004461972763045938 0.0004460759212989261 0.000445906079738496  
    0.0004456878070346179 0.0004454211743787409 0.0004451062687037503  
    0.0004447431926367306 0.00044433206444322417 0.00044387301796302827  
    0.0004433662025375812 0.0004428117829289897 0.0004422099392307611  
    0.00044156086677030735 0.0004408647760032953 0.0004401218923999217  
    0.00043933245632320114 0.0004384967228993571 0.000437614961880415  
    0.0004366874574991004 0.0004357145083161514 0.0004346964270601608  
    0.00043363354046006787 0.00043252618907042465 0.0004313747270895692  
    0.0004301795221708399 0.00042894095522697293 0.0004276594202278279  
    0.0004263353239915923 0.00042496908596961975 0.00042350900293518565  
    0.00042193517120557475 0.00042029571889081726 0.000418638774100943  
    0.00041701246494598213 0.0004154786060697273 0.00041404634366061754  
    0.0004126848031456526 0.0004113631099518322 0.0004100503895061558  
    0.000408714924072449 0.0004073545263931157 0.0004059826176130227  
    0.00040461261887703766 0.0004032579513300274 0.0004019462558155832  
    0.00040068257597764207 0.00039944643716158967 0.0003982173647128119  
    0.0003969748839766944 0.0003956949368458313 0.0003943568132748881  
    0.0003929450607023578 0.0003914442265667334 0.0003898388583065077  
    0.00038811389688796287 0.0003862565384322013 0.00038425471310994685  
    0.00038209635109192345 0.00037976938254885486 0.0003772607986465228  
    0.00037457105066517873 0.0003717082589472512 0.00036868054383516866  
    0.0003654960256713598 0.00036218996252272327 0.0003588011747109501  
    0.0003553431259606568 0.00035182927999646016 0.00034827310054297696  
    0.00034467251004997423 0.00034101729705433067  
    0.00033730872441133005 0.0003335480549762564 0.0003297365516043933  
    0.00032587891068108484 0.00032198078923725154  
    0.00031804489109654206 0.00031407392008260543 0.0003100705800190901  
    0.0003060364106926783 0.00030197096003749317 0.00029787394409834533  
    0.0002937450789200458 0.00028958408054740497 0.00028537270390444904  
    0.00028110810078373684 0.0002768130825328781 0.0002725104604994828  
    0.00026822304603116076 0.00026510533061496397 0.0002616127993637449  
    0.0002573205982739274 0.00025138594333091216 0.00024232200202453286  
    0.00022815497828663917 0.00020797439509427724  
    0.00018468905675797745 0.00016437838393378674 0.0001508079646394672 
  _NZ_1 = 0.032728254834252304 0.03272647437976749 0.032721133597444524  
    0.03271223423036174 0.0326997791825962 0.03268377251764427  
    0.03266421945621223 0.03264112637337833 0.03261450079512878  
    0.03258435139427 0.03255068798572048 0.03251352152118568  
    0.032472864083220095 0.03242872887868094 0.03238113023157842  
    0.0323300835753281 0.03227560544441108 0.03221771346544843  
    0.03215642634769655 0.03209176387297062 0.03202374688500386  
    0.031952397278250395 0.031877737986140374 0.031799792968795995  
    0.03171858720021776 0.03163414665495045 0.03154649829423888  
    0.03145567005168371 0.03136169081840798 0.03126459042774544  
    0.031164399639462017 0.03105732688359771 0.03094191255675332  
    0.03082168605366458 0.030700176769067215 0.030580914097696952  
    0.03046843111343216 0.03036339853675842 0.030263552232322244  
    0.030166628064770155 0.030070361898748666 0.02997242776693819  
    0.029872665270448337 0.0297720586265694 0.029671592052591716  
    0.029572249765805574 0.029476058761407783 0.029383388906620407  
    0.029292738726771652 0.029202606747189726 0.029111491493202836  
    0.02901762870360112 0.02891949964172663 0.02881597111973546  
    0.0287059099497837 0.028588182944027436 0.028461685773327288  
    0.028325479486564054 0.0281786789629241 0.028020399081593803  
    0.027849754721759518 0.02766579190224519 0.027468543716935932  
    0.02725860565760986 0.027036573216045103 0.02680304188401979  
    0.02656059725310663 0.026312086146896455 0.02605849590519453  
    0.02580081386780614 0.02554002737453656 0.02527598407170204  
    0.025007935118673646 0.024735973124838852 0.02446019069958516  
    0.024180680452300048 0.02389778678457542 0.023611924545345477  
    0.023323292015011134 0.02303208747397332 0.022738509202632946  
    0.02244267011868004 0.022144537070616963 0.02184408923506316  
    0.021541305788638106 0.021236165907961235 0.02092733162079439  
    0.020614594058591867 0.020299626053511814 0.019984100437712385  
    0.019669690043351718 0.019441057579484892 0.019184938621048267  
    0.018870177207777922 0.018434969178599867 0.017770280149429343  
    0.016731365075260803 0.015251455641074012 0.013543864162986101  
    0.012054414822464683 0.011059250740827285 
  _NZ_2 = 0.5950591789497895 0.5950268070500577 0.5949297019168893  
    0.5947678952426174 0.5945414398286432 0.5942504095567189  
    0.5938948993487768 0.5934750251153308 0.5929909236924935  
    0.5924427527676548 0.5918306907938777 0.5911549368930801  
    0.590415710748071 0.5896132524835268 0.5887478225359971  
    0.5878197015130375 0.5868291900415773 0.585776608605636  
    0.5846622973735116 0.5834866160145715 0.5822499435057832  
    0.580952677928131 0.579595236253072 0.5781780541191921  
    0.5767015855992275 0.575166302957629 0.573572696398848  
    0.5719212738065328 0.5702125604738298 0.5684470988249892  
    0.5666254481284825 0.5646786707486564 0.5625802284418827  
    0.5603942920215541 0.558185032301063 0.5560166200938017  
    0.553971474924852 0.5520617917121361 0.5502464043583081  
    0.548484146766022 0.5467338528379314 0.5449532322591246  
    0.5431393686861392 0.5413101569788031 0.5394834919969449  
    0.5376772686003926 0.5359283412472787 0.534243434796188  
    0.5325952497076266 0.5309564864421008 0.5292998454601168  
    0.5275932492851236 0.525809084523334 0.5239267477593988  
    0.5219256355779694 0.519785144563697 0.5174851960049511  
    0.5150087180631971 0.5123396176327285 0.509461801607839  
    0.5063591768828223 0.503014398345382 0.4994280677025203  
    0.49561101207747854 0.49157405859349784 0.4873280343738197  
    0.482919950174323 0.47840156642394455 0.47379083475551176  
    0.46910570680185226 0.46436413419579387 0.45956334687035844  
    0.45468972954138015 0.44974496601590463 0.44473074010097763  
    0.43964873560364454 0.4345052143710326 0.4293077191110381  
    0.4240598549218604 0.4187652269016991 0.41342744014875343  
    0.40804854771193355 0.40262794683673675 0.39716525891624377  
    0.3916601053435358 0.3861121075116934 0.3804969386527442  
    0.3748108011567654 0.36908411015391257 0.3633472807743412  
    0.35763072814820696 0.3534737742587048 0.3488170659223572  
    0.3430941311342271 0.33518125787451347 0.3230960027957368  
    0.304206637806245 0.2772991935417376 0.24625207575074512  
    0.21917117864374758 0.20107728624592522 
  PNBE = 0.0 
  PNBI = 0.0 
  PRFE = 4.93823164077368 
  PRFI = 35.11178574098472 
  PFUSE = 65.22351697500982 
  PFUSI = 21.97173190566089 
  PEI = 2.216007182996303 
  PRAD = -27.81393858397528 
  AREA = 242.9424259 
/



