  PS-state 101   5   1   1   1
   2   1
   3   1
 182  74
   2   1
   4   2
  Sqrt(Psi / Psilim)
 0.000000000E+00 0.118568650E-01 0.237126461E-01 0.355662075E-01 0.474164167E-01
 0.592620865E-01 0.711019885E-01 0.829348467E-01 0.947593879E-01 0.106574255E+00
 0.118378140E+00 0.130169838E+00 0.141948216E+00 0.153711973E+00 0.165460413E+00
 0.177191965E+00 0.188907518E+00 0.200603086E+00 0.212279568E+00 0.223933411E+00
 0.235565180E+00 0.247174080E+00 0.258757607E+00 0.270315366E+00 0.281846670E+00
 0.293350550E+00 0.304825714E+00 0.316270961E+00 0.327685418E+00 0.339068107E+00
 0.350418004E+00 0.361734116E+00 0.373015497E+00 0.384261161E+00 0.395470056E+00
 0.406641370E+00 0.417774277E+00 0.428867743E+00 0.439920620E+00 0.450931622E+00
 0.461900242E+00 0.472825705E+00 0.483706437E+00 0.494541527E+00 0.505330638E+00
 0.516071813E+00 0.526764914E+00 0.537408502E+00 0.548001546E+00 0.558543359E+00
 0.569032478E+00 0.579468286E+00 0.589849499E+00 0.600175004E+00 0.610444187E+00
 0.620655210E+00 0.630807797E+00 0.640900262E+00 0.650931545E+00 0.660901025E+00
 0.670806975E+00 0.680648342E+00 0.690424326E+00 0.700133561E+00 0.709774579E+00
 0.719346434E+00 0.728848099E+00 0.738278131E+00 0.747635123E+00 0.756917969E+00
 0.766125508E+00 0.775256510E+00 0.784309412E+00 0.793282891E+00 0.802175692E+00
 0.810986530E+00 0.819714089E+00 0.828356856E+00 0.836913266E+00 0.845381909E+00
 0.853761344E+00 0.862050120E+00 0.870246781E+00 0.878349631E+00 0.886357102E+00
 0.894267592E+00 0.902079360E+00 0.909790591E+00 0.917399152E+00 0.924902999E+00
 0.932300221E+00 0.939589059E+00 0.946767428E+00 0.953833372E+00 0.960785447E+00
 0.967622131E+00 0.974341298E+00 0.980941415E+00 0.987420691E+00 0.993775484E+00
 0.100000000E+01
       n_e
 0.276263709E+15 0.276078536E+15 0.275506324E+15 0.274800815E+15 0.274039072E+15
 0.273226918E+15 0.272365281E+15 0.271455109E+15 0.270497363E+15 0.269487653E+15
 0.268431740E+15 0.267331463E+15 0.266187830E+15 0.265001881E+15 0.263773170E+15
 0.262500370E+15 0.261188377E+15 0.259838567E+15 0.258451774E+15 0.257029359E+15
 0.255570643E+15 0.254075459E+15 0.252548071E+15 0.250989481E+15 0.249400729E+15
 0.247782892E+15 0.246137095E+15 0.244461464E+15 0.242759859E+15 0.241033781E+15
 0.239284319E+15 0.237512556E+15 0.235719567E+15 0.233906430E+15 0.232073316E+15
 0.230220900E+15 0.228351697E+15 0.226466774E+15 0.224567215E+15 0.222654121E+15
 0.220728453E+15 0.218791213E+15 0.216843533E+15 0.214886425E+15 0.212920327E+15
 0.210946365E+15 0.208966038E+15 0.206980412E+15 0.204990468E+15 0.202997112E+15
 0.201001385E+15 0.199004156E+15 0.197006407E+15 0.195009075E+15 0.193012987E+15
 0.191019191E+15 0.189028413E+15 0.187041636E+15 0.185059701E+15 0.183083338E+15
 0.181113466E+15 0.179150840E+15 0.177196125E+15 0.175250051E+15 0.173313310E+15
 0.171386418E+15 0.169469815E+15 0.167563911E+15 0.165668963E+15 0.163784989E+15
 0.161911793E+15 0.160048920E+15 0.158194917E+15 0.156348350E+15 0.154507223E+15
 0.152668538E+15 0.150828360E+15 0.148981724E+15 0.147122546E+15 0.145243598E+15
 0.143323851E+15 0.141351611E+15 0.139314723E+15 0.137197425E+15 0.134984238E+15
 0.132638519E+15 0.130107464E+15 0.127414705E+15 0.124559165E+15 0.121539592E+15
 0.118280234E+15 0.114923079E+15 0.111508444E+15 0.108068417E+15 0.104731245E+15
 0.101546692E+15 0.985556106E+14 0.959432644E+14 0.935770437E+14 0.915240673E+14
 0.911284758E+14
       t_e
 0.210607556E+02 0.210506240E+02 0.210163846E+02 0.209663237E+02 0.209031900E+02
 0.208282558E+02 0.207416821E+02 0.206436521E+02 0.205343705E+02 0.204128045E+02
 0.202803244E+02 0.201373952E+02 0.199843035E+02 0.198213552E+02 0.196485416E+02
 0.194656793E+02 0.192740115E+02 0.190739492E+02 0.188658336E+02 0.186500946E+02
 0.184267871E+02 0.181960960E+02 0.179590712E+02 0.177161150E+02 0.174676387E+02
 0.172140619E+02 0.169562596E+02 0.166953598E+02 0.164321700E+02 0.161664737E+02
 0.158980629E+02 0.156270135E+02 0.153538112E+02 0.150790966E+02 0.148034766E+02
 0.145278449E+02 0.142534007E+02 0.139812138E+02 0.137122606E+02 0.134475223E+02
 0.131878517E+02 0.129337329E+02 0.126853767E+02 0.124429191E+02 0.122064552E+02
 0.119757192E+02 0.117502506E+02 0.115299252E+02 0.113146202E+02 0.111042468E+02
 0.108987601E+02 0.106980776E+02 0.105021135E+02 0.103107668E+02 0.101239156E+02
 0.994149514E+01 0.976346201E+01 0.958981230E+01 0.942055634E+01 0.925572394E+01
 0.909531284E+01 0.893923552E+01 0.878737600E+01 0.863960268E+01 0.849573805E+01
 0.835558817E+01 0.821899354E+01 0.808582118E+01 0.795591177E+01 0.782905968E+01
 0.770511881E+01 0.758412958E+01 0.746641379E+01 0.735199187E+01 0.724103275E+01
 0.713373439E+01 0.702993102E+01 0.692915020E+01 0.683073810E+01 0.673395224E+01
 0.663746193E+01 0.653942530E+01 0.643826207E+01 0.633227852E+01 0.621975759E+01
 0.609728609E+01 0.588979650E+01 0.559785167E+01 0.523699827E+01 0.482606988E+01
 0.434345534E+01 0.382910587E+01 0.329451712E+01 0.274980154E+01 0.222880078E+01
 0.174056555E+01 0.129414204E+01 0.923577843E+00 0.596889513E+00 0.325309962E+00
 0.272978839E+00
n_i_01
 0.135679920E+15 0.135589257E+15 0.135309144E+15 0.134963883E+15 0.134591156E+15
 0.134193819E+15 0.133772548E+15 0.133328167E+15 0.132861548E+15 0.132371019E+15
 0.131859120E+15 0.131326305E+15 0.130772584E+15 0.130198051E+15 0.129602449E+15
 0.128985293E+15 0.128349024E+15 0.127694345E+15 0.127021652E+15 0.126331563E+15
 0.125623689E+15 0.124897878E+15 0.124156144E+15 0.123398913E+15 0.122626660E+15
 0.121839896E+15 0.121039168E+15 0.120223565E+15 0.119395013E+15 0.118554246E+15
 0.117701793E+15 0.116838171E+15 0.115963881E+15 0.115079429E+15 0.114184862E+15
 0.113280477E+15 0.112367500E+15 0.111446446E+15 0.110517840E+15 0.109582225E+15
 0.108640078E+15 0.107691902E+15 0.106738267E+15 0.105779683E+15 0.104816369E+15
 0.103848891E+15 0.102878011E+15 0.101904263E+15 0.100928146E+15 0.999501161E+14
 0.989706977E+14 0.979903294E+14 0.970095064E+14 0.960287008E+14 0.950483299E+14
 0.940689181E+14 0.930908297E+14 0.921145550E+14 0.911405130E+14 0.901690673E+14
 0.892006766E+14 0.882357208E+14 0.872745356E+14 0.863174892E+14 0.853649316E+14
 0.844171251E+14 0.834742938E+14 0.825366458E+14 0.816043144E+14 0.806773139E+14
 0.797555527E+14 0.788388104E+14 0.779263702E+14 0.770175313E+14 0.761113150E+14
 0.752062472E+14 0.743003917E+14 0.733913077E+14 0.724760008E+14 0.715509144E+14
 0.706056870E+14 0.696345664E+14 0.686315683E+14 0.675889317E+14 0.664990322E+14
 0.653438190E+14 0.640976508E+14 0.627720768E+14 0.613664044E+14 0.598798411E+14
 0.582749156E+14 0.566216012E+14 0.549397733E+14 0.532452055E+14 0.516011401E+14
 0.500321969E+14 0.485585183E+14 0.472714178E+14 0.461055794E+14 0.450940744E+14
 0.448991658E+14
t_i_01
 0.237852245E+02 0.237716961E+02 0.237244848E+02 0.236518169E+02 0.235566585E+02
 0.234412520E+02 0.233059477E+02 0.231511552E+02 0.229773402E+02 0.227829322E+02
 0.225704124E+02 0.223407419E+02 0.220945965E+02 0.218326966E+02 0.215552885E+02
 0.212623996E+02 0.209562503E+02 0.206377618E+02 0.203077468E+02 0.199671582E+02
 0.196164406E+02 0.192562670E+02 0.188884092E+02 0.185137521E+02 0.181331839E+02
 0.177475936E+02 0.173604483E+02 0.169797741E+02 0.166084822E+02 0.162457396E+02
 0.158908204E+02 0.155432357E+02 0.152029598E+02 0.148702230E+02 0.145455589E+02
 0.142296575E+02 0.139228204E+02 0.136255078E+02 0.133380082E+02 0.130606064E+02
 0.127934143E+02 0.125361624E+02 0.122883413E+02 0.120493873E+02 0.118188341E+02
 0.115959991E+02 0.113800555E+02 0.111705922E+02 0.109672092E+02 0.107695728E+02
 0.105774438E+02 0.103905758E+02 0.102087238E+02 0.100316387E+02 0.985908136E+01
 0.969090318E+01 0.952699174E+01 0.936727412E+01 0.921170055E+01 0.906026259E+01
 0.891293826E+01 0.876962674E+01 0.863019922E+01 0.849452155E+01 0.836243339E+01
 0.823376198E+01 0.810835520E+01 0.798607857E+01 0.786678664E+01 0.775031460E+01
 0.763652661E+01 0.752536517E+01 0.741694516E+01 0.731112960E+01 0.720784616E+01
 0.710705400E+01 0.700854837E+01 0.691196414E+01 0.681681120E+01 0.672250663E+01
 0.662790130E+01 0.653156199E+01 0.643204555E+01 0.632770285E+01 0.621683564E+01
 0.609605616E+01 0.588944304E+01 0.559776812E+01 0.523690842E+01 0.482605229E+01
 0.434353026E+01 0.382923386E+01 0.329465385E+01 0.274988265E+01 0.222879278E+01
 0.174047624E+01 0.129399357E+01 0.923448185E+00 0.596820429E+00 0.325355771E+00
 0.273046787E+00
n_i_02
 0.135679920E+15 0.135589257E+15 0.135309144E+15 0.134963883E+15 0.134591156E+15
 0.134193819E+15 0.133772548E+15 0.133328167E+15 0.132861548E+15 0.132371019E+15
 0.131859120E+15 0.131326305E+15 0.130772584E+15 0.130198051E+15 0.129602449E+15
 0.128985293E+15 0.128349024E+15 0.127694345E+15 0.127021652E+15 0.126331563E+15
 0.125623689E+15 0.124897878E+15 0.124156144E+15 0.123398913E+15 0.122626660E+15
 0.121839896E+15 0.121039168E+15 0.120223565E+15 0.119395013E+15 0.118554246E+15
 0.117701793E+15 0.116838171E+15 0.115963881E+15 0.115079429E+15 0.114184862E+15
 0.113280477E+15 0.112367500E+15 0.111446446E+15 0.110517840E+15 0.109582225E+15
 0.108640078E+15 0.107691902E+15 0.106738267E+15 0.105779683E+15 0.104816369E+15
 0.103848891E+15 0.102878011E+15 0.101904263E+15 0.100928146E+15 0.999501161E+14
 0.989706977E+14 0.979903294E+14 0.970095064E+14 0.960287008E+14 0.950483299E+14
 0.940689181E+14 0.930908297E+14 0.921145550E+14 0.911405130E+14 0.901690673E+14
 0.892006766E+14 0.882357208E+14 0.872745356E+14 0.863174892E+14 0.853649316E+14
 0.844171251E+14 0.834742938E+14 0.825366458E+14 0.816043144E+14 0.806773139E+14
 0.797555527E+14 0.788388104E+14 0.779263702E+14 0.770175313E+14 0.761113150E+14
 0.752062472E+14 0.743003917E+14 0.733913077E+14 0.724760008E+14 0.715509144E+14
 0.706056870E+14 0.696345664E+14 0.686315683E+14 0.675889317E+14 0.664990322E+14
 0.653438190E+14 0.640976508E+14 0.627720768E+14 0.613664044E+14 0.598798411E+14
 0.582749156E+14 0.566216012E+14 0.549397733E+14 0.532452055E+14 0.516011401E+14
 0.500321969E+14 0.485585183E+14 0.472714178E+14 0.461055794E+14 0.450940744E+14
 0.448991658E+14
t_i_02
 0.237852245E+02 0.237716961E+02 0.237244848E+02 0.236518169E+02 0.235566585E+02
 0.234412520E+02 0.233059477E+02 0.231511552E+02 0.229773402E+02 0.227829322E+02
 0.225704124E+02 0.223407419E+02 0.220945965E+02 0.218326966E+02 0.215552885E+02
 0.212623996E+02 0.209562503E+02 0.206377618E+02 0.203077468E+02 0.199671582E+02
 0.196164406E+02 0.192562670E+02 0.188884092E+02 0.185137521E+02 0.181331839E+02
 0.177475936E+02 0.173604483E+02 0.169797741E+02 0.166084822E+02 0.162457396E+02
 0.158908204E+02 0.155432357E+02 0.152029598E+02 0.148702230E+02 0.145455589E+02
 0.142296575E+02 0.139228204E+02 0.136255078E+02 0.133380082E+02 0.130606064E+02
 0.127934143E+02 0.125361624E+02 0.122883413E+02 0.120493873E+02 0.118188341E+02
 0.115959991E+02 0.113800555E+02 0.111705922E+02 0.109672092E+02 0.107695728E+02
 0.105774438E+02 0.103905758E+02 0.102087238E+02 0.100316387E+02 0.985908136E+01
 0.969090318E+01 0.952699174E+01 0.936727412E+01 0.921170055E+01 0.906026259E+01
 0.891293826E+01 0.876962674E+01 0.863019922E+01 0.849452155E+01 0.836243339E+01
 0.823376198E+01 0.810835520E+01 0.798607857E+01 0.786678664E+01 0.775031460E+01
 0.763652661E+01 0.752536517E+01 0.741694516E+01 0.731112960E+01 0.720784616E+01
 0.710705400E+01 0.700854837E+01 0.691196414E+01 0.681681120E+01 0.672250663E+01
 0.662790130E+01 0.653156199E+01 0.643204555E+01 0.632770285E+01 0.621683564E+01
 0.609605616E+01 0.588944304E+01 0.559776812E+01 0.523690842E+01 0.482605229E+01
 0.434353026E+01 0.382923386E+01 0.329465385E+01 0.274988265E+01 0.222879278E+01
 0.174047624E+01 0.129399357E+01 0.923448185E+00 0.596820429E+00 0.325355771E+00
 0.273046787E+00
n_i_03
 0.662685047E+11 0.662165150E+11 0.660545384E+11 0.658520077E+11 0.656318759E+11
 0.653956737E+11 0.651376381E+11 0.648482918E+11 0.645171159E+11 0.641299490E+11
 0.636959475E+11 0.632277466E+11 0.627386688E+11 0.622402587E+11 0.617334018E+11
 0.612133017E+11 0.606801184E+11 0.601334915E+11 0.595739096E+11 0.590031497E+11
 0.584225158E+11 0.578338143E+11 0.572402972E+11 0.566439933E+11 0.560460542E+11
 0.554473021E+11 0.548481040E+11 0.542477647E+11 0.536463961E+11 0.530444399E+11
 0.524423309E+11 0.518407394E+11 0.512405980E+11 0.506428619E+11 0.500485294E+11
 0.494587300E+11 0.488742709E+11 0.482957163E+11 0.477234411E+11 0.471577262E+11
 0.465986234E+11 0.460460566E+11 0.454999696E+11 0.449602559E+11 0.444268707E+11
 0.438997595E+11 0.433786075E+11 0.428633076E+11 0.423537275E+11 0.418497253E+11
 0.413512118E+11 0.408580635E+11 0.403701891E+11 0.398874847E+11 0.394098330E+11
 0.389372281E+11 0.384696402E+11 0.380071103E+11 0.375496674E+11 0.370973421E+11
 0.366501687E+11 0.362080843E+11 0.357709929E+11 0.353388124E+11 0.349114425E+11
 0.344887567E+11 0.340706451E+11 0.336570158E+11 0.332477562E+11 0.328427150E+11
 0.324417206E+11 0.320445800E+11 0.316510367E+11 0.312606412E+11 0.308728781E+11
 0.304870836E+11 0.301023847E+11 0.297176901E+11 0.293316831E+11 0.289428275E+11
 0.285469809E+11 0.281416020E+11 0.277241364E+11 0.272913752E+11 0.268401775E+11
 0.263632588E+11 0.258400321E+11 0.252777185E+11 0.246804923E+11 0.240528383E+11
 0.233838193E+11 0.227010311E+11 0.220121269E+11 0.213244039E+11 0.206616915E+11
 0.200310553E+11 0.194401903E+11 0.189247139E+11 0.184579040E+11 0.180529521E+11
 0.179749213E+11
t_i_03
 0.237852245E+02 0.237716961E+02 0.237244848E+02 0.236518169E+02 0.235566585E+02
 0.234412520E+02 0.233059477E+02 0.231511552E+02 0.229773402E+02 0.227829322E+02
 0.225704124E+02 0.223407419E+02 0.220945965E+02 0.218326966E+02 0.215552885E+02
 0.212623996E+02 0.209562503E+02 0.206377618E+02 0.203077468E+02 0.199671582E+02
 0.196164406E+02 0.192562670E+02 0.188884092E+02 0.185137521E+02 0.181331839E+02
 0.177475936E+02 0.173604483E+02 0.169797741E+02 0.166084822E+02 0.162457396E+02
 0.158908204E+02 0.155432357E+02 0.152029598E+02 0.148702230E+02 0.145455589E+02
 0.142296575E+02 0.139228204E+02 0.136255078E+02 0.133380082E+02 0.130606064E+02
 0.127934143E+02 0.125361624E+02 0.122883413E+02 0.120493873E+02 0.118188341E+02
 0.115959991E+02 0.113800555E+02 0.111705922E+02 0.109672092E+02 0.107695728E+02
 0.105774438E+02 0.103905758E+02 0.102087238E+02 0.100316387E+02 0.985908136E+01
 0.969090318E+01 0.952699174E+01 0.936727412E+01 0.921170055E+01 0.906026259E+01
 0.891293826E+01 0.876962674E+01 0.863019922E+01 0.849452155E+01 0.836243339E+01
 0.823376198E+01 0.810835520E+01 0.798607857E+01 0.786678664E+01 0.775031460E+01
 0.763652661E+01 0.752536517E+01 0.741694516E+01 0.731112960E+01 0.720784616E+01
 0.710705400E+01 0.700854837E+01 0.691196414E+01 0.681681120E+01 0.672250663E+01
 0.662790130E+01 0.653156199E+01 0.643204555E+01 0.632770285E+01 0.621683564E+01
 0.609605616E+01 0.588944304E+01 0.559776812E+01 0.523690842E+01 0.482605229E+01
 0.434353026E+01 0.382923386E+01 0.329465385E+01 0.274988265E+01 0.222879278E+01
 0.174047624E+01 0.129399357E+01 0.923448185E+00 0.596820429E+00 0.325355771E+00
 0.273046787E+00
n_i_04
 0.000000000E+00 0.000000000E+00 0.000000000E+00 0.000000000E+00 0.000000000E+00
 0.000000000E+00 0.000000000E+00 0.000000000E+00 0.000000000E+00 0.000000000E+00
 0.000000000E+00 0.000000000E+00 0.000000000E+00 0.000000000E+00 0.000000000E+00
 0.000000000E+00 0.000000000E+00 0.000000000E+00 0.000000000E+00 0.000000000E+00
 0.000000000E+00 0.000000000E+00 0.000000000E+00 0.000000000E+00 0.000000000E+00
 0.000000000E+00 0.000000000E+00 0.000000000E+00 0.000000000E+00 0.000000000E+00
 0.000000000E+00 0.000000000E+00 0.000000000E+00 0.000000000E+00 0.000000000E+00
 0.000000000E+00 0.000000000E+00 0.000000000E+00 0.000000000E+00 0.000000000E+00
 0.000000000E+00 0.000000000E+00 0.000000000E+00 0.000000000E+00 0.000000000E+00
 0.000000000E+00 0.000000000E+00 0.000000000E+00 0.000000000E+00 0.000000000E+00
 0.000000000E+00 0.000000000E+00 0.000000000E+00 0.000000000E+00 0.000000000E+00
 0.000000000E+00 0.000000000E+00 0.000000000E+00 0.000000000E+00 0.000000000E+00
 0.000000000E+00 0.000000000E+00 0.000000000E+00 0.000000000E+00 0.000000000E+00
 0.000000000E+00 0.000000000E+00 0.000000000E+00 0.000000000E+00 0.000000000E+00
 0.000000000E+00 0.000000000E+00 0.000000000E+00 0.000000000E+00 0.000000000E+00
 0.000000000E+00 0.000000000E+00 0.000000000E+00 0.000000000E+00 0.000000000E+00
 0.000000000E+00 0.000000000E+00 0.000000000E+00 0.000000000E+00 0.000000000E+00
 0.000000000E+00 0.000000000E+00 0.000000000E+00 0.000000000E+00 0.000000000E+00
 0.000000000E+00 0.000000000E+00 0.000000000E+00 0.000000000E+00 0.000000000E+00
 0.000000000E+00 0.000000000E+00 0.000000000E+00 0.000000000E+00 0.000000000E+00
 0.000000000E+00
t_i_04
 0.000000000E+00 0.000000000E+00 0.000000000E+00 0.000000000E+00 0.000000000E+00
 0.000000000E+00 0.000000000E+00 0.000000000E+00 0.000000000E+00 0.000000000E+00
 0.000000000E+00 0.000000000E+00 0.000000000E+00 0.000000000E+00 0.000000000E+00
 0.000000000E+00 0.000000000E+00 0.000000000E+00 0.000000000E+00 0.000000000E+00
 0.000000000E+00 0.000000000E+00 0.000000000E+00 0.000000000E+00 0.000000000E+00
 0.000000000E+00 0.000000000E+00 0.000000000E+00 0.000000000E+00 0.000000000E+00
 0.000000000E+00 0.000000000E+00 0.000000000E+00 0.000000000E+00 0.000000000E+00
 0.000000000E+00 0.000000000E+00 0.000000000E+00 0.000000000E+00 0.000000000E+00
 0.000000000E+00 0.000000000E+00 0.000000000E+00 0.000000000E+00 0.000000000E+00
 0.000000000E+00 0.000000000E+00 0.000000000E+00 0.000000000E+00 0.000000000E+00
 0.000000000E+00 0.000000000E+00 0.000000000E+00 0.000000000E+00 0.000000000E+00
 0.000000000E+00 0.000000000E+00 0.000000000E+00 0.000000000E+00 0.000000000E+00
 0.000000000E+00 0.000000000E+00 0.000000000E+00 0.000000000E+00 0.000000000E+00
 0.000000000E+00 0.000000000E+00 0.000000000E+00 0.000000000E+00 0.000000000E+00
 0.000000000E+00 0.000000000E+00 0.000000000E+00 0.000000000E+00 0.000000000E+00
 0.000000000E+00 0.000000000E+00 0.000000000E+00 0.000000000E+00 0.000000000E+00
 0.000000000E+00 0.000000000E+00 0.000000000E+00 0.000000000E+00 0.000000000E+00
 0.000000000E+00 0.000000000E+00 0.000000000E+00 0.000000000E+00 0.000000000E+00
 0.000000000E+00 0.000000000E+00 0.000000000E+00 0.000000000E+00 0.000000000E+00
 0.000000000E+00 0.000000000E+00 0.000000000E+00 0.000000000E+00 0.000000000E+00
 0.000000000E+00
n_i_05
 0.000000000E+00 0.000000000E+00 0.000000000E+00 0.000000000E+00 0.000000000E+00
 0.000000000E+00 0.000000000E+00 0.000000000E+00 0.000000000E+00 0.000000000E+00
 0.000000000E+00 0.000000000E+00 0.000000000E+00 0.000000000E+00 0.000000000E+00
 0.000000000E+00 0.000000000E+00 0.000000000E+00 0.000000000E+00 0.000000000E+00
 0.000000000E+00 0.000000000E+00 0.000000000E+00 0.000000000E+00 0.000000000E+00
 0.000000000E+00 0.000000000E+00 0.000000000E+00 0.000000000E+00 0.000000000E+00
 0.000000000E+00 0.000000000E+00 0.000000000E+00 0.000000000E+00 0.000000000E+00
 0.000000000E+00 0.000000000E+00 0.000000000E+00 0.000000000E+00 0.000000000E+00
 0.000000000E+00 0.000000000E+00 0.000000000E+00 0.000000000E+00 0.000000000E+00
 0.000000000E+00 0.000000000E+00 0.000000000E+00 0.000000000E+00 0.000000000E+00
 0.000000000E+00 0.000000000E+00 0.000000000E+00 0.000000000E+00 0.000000000E+00
 0.000000000E+00 0.000000000E+00 0.000000000E+00 0.000000000E+00 0.000000000E+00
 0.000000000E+00 0.000000000E+00 0.000000000E+00 0.000000000E+00 0.000000000E+00
 0.000000000E+00 0.000000000E+00 0.000000000E+00 0.000000000E+00 0.000000000E+00
 0.000000000E+00 0.000000000E+00 0.000000000E+00 0.000000000E+00 0.000000000E+00
 0.000000000E+00 0.000000000E+00 0.000000000E+00 0.000000000E+00 0.000000000E+00
 0.000000000E+00 0.000000000E+00 0.000000000E+00 0.000000000E+00 0.000000000E+00
 0.000000000E+00 0.000000000E+00 0.000000000E+00 0.000000000E+00 0.000000000E+00
 0.000000000E+00 0.000000000E+00 0.000000000E+00 0.000000000E+00 0.000000000E+00
 0.000000000E+00 0.000000000E+00 0.000000000E+00 0.000000000E+00 0.000000000E+00
 0.000000000E+00
t_i_05
 0.000000000E+00 0.000000000E+00 0.000000000E+00 0.000000000E+00 0.000000000E+00
 0.000000000E+00 0.000000000E+00 0.000000000E+00 0.000000000E+00 0.000000000E+00
 0.000000000E+00 0.000000000E+00 0.000000000E+00 0.000000000E+00 0.000000000E+00
 0.000000000E+00 0.000000000E+00 0.000000000E+00 0.000000000E+00 0.000000000E+00
 0.000000000E+00 0.000000000E+00 0.000000000E+00 0.000000000E+00 0.000000000E+00
 0.000000000E+00 0.000000000E+00 0.000000000E+00 0.000000000E+00 0.000000000E+00
 0.000000000E+00 0.000000000E+00 0.000000000E+00 0.000000000E+00 0.000000000E+00
 0.000000000E+00 0.000000000E+00 0.000000000E+00 0.000000000E+00 0.000000000E+00
 0.000000000E+00 0.000000000E+00 0.000000000E+00 0.000000000E+00 0.000000000E+00
 0.000000000E+00 0.000000000E+00 0.000000000E+00 0.000000000E+00 0.000000000E+00
 0.000000000E+00 0.000000000E+00 0.000000000E+00 0.000000000E+00 0.000000000E+00
 0.000000000E+00 0.000000000E+00 0.000000000E+00 0.000000000E+00 0.000000000E+00
 0.000000000E+00 0.000000000E+00 0.000000000E+00 0.000000000E+00 0.000000000E+00
 0.000000000E+00 0.000000000E+00 0.000000000E+00 0.000000000E+00 0.000000000E+00
 0.000000000E+00 0.000000000E+00 0.000000000E+00 0.000000000E+00 0.000000000E+00
 0.000000000E+00 0.000000000E+00 0.000000000E+00 0.000000000E+00 0.000000000E+00
 0.000000000E+00 0.000000000E+00 0.000000000E+00 0.000000000E+00 0.000000000E+00
 0.000000000E+00 0.000000000E+00 0.000000000E+00 0.000000000E+00 0.000000000E+00
 0.000000000E+00 0.000000000E+00 0.000000000E+00 0.000000000E+00 0.000000000E+00
 0.000000000E+00 0.000000000E+00 0.000000000E+00 0.000000000E+00 0.000000000E+00
 0.000000000E+00
