@R RHO 101 []
0.000000e+00 1.000000e-02 2.000000e-02 3.000000e-02 4.000000e-02 
5.000000e-02 6.000000e-02 7.000000e-02 8.000000e-02 9.000000e-02 
1.000000e-01 1.100000e-01 1.200000e-01 1.300000e-01 1.400000e-01 
1.500000e-01 1.600000e-01 1.700000e-01 1.800000e-01 1.900000e-01 
2.000000e-01 2.100000e-01 2.200000e-01 2.300000e-01 2.400000e-01 
2.500000e-01 2.600000e-01 2.700000e-01 2.800000e-01 2.900000e-01 
3.000000e-01 3.100000e-01 3.200000e-01 3.300000e-01 3.400000e-01 
3.500000e-01 3.600000e-01 3.700000e-01 3.800000e-01 3.900000e-01 
4.000000e-01 4.100000e-01 4.200000e-01 4.300000e-01 4.400000e-01 
4.500000e-01 4.600000e-01 4.700000e-01 4.800000e-01 4.900000e-01 
5.000000e-01 5.100000e-01 5.200000e-01 5.300000e-01 5.400000e-01 
5.500000e-01 5.600000e-01 5.700000e-01 5.800000e-01 5.900000e-01 
6.000000e-01 6.100000e-01 6.200000e-01 6.300000e-01 6.400000e-01 
6.500000e-01 6.600000e-01 6.700000e-01 6.800000e-01 6.900000e-01 
7.000000e-01 7.100000e-01 7.200000e-01 7.300000e-01 7.400000e-01 
7.500000e-01 7.600000e-01 7.700000e-01 7.800000e-01 7.900000e-01 
8.000000e-01 8.100000e-01 8.200000e-01 8.300000e-01 8.400000e-01 
8.500000e-01 8.600000e-01 8.700000e-01 8.800000e-01 8.900000e-01 
9.000000e-01 9.100000e-01 9.200000e-01 9.300000e-01 9.400000e-01 
9.500000e-01 9.600000e-01 9.700000e-01 9.800000e-01 9.900000e-01 
1.000000e+00 
@R ENE 101 []
2.620188e+01 2.620024e+01 2.619532e+01 2.618713e+01 2.617566e+01 
2.616092e+01 2.614292e+01 2.612167e+01 2.609716e+01 2.606942e+01 
2.603844e+01 2.600425e+01 2.596686e+01 2.592627e+01 2.588251e+01 
2.583559e+01 2.578552e+01 2.573233e+01 2.567604e+01 2.561667e+01 
2.555424e+01 2.548876e+01 2.542028e+01 2.534881e+01 2.527437e+01 
2.519700e+01 2.511672e+01 2.503357e+01 2.494757e+01 2.485875e+01 
2.476715e+01 2.467592e+01 2.458826e+01 2.450427e+01 2.442406e+01 
2.434772e+01 2.427523e+01 2.420553e+01 2.413720e+01 2.406878e+01 
2.399885e+01 2.392476e+01 2.384588e+01 2.376379e+01 2.368009e+01 
2.359634e+01 2.351641e+01 2.344174e+01 2.337030e+01 2.330006e+01 
2.322898e+01 2.315492e+01 2.307626e+01 2.299173e+01 2.290005e+01 
2.279996e+01 2.269097e+01 2.257334e+01 2.244695e+01 2.231166e+01 
2.216736e+01 2.201370e+01 2.185081e+01 2.167935e+01 2.149994e+01 
2.131324e+01 2.112107e+01 2.092518e+01 2.072610e+01 2.052437e+01 
2.032051e+01 2.011426e+01 1.990499e+01 1.969272e+01 1.947744e+01 
1.925917e+01 1.903812e+01 1.881461e+01 1.858878e+01 1.836080e+01 
1.813082e+01 1.789900e+01 1.766534e+01 1.742980e+01 1.719236e+01 
1.695298e+01 1.671135e+01 1.646725e+01 1.622079e+01 1.597208e+01 
1.572121e+01 1.546875e+01 1.521542e+01 1.496159e+01 1.470764e+01 
1.445394e+01 1.360891e+01 1.240519e+01 1.101627e+01 9.804787e+00 
8.995343e+00 
@R TE 101 []
2.140917e+01 2.140168e+01 2.137920e+01 2.134180e+01 2.128955e+01 
2.122256e+01 2.114097e+01 2.104494e+01 2.093469e+01 2.081043e+01 
2.067243e+01 2.052096e+01 2.035634e+01 2.017891e+01 1.998901e+01 
1.978704e+01 1.957340e+01 1.934851e+01 1.911281e+01 1.886676e+01 
1.861085e+01 1.834555e+01 1.807137e+01 1.778883e+01 1.749844e+01 
1.720074e+01 1.689627e+01 1.658557e+01 1.626918e+01 1.594766e+01 
1.562155e+01 1.529686e+01 1.497928e+01 1.466883e+01 1.436551e+01 
1.406935e+01 1.378012e+01 1.349716e+01 1.321984e+01 1.294754e+01 
1.267964e+01 1.241484e+01 1.215238e+01 1.189239e+01 1.163503e+01 
1.138046e+01 1.112989e+01 1.088456e+01 1.064462e+01 1.041021e+01 
1.018148e+01 9.958136e+00 9.739655e+00 9.525887e+00 9.316675e+00 
9.111864e+00 8.911497e+00 8.715652e+00 8.524223e+00 8.337101e+00 
8.154179e+00 7.975211e+00 7.800091e+00 7.628926e+00 7.461819e+00 
7.298876e+00 7.140555e+00 6.987130e+00 6.838433e+00 6.694295e+00 
6.554547e+00 6.418789e+00 6.286557e+00 6.157582e+00 6.031597e+00 
5.908334e+00 5.787608e+00 5.669273e+00 5.553118e+00 5.438935e+00 
5.326512e+00 5.215610e+00 5.105991e+00 4.997457e+00 4.889806e+00 
4.782839e+00 4.676249e+00 4.569886e+00 4.463785e+00 4.357980e+00 
4.252505e+00 4.148358e+00 4.046000e+00 3.944665e+00 3.843584e+00 
3.741993e+00 3.221570e+00 2.406971e+00 1.426273e+00 5.996588e-01 
9.664111e-02 
@R TI 101 []
2.323102e+01 2.322030e+01 2.318816e+01 2.313469e+01 2.306005e+01 
2.296443e+01 2.284810e+01 2.271137e+01 2.255463e+01 2.237830e+01 
2.218286e+01 2.196883e+01 2.173678e+01 2.148733e+01 2.122114e+01 
2.093891e+01 2.064136e+01 2.032926e+01 2.000340e+01 1.966460e+01 
1.931369e+01 1.895154e+01 1.857901e+01 1.819700e+01 1.780639e+01 
1.740809e+01 1.700298e+01 1.659198e+01 1.617597e+01 1.575583e+01 
1.533245e+01 1.491718e+01 1.452042e+01 1.414150e+01 1.377978e+01 
1.343460e+01 1.310483e+01 1.278881e+01 1.248518e+01 1.219258e+01 
1.190964e+01 1.163404e+01 1.136433e+01 1.110044e+01 1.084232e+01 
1.058990e+01 1.034452e+01 1.010745e+01 9.878536e+00 9.657604e+00 
9.444495e+00 9.238661e+00 9.039476e+00 8.846668e+00 8.659962e+00 
8.479084e+00 8.303903e+00 8.134237e+00 7.969738e+00 7.810059e+00 
7.654853e+00 7.503516e+00 7.355685e+00 7.211372e+00 7.070587e+00 
6.933340e+00 6.800096e+00 6.671124e+00 6.546142e+00 6.424866e+00 
6.307014e+00 6.191986e+00 6.079198e+00 5.968389e+00 5.859295e+00 
5.751657e+00 5.645355e+00 5.540368e+00 5.436575e+00 5.333858e+00 
5.232098e+00 5.131184e+00 5.030971e+00 4.931290e+00 4.831972e+00 
4.732849e+00 4.633575e+00 4.533941e+00 4.433982e+00 4.333733e+00 
4.233228e+00 4.133448e+00 4.034975e+00 3.937249e+00 3.839710e+00 
3.741797e+00 3.221728e+00 2.407294e+00 1.426164e+00 5.993649e-01 
9.685720e-02 
@R FP 102 []
-3.222311e-12 -3.222311e-12 1.116166e-02 3.348083e-02 6.694945e-02 
1.115527e-01 1.672701e-01 2.340785e-01 3.119521e-01 4.008581e-01 
5.007563e-01 6.116036e-01 7.333554e-01 8.659571e-01 1.009363e+00 
1.163504e+00 1.328355e+00 1.503833e+00 1.689858e+00 1.886352e+00 
2.093204e+00 2.310406e+00 2.537824e+00 2.775357e+00 3.022951e+00 
3.280524e+00 3.547969e+00 3.825175e+00 4.112047e+00 4.408484e+00 
4.714383e+00 5.029633e+00 5.354126e+00 5.687748e+00 6.030386e+00 
6.381921e+00 6.742249e+00 7.111263e+00 7.488832e+00 7.874812e+00 
8.269055e+00 8.671463e+00 9.081906e+00 9.500175e+00 9.926170e+00 
1.035975e+01 1.080071e+01 1.124895e+01 1.170427e+01 1.216653e+01 
1.263556e+01 1.311119e+01 1.359326e+01 1.408156e+01 1.457594e+01 
1.507617e+01 1.558211e+01 1.609354e+01 1.661022e+01 1.713202e+01 
1.765870e+01 1.819001e+01 1.872580e+01 1.926584e+01 1.980985e+01 
2.035765e+01 2.090903e+01 2.146374e+01 2.202150e+01 2.258211e+01 
2.314534e+01 2.371094e+01 2.427862e+01 2.484814e+01 2.541925e+01 
2.599169e+01 2.656519e+01 2.713948e+01 2.771426e+01 2.828926e+01 
2.886421e+01 2.943881e+01 3.001279e+01 3.058582e+01 3.115760e+01 
3.172783e+01 3.229620e+01 3.286241e+01 3.342610e+01 3.398693e+01 
3.454458e+01 3.509875e+01 3.564909e+01 3.619521e+01 3.673674e+01 
3.727330e+01 3.780447e+01 3.832986e+01 3.884916e+01 3.936197e+01 
3.986793e+01 4.011737e+01 
@R CURPAR 102 []
3.652702e+00 3.652702e+00 3.652702e+00 3.651611e+00 3.649752e+00 
3.647107e+00 3.643705e+00 3.639571e+00 3.634722e+00 3.629169e+00 
3.622917e+00 3.615968e+00 3.608324e+00 3.599985e+00 3.590951e+00 
3.581222e+00 3.570798e+00 3.559680e+00 3.547866e+00 3.535357e+00 
3.522154e+00 3.508255e+00 3.493662e+00 3.478374e+00 3.462390e+00 
3.445712e+00 3.428339e+00 3.410271e+00 3.391508e+00 3.372050e+00 
3.351898e+00 3.331050e+00 3.309507e+00 3.287270e+00 3.264337e+00 
3.240710e+00 3.216388e+00 3.191370e+00 3.165658e+00 3.139251e+00 
3.112149e+00 3.084352e+00 3.055860e+00 3.026674e+00 2.996792e+00 
2.966215e+00 2.934944e+00 2.902977e+00 2.870316e+00 2.836960e+00 
2.802908e+00 2.768162e+00 2.732721e+00 2.696585e+00 2.659754e+00 
2.622228e+00 2.584008e+00 2.545092e+00 2.505481e+00 2.465176e+00 
2.424175e+00 2.382480e+00 2.340090e+00 2.297004e+00 2.253224e+00 
2.208749e+00 2.163579e+00 2.117714e+00 2.071154e+00 2.023899e+00 
1.975950e+00 1.927305e+00 1.877966e+00 1.827931e+00 1.777202e+00 
1.725777e+00 1.673658e+00 1.620844e+00 1.567335e+00 1.513131e+00 
1.458232e+00 1.402638e+00 1.346349e+00 1.289366e+00 1.231687e+00 
1.173314e+00 1.114245e+00 1.054482e+00 9.940241e-01 9.328736e-01 
8.710380e-01 8.085435e-01 7.454683e-01 6.820131e-01 6.186266e-01 
5.561846e-01 4.961821e-01 4.408882e-01 3.931210e-01 3.562416e-01 
3.352684e-01 3.352684e-01 
