  PS-state 101   8   1   1   1
   2   1
   3   1
 182  74
  83  36
   3   2
   4   2
   2   1
   4   2
  Sqrt(Psi / Psilim)
 0.000000000E+00 0.118836580E-01 0.237661437E-01 0.356462326E-01 0.475227041E-01
 0.593942837E-01 0.712596559E-01 0.831174597E-01 0.949663416E-01 0.106804863E+00
 0.118631641E+00 0.130445418E+00 0.142244979E+00 0.154028983E+00 0.165796692E+00
 0.177546510E+00 0.189279375E+00 0.200991011E+00 0.212682525E+00 0.224350286E+00
 0.235994728E+00 0.247615266E+00 0.259209329E+00 0.270776409E+00 0.282315837E+00
 0.293826683E+00 0.305307824E+00 0.316758024E+00 0.328176377E+00 0.339561828E+00
 0.350913283E+00 0.362229770E+00 0.373510479E+00 0.384754539E+00 0.395961012E+00
 0.407129165E+00 0.418258081E+00 0.429346733E+00 0.440393982E+00 0.451398611E+00
 0.462360315E+00 0.473278088E+00 0.484150369E+00 0.494976632E+00 0.505756251E+00
 0.516487387E+00 0.527170110E+00 0.537802707E+00 0.548384598E+00 0.558914688E+00
 0.569391937E+00 0.579815352E+00 0.590184052E+00 0.600496579E+00 0.610752575E+00
 0.620950095E+00 0.631088845E+00 0.641167383E+00 0.651184483E+00 0.661139639E+00
 0.671031286E+00 0.680858291E+00 0.690619937E+00 0.700315039E+00 0.709942088E+00
 0.719500192E+00 0.728988392E+00 0.738405375E+00 0.747749704E+00 0.757020320E+00
 0.766216106E+00 0.775335875E+00 0.784378098E+00 0.793341445E+00 0.802224685E+00
 0.811026555E+00 0.819745766E+00 0.828380834E+00 0.836930179E+00 0.845392368E+00
 0.853765924E+00 0.862049382E+00 0.870241341E+00 0.878340201E+00 0.886344463E+00
 0.894252500E+00 0.902062375E+00 0.909772120E+00 0.917379559E+00 0.924882558E+00
 0.932278957E+00 0.939566887E+00 0.946744509E+00 0.953810463E+00 0.960763777E+00
 0.967602828E+00 0.974325043E+00 0.980928652E+00 0.987411884E+00 0.993771077E+00
 0.100000000E+01
       n_e
 0.326796990E+15 0.326779239E+15 0.326710929E+15 0.326590455E+15 0.326418593E+15
 0.326199716E+15 0.325933997E+15 0.325621648E+15 0.325262916E+15 0.324851989E+15
 0.324395257E+15 0.323893197E+15 0.323346205E+15 0.322754713E+15 0.322116535E+15
 0.321431712E+15 0.320703852E+15 0.319933704E+15 0.319121703E+15 0.318268639E+15
 0.317371914E+15 0.316433377E+15 0.315455904E+15 0.314440172E+15 0.313386888E+15
 0.312296802E+15 0.311166068E+15 0.309986082E+15 0.308764951E+15 0.307511627E+15
 0.306234359E+15 0.304936721E+15 0.303614338E+15 0.302259113E+15 0.300858789E+15
 0.299411809E+15 0.297913200E+15 0.296346470E+15 0.294690917E+15 0.292923969E+15
 0.291018936E+15 0.288952343E+15 0.286707327E+15 0.284268731E+15 0.281604990E+15
 0.278724560E+15 0.275639034E+15 0.272365668E+15 0.268925174E+15 0.265353936E+15
 0.261695927E+15 0.257983959E+15 0.254243261E+15 0.250497251E+15 0.246763311E+15
 0.243053656E+15 0.239378230E+15 0.235747268E+15 0.232170274E+15 0.228654223E+15
 0.225203276E+15 0.221819721E+15 0.218505319E+15 0.215260977E+15 0.212085920E+15
 0.208978749E+15 0.205939093E+15 0.202967305E+15 0.200064445E+15 0.197232545E+15
 0.194471859E+15 0.191777211E+15 0.189142653E+15 0.186558247E+15 0.184001735E+15
 0.181452940E+15 0.178913536E+15 0.176400869E+15 0.173937772E+15 0.171549636E+15
 0.169362020E+15 0.167489970E+15 0.165883264E+15 0.164459076E+15 0.163126166E+15
 0.161787128E+15 0.159174333E+15 0.155385906E+15 0.150756380E+15 0.145672915E+15
 0.139960180E+15 0.133982903E+15 0.127842651E+15 0.121627486E+15 0.115640144E+15
 0.109972813E+15 0.104715031E+15 0.100219090E+15 0.961907144E+14 0.927540568E+14
 0.920899179E+14
       t_e
 0.192906318E+02 0.192835930E+02 0.192565243E+02 0.192088634E+02 0.191410584E+02
 0.190549971E+02 0.189509510E+02 0.188292457E+02 0.186902587E+02 0.185322358E+02
 0.183579180E+02 0.181678802E+02 0.179626964E+02 0.177429814E+02 0.175085771E+02
 0.172601197E+02 0.169992864E+02 0.167268852E+02 0.164436237E+02 0.161503396E+02
 0.158471056E+02 0.155350884E+02 0.152156108E+02 0.148894663E+02 0.145574512E+02
 0.142203644E+02 0.138803498E+02 0.135417717E+02 0.132067367E+02 0.128755506E+02
 0.125484697E+02 0.122256703E+02 0.119074591E+02 0.115943376E+02 0.112872574E+02
 0.109867794E+02 0.106936258E+02 0.104082325E+02 0.101308420E+02 0.986159321E+01
 0.960033560E+01 0.934685702E+01 0.910109030E+01 0.886298444E+01 0.863276156E+01
 0.840997167E+01 0.819510636E+01 0.798893157E+01 0.779224997E+01 0.760607141E+01
 0.743117721E+01 0.726778215E+01 0.711586665E+01 0.697536121E+01 0.684592465E+01
 0.672688782E+01 0.661741497E+01 0.651668705E+01 0.642390552E+01 0.633830081E+01
 0.625915174E+01 0.618576136E+01 0.611745200E+01 0.605358051E+01 0.599359346E+01
 0.593706311E+01 0.588364964E+01 0.583304308E+01 0.578496997E+01 0.573922042E+01
 0.569559905E+01 0.565381885E+01 0.561359177E+01 0.557449824E+01 0.553611418E+01
 0.549798961E+01 0.545967821E+01 0.542077811E+01 0.538093478E+01 0.533978047E+01
 0.529562605E+01 0.524751057E+01 0.519640000E+01 0.514353595E+01 0.509022858E+01
 0.503787687E+01 0.489233470E+01 0.465801880E+01 0.435903448E+01 0.402368334E+01
 0.363030181E+01 0.320747538E+01 0.276425242E+01 0.230732662E+01 0.186716618E+01
 0.145461204E+01 0.107861881E+01 0.771670693E+00 0.504480456E+00 0.287416261E+00
 0.245468300E+00
n_i_01
 0.113463825E+15 0.113463895E+15 0.113461922E+15 0.113450943E+15 0.113422889E+15
 0.113377686E+15 0.113327656E+15 0.113293790E+15 0.113299089E+15 0.113384264E+15
 0.113565614E+15 0.113847905E+15 0.114231505E+15 0.114709504E+15 0.115258971E+15
 0.115853766E+15 0.116475338E+15 0.117105998E+15 0.117731423E+15 0.118347671E+15
 0.118956134E+15 0.119559757E+15 0.120165088E+15 0.120777302E+15 0.121394875E+15
 0.122014187E+15 0.122628078E+15 0.123222759E+15 0.123792867E+15 0.124336711E+15
 0.124852227E+15 0.125335148E+15 0.125778274E+15 0.126173546E+15 0.126508400E+15
 0.126779975E+15 0.126983745E+15 0.127110245E+15 0.127148555E+15 0.127087197E+15
 0.126913764E+15 0.126618885E+15 0.126197221E+15 0.125644521E+15 0.124947171E+15
 0.124114349E+15 0.123153015E+15 0.122072265E+15 0.120882935E+15 0.119602698E+15
 0.118252557E+15 0.116848834E+15 0.115404720E+15 0.113932668E+15 0.112442485E+15
 0.110941628E+15 0.109436510E+15 0.107933564E+15 0.106438803E+15 0.104957012E+15
 0.103491578E+15 0.102044915E+15 0.100619077E+15 0.992156129E+14 0.978351989E+14
 0.964781084E+14 0.951449641E+14 0.938366287E+14 0.925542118E+14 0.912991889E+14
 0.900721797E+14 0.888713232E+14 0.876941479E+14 0.865366535E+14 0.853891140E+14
 0.842425828E+14 0.830981255E+14 0.819639874E+14 0.808509223E+14 0.797708786E+14
 0.787822650E+14 0.779390384E+14 0.772179703E+14 0.765805091E+14 0.759841530E+14
 0.753833438E+14 0.742126505E+14 0.725101220E+14 0.704197907E+14 0.681092395E+14
 0.654876389E+14 0.627289996E+14 0.598820529E+14 0.569865177E+14 0.541884134E+14
 0.515365749E+14 0.490738199E+14 0.469670775E+14 0.450792907E+14 0.434687239E+14
 0.431574795E+14
t_i_01
 0.234245172E+02 0.234130287E+02 0.233688602E+02 0.232911425E+02 0.231806992E+02
 0.230407119E+02 0.228717545E+02 0.226745130E+02 0.224497808E+02 0.221950406E+02
 0.219148875E+02 0.216104909E+02 0.212830323E+02 0.209337686E+02 0.205628463E+02
 0.201716396E+02 0.197629900E+02 0.193384682E+02 0.188994822E+02 0.184476339E+02
 0.179835730E+02 0.175093449E+02 0.170271063E+02 0.165383232E+02 0.160444438E+02
 0.155468969E+02 0.150503818E+02 0.145649761E+02 0.140943298E+02 0.136386762E+02
 0.131983382E+02 0.127738717E+02 0.123657784E+02 0.119742993E+02 0.116008070E+02
 0.112443735E+02 0.109046285E+02 0.105817119E+02 0.102758673E+02 0.998740658E+01
 0.971649966E+01 0.946261397E+01 0.922463494E+01 0.900132968E+01 0.879203813E+01
 0.859447573E+01 0.840759024E+01 0.823060254E+01 0.806274588E+01 0.790338320E+01
 0.775205682E+01 0.760839030E+01 0.747201145E+01 0.734256923E+01 0.721972213E+01
 0.710315499E+01 0.699252527E+01 0.688750416E+01 0.678776202E+01 0.669295578E+01
 0.660275008E+01 0.651681282E+01 0.643481843E+01 0.635643899E+01 0.628135080E+01
 0.620927604E+01 0.614000085E+01 0.607334219E+01 0.600914681E+01 0.594731250E+01
 0.588773318E+01 0.583019538E+01 0.577449533E+01 0.572028637E+01 0.566722105E+01
 0.561494239E+01 0.556307584E+01 0.551126937E+01 0.545920480E+01 0.540653959E+01
 0.535162497E+01 0.529322221E+01 0.523213452E+01 0.516952071E+01 0.510662925E+01
 0.504479330E+01 0.489410313E+01 0.465801880E+01 0.435903448E+01 0.402368334E+01
 0.363030181E+01 0.320747538E+01 0.276425242E+01 0.230732662E+01 0.186716618E+01
 0.145461204E+01 0.107861881E+01 0.771670693E+00 0.504480456E+00 0.287416261E+00
 0.245468300E+00
n_i_02
 0.113463825E+15 0.113463895E+15 0.113461922E+15 0.113450943E+15 0.113422889E+15
 0.113377686E+15 0.113327656E+15 0.113293790E+15 0.113299089E+15 0.113384264E+15
 0.113565614E+15 0.113847905E+15 0.114231505E+15 0.114709504E+15 0.115258971E+15
 0.115853766E+15 0.116475338E+15 0.117105998E+15 0.117731423E+15 0.118347671E+15
 0.118956134E+15 0.119559757E+15 0.120165088E+15 0.120777302E+15 0.121394875E+15
 0.122014187E+15 0.122628078E+15 0.123222759E+15 0.123792867E+15 0.124336711E+15
 0.124852227E+15 0.125335148E+15 0.125778274E+15 0.126173546E+15 0.126508400E+15
 0.126779975E+15 0.126983745E+15 0.127110245E+15 0.127148555E+15 0.127087197E+15
 0.126913764E+15 0.126618885E+15 0.126197221E+15 0.125644521E+15 0.124947171E+15
 0.124114349E+15 0.123153015E+15 0.122072265E+15 0.120882935E+15 0.119602698E+15
 0.118252557E+15 0.116848834E+15 0.115404720E+15 0.113932668E+15 0.112442485E+15
 0.110941628E+15 0.109436510E+15 0.107933564E+15 0.106438803E+15 0.104957012E+15
 0.103491578E+15 0.102044915E+15 0.100619077E+15 0.992156129E+14 0.978351989E+14
 0.964781084E+14 0.951449641E+14 0.938366287E+14 0.925542118E+14 0.912991889E+14
 0.900721797E+14 0.888713232E+14 0.876941479E+14 0.865366535E+14 0.853891140E+14
 0.842425828E+14 0.830981255E+14 0.819639874E+14 0.808509223E+14 0.797708786E+14
 0.787822650E+14 0.779390384E+14 0.772179703E+14 0.765805091E+14 0.759841530E+14
 0.753833438E+14 0.742126505E+14 0.725101220E+14 0.704197907E+14 0.681092395E+14
 0.654876389E+14 0.627289996E+14 0.598820529E+14 0.569865177E+14 0.541884134E+14
 0.515365749E+14 0.490738199E+14 0.469670775E+14 0.450792907E+14 0.434687239E+14
 0.431574795E+14
t_i_02
 0.234245172E+02 0.234130287E+02 0.233688602E+02 0.232911425E+02 0.231806992E+02
 0.230407119E+02 0.228717545E+02 0.226745130E+02 0.224497808E+02 0.221950406E+02
 0.219148875E+02 0.216104909E+02 0.212830323E+02 0.209337686E+02 0.205628463E+02
 0.201716396E+02 0.197629900E+02 0.193384682E+02 0.188994822E+02 0.184476339E+02
 0.179835730E+02 0.175093449E+02 0.170271063E+02 0.165383232E+02 0.160444438E+02
 0.155468969E+02 0.150503818E+02 0.145649761E+02 0.140943298E+02 0.136386762E+02
 0.131983382E+02 0.127738717E+02 0.123657784E+02 0.119742993E+02 0.116008070E+02
 0.112443735E+02 0.109046285E+02 0.105817119E+02 0.102758673E+02 0.998740658E+01
 0.971649966E+01 0.946261397E+01 0.922463494E+01 0.900132968E+01 0.879203813E+01
 0.859447573E+01 0.840759024E+01 0.823060254E+01 0.806274588E+01 0.790338320E+01
 0.775205682E+01 0.760839030E+01 0.747201145E+01 0.734256923E+01 0.721972213E+01
 0.710315499E+01 0.699252527E+01 0.688750416E+01 0.678776202E+01 0.669295578E+01
 0.660275008E+01 0.651681282E+01 0.643481843E+01 0.635643899E+01 0.628135080E+01
 0.620927604E+01 0.614000085E+01 0.607334219E+01 0.600914681E+01 0.594731250E+01
 0.588773318E+01 0.583019538E+01 0.577449533E+01 0.572028637E+01 0.566722105E+01
 0.561494239E+01 0.556307584E+01 0.551126937E+01 0.545920480E+01 0.540653959E+01
 0.535162497E+01 0.529322221E+01 0.523213452E+01 0.516952071E+01 0.510662925E+01
 0.504479330E+01 0.489410313E+01 0.465801880E+01 0.435903448E+01 0.402368334E+01
 0.363030181E+01 0.320747538E+01 0.276425242E+01 0.230732662E+01 0.186716618E+01
 0.145461204E+01 0.107861881E+01 0.771670693E+00 0.504480456E+00 0.287416261E+00
 0.245468300E+00
n_i_03
 0.490195485E+10 0.490168859E+10 0.490066394E+10 0.489885683E+10 0.489627889E+10
 0.489299574E+10 0.488900996E+10 0.488432472E+10 0.487894374E+10 0.487277983E+10
 0.486592886E+10 0.485839796E+10 0.485019307E+10 0.484132069E+10 0.483174803E+10
 0.482147568E+10 0.481055779E+10 0.479900555E+10 0.478682555E+10 0.477402959E+10
 0.476057872E+10 0.474650066E+10 0.473183856E+10 0.471660258E+10 0.470080332E+10
 0.468445203E+10 0.466749103E+10 0.464979123E+10 0.463147426E+10 0.461267441E+10
 0.459351539E+10 0.457405082E+10 0.455421508E+10 0.453388670E+10 0.451288184E+10
 0.449117713E+10 0.446869800E+10 0.444519704E+10 0.442036376E+10 0.439385954E+10
 0.436528405E+10 0.433428514E+10 0.430060990E+10 0.426403097E+10 0.422407485E+10
 0.418086841E+10 0.413458551E+10 0.408548503E+10 0.403387761E+10 0.398030904E+10
 0.392543890E+10 0.386975938E+10 0.381364892E+10 0.375745876E+10 0.370144966E+10
 0.364580484E+10 0.359067345E+10 0.353620902E+10 0.348255411E+10 0.342981335E+10
 0.337804914E+10 0.332729582E+10 0.327757979E+10 0.322891466E+10 0.318128880E+10
 0.313468123E+10 0.308908640E+10 0.304450958E+10 0.300096668E+10 0.295848818E+10
 0.291707788E+10 0.287665817E+10 0.283713979E+10 0.279837370E+10 0.276002602E+10
 0.272179409E+10 0.268370304E+10 0.264601303E+10 0.260906658E+10 0.257324454E+10
 0.254043030E+10 0.251234955E+10 0.248824896E+10 0.246688614E+10 0.244689249E+10
 0.242680692E+10 0.238761499E+10 0.233078860E+10 0.226134570E+10 0.218509372E+10
 0.209940271E+10 0.200974355E+10 0.191763977E+10 0.182441229E+10 0.173460216E+10
 0.164959220E+10 0.157072547E+10 0.150328635E+10 0.144286072E+10 0.139131085E+10
 0.138134877E+10
t_i_03
 0.234245172E+02 0.234130287E+02 0.233688602E+02 0.232911425E+02 0.231806992E+02
 0.230407119E+02 0.228717545E+02 0.226745130E+02 0.224497808E+02 0.221950406E+02
 0.219148875E+02 0.216104909E+02 0.212830323E+02 0.209337686E+02 0.205628463E+02
 0.201716396E+02 0.197629900E+02 0.193384682E+02 0.188994822E+02 0.184476339E+02
 0.179835730E+02 0.175093449E+02 0.170271063E+02 0.165383232E+02 0.160444438E+02
 0.155468969E+02 0.150503818E+02 0.145649761E+02 0.140943298E+02 0.136386762E+02
 0.131983382E+02 0.127738717E+02 0.123657784E+02 0.119742993E+02 0.116008070E+02
 0.112443735E+02 0.109046285E+02 0.105817119E+02 0.102758673E+02 0.998740658E+01
 0.971649966E+01 0.946261397E+01 0.922463494E+01 0.900132968E+01 0.879203813E+01
 0.859447573E+01 0.840759024E+01 0.823060254E+01 0.806274588E+01 0.790338320E+01
 0.775205682E+01 0.760839030E+01 0.747201145E+01 0.734256923E+01 0.721972213E+01
 0.710315499E+01 0.699252527E+01 0.688750416E+01 0.678776202E+01 0.669295578E+01
 0.660275008E+01 0.651681282E+01 0.643481843E+01 0.635643899E+01 0.628135080E+01
 0.620927604E+01 0.614000085E+01 0.607334219E+01 0.600914681E+01 0.594731250E+01
 0.588773318E+01 0.583019538E+01 0.577449533E+01 0.572028637E+01 0.566722105E+01
 0.561494239E+01 0.556307584E+01 0.551126937E+01 0.545920480E+01 0.540653959E+01
 0.535162497E+01 0.529322221E+01 0.523213452E+01 0.516952071E+01 0.510662925E+01
 0.504479330E+01 0.489410313E+01 0.465801880E+01 0.435903448E+01 0.402368334E+01
 0.363030181E+01 0.320747538E+01 0.276425242E+01 0.230732662E+01 0.186716618E+01
 0.145461204E+01 0.107861881E+01 0.771670693E+00 0.504480456E+00 0.287416261E+00
 0.245468300E+00
n_i_04
 0.196078194E+12 0.196067543E+12 0.196026557E+12 0.195954273E+12 0.195851156E+12
 0.195719829E+12 0.195560398E+12 0.195372989E+12 0.195157749E+12 0.194911193E+12
 0.194637154E+12 0.194335918E+12 0.194007723E+12 0.193652828E+12 0.193269921E+12
 0.192859027E+12 0.192422311E+12 0.191960222E+12 0.191473022E+12 0.190961183E+12
 0.190423149E+12 0.189860026E+12 0.189273543E+12 0.188664103E+12 0.188032133E+12
 0.187378081E+12 0.186699641E+12 0.185991649E+12 0.185258971E+12 0.184506976E+12
 0.183740616E+12 0.182962033E+12 0.182168603E+12 0.181355468E+12 0.180515274E+12
 0.179647085E+12 0.178747920E+12 0.177807882E+12 0.176814550E+12 0.175754381E+12
 0.174611362E+12 0.173371406E+12 0.172024396E+12 0.170561239E+12 0.168962994E+12
 0.167234736E+12 0.165383420E+12 0.163419401E+12 0.161355105E+12 0.159212361E+12
 0.157017556E+12 0.154790375E+12 0.152545957E+12 0.150298350E+12 0.148057987E+12
 0.145832194E+12 0.143626938E+12 0.141448361E+12 0.139302165E+12 0.137192534E+12
 0.135121966E+12 0.133091833E+12 0.131103191E+12 0.129156586E+12 0.127251552E+12
 0.125387249E+12 0.123563456E+12 0.121780383E+12 0.120038667E+12 0.118339527E+12
 0.116683115E+12 0.115066327E+12 0.113485592E+12 0.111934948E+12 0.110401041E+12
 0.108871764E+12 0.107348122E+12 0.105840521E+12 0.104362663E+12 0.102929781E+12
 0.101617212E+12 0.100493982E+12 0.995299584E+11 0.986754455E+11 0.978756994E+11
 0.970722766E+11 0.955045996E+11 0.932315439E+11 0.904538281E+11 0.874037488E+11
 0.839761083E+11 0.803897418E+11 0.767055908E+11 0.729764917E+11 0.693840864E+11
 0.659836878E+11 0.628290187E+11 0.601314539E+11 0.577144287E+11 0.556524341E+11
 0.552539508E+11
t_i_04
 0.234245172E+02 0.234130287E+02 0.233688602E+02 0.232911425E+02 0.231806992E+02
 0.230407119E+02 0.228717545E+02 0.226745130E+02 0.224497808E+02 0.221950406E+02
 0.219148875E+02 0.216104909E+02 0.212830323E+02 0.209337686E+02 0.205628463E+02
 0.201716396E+02 0.197629900E+02 0.193384682E+02 0.188994822E+02 0.184476339E+02
 0.179835730E+02 0.175093449E+02 0.170271063E+02 0.165383232E+02 0.160444438E+02
 0.155468969E+02 0.150503818E+02 0.145649761E+02 0.140943298E+02 0.136386762E+02
 0.131983382E+02 0.127738717E+02 0.123657784E+02 0.119742993E+02 0.116008070E+02
 0.112443735E+02 0.109046285E+02 0.105817119E+02 0.102758673E+02 0.998740658E+01
 0.971649966E+01 0.946261397E+01 0.922463494E+01 0.900132968E+01 0.879203813E+01
 0.859447573E+01 0.840759024E+01 0.823060254E+01 0.806274588E+01 0.790338320E+01
 0.775205682E+01 0.760839030E+01 0.747201145E+01 0.734256923E+01 0.721972213E+01
 0.710315499E+01 0.699252527E+01 0.688750416E+01 0.678776202E+01 0.669295578E+01
 0.660275008E+01 0.651681282E+01 0.643481843E+01 0.635643899E+01 0.628135080E+01
 0.620927604E+01 0.614000085E+01 0.607334219E+01 0.600914681E+01 0.594731250E+01
 0.588773318E+01 0.583019538E+01 0.577449533E+01 0.572028637E+01 0.566722105E+01
 0.561494239E+01 0.556307584E+01 0.551126937E+01 0.545920480E+01 0.540653959E+01
 0.535162497E+01 0.529322221E+01 0.523213452E+01 0.516952071E+01 0.510662925E+01
 0.504479330E+01 0.489410313E+01 0.465801880E+01 0.435903448E+01 0.402368334E+01
 0.363030181E+01 0.320747538E+01 0.276425242E+01 0.230732662E+01 0.186716618E+01
 0.145461204E+01 0.107861881E+01 0.771670693E+00 0.504480456E+00 0.287416261E+00
 0.245468300E+00
n_i_05
 0.653593980E+13 0.653558478E+13 0.653421858E+13 0.653180911E+13 0.652837186E+13
 0.652399431E+13 0.651867994E+13 0.651243296E+13 0.650525831E+13 0.649703978E+13
 0.648790514E+13 0.647786395E+13 0.646692409E+13 0.645509426E+13 0.644233070E+13
 0.642863425E+13 0.641407705E+13 0.639867407E+13 0.638243407E+13 0.636537278E+13
 0.634743829E+13 0.632866754E+13 0.630911809E+13 0.628880344E+13 0.626773775E+13
 0.624593605E+13 0.622332137E+13 0.619972164E+13 0.617529902E+13 0.615023254E+13
 0.612468719E+13 0.609873443E+13 0.607228677E+13 0.604518227E+13 0.601717578E+13
 0.598823617E+13 0.595826400E+13 0.592692939E+13 0.589381834E+13 0.585847938E+13
 0.582037873E+13 0.577904685E+13 0.573414654E+13 0.568537463E+13 0.563209980E+13
 0.557449121E+13 0.551278068E+13 0.544731337E+13 0.537850349E+13 0.530707871E+13
 0.523391853E+13 0.515967917E+13 0.508486522E+13 0.500994502E+13 0.493526622E+13
 0.486107312E+13 0.478756460E+13 0.471494536E+13 0.464340549E+13 0.457308446E+13
 0.450406553E+13 0.443639442E+13 0.437010638E+13 0.430521954E+13 0.424171840E+13
 0.417957497E+13 0.411878186E+13 0.405934610E+13 0.400128891E+13 0.394465091E+13
 0.388943718E+13 0.383554422E+13 0.378285306E+13 0.373116494E+13 0.368003470E+13
 0.362905879E+13 0.357827072E+13 0.352801738E+13 0.347875544E+13 0.343099272E+13
 0.338724040E+13 0.334979940E+13 0.331766528E+13 0.328918152E+13 0.326252331E+13
 0.323574255E+13 0.318348665E+13 0.310771813E+13 0.301512760E+13 0.291345829E+13
 0.279920361E+13 0.267965806E+13 0.255685303E+13 0.243254972E+13 0.231280288E+13
 0.219945626E+13 0.209430062E+13 0.200438180E+13 0.192381429E+13 0.185508114E+13
 0.184179836E+13
t_i_05
 0.234245172E+02 0.234130287E+02 0.233688602E+02 0.232911425E+02 0.231806992E+02
 0.230407119E+02 0.228717545E+02 0.226745130E+02 0.224497808E+02 0.221950406E+02
 0.219148875E+02 0.216104909E+02 0.212830323E+02 0.209337686E+02 0.205628463E+02
 0.201716396E+02 0.197629900E+02 0.193384682E+02 0.188994822E+02 0.184476339E+02
 0.179835730E+02 0.175093449E+02 0.170271063E+02 0.165383232E+02 0.160444438E+02
 0.155468969E+02 0.150503818E+02 0.145649761E+02 0.140943298E+02 0.136386762E+02
 0.131983382E+02 0.127738717E+02 0.123657784E+02 0.119742993E+02 0.116008070E+02
 0.112443735E+02 0.109046285E+02 0.105817119E+02 0.102758673E+02 0.998740658E+01
 0.971649966E+01 0.946261397E+01 0.922463494E+01 0.900132968E+01 0.879203813E+01
 0.859447573E+01 0.840759024E+01 0.823060254E+01 0.806274588E+01 0.790338320E+01
 0.775205682E+01 0.760839030E+01 0.747201145E+01 0.734256923E+01 0.721972213E+01
 0.710315499E+01 0.699252527E+01 0.688750416E+01 0.678776202E+01 0.669295578E+01
 0.660275008E+01 0.651681282E+01 0.643481843E+01 0.635643899E+01 0.628135080E+01
 0.620927604E+01 0.614000085E+01 0.607334219E+01 0.600914681E+01 0.594731250E+01
 0.588773318E+01 0.583019538E+01 0.577449533E+01 0.572028637E+01 0.566722105E+01
 0.561494239E+01 0.556307584E+01 0.551126937E+01 0.545920480E+01 0.540653959E+01
 0.535162497E+01 0.529322221E+01 0.523213452E+01 0.516952071E+01 0.510662925E+01
 0.504479330E+01 0.489410313E+01 0.465801880E+01 0.435903448E+01 0.402368334E+01
 0.363030181E+01 0.320747538E+01 0.276425242E+01 0.230732662E+01 0.186716618E+01
 0.145461204E+01 0.107861881E+01 0.771670693E+00 0.504480456E+00 0.287416261E+00
 0.245468300E+00
n_i_06
 0.396879507E+14 0.396795614E+14 0.396495211E+14 0.396040411E+14 0.395515530E+14
 0.394941802E+14 0.394196825E+14 0.393071669E+14 0.391337504E+14 0.388559962E+14
 0.384606013E+14 0.379430227E+14 0.373030767E+14 0.365478786E+14 0.356993322E+14
 0.347835987E+14 0.338209187E+14 0.328293324E+14 0.318233680E+14 0.308073353E+14
 0.297786272E+14 0.287351633E+14 0.276717447E+14 0.265835127E+14 0.254723233E+14
 0.243421483E+14 0.231983437E+14 0.220506687E+14 0.209082832E+14 0.197770756E+14
 0.186629745E+14 0.175719215E+14 0.165090676E+14 0.154786764E+14 0.144875676E+14
 0.135378717E+14 0.126317870E+14 0.117710466E+14 0.109568697E+14 0.101901561E+14
 0.947080576E+13 0.879718527E+13 0.816673384E+13 0.757659814E+13 0.702559975E+13
 0.650852251E+13 0.602383995E+13 0.557054397E+13 0.514750342E+13 0.475409725E+13
 0.438993052E+13 0.405405812E+13 0.374511288E+13 0.346161632E+13 0.320190708E+13
 0.296425279E+13 0.274690066E+13 0.254821407E+13 0.236663482E+13 0.220064674E+13
 0.204881188E+13 0.190978781E+13 0.178234814E+13 0.166536778E+13 0.155780703E+13
 0.145873725E+13 0.136736222E+13 0.128298399E+13 0.120499019E+13 0.113285732E+13
 0.106608469E+13 0.100410798E+13 0.946610608E+12 0.892936077E+12 0.842379071E+12
 0.794430089E+12 0.748808661E+12 0.705397766E+12 0.664144764E+12 0.625000427E+12
 0.588398849E+12 0.554298660E+12 0.522391948E+12 0.492414533E+12 0.464108977E+12
 0.437384688E+12 0.383604601E+12 0.310706160E+12 0.231433091E+12 0.159643527E+12
 0.103999882E+12 0.614179454E+11 0.307664974E+11 0.135955688E+11 0.576189354E+10
 0.163403634E+10 0.355902686E+09 0.978559471E+08 0.667048868E+07 0.111176365E+07
 0.375322227E+05
t_i_06
 0.234245172E+02 0.234130287E+02 0.233688602E+02 0.232911425E+02 0.231806992E+02
 0.230407119E+02 0.228717545E+02 0.226745130E+02 0.224497808E+02 0.221950406E+02
 0.219148875E+02 0.216104909E+02 0.212830323E+02 0.209337686E+02 0.205628463E+02
 0.201716396E+02 0.197629900E+02 0.193384682E+02 0.188994822E+02 0.184476339E+02
 0.179835730E+02 0.175093449E+02 0.170271063E+02 0.165383232E+02 0.160444438E+02
 0.155468969E+02 0.150503818E+02 0.145649761E+02 0.140943298E+02 0.136386762E+02
 0.131983382E+02 0.127738717E+02 0.123657784E+02 0.119742993E+02 0.116008070E+02
 0.112443735E+02 0.109046285E+02 0.105817119E+02 0.102758673E+02 0.998740658E+01
 0.971649966E+01 0.946261397E+01 0.922463494E+01 0.900132968E+01 0.879203813E+01
 0.859447573E+01 0.840759024E+01 0.823060254E+01 0.806274588E+01 0.790338320E+01
 0.775205682E+01 0.760839030E+01 0.747201145E+01 0.734256923E+01 0.721972213E+01
 0.710315499E+01 0.699252527E+01 0.688750416E+01 0.678776202E+01 0.669295578E+01
 0.660275008E+01 0.651681282E+01 0.643481843E+01 0.635643899E+01 0.628135080E+01
 0.620927604E+01 0.614000085E+01 0.607334219E+01 0.600914681E+01 0.594731250E+01
 0.588773318E+01 0.583019538E+01 0.577449533E+01 0.572028637E+01 0.566722105E+01
 0.561494239E+01 0.556307584E+01 0.551126937E+01 0.545920480E+01 0.540653959E+01
 0.535162497E+01 0.529322221E+01 0.523213452E+01 0.516952071E+01 0.510662925E+01
 0.504479330E+01 0.489410313E+01 0.465801880E+01 0.435903448E+01 0.402368334E+01
 0.363030181E+01 0.320747538E+01 0.276425242E+01 0.230732662E+01 0.186716618E+01
 0.145461204E+01 0.107861881E+01 0.771670693E+00 0.504480456E+00 0.287416261E+00
 0.245468300E+00
n_i_07
 0.000000000E+00 0.000000000E+00 0.000000000E+00 0.000000000E+00 0.000000000E+00
 0.000000000E+00 0.000000000E+00 0.000000000E+00 0.000000000E+00 0.000000000E+00
 0.000000000E+00 0.000000000E+00 0.000000000E+00 0.000000000E+00 0.000000000E+00
 0.000000000E+00 0.000000000E+00 0.000000000E+00 0.000000000E+00 0.000000000E+00
 0.000000000E+00 0.000000000E+00 0.000000000E+00 0.000000000E+00 0.000000000E+00
 0.000000000E+00 0.000000000E+00 0.000000000E+00 0.000000000E+00 0.000000000E+00
 0.000000000E+00 0.000000000E+00 0.000000000E+00 0.000000000E+00 0.000000000E+00
 0.000000000E+00 0.000000000E+00 0.000000000E+00 0.000000000E+00 0.000000000E+00
 0.000000000E+00 0.000000000E+00 0.000000000E+00 0.000000000E+00 0.000000000E+00
 0.000000000E+00 0.000000000E+00 0.000000000E+00 0.000000000E+00 0.000000000E+00
 0.000000000E+00 0.000000000E+00 0.000000000E+00 0.000000000E+00 0.000000000E+00
 0.000000000E+00 0.000000000E+00 0.000000000E+00 0.000000000E+00 0.000000000E+00
 0.000000000E+00 0.000000000E+00 0.000000000E+00 0.000000000E+00 0.000000000E+00
 0.000000000E+00 0.000000000E+00 0.000000000E+00 0.000000000E+00 0.000000000E+00
 0.000000000E+00 0.000000000E+00 0.000000000E+00 0.000000000E+00 0.000000000E+00
 0.000000000E+00 0.000000000E+00 0.000000000E+00 0.000000000E+00 0.000000000E+00
 0.000000000E+00 0.000000000E+00 0.000000000E+00 0.000000000E+00 0.000000000E+00
 0.000000000E+00 0.000000000E+00 0.000000000E+00 0.000000000E+00 0.000000000E+00
 0.000000000E+00 0.000000000E+00 0.000000000E+00 0.000000000E+00 0.000000000E+00
 0.000000000E+00 0.000000000E+00 0.000000000E+00 0.000000000E+00 0.000000000E+00
 0.000000000E+00
t_i_07
 0.000000000E+00 0.000000000E+00 0.000000000E+00 0.000000000E+00 0.000000000E+00
 0.000000000E+00 0.000000000E+00 0.000000000E+00 0.000000000E+00 0.000000000E+00
 0.000000000E+00 0.000000000E+00 0.000000000E+00 0.000000000E+00 0.000000000E+00
 0.000000000E+00 0.000000000E+00 0.000000000E+00 0.000000000E+00 0.000000000E+00
 0.000000000E+00 0.000000000E+00 0.000000000E+00 0.000000000E+00 0.000000000E+00
 0.000000000E+00 0.000000000E+00 0.000000000E+00 0.000000000E+00 0.000000000E+00
 0.000000000E+00 0.000000000E+00 0.000000000E+00 0.000000000E+00 0.000000000E+00
 0.000000000E+00 0.000000000E+00 0.000000000E+00 0.000000000E+00 0.000000000E+00
 0.000000000E+00 0.000000000E+00 0.000000000E+00 0.000000000E+00 0.000000000E+00
 0.000000000E+00 0.000000000E+00 0.000000000E+00 0.000000000E+00 0.000000000E+00
 0.000000000E+00 0.000000000E+00 0.000000000E+00 0.000000000E+00 0.000000000E+00
 0.000000000E+00 0.000000000E+00 0.000000000E+00 0.000000000E+00 0.000000000E+00
 0.000000000E+00 0.000000000E+00 0.000000000E+00 0.000000000E+00 0.000000000E+00
 0.000000000E+00 0.000000000E+00 0.000000000E+00 0.000000000E+00 0.000000000E+00
 0.000000000E+00 0.000000000E+00 0.000000000E+00 0.000000000E+00 0.000000000E+00
 0.000000000E+00 0.000000000E+00 0.000000000E+00 0.000000000E+00 0.000000000E+00
 0.000000000E+00 0.000000000E+00 0.000000000E+00 0.000000000E+00 0.000000000E+00
 0.000000000E+00 0.000000000E+00 0.000000000E+00 0.000000000E+00 0.000000000E+00
 0.000000000E+00 0.000000000E+00 0.000000000E+00 0.000000000E+00 0.000000000E+00
 0.000000000E+00 0.000000000E+00 0.000000000E+00 0.000000000E+00 0.000000000E+00
 0.000000000E+00
n_i_08
 0.000000000E+00 0.000000000E+00 0.000000000E+00 0.000000000E+00 0.000000000E+00
 0.000000000E+00 0.000000000E+00 0.000000000E+00 0.000000000E+00 0.000000000E+00
 0.000000000E+00 0.000000000E+00 0.000000000E+00 0.000000000E+00 0.000000000E+00
 0.000000000E+00 0.000000000E+00 0.000000000E+00 0.000000000E+00 0.000000000E+00
 0.000000000E+00 0.000000000E+00 0.000000000E+00 0.000000000E+00 0.000000000E+00
 0.000000000E+00 0.000000000E+00 0.000000000E+00 0.000000000E+00 0.000000000E+00
 0.000000000E+00 0.000000000E+00 0.000000000E+00 0.000000000E+00 0.000000000E+00
 0.000000000E+00 0.000000000E+00 0.000000000E+00 0.000000000E+00 0.000000000E+00
 0.000000000E+00 0.000000000E+00 0.000000000E+00 0.000000000E+00 0.000000000E+00
 0.000000000E+00 0.000000000E+00 0.000000000E+00 0.000000000E+00 0.000000000E+00
 0.000000000E+00 0.000000000E+00 0.000000000E+00 0.000000000E+00 0.000000000E+00
 0.000000000E+00 0.000000000E+00 0.000000000E+00 0.000000000E+00 0.000000000E+00
 0.000000000E+00 0.000000000E+00 0.000000000E+00 0.000000000E+00 0.000000000E+00
 0.000000000E+00 0.000000000E+00 0.000000000E+00 0.000000000E+00 0.000000000E+00
 0.000000000E+00 0.000000000E+00 0.000000000E+00 0.000000000E+00 0.000000000E+00
 0.000000000E+00 0.000000000E+00 0.000000000E+00 0.000000000E+00 0.000000000E+00
 0.000000000E+00 0.000000000E+00 0.000000000E+00 0.000000000E+00 0.000000000E+00
 0.000000000E+00 0.000000000E+00 0.000000000E+00 0.000000000E+00 0.000000000E+00
 0.000000000E+00 0.000000000E+00 0.000000000E+00 0.000000000E+00 0.000000000E+00
 0.000000000E+00 0.000000000E+00 0.000000000E+00 0.000000000E+00 0.000000000E+00
 0.000000000E+00
t_i_08
 0.000000000E+00 0.000000000E+00 0.000000000E+00 0.000000000E+00 0.000000000E+00
 0.000000000E+00 0.000000000E+00 0.000000000E+00 0.000000000E+00 0.000000000E+00
 0.000000000E+00 0.000000000E+00 0.000000000E+00 0.000000000E+00 0.000000000E+00
 0.000000000E+00 0.000000000E+00 0.000000000E+00 0.000000000E+00 0.000000000E+00
 0.000000000E+00 0.000000000E+00 0.000000000E+00 0.000000000E+00 0.000000000E+00
 0.000000000E+00 0.000000000E+00 0.000000000E+00 0.000000000E+00 0.000000000E+00
 0.000000000E+00 0.000000000E+00 0.000000000E+00 0.000000000E+00 0.000000000E+00
 0.000000000E+00 0.000000000E+00 0.000000000E+00 0.000000000E+00 0.000000000E+00
 0.000000000E+00 0.000000000E+00 0.000000000E+00 0.000000000E+00 0.000000000E+00
 0.000000000E+00 0.000000000E+00 0.000000000E+00 0.000000000E+00 0.000000000E+00
 0.000000000E+00 0.000000000E+00 0.000000000E+00 0.000000000E+00 0.000000000E+00
 0.000000000E+00 0.000000000E+00 0.000000000E+00 0.000000000E+00 0.000000000E+00
 0.000000000E+00 0.000000000E+00 0.000000000E+00 0.000000000E+00 0.000000000E+00
 0.000000000E+00 0.000000000E+00 0.000000000E+00 0.000000000E+00 0.000000000E+00
 0.000000000E+00 0.000000000E+00 0.000000000E+00 0.000000000E+00 0.000000000E+00
 0.000000000E+00 0.000000000E+00 0.000000000E+00 0.000000000E+00 0.000000000E+00
 0.000000000E+00 0.000000000E+00 0.000000000E+00 0.000000000E+00 0.000000000E+00
 0.000000000E+00 0.000000000E+00 0.000000000E+00 0.000000000E+00 0.000000000E+00
 0.000000000E+00 0.000000000E+00 0.000000000E+00 0.000000000E+00 0.000000000E+00
 0.000000000E+00 0.000000000E+00 0.000000000E+00 0.000000000E+00 0.000000000E+00
 0.000000000E+00
