 12-May-26 07/09/2014
     1               1
  0.000000000E+00
*   0.000             1               0 MAR   3   2 CLC    40   41
  0.000000000E+00 0.170000000E+03 0.200000000E+01 0.679320679E+06
  0.679320679E+06 0.172135444E+03 0.811247632E+00 0.413662134E+02
  0.134259996E+01-0.373694002E+00-0.309480970E+00 0.773086272E+07
  0.176223801E+03 0.179655714E+01 0.229212507E+01 0.956116858E+00
  0.480137804E+00 0.860764014E+00 0.100000000E+11 0.106741693E+02
  0.100000000E+11 0.100000000E+11 0.200332777E+01-0.122014514E+01
  0.767619009E+02 0.107107716E+03 0.521949566E+02
  0.000000000E+00 0.000000000E+00 0.000000000E+00
  0.825532593E+02 0.795349623E+02
  0.000000000E+00 0.000000000E+00
  0.162442442E+01 0.278728353E+00 0.201981254E+01 0.811531593E+00
  0.768047364E+00 0.219225224E+01-0.500000000E+02-0.500000000E+02
 -0.500000000E+02 0.304288348E+00 0.704055732E+04 0.172110570E+06
  0.982351272E-04 0.128683243E+01 0.957877805E+00 0.733366229E-02
  0.127600221E+01 0.172180755E+03 0.000000000E+00 0.000000000E+00
 -0.999000000E+03-0.999000000E+03-0.999000000E+03-0.999000000E+03
 -0.100000000E+03-0.500000000E+02 0.194517442E+01 0.191597200E+01
  0.818931822E+01 0.398125464E+02 0.100000000E+03 0.106741693E+02
  0.177455621E+03 0.203014429E+01 0.467723526E+00 0.000000000E+00
  0.100470113E+01 0.200069996E+01 0.360145947E+06 0.000000000E+00
  0.000000000E+00 0.000000000E+00 0.880798845E+00 0.100000000E+02
    44   60   18    6
  0.174784421E+00 0.135486275E+00 0.185534865E+00 0.151355047E+00
  0.685714379E-01-0.154395476E-01 0.543426199E+00-0.655991146E-01
 -0.463043437E+00 0.244151274E+00 0.141045035E+00 0.158374607E-01
 -0.426327638E-01-0.688620593E-01-0.827370150E-01 0.556418957E+00
 -0.738124012E-01 0.560675850E-02 0.217617592E+00 0.156179159E+00
  0.162789906E+00 0.166833792E+00 0.102168065E+00 0.234197845E-01
 -0.327955454E+00 0.404002159E+00 0.432952646E+00 0.302731348E-01
  0.809457395E-01 0.201941417E+00 0.811764429E-01-0.115251890E-01
 -0.471095040E-01-0.598990721E-01 0.114545585E+00 0.480142741E+00
  0.469244530E+00-0.421497128E-01 0.283474115E-01-0.224117950E-01
  0.103248007E-01 0.217137113E-01 0.705699980E-01 0.133378423E+00
  0.108928275E+00 0.242989601E+00 0.241087244E+00-0.146301395E+00
 -0.251439400E+00-0.379481563E-01 0.286636809E+00 0.633311339E+00
  0.290572957E+00-0.157623956E+00-0.331233351E+00-0.867964070E-01
  0.232719863E+00 0.316891917E+00 0.251652963E+00-0.377237573E-01
  0.128893309E+00 0.263942070E+00 0.190107644E+00 0.201953017E+00
  0.205509598E+00 0.195951254E+00 0.257109011E+00-0.104051856E+00
 -0.311399119E+00-0.284993181E+00-0.606784495E-01 0.297359564E+00
  0.355660823E+00 0.265470083E+00 0.389914408E+00 0.759214709E+00
  0.302783361E+00 0.404009163E-01-0.193882020E+00-0.267947093E+00
 -0.687807460E-01 0.883408005E-01 0.315565542E+00 0.249417756E+00
  0.357558968E+00 0.107033223E+00-0.593888442E-01-0.248159504E+00
 -0.303958306E+00-0.104727397E+00 0.253781317E+00 0.196763011E+00
  0.204524103E+00 0.202267440E+00 0.187019104E+00 0.260916424E+00
  0.130732985E+00-0.340640706E-01 0.111678776E+00 0.242928887E+00
  0.243266714E+00-0.131855616E+00-0.256747453E+00-0.361115399E-01
  0.277022733E+05-0.563639446E+05 0.249970962E+06 0.242197572E+06
  0.104848196E+06-0.310358440E+06 0.613850085E+06-0.434858591E+05
 -0.766609725E+06 0.345328843E+06 0.810723196E+05-0.126279075E+06
 -0.119368842E+06-0.104620893E+06-0.408981697E+06 0.558265037E+06
 -0.123761163E+06-0.138720802E+06
  0.000000000E+00 0.000000000E+00 0.000000000E+00 0.000000000E+00
  0.000000000E+00 0.000000000E+00
  0.000000000E+00 0.000000000E+00 0.000000000E+00 0.000000000E+00
  0.000000000E+00 0.000000000E+00 0.000000000E+00 0.000000000E+00
  0.000000000E+00 0.000000000E+00 0.554001078E+02 0.000000000E+00
  0.241473400E+00 0.890690372E+00 0.400000006E+02-0.141842876E+00
 -0.112538626E+01 0.000000000E+00 0.999000000E+03 0.191870791E+01
 -0.100000000E+02 0.957877805E+00 0.000000000E+00 0.582975501E-01
 -0.100000000E+02 0.000000000E+00 0.217140102E+01 0.000000000E+00
  0.154218442E+00 0.241244201E+01 0.130769231E+01 0.213286287E+01
  0.337188230E+02 0.359848090E+01-0.890000000E+02-0.890000000E+02
 -0.890000000E+02-0.890000000E+02-0.890000000E+02-0.890000000E+02
 -0.890000000E+02-0.890000000E+02-0.890000000E+02-0.890000000E+02
 -0.890000000E+02-0.890000000E+02-0.890000000E+02-0.890000000E+02
 -0.890000000E+02 0.000000000E+00 0.708962838E+00 0.948942514E+00
  0.141181028E+03 0.184937500E+03 0.000000000E+00 0.824260751E+00
  0.100000000E+01 0.000000000E+00 0.000000000E+00 0.000000000E+00
                                            EQG
