@I NRHO 1 []
101
@R RHOB 1 []
1.263776e+00
@R RHO 101 []
0.000000e+00 1.000000e-02 2.000000e-02 3.000000e-02 4.000000e-02 
5.000000e-02 6.000000e-02 7.000000e-02 8.000000e-02 9.000000e-02 
1.000000e-01 1.100000e-01 1.200000e-01 1.300000e-01 1.400000e-01 
1.500000e-01 1.600000e-01 1.700000e-01 1.800000e-01 1.900000e-01 
2.000000e-01 2.100000e-01 2.200000e-01 2.300000e-01 2.400000e-01 
2.500000e-01 2.600000e-01 2.700000e-01 2.800000e-01 2.900000e-01 
3.000000e-01 3.100000e-01 3.200000e-01 3.300000e-01 3.400000e-01 
3.500000e-01 3.600000e-01 3.700000e-01 3.800000e-01 3.900000e-01 
4.000000e-01 4.100000e-01 4.200000e-01 4.300000e-01 4.400000e-01 
4.500000e-01 4.600000e-01 4.700000e-01 4.800000e-01 4.900000e-01 
5.000000e-01 5.100000e-01 5.200000e-01 5.300000e-01 5.400000e-01 
5.500000e-01 5.600000e-01 5.700000e-01 5.800000e-01 5.900000e-01 
6.000000e-01 6.100000e-01 6.200000e-01 6.300000e-01 6.400000e-01 
6.500000e-01 6.600000e-01 6.700000e-01 6.800000e-01 6.900000e-01 
7.000000e-01 7.100000e-01 7.200000e-01 7.300000e-01 7.400000e-01 
7.500000e-01 7.600000e-01 7.700000e-01 7.800000e-01 7.900000e-01 
8.000000e-01 8.100000e-01 8.200000e-01 8.300000e-01 8.400000e-01 
8.500000e-01 8.600000e-01 8.700000e-01 8.800000e-01 8.900000e-01 
9.000000e-01 9.100000e-01 9.200000e-01 9.300000e-01 9.400000e-01 
9.500000e-01 9.600000e-01 9.700000e-01 9.800000e-01 9.900000e-01 
1.000000e+00 
@R VOLP 101 []
0.000000e+00 2.421443e+00 4.842745e+00 7.263761e+00 9.684351e+00 
1.210438e+01 1.452370e+01 1.694218e+01 1.935969e+01 2.177610e+01 
2.419128e+01 2.660511e+01 2.901747e+01 3.142825e+01 3.383733e+01 
3.624462e+01 3.865002e+01 4.105343e+01 4.345478e+01 4.585399e+01 
4.825099e+01 5.064571e+01 5.303810e+01 5.542811e+01 5.781573e+01 
6.020096e+01 6.258377e+01 6.496407e+01 6.734169e+01 6.971644e+01 
7.208838e+01 7.445785e+01 7.682524e+01 7.919074e+01 8.155441e+01 
8.391624e+01 8.627620e+01 8.863431e+01 9.099057e+01 9.334497e+01 
9.569747e+01 9.804802e+01 1.003965e+02 1.027430e+02 1.050872e+02 
1.074292e+02 1.097689e+02 1.121060e+02 1.144406e+02 1.167725e+02 
1.191016e+02 1.214276e+02 1.237504e+02 1.260699e+02 1.283860e+02 
1.306984e+02 1.330070e+02 1.353117e+02 1.376125e+02 1.399094e+02 
1.422024e+02 1.444916e+02 1.467770e+02 1.490586e+02 1.513364e+02 
1.536101e+02 1.558795e+02 1.581444e+02 1.604046e+02 1.626601e+02 
1.649107e+02 1.671564e+02 1.693971e+02 1.716329e+02 1.738637e+02 
1.760896e+02 1.783105e+02 1.805264e+02 1.827374e+02 1.849435e+02 
1.871448e+02 1.893417e+02 1.915347e+02 1.937240e+02 1.959100e+02 
1.980928e+02 2.002727e+02 2.024498e+02 2.046243e+02 2.067966e+02 
2.089696e+02 2.111493e+02 2.133387e+02 2.155247e+02 2.176492e+02 
2.196188e+02 2.213730e+02 2.229502e+02 2.245423e+02 2.263951e+02 
2.286369e+02 
@R IPOL 101 []
1.017458e+00 1.017457e+00 1.017452e+00 1.017444e+00 1.017430e+00 
1.017413e+00 1.017391e+00 1.017364e+00 1.017333e+00 1.017297e+00 
1.017256e+00 1.017210e+00 1.017159e+00 1.017103e+00 1.017041e+00 
1.016974e+00 1.016902e+00 1.016823e+00 1.016738e+00 1.016647e+00 
1.016550e+00 1.016446e+00 1.016336e+00 1.016218e+00 1.016093e+00 
1.015960e+00 1.015820e+00 1.015671e+00 1.015515e+00 1.015353e+00 
1.015184e+00 1.015006e+00 1.014819e+00 1.014621e+00 1.014411e+00 
1.014190e+00 1.013959e+00 1.013717e+00 1.013464e+00 1.013201e+00 
1.012930e+00 1.012649e+00 1.012359e+00 1.012062e+00 1.011758e+00 
1.011447e+00 1.011130e+00 1.010808e+00 1.010481e+00 1.010149e+00 
1.009814e+00 1.009476e+00 1.009136e+00 1.008794e+00 1.008450e+00 
1.008107e+00 1.007763e+00 1.007419e+00 1.007076e+00 1.006735e+00 
1.006394e+00 1.006055e+00 1.005717e+00 1.005381e+00 1.005047e+00 
1.004716e+00 1.004388e+00 1.004064e+00 1.003746e+00 1.003432e+00 
1.003125e+00 1.002823e+00 1.002529e+00 1.002241e+00 1.001961e+00 
1.001689e+00 1.001426e+00 1.001171e+00 1.000925e+00 1.000689e+00 
1.000463e+00 1.000247e+00 1.000042e+00 9.998478e-01 9.996649e-01 
9.994935e-01 9.993342e-01 9.991871e-01 9.990526e-01 9.989306e-01 
9.988232e-01 9.987342e-01 9.986673e-01 9.986280e-01 9.986318e-01 
9.987086e-01 9.988928e-01 9.991896e-01 9.995371e-01 9.998306e-01 
9.999752e-01 
@R G11 101 []
0.000000e+00 2.438984e+00 4.877995e+00 7.317362e+00 9.757418e+00 
1.219769e+01 1.463831e+01 1.707938e+01 1.952081e+01 2.196325e+01 
2.440700e+01 2.685115e+01 2.929684e+01 3.174216e+01 3.419076e+01 
3.663331e+01 3.907908e+01 4.152861e+01 4.398334e+01 4.644249e+01 
4.889125e+01 5.135414e+01 5.381820e+01 5.627676e+01 5.873676e+01 
6.120300e+01 6.367315e+01 6.614276e+01 6.861425e+01 7.108798e+01 
7.356408e+01 7.604200e+01 7.852154e+01 8.100284e+01 8.348676e+01 
8.597347e+01 8.845777e+01 9.094121e+01 9.342916e+01 9.592682e+01 
9.842305e+01 1.009109e+02 1.034146e+02 1.059214e+02 1.084178e+02 
1.109350e+02 1.134449e+02 1.159624e+02 1.184847e+02 1.210105e+02 
1.235420e+02 1.260793e+02 1.286227e+02 1.311693e+02 1.337324e+02 
1.362864e+02 1.388651e+02 1.414415e+02 1.440230e+02 1.466285e+02 
1.492299e+02 1.518371e+02 1.544668e+02 1.571049e+02 1.597415e+02 
1.623949e+02 1.650703e+02 1.677543e+02 1.704469e+02 1.731525e+02 
1.758822e+02 1.786327e+02 1.813960e+02 1.841765e+02 1.869738e+02 
1.897981e+02 1.926517e+02 1.955278e+02 1.984286e+02 2.013561e+02 
2.043118e+02 2.073066e+02 2.103421e+02 2.134120e+02 2.165212e+02 
2.196712e+02 2.228746e+02 2.261445e+02 2.294755e+02 2.328642e+02 
2.363081e+02 2.398274e+02 2.434382e+02 2.471519e+02 2.510426e+02 
2.552260e+02 2.597265e+02 2.644888e+02 2.694461e+02 2.744309e+02 
2.793735e+02 
@R G22 101 []
0.000000e+00 1.251080e-02 2.502187e-02 3.753504e-02 5.005218e-02 
6.257098e-02 7.509232e-02 8.761680e-02 1.001441e-01 1.126778e-01 
1.252195e-01 1.377648e-01 1.503197e-01 1.628745e-01 1.754481e-01 
1.879930e-01 2.005567e-01 2.131424e-01 2.257575e-01 2.383985e-01 
2.509893e-01 2.636563e-01 2.763330e-01 2.889855e-01 3.016498e-01 
3.143510e-01 3.270775e-01 3.398061e-01 3.525490e-01 3.653081e-01 
3.780846e-01 3.908773e-01 4.036867e-01 4.165143e-01 4.293648e-01 
4.422391e-01 4.551102e-01 4.679864e-01 4.808953e-01 4.938639e-01 
5.068349e-01 5.197724e-01 5.328011e-01 5.458548e-01 5.588650e-01 
5.719913e-01 5.850897e-01 5.982362e-01 6.114164e-01 6.246241e-01 
6.378695e-01 6.511537e-01 6.644775e-01 6.778257e-01 6.912668e-01 
7.046690e-01 7.182059e-01 7.317387e-01 7.453050e-01 7.590037e-01 
7.726900e-01 7.864155e-01 8.002663e-01 8.141706e-01 8.280760e-01 
8.420771e-01 8.561996e-01 8.703737e-01 8.845984e-01 8.988956e-01 
9.133230e-01 9.278626e-01 9.424731e-01 9.571757e-01 9.719690e-01 
9.869044e-01 1.001993e+00 1.017198e+00 1.032530e+00 1.047998e+00 
1.063608e+00 1.079417e+00 1.095433e+00 1.111622e+00 1.128006e+00 
1.144589e+00 1.161429e+00 1.178590e+00 1.196039e+00 1.213757e+00 
1.231752e+00 1.250156e+00 1.269046e+00 1.288380e+00 1.308217e+00 
1.328708e+00 1.349754e+00 1.371312e+00 1.393889e+00 1.417630e+00 
1.442607e+00 
@R G33 101 []
9.213959e-01 9.214068e-01 9.214398e-01 9.214949e-01 9.215718e-01 
9.216706e-01 9.217913e-01 9.219337e-01 9.220976e-01 9.222829e-01 
9.224894e-01 9.227171e-01 9.229655e-01 9.232347e-01 9.235242e-01 
9.238338e-01 9.241633e-01 9.245124e-01 9.248805e-01 9.252675e-01 
9.256731e-01 9.260967e-01 9.265380e-01 9.269967e-01 9.274718e-01 
9.279624e-01 9.284683e-01 9.289901e-01 9.295287e-01 9.300847e-01 
9.306568e-01 9.312418e-01 9.318366e-01 9.324393e-01 9.330495e-01 
9.336674e-01 9.342932e-01 9.349268e-01 9.355680e-01 9.362168e-01 
9.368732e-01 9.375374e-01 9.382096e-01 9.388900e-01 9.395788e-01 
9.402761e-01 9.409821e-01 9.416970e-01 9.424210e-01 9.431543e-01 
9.438973e-01 9.446503e-01 9.454134e-01 9.461871e-01 9.469715e-01 
9.477667e-01 9.485728e-01 9.493896e-01 9.502168e-01 9.510536e-01 
9.518991e-01 9.527523e-01 9.536126e-01 9.544792e-01 9.553521e-01 
9.562314e-01 9.571174e-01 9.580104e-01 9.589104e-01 9.598172e-01 
9.607305e-01 9.616495e-01 9.625737e-01 9.635024e-01 9.644347e-01 
9.653701e-01 9.663076e-01 9.672467e-01 9.681866e-01 9.691262e-01 
9.700640e-01 9.709980e-01 9.719252e-01 9.728434e-01 9.737512e-01 
9.746469e-01 9.755295e-01 9.763978e-01 9.772513e-01 9.780874e-01 
9.788893e-01 9.796254e-01 9.802810e-01 9.809086e-01 9.817473e-01 
9.831729e-01 9.854066e-01 9.882837e-01 9.910480e-01 9.927296e-01 
9.928758e-01 
@R GRADRHO 101 []
1.007434e+00 9.998035e-01 9.998156e-01 9.998553e-01 9.999260e-01 
9.999935e-01 1.000066e+00 1.000146e+00 1.000232e+00 1.000338e+00 
1.000466e+00 1.000595e+00 1.000744e+00 1.000882e+00 1.001063e+00 
1.001154e+00 1.001290e+00 1.001471e+00 1.001707e+00 1.001980e+00 
1.002134e+00 1.002425e+00 1.002714e+00 1.002942e+00 1.003177e+00 
1.003456e+00 1.003757e+00 1.004042e+00 1.004333e+00 1.004631e+00 
1.004937e+00 1.005244e+00 1.005551e+00 1.005856e+00 1.006165e+00 
1.006477e+00 1.006762e+00 1.007032e+00 1.007315e+00 1.007638e+00 
1.007941e+00 1.008190e+00 1.008507e+00 1.008826e+00 1.009085e+00 
1.009428e+00 1.009727e+00 1.010048e+00 1.010377e+00 1.010710e+00 
1.011054e+00 1.011410e+00 1.011778e+00 1.012146e+00 1.012564e+00 
1.012936e+00 1.013385e+00 1.013811e+00 1.014240e+00 1.014738e+00 
1.015204e+00 1.015671e+00 1.016194e+00 1.016724e+00 1.017228e+00 
1.017763e+00 1.018344e+00 1.018927e+00 1.019511e+00 1.020108e+00 
1.020747e+00 1.021417e+00 1.022091e+00 1.022778e+00 1.023477e+00 
1.024210e+00 1.024980e+00 1.025764e+00 1.026564e+00 1.027381e+00 
1.028213e+00 1.029082e+00 1.029985e+00 1.030900e+00 1.031830e+00 
1.032769e+00 1.033734e+00 1.034747e+00 1.035787e+00 1.036841e+00 
1.037891e+00 1.038947e+00 1.040010e+00 1.041089e+00 1.042474e+00 
1.044678e+00 1.047927e+00 1.051968e+00 1.055968e+00 1.058716e+00 
1.059663e+00 
@R AREA 101 []
0.000000e+00 2.421115e+00 4.842167e+00 7.263151e+00 9.683959e+00 
1.210454e+01 1.452488e+01 1.694496e+01 1.936477e+01 2.178424e+01 
2.420333e+01 2.662199e+01 2.904021e+01 3.145792e+01 3.387516e+01 
3.629182e+01 3.870822e+01 4.112392e+01 4.353913e+01 4.595339e+01 
4.836708e+01 5.078007e+01 5.319214e+01 5.560347e+01 5.801408e+01 
6.042394e+01 6.283294e+01 6.524111e+01 6.764847e+01 7.005500e+01 
7.246070e+01 7.486556e+01 7.726961e+01 7.967288e+01 8.207540e+01 
8.447720e+01 8.687832e+01 8.927887e+01 9.167888e+01 9.407833e+01 
9.647718e+01 9.887562e+01 1.012737e+02 1.036712e+02 1.060684e+02 
1.084653e+02 1.108618e+02 1.132582e+02 1.156541e+02 1.180500e+02 
1.204455e+02 1.228410e+02 1.252362e+02 1.276314e+02 1.300264e+02 
1.324214e+02 1.348163e+02 1.372112e+02 1.396062e+02 1.420013e+02 
1.443964e+02 1.467918e+02 1.491874e+02 1.515833e+02 1.539797e+02 
1.563766e+02 1.587740e+02 1.611722e+02 1.635711e+02 1.659709e+02 
1.683717e+02 1.707737e+02 1.731769e+02 1.755815e+02 1.779878e+02 
1.803958e+02 1.828059e+02 1.852181e+02 1.876327e+02 1.900501e+02 
1.924705e+02 1.948943e+02 1.973218e+02 1.997534e+02 2.021897e+02 
2.046310e+02 2.070782e+02 2.095317e+02 2.119922e+02 2.144605e+02 
2.169375e+02 2.194243e+02 2.219223e+02 2.244331e+02 2.269576e+02 
2.294943e+02 2.320389e+02 2.345867e+02 2.371363e+02 2.396946e+02 
2.422761e+02 
@R A 101 []
0.000000e+00 1.130126e-02 2.260277e-02 3.390402e-02 4.520475e-02 
5.650538e-02 6.780592e-02 7.910610e-02 9.040605e-02 1.017058e-01 
1.130049e-01 1.243036e-01 1.356018e-01 1.468992e-01 1.581963e-01 
1.694925e-01 1.807896e-01 1.920853e-01 2.033809e-01 2.146742e-01 
2.259670e-01 2.372588e-01 2.485485e-01 2.598369e-01 2.711240e-01 
2.824099e-01 2.936939e-01 3.049761e-01 3.162562e-01 3.275340e-01 
3.388096e-01 3.500831e-01 3.613547e-01 3.726238e-01 3.838902e-01 
3.951535e-01 4.064137e-01 4.176709e-01 4.289249e-01 4.401754e-01 
4.514217e-01 4.626645e-01 4.739035e-01 4.851378e-01 4.963680e-01 
5.075938e-01 5.188143e-01 5.300304e-01 5.412408e-01 5.524464e-01 
5.636459e-01 5.748401e-01 5.860277e-01 5.972096e-01 6.083845e-01 
6.195530e-01 6.307144e-01 6.418683e-01 6.530150e-01 6.641536e-01 
6.752838e-01 6.864058e-01 6.975188e-01 7.086222e-01 7.197159e-01 
7.307997e-01 7.418727e-01 7.529345e-01 7.639849e-01 7.750234e-01 
7.860496e-01 7.970626e-01 8.080620e-01 8.190474e-01 8.300182e-01 
8.409738e-01 8.519135e-01 8.628365e-01 8.737422e-01 8.846298e-01 
8.954986e-01 9.063478e-01 9.171764e-01 9.279836e-01 9.387687e-01 
9.495309e-01 9.602687e-01 9.709801e-01 9.816633e-01 9.923174e-01 
1.002942e+00 1.013537e+00 1.024101e+00 1.034633e+00 1.045135e+00 
1.055614e+00 1.066074e+00 1.076522e+00 1.086964e+00 1.097400e+00 
1.107796e+00 
@R RTOR 101 []
4.740108e+00 4.740093e+00 4.740046e+00 4.739968e+00 4.739858e+00 
4.739718e+00 4.739546e+00 4.739343e+00 4.739109e+00 4.738845e+00 
4.738550e+00 4.738224e+00 4.737868e+00 4.737481e+00 4.737065e+00 
4.736618e+00 4.736142e+00 4.735637e+00 4.735102e+00 4.734539e+00 
4.733947e+00 4.733327e+00 4.732679e+00 4.732003e+00 4.731299e+00 
4.730569e+00 4.729813e+00 4.729030e+00 4.728221e+00 4.727387e+00 
4.726526e+00 4.725640e+00 4.724729e+00 4.723794e+00 4.722837e+00 
4.721857e+00 4.720856e+00 4.719834e+00 4.718792e+00 4.717729e+00 
4.716648e+00 4.715547e+00 4.714426e+00 4.713287e+00 4.712130e+00 
4.710953e+00 4.709757e+00 4.708543e+00 4.707310e+00 4.706058e+00 
4.704786e+00 4.703495e+00 4.702185e+00 4.700854e+00 4.699504e+00 
4.698133e+00 4.696741e+00 4.695328e+00 4.693893e+00 4.692437e+00 
4.690959e+00 4.689458e+00 4.687936e+00 4.686390e+00 4.684822e+00 
4.683231e+00 4.681617e+00 4.679979e+00 4.678317e+00 4.676631e+00 
4.674920e+00 4.673184e+00 4.671422e+00 4.669634e+00 4.667819e+00 
4.665977e+00 4.664107e+00 4.662209e+00 4.660282e+00 4.658326e+00 
4.656339e+00 4.654321e+00 4.652272e+00 4.650190e+00 4.648075e+00 
4.645927e+00 4.643744e+00 4.641525e+00 4.639269e+00 4.636972e+00 
4.634635e+00 4.632258e+00 4.629845e+00 4.627396e+00 4.624903e+00 
4.622340e+00 4.619681e+00 4.616901e+00 4.613979e+00 4.610916e+00 
4.607758e+00 
@R SHIFT 101 []
1.901083e-01 1.900929e-01 1.900461e-01 1.899678e-01 1.898583e-01 
1.897177e-01 1.895460e-01 1.893432e-01 1.891094e-01 1.888449e-01 
1.885496e-01 1.882237e-01 1.878675e-01 1.874811e-01 1.870646e-01 
1.866183e-01 1.861423e-01 1.856369e-01 1.851023e-01 1.845390e-01 
1.839471e-01 1.833268e-01 1.826786e-01 1.820026e-01 1.812993e-01 
1.805692e-01 1.798126e-01 1.790299e-01 1.782214e-01 1.773869e-01 
1.765264e-01 1.756402e-01 1.747292e-01 1.737944e-01 1.728367e-01 
1.718571e-01 1.708560e-01 1.698341e-01 1.687917e-01 1.677295e-01 
1.666477e-01 1.655467e-01 1.644265e-01 1.632875e-01 1.621296e-01 
1.609528e-01 1.597574e-01 1.585430e-01 1.573098e-01 1.560575e-01 
1.547861e-01 1.534952e-01 1.521847e-01 1.508543e-01 1.495037e-01 
1.481327e-01 1.467408e-01 1.453279e-01 1.438934e-01 1.424371e-01 
1.409589e-01 1.394585e-01 1.379356e-01 1.363903e-01 1.348222e-01 
1.332311e-01 1.316168e-01 1.299790e-01 1.283172e-01 1.266310e-01 
1.249200e-01 1.231838e-01 1.214219e-01 1.196338e-01 1.178190e-01 
1.159770e-01 1.141073e-01 1.122094e-01 1.102825e-01 1.083260e-01 
1.063392e-01 1.043212e-01 1.022717e-01 1.001899e-01 9.807538e-02 
9.592723e-02 9.374435e-02 9.152532e-02 8.926858e-02 8.697200e-02 
8.463481e-02 8.225822e-02 7.984460e-02 7.739588e-02 7.490280e-02 
7.234014e-02 6.968076e-02 6.690132e-02 6.397924e-02 6.091561e-02 
5.775845e-02 
@R ELONG 101 []
1.281143e+00 1.281133e+00 1.281103e+00 1.281111e+00 1.281118e+00 
1.281113e+00 1.281105e+00 1.281102e+00 1.281105e+00 1.281107e+00 
1.281113e+00 1.281120e+00 1.281130e+00 1.281143e+00 1.281159e+00 
1.281176e+00 1.281196e+00 1.281220e+00 1.281246e+00 1.281276e+00 
1.281309e+00 1.281347e+00 1.281389e+00 1.281436e+00 1.281489e+00 
1.281547e+00 1.281610e+00 1.281680e+00 1.281756e+00 1.281841e+00 
1.281933e+00 1.282033e+00 1.282139e+00 1.282254e+00 1.282380e+00 
1.282517e+00 1.282667e+00 1.282829e+00 1.283005e+00 1.283195e+00 
1.283399e+00 1.283618e+00 1.283852e+00 1.284101e+00 1.284365e+00 
1.284646e+00 1.284942e+00 1.285255e+00 1.285584e+00 1.285930e+00 
1.286293e+00 1.286673e+00 1.287071e+00 1.287487e+00 1.287920e+00 
1.288372e+00 1.288841e+00 1.289330e+00 1.289838e+00 1.290366e+00 
1.290914e+00 1.291483e+00 1.292073e+00 1.292687e+00 1.293324e+00 
1.293986e+00 1.294674e+00 1.295388e+00 1.296129e+00 1.296900e+00 
1.297699e+00 1.298530e+00 1.299393e+00 1.300290e+00 1.301221e+00 
1.302190e+00 1.303197e+00 1.304245e+00 1.305335e+00 1.306471e+00 
1.307653e+00 1.308886e+00 1.310172e+00 1.311514e+00 1.312917e+00 
1.314385e+00 1.315922e+00 1.317532e+00 1.319219e+00 1.320988e+00 
1.322844e+00 1.324800e+00 1.326874e+00 1.329087e+00 1.331434e+00 
1.333869e+00 1.336331e+00 1.338761e+00 1.341155e+00 1.343607e+00 
1.346293e+00 
@R TRIAG 101 []
0.000000e+00 3.010106e-02 2.835337e-02 2.659620e-02 2.483812e-02 
2.307948e-02 2.131324e-02 1.953819e-02 1.775655e-02 1.596710e-02 
1.416822e-02 1.236003e-02 1.054190e-02 8.712755e-03 6.872177e-03 
5.019466e-03 3.153204e-03 1.272974e-03 -6.214068e-04 -2.530305e-03 
-4.455100e-03 -6.396087e-03 -8.353651e-03 -1.032877e-02 -1.232191e-02 
-1.433328e-02 -1.636342e-02 -1.841331e-02 -2.048405e-02 -2.257695e-02 
-2.469360e-02 -2.683408e-02 -2.899755e-02 -3.118440e-02 -3.339583e-02 
-3.563354e-02 -3.789979e-02 -4.019629e-02 -4.252302e-02 -4.487996e-02 
-4.726739e-02 -4.968609e-02 -5.213647e-02 -5.461877e-02 -5.713382e-02 
-5.968238e-02 -6.226509e-02 -6.488286e-02 -6.753612e-02 -7.022591e-02 
-7.295301e-02 -7.571861e-02 -7.852327e-02 -8.136828e-02 -8.425450e-02 
-8.718340e-02 -9.015607e-02 -9.317385e-02 -9.623840e-02 -9.935112e-02 
-1.025138e-01 -1.057288e-01 -1.089984e-01 -1.123257e-01 -1.157137e-01 
-1.191645e-01 -1.226805e-01 -1.262642e-01 -1.299186e-01 -1.336467e-01 
-1.374513e-01 -1.413355e-01 -1.453030e-01 -1.493576e-01 -1.535035e-01 
-1.577454e-01 -1.620881e-01 -1.665370e-01 -1.710969e-01 -1.757729e-01 
-1.805715e-01 -1.854996e-01 -1.905666e-01 -1.957840e-01 -2.011631e-01 
-2.067172e-01 -2.124558e-01 -2.183829e-01 -2.245090e-01 -2.308464e-01 
-2.374164e-01 -2.442584e-01 -2.514182e-01 -2.589518e-01 -2.669112e-01 
-2.752201e-01 -2.836931e-01 -2.921317e-01 -3.005170e-01 -3.094021e-01 
-3.192570e-01 
