@R IP 1 []
  9.999999995e+06
@R BCENTR 1 []
  1.100000000e+01
@R RMAJOR 1 []
  4.550000000e+00
@R AMINOR 1 []
  1.109767843e+00
@R KAPPA 1 []
  1.351624628e+00
@R DELTA 1 []
 -3.232242477e-01
@I NRHO 1 []
              101
@R RHOB 1 []
  1.267003542e+00
@R RHO 101 []
  0.000000000e+00  1.000000000e-02  2.000000000e-02  3.000000000e-02
  4.000000000e-02  5.000000000e-02  6.000000000e-02  7.000000000e-02
  8.000000000e-02  9.000000000e-02  1.000000000e-01  1.100000000e-01
  1.200000000e-01  1.300000000e-01  1.400000000e-01  1.500000000e-01
  1.600000000e-01  1.700000000e-01  1.800000000e-01  1.900000000e-01
  2.000000000e-01  2.100000000e-01  2.200000000e-01  2.300000000e-01
  2.400000000e-01  2.500000000e-01  2.600000000e-01  2.700000000e-01
  2.800000000e-01  2.900000000e-01  3.000000000e-01  3.100000000e-01
  3.200000000e-01  3.300000000e-01  3.400000000e-01  3.500000000e-01
  3.600000000e-01  3.700000000e-01  3.800000000e-01  3.900000000e-01
  4.000000000e-01  4.100000000e-01  4.200000000e-01  4.300000000e-01
  4.400000000e-01  4.500000000e-01  4.600000000e-01  4.700000000e-01
  4.800000000e-01  4.900000000e-01  5.000000000e-01  5.100000000e-01
  5.200000000e-01  5.300000000e-01  5.400000000e-01  5.500000000e-01
  5.600000000e-01  5.700000000e-01  5.800000000e-01  5.900000000e-01
  6.000000000e-01  6.100000000e-01  6.200000000e-01  6.300000000e-01
  6.400000000e-01  6.500000000e-01  6.600000000e-01  6.700000000e-01
  6.800000000e-01  6.900000000e-01  7.000000000e-01  7.100000000e-01
  7.200000000e-01  7.300000000e-01  7.400000000e-01  7.500000000e-01
  7.600000000e-01  7.700000000e-01  7.800000000e-01  7.900000000e-01
  8.000000000e-01  8.100000000e-01  8.200000000e-01  8.300000000e-01
  8.400000000e-01  8.500000000e-01  8.600000000e-01  8.700000000e-01
  8.800000000e-01  8.900000000e-01  9.000000000e-01  9.100000000e-01
  9.200000000e-01  9.300000000e-01  9.400000000e-01  9.500000000e-01
  9.600000000e-01  9.700000000e-01  9.800000000e-01  9.900000000e-01
  1.000000000e+00
@R VOLP 101 []
  0.000000000e+00  2.478551377e+00  4.956777981e+00  7.434356790e+00
  9.910967273e+00  1.238629549e+01  1.486003351e+01  1.733187875e+01
  1.980154260e+01  2.226874720e+01  2.473322032e+01  2.719471023e+01
  2.965298291e+01  3.210780989e+01  3.455898443e+01  3.700632327e+01
  3.944965185e+01  4.188881823e+01  4.432369445e+01  4.675417623e+01
  4.918016414e+01  5.160158341e+01  5.401838898e+01  5.643054184e+01
  5.883804349e+01  6.124096191e+01  6.363934260e+01  6.603310890e+01
  6.842197900e+01  7.080568521e+01  7.318435763e+01  7.555863071e+01
  7.792927829e+01  8.029668023e+01  8.266083441e+01  8.502160896e+01
  8.737890522e+01  8.973271452e+01  9.208311621e+01  9.443024792e+01
  9.677424625e+01  9.911522935e+01  1.014533274e+02  1.037886785e+02
  1.061214275e+02  1.084517717e+02  1.107799444e+02  1.131060695e+02
  1.154300161e+02  1.177514575e+02  1.200698935e+02  1.223846144e+02
  1.246949514e+02  1.270003511e+02  1.293004084e+02  1.315949383e+02
  1.338840622e+02  1.361681709e+02  1.384476612e+02  1.407228154e+02
  1.429938303e+02  1.452608274e+02  1.475238491e+02  1.497828926e+02
  1.520379289e+02  1.542889117e+02  1.565357884e+02  1.587784600e+02
  1.610168068e+02  1.632507262e+02  1.654800824e+02  1.677047407e+02
  1.699245730e+02  1.721394331e+02  1.743492064e+02  1.765538000e+02
  1.787531979e+02  1.809475033e+02  1.831368087e+02  1.853212049e+02
  1.875007501e+02  1.896754069e+02  1.918450107e+02  1.940090330e+02
  1.961671929e+02  1.983214116e+02  2.004773255e+02  2.026415714e+02
  2.048139115e+02  2.069756562e+02  2.090835145e+02  2.110931391e+02
  2.129953094e+02  2.148087148e+02  2.165632782e+02  2.182904354e+02
  2.200197167e+02  2.218015734e+02  2.237194208e+02  2.258450230e+02
  2.282146172e+02
@R IPOL 101 []
  1.009223971e+00  1.009227219e+00  1.009236935e+00  1.009253024e+00
  1.009275332e+00  1.009303644e+00  1.009337687e+00  1.009377128e+00
  1.009421583e+00  1.009470611e+00  1.009523725e+00  1.009580392e+00
  1.009640033e+00  1.009702025e+00  1.009765711e+00  1.009830398e+00
  1.009895378e+00  1.009959894e+00  1.010023192e+00  1.010084480e+00
  1.010142977e+00  1.010197886e+00  1.010248407e+00  1.010293748e+00
  1.010333127e+00  1.010365774e+00  1.010390935e+00  1.010408073e+00
  1.010418098e+00  1.010422260e+00  1.010419337e+00  1.010405635e+00
  1.010377604e+00  1.010334113e+00  1.010275830e+00  1.010203634e+00
  1.010118165e+00  1.010019747e+00  1.009908479e+00  1.009784420e+00
  1.009647591e+00  1.009497944e+00  1.009335462e+00  1.009160253e+00
  1.008972461e+00  1.008772130e+00  1.008559135e+00  1.008333841e+00
  1.008097504e+00  1.007851735e+00  1.007598412e+00  1.007339859e+00
  1.007078322e+00  1.006815296e+00  1.006551762e+00  1.006288380e+00
  1.006024911e+00  1.005760506e+00  1.005494511e+00  1.005226652e+00
  1.004956817e+00  1.004685044e+00  1.004411628e+00  1.004137053e+00
  1.003861815e+00  1.003586438e+00  1.003311504e+00  1.003037704e+00
  1.002765738e+00  1.002496290e+00  1.002230054e+00  1.001967733e+00
  1.001710044e+00  1.001457644e+00  1.001211144e+00  1.000971143e+00
  1.000738227e+00  1.000512956e+00  1.000295843e+00  1.000087346e+00
  9.998879028e-01  9.996978858e-01  9.995176568e-01  9.993476054e-01
  9.991881046e-01  9.990395606e-01  9.989024564e-01  9.987771342e-01
  9.986636915e-01  9.985620369e-01  9.985112749e-01  9.985654640e-01
  9.987081113e-01  9.989017319e-01  9.991304854e-01  9.993717367e-01
  9.995964942e-01  9.997808303e-01  9.999141124e-01  9.999961695e-01
  1.000000000e+00
@R G11 101 []
  0.000000000e+00  2.471973044e+00  4.943928996e+00  7.416378773e+00
  9.889891221e+00  1.236419749e+01  1.483923837e+01  1.731517167e+01
  1.979227095e+01  2.227114064e+01  2.475211529e+01  2.723448677e+01
  2.971943141e+01  3.220446964e+01  3.469442768e+01  3.717702029e+01
  3.966656989e+01  4.216128630e+01  4.465842727e+01  4.716659571e+01
  4.966101051e+01  5.216866174e+01  5.468307411e+01  5.719216336e+01
  5.970216665e+01  6.221592077e+01  6.473551263e+01  6.725726102e+01
  6.978044642e+01  7.230638991e+01  7.483513484e+01  7.736620485e+01
  7.989848563e+01  8.243213879e+01  8.496707772e+01  8.749977089e+01
  9.003175684e+01  9.256708831e+01  9.510899929e+01  9.765508479e+01
  1.001928314e+02  1.027321084e+02  1.052875862e+02  1.078312881e+02
  1.103782685e+02  1.129363976e+02  1.154824470e+02  1.180437990e+02
  1.205988886e+02  1.231606501e+02  1.257274330e+02  1.282953598e+02
  1.308797173e+02  1.334580012e+02  1.360591931e+02  1.386592563e+02
  1.412684299e+02  1.439002350e+02  1.465196385e+02  1.491573407e+02
  1.518132457e+02  1.544597961e+02  1.571202546e+02  1.598016741e+02
  1.624870920e+02  1.651740387e+02  1.678790632e+02  1.706055460e+02
  1.733401613e+02  1.760845532e+02  1.788421282e+02  1.816245710e+02
  1.844294477e+02  1.872489609e+02  1.900875359e+02  1.929450352e+02
  1.958316990e+02  1.987510832e+02  2.016959996e+02  2.046682651e+02
  2.076703604e+02  2.107053523e+02  2.137868057e+02  2.169171727e+02
  2.200897401e+02  2.233061703e+02  2.265600800e+02  2.298652984e+02
  2.332333332e+02  2.366826437e+02  2.402623166e+02  2.440307776e+02
  2.480160098e+02  2.521849440e+02  2.564966661e+02  2.609602781e+02
  2.655522888e+02  2.702039837e+02  2.749242536e+02  2.797149195e+02
  2.845952406e+02
@R G22 101 []
  0.000000000e+00  1.252065860e-02  2.504133654e-02  3.756472652e-02
  5.009381777e-02  6.262737147e-02  7.516520820e-02  8.770824433e-02
  1.002580224e-01  1.128177623e-01  1.253892941e-01  1.379692285e-01
  1.505637448e-01  1.631604532e-01  1.757840406e-01  1.883725390e-01
  2.009987717e-01  2.136539157e-01  2.263244445e-01  2.390542929e-01
  2.517181755e-01  2.644532414e-01  2.772270820e-01  2.899788002e-01
  3.027405198e-01  3.155274196e-01  3.283506056e-01  3.411912510e-01
  3.540449709e-01  3.669180918e-01  3.798117243e-01  3.927259489e-01
  4.056580151e-01  4.186100119e-01  4.315812618e-01  4.445530587e-01
  4.575326691e-01  4.705405760e-01  4.835935271e-01  4.966799057e-01
  5.097365958e-01  5.228141124e-01  5.359874744e-01  5.491147397e-01
  5.622730501e-01  5.755031078e-01  5.886873314e-01  6.019656532e-01
  6.152275872e-01  6.285378709e-01  6.418860630e-01  6.552498793e-01
  6.687052762e-01  6.821356034e-01  6.956878704e-01  7.092391474e-01
  7.228428402e-01  7.365700950e-01  7.502436466e-01  7.640220205e-01
  7.779055508e-01  7.917535536e-01  8.056854236e-01  8.197372691e-01
  8.338218901e-01  8.479263128e-01  8.621351471e-01  8.764651348e-01
  8.908471060e-01  9.052888152e-01  9.198068386e-01  9.344602584e-01
  9.492354842e-01  9.640910751e-01  9.790484884e-01  9.941056485e-01
  1.009314297e+00  1.024692308e+00  1.040201740e+00  1.055850560e+00
  1.071649270e+00  1.087609966e+00  1.103798161e+00  1.120220234e+00
  1.136837631e+00  1.153668890e+00  1.170709286e+00  1.188057281e+00
  1.205755996e+00  1.223777546e+00  1.242170782e+00  1.261065567e+00
  1.280550607e+00  1.300525813e+00  1.320933528e+00  1.341964280e+00
  1.363614470e+00  1.385738858e+00  1.408732464e+00  1.432833544e+00
  1.458155566e+00
@R G33 101 []
  9.098168217e-01  9.098338311e-01  9.098846853e-01  9.099693363e-01
  9.100877173e-01  9.102395232e-01  9.104244969e-01  9.106424696e-01
  9.108929455e-01  9.111754438e-01  9.114897016e-01  9.118350975e-01
  9.122109029e-01  9.126166847e-01  9.130517800e-01  9.135153381e-01
  9.140067131e-01  9.145251375e-01  9.150696870e-01  9.156393652e-01
  9.162334344e-01  9.168510217e-01  9.174910601e-01  9.181526936e-01
  9.188347003e-01  9.195351628e-01  9.202528782e-01  9.209884300e-01
  9.217438447e-01  9.225202865e-01  9.233158757e-01  9.241252094e-01
  9.249421592e-01  9.257640144e-01  9.265911151e-01  9.274249196e-01
  9.282665116e-01  9.291161643e-01  9.299734129e-01  9.308372916e-01
  9.317069667e-01  9.325819171e-01  9.334615323e-01  9.343450707e-01
  9.352317513e-01  9.361204869e-01  9.370101247e-01  9.379000661e-01
  9.387909712e-01  9.396845861e-01  9.405835236e-01  9.414912666e-01
  9.424106560e-01  9.433440299e-01  9.442928738e-01  9.452572328e-01
  9.462357975e-01  9.472260567e-01  9.482254952e-01  9.492322043e-01
  9.502448240e-01  9.512624346e-01  9.522844329e-01  9.533103442e-01
  9.543398451e-01  9.553726835e-01  9.564085743e-01  9.574473939e-01
  9.584891005e-01  9.595335334e-01  9.605806904e-01  9.616305140e-01
  9.626828682e-01  9.637377441e-01  9.647949740e-01  9.658542586e-01
  9.669148827e-01  9.679755228e-01  9.690349906e-01  9.700921855e-01
  9.711462240e-01  9.721967911e-01  9.732442248e-01  9.742906339e-01
  9.753368116e-01  9.763726309e-01  9.773701533e-01  9.782978056e-01
  9.791583283e-01  9.800419136e-01  9.811122700e-01  9.825161437e-01
  9.843015595e-01  9.864095042e-01  9.887119625e-01  9.910847592e-01
  9.934222205e-01  9.955229325e-01  9.970309821e-01  9.976433137e-01
  9.972533521e-01
@R GRADRHO 101 []
  1.003030528e+00  9.943329288e-01  9.943521856e-01  9.944195330e-01
  9.945405127e-01  9.946812469e-01  9.948349176e-01  9.950052087e-01
  9.951992278e-01  9.954278917e-01  9.956902603e-01  9.959671887e-01
  9.962780801e-01  9.965793377e-01  9.969446304e-01  9.971985443e-01
  9.975432813e-01  9.979428233e-01  9.983595107e-01  9.988828246e-01
  9.992475957e-01  9.997357085e-01  1.000272195e+00  1.000745263e+00
  1.001215390e+00  1.001706283e+00  1.002231620e+00  1.002759879e+00
  1.003286019e+00  1.003820258e+00  1.004361389e+00  1.004903916e+00
  1.005439584e+00  1.005969205e+00  1.006492086e+00  1.006987815e+00
  1.007466616e+00  1.007951268e+00  1.008457804e+00  1.008971660e+00
  1.009428688e+00  1.009880616e+00  1.010397266e+00  1.010842219e+00
  1.011288352e+00  1.011769724e+00  1.012181218e+00  1.012643951e+00
  1.013063907e+00  1.013496984e+00  1.013935937e+00  1.014366123e+00
  1.014848492e+00  1.015295336e+00  1.015817354e+00  1.016322344e+00
  1.016847264e+00  1.017437664e+00  1.017967243e+00  1.018542521e+00
  1.019159465e+00  1.019723929e+00  1.020313030e+00  1.020946991e+00
  1.021569222e+00  1.022171594e+00  1.022804302e+00  1.023474813e+00
  1.024140754e+00  1.024805734e+00  1.025478131e+00  1.026188998e+00
  1.026928062e+00  1.027670738e+00  1.028426610e+00  1.029192211e+00
  1.029991251e+00  1.030828471e+00  1.031680381e+00  1.032546836e+00
  1.033428482e+00  1.034326536e+00  1.035268073e+00  1.036253276e+00
  1.037260953e+00  1.038286282e+00  1.039294434e+00  1.040289264e+00
  1.041281641e+00  1.042337173e+00  1.043655299e+00  1.045465655e+00
  1.047829197e+00  1.050600861e+00  1.053594781e+00  1.056723626e+00
  1.059841034e+00  1.062642131e+00  1.064868252e+00  1.066198675e+00
  1.066448808e+00
@R AREA 101 []
  0.000000000e+00  2.464514443e+00  4.928965104e+00  7.393250767e+00
  9.857179939e+00  1.232060483e+01  1.478345491e+01  1.724566408e+01
  1.970716186e+01  2.216782808e+01  2.462754084e+01  2.708620406e+01
  2.954375438e+01  3.200008351e+01  3.445519409e+01  3.690891912e+01
  3.936161672e+01  4.181263969e+01  4.426233428e+01  4.671013141e+01
  4.915633790e+01  5.160096091e+01  5.404367129e+01  5.648458308e+01
  5.892374895e+01  6.136116553e+01  6.379675534e+01  6.623048214e+01
  6.866236171e+01  7.109238489e+01  7.352053943e+01  7.594683346e+01
  7.837130767e+01  8.079402164e+01  8.321503008e+01  8.563441122e+01
  8.805227388e+01  9.046865864e+01  9.288358095e+01  9.529702696e+01
  9.770910075e+01  1.001199673e+02  1.025295670e+02  1.049379164e+02
  1.073452823e+02  1.097515390e+02  1.121568792e+02  1.145613947e+02
  1.169650564e+02  1.193681129e+02  1.217704339e+02  1.241722504e+02
  1.265734250e+02  1.289740674e+02  1.313741757e+02  1.337736521e+02
  1.361726773e+02  1.385710898e+02  1.409690161e+02  1.433665922e+02
  1.457637325e+02  1.481605941e+02  1.505573448e+02  1.529539718e+02
  1.553505779e+02  1.577473329e+02  1.601443853e+02  1.625417647e+02
  1.649396078e+02  1.673380872e+02  1.697373752e+02  1.721376126e+02
  1.745389006e+02  1.769414334e+02  1.793454181e+02  1.817510732e+02
  1.841586274e+02  1.865682665e+02  1.889802524e+02  1.913948949e+02
  1.938125344e+02  1.962335429e+02  1.986583020e+02  2.010871595e+02
  2.035205545e+02  2.059590029e+02  2.084031897e+02  2.108540442e+02
  2.133125779e+02  2.157796784e+02  2.182555076e+02  2.207391290e+02
  2.232287895e+02  2.257229694e+02  2.282209505e+02  2.307230169e+02
  2.332302804e+02  2.357453576e+02  2.382731101e+02  2.408212627e+02
  2.434006685e+02
@R A 101 []
  0.000000000e+00  1.131193901e-02  2.262423158e-02  3.393646666e-02
  4.524836449e-02  5.656030584e-02  6.787242270e-02  7.918447385e-02
  9.049650856e-02  1.018086148e-01  1.131206286e-01  1.244324215e-01
  1.357441616e-01  1.470556685e-01  1.583671831e-01  1.696783789e-01
  1.809912139e-01  1.923027494e-01  2.036148588e-01  2.149252478e-01
  2.262353619e-01  2.375452401e-01  2.488535151e-01  2.601607301e-01
  2.714670742e-01  2.827726378e-01  2.940769056e-01  3.053794498e-01
  3.166802719e-01  3.279795850e-01  3.392774693e-01  3.505734136e-01
  3.618669556e-01  3.731579015e-01  3.844461369e-01  3.957316552e-01
  4.070144409e-01  4.182942033e-01  4.295705287e-01  4.408429448e-01
  4.521115228e-01  4.633765427e-01  4.746371984e-01  4.858930892e-01
  4.971449102e-01  5.083914089e-01  5.196328080e-01  5.308688975e-01
  5.420989592e-01  5.533235891e-01  5.645415020e-01  5.757534069e-01
  5.869584221e-01  5.981568297e-01  6.093485055e-01  6.205328462e-01
  6.317103805e-01  6.428799366e-01  6.540417523e-01  6.651959077e-01
  6.763412686e-01  6.874778024e-01  6.986055070e-01  7.097234573e-01
  7.208311962e-01  7.319285761e-01  7.430152961e-01  7.540904474e-01
  7.651535843e-01  7.762043664e-01  7.872424206e-01  7.982671702e-01
  8.092777541e-01  8.202737035e-01  8.312545139e-01  8.422196259e-01
  8.531684548e-01  8.641001582e-01  8.750141094e-01  8.859097201e-01
  8.967862742e-01  9.076427887e-01  9.184781376e-01  9.292910478e-01
  9.400807841e-01  9.508472591e-01  9.615900949e-01  9.723080909e-01
  9.829996484e-01  9.936641979e-01  1.004300426e+00  1.014908396e+00
  1.025493538e+00  1.036065419e+00  1.046633393e+00  1.057199342e+00
  1.067762969e+00  1.078316601e+00  1.088847059e+00  1.099338287e+00
  1.109767843e+00
@R RTOR 101 []
  4.770176137e+00  4.770152637e+00  4.770082417e+00  4.769965480e+00
  4.769801783e+00  4.769591638e+00  4.769335367e+00  4.769033063e+00
  4.768685054e+00  4.768291828e+00  4.767853655e+00  4.767370954e+00
  4.766844379e+00  4.766274404e+00  4.765661480e+00  4.765006367e+00
  4.764309585e+00  4.763571890e+00  4.762793921e+00  4.761976675e+00
  4.761120815e+00  4.760227076e+00  4.759296452e+00  4.758329690e+00
  4.757327453e+00  4.756290813e+00  4.755221184e+00  4.754119775e+00
  4.752987183e+00  4.751823221e+00  4.750627631e+00  4.749400945e+00
  4.748145205e+00  4.746862565e+00  4.745554700e+00  4.744222838e+00
  4.742867913e+00  4.741490665e+00  4.740091720e+00  4.738671809e+00
  4.737231624e+00  4.735771737e+00  4.734292811e+00  4.732795487e+00
  4.731280206e+00  4.729747633e+00  4.728198317e+00  4.726632940e+00
  4.725052079e+00  4.723455964e+00  4.721844843e+00  4.720218230e+00
  4.718575718e+00  4.716916654e+00  4.715240166e+00  4.713545413e+00
  4.711831467e+00  4.710097923e+00  4.708344407e+00  4.706570644e+00
  4.704776606e+00  4.702962145e+00  4.701127146e+00  4.699271611e+00
  4.697395430e+00  4.695498421e+00  4.693580417e+00  4.691641295e+00
  4.689680773e+00  4.687698557e+00  4.685694295e+00  4.683667598e+00
  4.681618094e+00  4.679545252e+00  4.677448493e+00  4.675327205e+00
  4.673180725e+00  4.671008533e+00  4.668810038e+00  4.666584555e+00
  4.664331341e+00  4.662049410e+00  4.659737671e+00  4.657394989e+00
  4.655019975e+00  4.652612025e+00  4.650171503e+00  4.647699327e+00
  4.645196285e+00  4.642658281e+00  4.640076694e+00  4.637441535e+00
  4.634737599e+00  4.631947445e+00  4.629058538e+00  4.626066442e+00
  4.622967916e+00  4.619767606e+00  4.616477936e+00  4.613117139e+00
  4.609707208e+00
@R SHIFT 101 []
  2.201761371e-01  2.201526370e-01  2.200824167e-01  2.199654800e-01
  2.198017827e-01  2.195916377e-01  2.193353668e-01  2.190330632e-01
  2.186850543e-01  2.182918278e-01  2.178536554e-01  2.173709541e-01
  2.168443792e-01  2.162744038e-01  2.156614801e-01  2.150063666e-01
  2.143095854e-01  2.135718897e-01  2.127939210e-01  2.119766750e-01
  2.111208147e-01  2.102270762e-01  2.092964522e-01  2.083296904e-01
  2.073274532e-01  2.062908130e-01  2.052211839e-01  2.041197747e-01
  2.029871833e-01  2.018232209e-01  2.006276306e-01  1.994009454e-01
  1.981452052e-01  1.968625652e-01  1.955547001e-01  1.942228382e-01
  1.928679135e-01  1.914906649e-01  1.900917199e-01  1.886718092e-01
  1.872316237e-01  1.857717371e-01  1.842928111e-01  1.827954869e-01
  1.812802064e-01  1.797476326e-01  1.781983172e-01  1.766329404e-01
  1.750520794e-01  1.734559641e-01  1.718448430e-01  1.702182299e-01
  1.685757180e-01  1.669166535e-01  1.652401658e-01  1.635454131e-01
  1.618314670e-01  1.600979229e-01  1.583444066e-01  1.565706444e-01
  1.547766065e-01  1.529621454e-01  1.511271457e-01  1.492716106e-01
  1.473954299e-01  1.454984210e-01  1.435804174e-01  1.416412948e-01
  1.396807728e-01  1.376985571e-01  1.356942948e-01  1.336675982e-01
  1.316180944e-01  1.295452517e-01  1.274484931e-01  1.253272052e-01
  1.231807248e-01  1.210085326e-01  1.188100379e-01  1.165845547e-01
  1.143313406e-01  1.120494099e-01  1.097376705e-01  1.073949892e-01
  1.050199753e-01  1.026120249e-01  1.001715034e-01  9.769932654e-02
  9.519628452e-02  9.265828118e-02  9.007669403e-02  8.744153458e-02
  8.473759908e-02  8.194744538e-02  7.905853759e-02  7.606644219e-02
  7.296791622e-02  6.976760603e-02  6.647793595e-02  6.311713860e-02
  5.970720779e-02
@R ELONG 101 []
  1.303969000e+00  1.303960995e+00  1.303936978e+00  1.303920347e+00
  1.303883484e+00  1.303814044e+00  1.303725357e+00  1.303632429e+00
  1.303533985e+00  1.303422226e+00  1.303298364e+00  1.303165458e+00
  1.303024227e+00  1.302874238e+00  1.302715909e+00  1.302549104e+00
  1.302375210e+00  1.302196813e+00  1.302013279e+00  1.301824278e+00
  1.301631772e+00  1.301438043e+00  1.301243312e+00  1.301048107e+00
  1.300853814e+00  1.300660933e+00  1.300471058e+00  1.300285491e+00
  1.300104783e+00  1.299928171e+00  1.299755781e+00  1.299590133e+00
  1.299433628e+00  1.299287950e+00  1.299154150e+00  1.299033202e+00
  1.298926205e+00  1.298834108e+00  1.298757865e+00  1.298698136e+00
  1.298655439e+00  1.298630283e+00  1.298623418e+00  1.298635329e+00
  1.298666800e+00  1.298718694e+00  1.298791875e+00  1.298887096e+00
  1.299004834e+00  1.299145493e+00  1.299309640e+00  1.299497162e+00
  1.299707607e+00  1.299940531e+00  1.300195223e+00  1.300471129e+00
  1.300768134e+00  1.301086286e+00  1.301425701e+00  1.301786818e+00
  1.302170490e+00  1.302577560e+00  1.303008865e+00  1.303465351e+00
  1.303948076e+00  1.304458062e+00  1.304996340e+00  1.305564019e+00
  1.306162251e+00  1.306792277e+00  1.307455313e+00  1.308152598e+00
  1.308885481e+00  1.309655336e+00  1.310463627e+00  1.311311954e+00
  1.312202128e+00  1.313136122e+00  1.314116097e+00  1.315144373e+00
  1.316223453e+00  1.317355866e+00  1.318544117e+00  1.319790821e+00
  1.321098518e+00  1.322470748e+00  1.323914366e+00  1.325438464e+00
  1.327053348e+00  1.328766321e+00  1.330570768e+00  1.332453390e+00
  1.334392178e+00  1.336360792e+00  1.338345063e+00  1.340346532e+00
  1.342368801e+00  1.344437047e+00  1.346612750e+00  1.348976115e+00
  1.351624628e+00
@R TRIAG 101 []
  0.000000000e+00  3.236076298e-02  3.072710274e-02  2.908480942e-02
  2.743298007e-02  2.577601472e-02  2.411218826e-02  2.243703004e-02
  2.075057300e-02  1.905412370e-02  1.734496599e-02  1.562147531e-02
  1.388417878e-02  1.213211287e-02  1.036406653e-02  8.579606687e-03
  6.777261539e-03  4.956068105e-03  3.115367841e-03  1.255205822e-03
 -6.255769286e-04 -2.527912638e-03 -4.451867537e-03 -6.398326750e-03
 -8.369017413e-03 -1.036417894e-02 -1.238303983e-02 -1.442565853e-02
 -1.649320687e-02 -1.858839024e-02 -2.071385401e-02 -2.286976039e-02
 -2.505276990e-02 -2.726224848e-02 -2.949958098e-02 -3.176732336e-02
 -3.406859216e-02 -3.640477116e-02 -3.877541293e-02 -4.117990155e-02
 -4.361789600e-02 -4.608954699e-02 -4.859542272e-02 -5.113628010e-02
 -5.371339799e-02 -5.632780159e-02 -5.898042344e-02 -6.167198045e-02
 -6.440329506e-02 -6.717609154e-02 -6.999165852e-02 -7.284986994e-02
 -7.575003183e-02 -7.869180787e-02 -8.167546336e-02 -8.470190038e-02
 -8.777311211e-02 -9.089027331e-02 -9.405486177e-02 -9.726848992e-02
 -1.005330750e-01 -1.038512497e-01 -1.072256143e-01 -1.106588079e-01
 -1.141538654e-01 -1.177143199e-01 -1.213430381e-01 -1.250428605e-01
 -1.288170033e-01 -1.326684846e-01 -1.366006109e-01 -1.406169871e-01
 -1.447214281e-01 -1.489179090e-01 -1.532106969e-01 -1.576044644e-01
 -1.621043609e-01 -1.667156488e-01 -1.714440678e-01 -1.762963073e-01
 -1.812799645e-01 -1.864034222e-01 -1.916751957e-01 -1.971029274e-01
 -2.026948711e-01 -2.084597175e-01 -2.144136208e-01 -2.205831671e-01
 -2.270018410e-01 -2.337089977e-01 -2.406893815e-01 -2.479001766e-01
 -2.552975056e-01 -2.628456983e-01 -2.705837894e-01 -2.785740041e-01
 -2.868831138e-01 -2.955456521e-01 -3.044423796e-01 -3.135854430e-01
 -3.232242477e-01
@R PMHD 101 []
  2.124490454e+06  2.123497058e+06  2.120520232e+06  2.115570073e+06
  2.108663366e+06  2.099823546e+06  2.089080608e+06  2.076470998e+06
  2.062037410e+06  2.045828710e+06  2.027899558e+06  2.008310044e+06
  1.987125397e+06  1.964416103e+06  1.940256010e+06  1.914724947e+06
  1.887901098e+06  1.859877075e+06  1.830737569e+06  1.800580751e+06
  1.769496578e+06  1.737580313e+06  1.704933141e+06  1.671651266e+06
  1.637832151e+06  1.603573916e+06  1.568975305e+06  1.534116818e+06
  1.498949558e+06  1.463396019e+06  1.427599990e+06  1.391926370e+06
  1.356728033e+06  1.322143104e+06  1.288150125e+06  1.254707999e+06
  1.221798018e+06  1.189430742e+06  1.157638093e+06  1.126456807e+06
  1.095925441e+06  1.066088418e+06  1.036991334e+06  1.008668500e+06
  9.811460769e+05  9.544678074e+05  9.286861572e+05  9.038126545e+05
  8.797804558e+05  8.564843792e+05  8.338034764e+05  8.115680599e+05
  7.896225747e+05  7.678745134e+05  7.462793626e+05  7.248243565e+05
  7.035720263e+05  6.826482034e+05  6.621553296e+05  6.421608124e+05
  6.227219025e+05  6.038774884e+05  5.856421880e+05  5.680168322e+05
  5.509975302e+05  5.345775647e+05  5.187436491e+05  5.034748166e+05
  4.887458084e+05  4.745317135e+05  4.608071138e+05  4.475437863e+05
  4.347129014e+05  4.222884623e+05  4.102474669e+05  3.985672518e+05
  3.872246708e+05  3.761985282e+05  3.654706761e+05  3.550247812e+05
  3.448464951e+05  3.349244657e+05  3.252465702e+05  3.157965751e+05
  3.065560597e+05  2.975018510e+05  2.886003397e+05  2.798275740e+05
  2.711786345e+05  2.626610045e+05  2.505662913e+05  2.297473370e+05
  2.017333677e+05  1.700627780e+05  1.362442697e+05  1.024664757e+05
  7.154495293e+04  4.579440346e+04  2.617267527e+04  1.253913829e+04
  7.214618406e+03
@R QMHD 101 []
  9.792556368e-01  9.793210263e-01  9.795178282e-01  9.798478799e-01
  9.803140391e-01  9.809198755e-01  9.816692447e-01  9.825657427e-01
  9.836120523e-01  9.848091665e-01  9.861555267e-01  9.876461844e-01
  9.892762531e-01  9.910437998e-01  9.929476998e-01  9.949903783e-01
  9.971752950e-01  9.994991656e-01  1.001959142e+00  1.004555501e+00
  1.007289106e+00  1.010159924e+00  1.013167864e+00  1.016311694e+00
  1.019591925e+00  1.023010552e+00  1.026564299e+00  1.030252693e+00
  1.034086782e+00  1.038076301e+00  1.042220181e+00  1.046499196e+00
  1.050904056e+00  1.055436538e+00  1.060105549e+00  1.064918711e+00
  1.069879383e+00  1.074991759e+00  1.080259031e+00  1.085686001e+00
  1.091276315e+00  1.097032818e+00  1.102959725e+00  1.109062398e+00
  1.115346541e+00  1.121814484e+00  1.128471644e+00  1.135324410e+00
  1.142382139e+00  1.149655467e+00  1.157153091e+00  1.164890389e+00
  1.172879045e+00  1.181129986e+00  1.189653344e+00  1.198457693e+00
  1.207549662e+00  1.216933981e+00  1.226620126e+00  1.236616339e+00
  1.246931288e+00  1.257576486e+00  1.268564870e+00  1.279908825e+00
  1.291622362e+00  1.303721338e+00  1.316221451e+00  1.329140057e+00
  1.342496076e+00  1.356309327e+00  1.370601105e+00  1.385393372e+00
  1.400709153e+00  1.416573534e+00  1.433012535e+00  1.450053742e+00
  1.467728770e+00  1.486072181e+00  1.505122713e+00  1.524922645e+00
  1.545511522e+00  1.566919307e+00  1.589174504e+00  1.612317779e+00
  1.636415724e+00  1.661580274e+00  1.687912501e+00  1.715471044e+00
  1.744321765e+00  1.774572384e+00  1.806288611e+00  1.839583689e+00
  1.874487232e+00  1.910972419e+00  1.949214317e+00  1.989481245e+00
  2.031998327e+00  2.076923355e+00  2.124693336e+00  2.176215559e+00
  2.232990611e+00
@R ER 101 []
  0.000000000e+00  0.000000000e+00  0.000000000e+00  0.000000000e+00
  0.000000000e+00  0.000000000e+00  0.000000000e+00  0.000000000e+00
  0.000000000e+00  0.000000000e+00  0.000000000e+00  0.000000000e+00
  0.000000000e+00  0.000000000e+00  0.000000000e+00  0.000000000e+00
  0.000000000e+00  0.000000000e+00  0.000000000e+00  0.000000000e+00
  0.000000000e+00  0.000000000e+00  0.000000000e+00  0.000000000e+00
  0.000000000e+00  0.000000000e+00  0.000000000e+00  0.000000000e+00
  0.000000000e+00  0.000000000e+00  0.000000000e+00  0.000000000e+00
  0.000000000e+00  0.000000000e+00  0.000000000e+00  0.000000000e+00
  0.000000000e+00  0.000000000e+00  0.000000000e+00  0.000000000e+00
  0.000000000e+00  0.000000000e+00  0.000000000e+00  0.000000000e+00
  0.000000000e+00  0.000000000e+00  0.000000000e+00  0.000000000e+00
  0.000000000e+00  0.000000000e+00  0.000000000e+00  0.000000000e+00
  0.000000000e+00  0.000000000e+00  0.000000000e+00  0.000000000e+00
  0.000000000e+00  0.000000000e+00  0.000000000e+00  0.000000000e+00
  0.000000000e+00  0.000000000e+00  0.000000000e+00  0.000000000e+00
  0.000000000e+00  0.000000000e+00  0.000000000e+00  0.000000000e+00
  0.000000000e+00  0.000000000e+00  0.000000000e+00  0.000000000e+00
  0.000000000e+00  0.000000000e+00  0.000000000e+00  0.000000000e+00
  0.000000000e+00  0.000000000e+00  0.000000000e+00  0.000000000e+00
  0.000000000e+00  0.000000000e+00  0.000000000e+00  0.000000000e+00
  0.000000000e+00  0.000000000e+00  0.000000000e+00  0.000000000e+00
  0.000000000e+00  0.000000000e+00  0.000000000e+00  0.000000000e+00
  0.000000000e+00  0.000000000e+00  0.000000000e+00  0.000000000e+00
  0.000000000e+00  0.000000000e+00  0.000000000e+00  0.000000000e+00
  0.000000000e+00
@R NC1 101 []
  9.985000474e-01  9.386568920e-01  9.156067080e-01  8.987509887e-01
  8.850670976e-01  8.733891492e-01  8.631222880e-01  8.539151154e-01
  8.455391098e-01  8.378363157e-01  8.306923887e-01  8.240208222e-01
  8.177545287e-01  8.118409234e-01  8.062368482e-01  8.009067742e-01
  7.958196826e-01  7.909528911e-01  7.862842856e-01  7.817963215e-01
  7.774723783e-01  7.732986226e-01  7.692630670e-01  7.653548456e-01
  7.615638458e-01  7.578797612e-01  7.542945398e-01  7.508037195e-01
  7.474053138e-01  7.440958872e-01  7.408670507e-01  7.377069853e-01
  7.346065370e-01  7.315621109e-01  7.285724841e-01  7.256366227e-01
  7.227532879e-01  7.199209029e-01  7.171370931e-01  7.143992465e-01
  7.117049089e-01  7.090519659e-01  7.064387123e-01  7.038633326e-01
  7.013236331e-01  6.988178422e-01  6.963438449e-01  6.939005716e-01
  6.914881518e-01  6.891062181e-01  6.867566017e-01  6.844410590e-01
  6.821598302e-01  6.799133982e-01  6.777017625e-01  6.755228625e-01
  6.733743010e-01  6.712536934e-01  6.691585085e-01  6.670863048e-01
  6.650357168e-01  6.630056219e-01  6.609950200e-01  6.590032098e-01
  6.570296573e-01  6.550737432e-01  6.531348303e-01  6.512127328e-01
  6.493069776e-01  6.474170789e-01  6.455428243e-01  6.436837285e-01
  6.418395430e-01  6.400100261e-01  6.381946317e-01  6.363930138e-01
  6.346045427e-01  6.328283240e-01  6.310632154e-01  6.293089344e-01
  6.275647541e-01  6.258302539e-01  6.241055890e-01  6.223920184e-01
  6.206899345e-01  6.189940791e-01  6.172937545e-01  6.155776247e-01
  6.138529316e-01  6.121537600e-01  6.105299878e-01  6.090408162e-01
  6.077141759e-01  6.065201991e-01  6.053847964e-01  6.042562505e-01
  6.030904306e-01  6.018078326e-01  6.002997336e-01  5.984708300e-01
  5.962995719e-01
@R HFAC1 101 []
  1.000000000e+00  9.976306310e-01  9.952652857e-01  9.929041639e-01
  9.905474153e-01  9.881949860e-01  9.858468877e-01  9.835032061e-01
  9.811638283e-01  9.788286672e-01  9.764977461e-01  9.741708978e-01
  9.718478864e-01  9.695286548e-01  9.672129111e-01  9.649004493e-01
  9.625906073e-01  9.602837398e-01  9.579790903e-01  9.556767737e-01
  9.533761658e-01  9.510769239e-01  9.487789219e-01  9.464816951e-01
  9.441846416e-01  9.418867306e-01  9.395875211e-01  9.372877043e-01
  9.349887938e-01  9.326915671e-01  9.303946055e-01  9.280944371e-01
  9.257879332e-01  9.234743390e-01  9.211543693e-01  9.188290165e-01
  9.164990084e-01  9.141647452e-01  9.118261521e-01  9.094828965e-01
  9.071345979e-01  9.047809887e-01  9.024220329e-01  9.000575279e-01
  8.976869228e-01  8.953099759e-01  8.929260553e-01  8.905350996e-01
  8.881378809e-01  8.857350943e-01  8.833287098e-01  8.809206591e-01
  8.785123608e-01  8.761049163e-01  8.736990830e-01  8.712946353e-01
  8.688902431e-01  8.664846396e-01  8.640763074e-01  8.616639381e-01
  8.592469754e-01  8.568248971e-01  8.543973134e-01  8.519641350e-01
  8.495252890e-01  8.470806339e-01  8.446300128e-01  8.421736127e-01
  8.397114366e-01  8.372433994e-01  8.347695895e-01  8.322899848e-01
  8.298046689e-01  8.273137033e-01  8.248169517e-01  8.223143257e-01
  8.198054979e-01  8.172899090e-01  8.147671050e-01  8.122365665e-01
  8.096978625e-01  8.071509673e-01  8.045962218e-01  8.020349768e-01
  7.994676322e-01  7.968887349e-01  7.942854253e-01  7.916445456e-01
  7.889721529e-01  7.863102305e-01  7.837238102e-01  7.812746356e-01
  7.789838450e-01  7.768181222e-01  7.747047798e-01  7.725838450e-01
  7.704057255e-01  7.680830078e-01  7.654855933e-01  7.625066904e-01
  7.591189747e-01
@R HFAC2 101 []
  1.000000000e+00  9.952696743e-01  9.905641292e-01  9.858836242e-01
  9.812283157e-01  9.765979562e-01  9.719924268e-01  9.674117535e-01
  9.628555738e-01  9.583235793e-01  9.538156756e-01  9.493313973e-01
  9.448701523e-01  9.404316984e-01  9.360153443e-01  9.316205663e-01
  9.272459809e-01  9.228921388e-01  9.185574946e-01  9.142421477e-01
  9.099448116e-01  9.056647419e-01  9.014016035e-01  8.971544375e-01
  8.929220338e-01  8.887023862e-01  8.844946063e-01  8.802999365e-01
  8.761211508e-01  8.719596278e-01  8.678126414e-01  8.636736822e-01
  8.595369588e-01  8.554011212e-01  8.512675266e-01  8.471380212e-01
  8.430139476e-01  8.388960377e-01  8.347841510e-01  8.306776857e-01
  8.265759673e-01  8.224785309e-01  8.183853199e-01  8.142959865e-01
  8.102095758e-01  8.061256667e-01  8.020431722e-01  7.979620267e-01
  7.938836356e-01  7.898092628e-01  7.857423798e-01  7.816863975e-01
  7.776437525e-01  7.736163278e-01  7.696053866e-01  7.656104511e-01
  7.616291485e-01  7.576592203e-01  7.536980275e-01  7.497433011e-01
  7.457940663e-01  7.418494445e-01  7.379087899e-01  7.339719527e-01
  7.300388236e-01  7.261091858e-01  7.221827951e-01  7.182599759e-01
  7.143407484e-01  7.104249862e-01  7.065128577e-01  7.026043355e-01
  6.986995630e-01  6.947986554e-01  6.909013944e-01  6.870076422e-01
  6.831168673e-01  6.792281575e-01  6.753407903e-01  6.714539377e-01
  6.675669023e-01  6.636796288e-01  6.597926603e-01  6.559082394e-01
  6.520271864e-01  6.481408925e-01  6.442286480e-01  6.402690219e-01
  6.362715202e-01  6.323039811e-01  6.284712120e-01  6.248719832e-01
  6.215393332e-01  6.184189374e-01  6.153939426e-01  6.123688032e-01
  6.092651824e-01  6.059429798e-01  6.021931023e-01  5.978473891e-01
  5.928671330e-01
