@R IP 1 []
  9.999999995e+06
@R BCENTR 1 []
  1.100000000e+01
@R RMAJOR 1 []
  4.550000000e+00
@R AMINOR 1 []
  1.107808668e+00
@R KAPPA 1 []
  1.344809265e+00
@R DELTA 1 []
 -3.148638590e-01
@I NRHO 1 []
              101
@R RHOB 1 []
  1.263323467e+00
@R RHO 101 []
  0.000000000e+00  1.000000000e-02  2.000000000e-02  3.000000000e-02
  4.000000000e-02  5.000000000e-02  6.000000000e-02  7.000000000e-02
  8.000000000e-02  9.000000000e-02  1.000000000e-01  1.100000000e-01
  1.200000000e-01  1.300000000e-01  1.400000000e-01  1.500000000e-01
  1.600000000e-01  1.700000000e-01  1.800000000e-01  1.900000000e-01
  2.000000000e-01  2.100000000e-01  2.200000000e-01  2.300000000e-01
  2.400000000e-01  2.500000000e-01  2.600000000e-01  2.700000000e-01
  2.800000000e-01  2.900000000e-01  3.000000000e-01  3.100000000e-01
  3.200000000e-01  3.300000000e-01  3.400000000e-01  3.500000000e-01
  3.600000000e-01  3.700000000e-01  3.800000000e-01  3.900000000e-01
  4.000000000e-01  4.100000000e-01  4.200000000e-01  4.300000000e-01
  4.400000000e-01  4.500000000e-01  4.600000000e-01  4.700000000e-01
  4.800000000e-01  4.900000000e-01  5.000000000e-01  5.100000000e-01
  5.200000000e-01  5.300000000e-01  5.400000000e-01  5.500000000e-01
  5.600000000e-01  5.700000000e-01  5.800000000e-01  5.900000000e-01
  6.000000000e-01  6.100000000e-01  6.200000000e-01  6.300000000e-01
  6.400000000e-01  6.500000000e-01  6.600000000e-01  6.700000000e-01
  6.800000000e-01  6.900000000e-01  7.000000000e-01  7.100000000e-01
  7.200000000e-01  7.300000000e-01  7.400000000e-01  7.500000000e-01
  7.600000000e-01  7.700000000e-01  7.800000000e-01  7.900000000e-01
  8.000000000e-01  8.100000000e-01  8.200000000e-01  8.300000000e-01
  8.400000000e-01  8.500000000e-01  8.600000000e-01  8.700000000e-01
  8.800000000e-01  8.900000000e-01  9.000000000e-01  9.100000000e-01
  9.200000000e-01  9.300000000e-01  9.400000000e-01  9.500000000e-01
  9.600000000e-01  9.700000000e-01  9.800000000e-01  9.900000000e-01
  1.000000000e+00
@R VOLP 101 []
  0.000000000e+00  2.424160516e+00  4.848200264e+00  7.271996961e+00
  9.695432851e+00  1.211839085e+01  1.454075043e+01  1.696240020e+01
  1.938323325e+01  2.180313820e+01  2.422201160e+01  2.663975790e+01
  2.905627940e+01  3.147148456e+01  3.388529232e+01  3.629762023e+01
  3.870838864e+01  4.111753231e+01  4.352498831e+01  4.593069106e+01
  4.833458566e+01  5.073662691e+01  5.313676531e+01  5.553495364e+01
  5.793115432e+01  6.032532828e+01  6.271743733e+01  6.510745944e+01
  6.749538050e+01  6.988116764e+01  7.226477527e+01  7.464615452e+01
  7.702523778e+01  7.940195223e+01  8.177624033e+01  8.414803623e+01
  8.651725941e+01  8.888384096e+01  9.124770915e+01  9.360877795e+01
  9.596696714e+01  9.832219593e+01  1.006743745e+02  1.030234117e+02
  1.053692133e+02  1.077116898e+02  1.100507406e+02  1.123862596e+02
  1.147181525e+02  1.170463210e+02  1.193706491e+02  1.216910297e+02
  1.240073692e+02  1.263195449e+02  1.286274439e+02  1.309309693e+02
  1.332300173e+02  1.355244665e+02  1.378142073e+02  1.400991474e+02
  1.423791847e+02  1.446542084e+02  1.469241266e+02  1.491888611e+02
  1.514483151e+02  1.537024019e+02  1.559510600e+02  1.581942327e+02
  1.604318545e+02  1.626638779e+02  1.648902830e+02  1.671110554e+02
  1.693261775e+02  1.715356617e+02  1.737395540e+02  1.759379006e+02
  1.781307584e+02  1.803182280e+02  1.825004268e+02  1.846774644e+02
  1.868494155e+02  1.890163149e+02  1.911781914e+02  1.933349828e+02
  1.954864762e+02  1.976322224e+02  1.997711425e+02  2.019014769e+02
  2.040203619e+02  2.061226711e+02  2.082007404e+02  2.102458799e+02
  2.122523370e+02  2.142201987e+02  2.161565678e+02  2.180709476e+02
  2.199797784e+02  2.219195478e+02  2.239639106e+02  2.261819031e+02
  2.286040582e+02
@R IPOL 101 []
  1.017133250e+00  1.017130443e+00  1.017122016e+00  1.017107943e+00
  1.017088185e+00  1.017062688e+00  1.017031382e+00  1.016994185e+00
  1.016951003e+00  1.016901730e+00  1.016846251e+00  1.016784443e+00
  1.016716174e+00  1.016641306e+00  1.016559693e+00  1.016471193e+00
  1.016375646e+00  1.016272920e+00  1.016162866e+00  1.016045365e+00
  1.015920273e+00  1.015787478e+00  1.015646886e+00  1.015498396e+00
  1.015341931e+00  1.015177441e+00  1.015004903e+00  1.014824293e+00
  1.014635529e+00  1.014438585e+00  1.014233623e+00  1.014020878e+00
  1.013800584e+00  1.013572990e+00  1.013338351e+00  1.013096932e+00
  1.012849013e+00  1.012594870e+00  1.012334795e+00  1.012069090e+00
  1.011798075e+00  1.011522044e+00  1.011241327e+00  1.010956263e+00
  1.010667180e+00  1.010374415e+00  1.010078332e+00  1.009779240e+00
  1.009477542e+00  1.009173553e+00  1.008867667e+00  1.008560219e+00
  1.008251599e+00  1.007942151e+00  1.007632263e+00  1.007322291e+00
  1.007012599e+00  1.006703575e+00  1.006395562e+00  1.006088939e+00
  1.005784077e+00  1.005481325e+00  1.005181046e+00  1.004883610e+00
  1.004589364e+00  1.004298652e+00  1.004011830e+00  1.003729253e+00
  1.003451252e+00  1.003178164e+00  1.002910319e+00  1.002648057e+00
  1.002391708e+00  1.002141589e+00  1.001898030e+00  1.001661351e+00
  1.001431889e+00  1.001209991e+00  1.000996015e+00  1.000790350e+00
  1.000593437e+00  1.000405790e+00  1.000228038e+00  1.000060984e+00
  9.999056621e-01  9.997634701e-01  9.996363048e-01  9.995267289e-01
  9.994381317e-01  9.993748003e-01  9.993417189e-01  9.993437667e-01
  9.993840425e-01  9.994613447e-01  9.995677661e-01  9.996884742e-01
  9.998053330e-01  9.999026989e-01  9.999727337e-01  1.000013005e+00
  1.000000000e+00
@R G11 101 []
  0.000000000e+00  2.440777184e+00  4.881541840e+00  7.322491791e+00
  9.764069529e+00  1.220598576e+01  1.464824619e+01  1.709077533e+01
  1.953360561e+01  2.197742689e+01  2.442243709e+01  2.686768971e+01
  2.931439866e+01  3.176061658e+01  3.420990589e+01  3.665313306e+01
  3.909924748e+01  4.154892886e+01  4.400388118e+01  4.646280769e+01
  4.891136345e+01  5.137394700e+01  5.383726158e+01  5.629489759e+01
  5.875401460e+01  6.121952528e+01  6.368884997e+01  6.615739589e+01
  6.862740797e+01  7.109911249e+01  7.357287599e+01  7.604883078e+01
  7.852727256e+01  8.100856243e+01  8.349368853e+01  8.598272246e+01
  8.847042240e+01  9.095846190e+01  9.345227685e+01  9.595711029e+01
  9.846125294e+01  1.009582688e+02  1.034730288e+02  1.059906319e+02
  1.084994694e+02  1.110303494e+02  1.135539674e+02  1.160870595e+02
  1.186247550e+02  1.211672580e+02  1.237160016e+02  1.262705289e+02
  1.288328893e+02  1.313968274e+02  1.339798970e+02  1.365523953e+02
  1.391485736e+02  1.417471364e+02  1.443464123e+02  1.469705956e+02
  1.495956875e+02  1.522224572e+02  1.548724270e+02  1.575356000e+02
  1.601972937e+02  1.628734586e+02  1.655726340e+02  1.682835985e+02
  1.710027647e+02  1.737329749e+02  1.764859304e+02  1.792618049e+02
  1.820508277e+02  1.848564958e+02  1.876783166e+02  1.905245185e+02
  1.934005173e+02  1.963000611e+02  1.992227051e+02  2.021713173e+02
  2.051462394e+02  2.081582961e+02  2.112126583e+02  2.143031667e+02
  2.174328940e+02  2.206044733e+02  2.238272328e+02  2.271189980e+02
  2.304810325e+02  2.339158573e+02  2.374354666e+02  2.410725349e+02
  2.448435388e+02  2.487320998e+02  2.527367912e+02  2.568886513e+02
  2.611767811e+02  2.655577831e+02  2.700661498e+02  2.747098386e+02
  2.795030917e+02
@R G22 101 []
  0.000000000e+00  1.250549070e-02  2.501105692e-02  3.751785398e-02
  5.002830632e-02  6.254107374e-02  7.505631252e-02  8.757380901e-02
  1.000938990e-01  1.126202481e-01  1.251540416e-01  1.376906208e-01
  1.502363589e-01  1.627814502e-01  1.753443693e-01  1.878784753e-01
  2.004298181e-01  2.130021101e-01  2.256043182e-01  2.382299604e-01
  2.508057263e-01  2.634569751e-01  2.761157222e-01  2.887493055e-01
  3.013946977e-01  3.140773175e-01  3.267841390e-01  3.394919010e-01
  3.522124156e-01  3.649470142e-01  3.776977510e-01  3.904654951e-01
  4.032518441e-01  4.160587246e-01  4.288913961e-01  4.417503607e-01
  4.546087471e-01  4.674753092e-01  4.803781280e-01  4.933442179e-01
  5.063134931e-01  5.192529977e-01  5.322907239e-01  5.453500884e-01
  5.583714641e-01  5.715135078e-01  5.846254219e-01  5.977934163e-01
  6.109925022e-01  6.242238554e-01  6.374947682e-01  6.508029932e-01
  6.641591607e-01  6.775310103e-01  6.910089792e-01  7.044400068e-01
  7.180007820e-01  7.315813053e-01  7.451729230e-01  7.589005563e-01
  7.726402366e-01  7.863957654e-01  8.002782678e-01  8.142360749e-01
  8.281930925e-01  8.422315511e-01  8.563955232e-01  8.706268460e-01
  8.849066259e-01  8.992492617e-01  9.137151328e-01  9.283048379e-01
  9.429672928e-01  9.577201475e-01  9.725604899e-01  9.875303897e-01
  1.002657156e+00  1.017907690e+00  1.033278895e+00  1.048784498e+00
  1.064424624e+00  1.080253341e+00  1.096295147e+00  1.112515081e+00
  1.128925116e+00  1.145533469e+00  1.162379589e+00  1.179543287e+00
  1.197012538e+00  1.214769515e+00  1.232833230e+00  1.251327260e+00
  1.270305898e+00  1.289679667e+00  1.309465181e+00  1.329849007e+00
  1.350828948e+00  1.372331062e+00  1.394833452e+00  1.418597158e+00
  1.443710196e+00
@R G33 101 []
  9.203285978e-01  9.203386703e-01  9.203692218e-01  9.204203605e-01
  9.204916981e-01  9.205831551e-01  9.206949750e-01  9.208268233e-01
  9.209783754e-01  9.211496952e-01  9.213405750e-01  9.215506628e-01
  9.217798447e-01  9.220279121e-01  9.222944815e-01  9.225793471e-01
  9.228823427e-01  9.232030325e-01  9.235410812e-01  9.238962809e-01
  9.242683163e-01  9.246567531e-01  9.250613224e-01  9.254817889e-01
  9.259178028e-01  9.263690853e-01  9.268353723e-01  9.273162220e-01
  9.278112041e-01  9.283201609e-01  9.288429550e-01  9.293794264e-01
  9.299296401e-01  9.304936792e-01  9.310714177e-01  9.316628015e-01
  9.322679082e-01  9.328866640e-01  9.335189953e-01  9.341649476e-01
  9.348244649e-01  9.354975020e-01  9.361840490e-01  9.368840762e-01
  9.375975704e-01  9.383244461e-01  9.390646758e-01  9.398183051e-01
  9.405851730e-01  9.413652202e-01  9.421584383e-01  9.429647816e-01
  9.437840355e-01  9.446162379e-01  9.454612912e-01  9.463189980e-01
  9.471891956e-01  9.480718138e-01  9.489667290e-01  9.498736535e-01
  9.507923737e-01  9.517227482e-01  9.526644912e-01  9.536172208e-01
  9.545806991e-01  9.555546263e-01  9.565385360e-01  9.575319454e-01
  9.585344507e-01  9.595455502e-01  9.605645918e-01  9.615909054e-01
  9.626238634e-01  9.636627000e-01  9.647064711e-01  9.657542723e-01
  9.668051508e-01  9.678579385e-01  9.689114022e-01  9.699643581e-01
  9.710157859e-01  9.720648234e-01  9.731105392e-01  9.741523015e-01
  9.751899955e-01  9.762242779e-01  9.772583148e-01  9.782977202e-01
  9.793522836e-01  9.804411880e-01  9.815940534e-01  9.828442188e-01
  9.842119479e-01  9.856942558e-01  9.872630245e-01  9.888873158e-01
  9.905096721e-01  9.919827767e-01  9.929915948e-01  9.932472918e-01
  9.926628324e-01
@R GRADRHO 101 []
  1.007288314e+00  9.995517977e-01  9.995574188e-01  9.995812597e-01
  9.996385759e-01  9.997001243e-01  9.997651470e-01  9.998316944e-01
  9.999024699e-01  9.999935919e-01  1.000103927e+00  1.000211863e+00
  1.000339309e+00  1.000452109e+00  1.000606666e+00  1.000670389e+00
  1.000774955e+00  1.000921902e+00  1.001124338e+00  1.001359521e+00
  1.001475934e+00  1.001728706e+00  1.001975526e+00  1.002160336e+00
  1.002352160e+00  1.002590294e+00  1.002848905e+00  1.003091160e+00
  1.003335215e+00  1.003582234e+00  1.003834429e+00  1.004092298e+00
  1.004357298e+00  1.004631055e+00  1.004918853e+00  1.005219944e+00
  1.005503488e+00  1.005780278e+00  1.006080212e+00  1.006428993e+00
  1.006763075e+00  1.007051631e+00  1.007419031e+00  1.007788836e+00
  1.008107030e+00  1.008517089e+00  1.008882743e+00  1.009279578e+00
  1.009684926e+00  1.010099074e+00  1.010527194e+00  1.010966594e+00
  1.011424556e+00  1.011875801e+00  1.012386792e+00  1.012843909e+00
  1.013374532e+00  1.013898243e+00  1.014409208e+00  1.014991282e+00
  1.015558873e+00  1.016114688e+00  1.016729433e+00  1.017367321e+00
  1.017979771e+00  1.018616934e+00  1.019303066e+00  1.020000886e+00
  1.020697848e+00  1.021400948e+00  1.022142374e+00  1.022919324e+00
  1.023700862e+00  1.024494358e+00  1.025295710e+00  1.026124262e+00
  1.026990376e+00  1.027872916e+00  1.028766626e+00  1.029674517e+00
  1.030592694e+00  1.031543161e+00  1.032532568e+00  1.033539591e+00
  1.034565734e+00  1.035611038e+00  1.036691726e+00  1.037843263e+00
  1.039063600e+00  1.040357262e+00  1.041757248e+00  1.043344936e+00
  1.045153160e+00  1.047128351e+00  1.049230494e+00  1.051474075e+00
  1.053764003e+00  1.055885616e+00  1.057617551e+00  1.058625365e+00
  1.058744856e+00
@R AREA 101 []
  0.000000000e+00  2.423142801e+00  4.846235899e+00  7.269301459e+00
  9.692239126e+00  1.211498009e+01  1.453751967e+01  1.695983963e+01
  1.938194412e+01  2.180378477e+01  2.422530660e+01  2.664647499e+01
  2.906729115e+01  3.148769851e+01  3.390774335e+01  3.632731906e+01
  3.874675211e+01  4.116562317e+01  4.358413782e+01  4.600184974e+01
  4.841915311e+01  5.083590579e+01  5.325191928e+01  5.566735148e+01
  5.808225402e+01  6.049657817e+01  6.291021874e+01  6.532321184e+01
  6.773557699e+01  7.014732268e+01  7.255845229e+01  7.496896831e+01
  7.737887071e+01  7.978815654e+01  8.219681710e+01  8.460483380e+01
  8.701222289e+01  8.941905814e+01  9.182532395e+01  9.423097198e+01
  9.663593468e+01  9.904037324e+01  1.014442717e+02  1.038474840e+02
  1.062501853e+02  1.086523512e+02  1.110538551e+02  1.134549356e+02
  1.158553568e+02  1.182553729e+02  1.206547659e+02  1.230537806e+02
  1.254522030e+02  1.278502827e+02  1.302478333e+02  1.326450105e+02
  1.350418409e+02  1.374382392e+02  1.398343976e+02  1.422302548e+02
  1.446258203e+02  1.470212446e+02  1.494165514e+02  1.518117063e+02
  1.542068404e+02  1.566020746e+02  1.589974173e+02  1.613929188e+02
  1.637887121e+02  1.661849302e+02  1.685816901e+02  1.709790433e+02
  1.733771388e+02  1.757761485e+02  1.781762561e+02  1.805776582e+02
  1.829805088e+02  1.853850135e+02  1.877914326e+02  1.902000502e+02
  1.926111776e+02  1.950251494e+02  1.974422688e+02  1.998629177e+02
  2.022875342e+02  2.047165935e+02  2.071506054e+02  2.095900437e+02
  2.120353586e+02  2.144870378e+02  2.169454887e+02  2.194109619e+02
  2.218834831e+02  2.243632159e+02  2.268505551e+02  2.293461732e+02
  2.318510475e+02  2.343672253e+02  2.368984922e+02  2.394518504e+02
  2.420372349e+02
@R A 101 []
  0.000000000e+00  1.129163830e-02  2.258336993e-02  3.387489093e-02
  4.516607308e-02  5.645709650e-02  6.774794286e-02  7.903844503e-02
  9.032871450e-02  1.016186651e-01  1.129080682e-01  1.241969362e-01
  1.354853426e-01  1.467729585e-01  1.580601511e-01  1.693465435e-01
  1.806336199e-01  1.919194272e-01  2.032050223e-01  2.144882997e-01
  2.257710539e-01  2.370526881e-01  2.483322636e-01  2.596104228e-01
  2.708874301e-01  2.821630167e-01  2.934365450e-01  3.047081159e-01
  3.159777812e-01  3.272454419e-01  3.385109826e-01  3.497743107e-01
  3.610352860e-01  3.722937591e-01  3.835495794e-01  3.948025329e-01
  4.060525401e-01  4.172997897e-01  4.285440807e-01  4.397850356e-01
  4.510221291e-01  4.622559592e-01  4.734862937e-01  4.847122219e-01
  4.959343521e-01  5.071523871e-01  5.183654952e-01  5.295745245e-01
  5.407781479e-01  5.519772901e-01  5.631706343e-01  5.743590156e-01
  5.855411375e-01  5.967178365e-01  6.078878645e-01  6.190515772e-01
  6.302087231e-01  6.413584657e-01  6.525012272e-01  6.636362730e-01
  6.747631424e-01  6.858819674e-01  6.969922818e-01  7.080933316e-01
  7.191850693e-01  7.302673303e-01  7.413394015e-01  7.524007398e-01
  7.634510956e-01  7.744901313e-01  7.855174138e-01  7.965321330e-01
  8.075338247e-01  8.185220360e-01  8.294962998e-01  8.404561016e-01
  8.514006024e-01  8.623290568e-01  8.732408788e-01  8.841354289e-01
  8.950120054e-01  9.058698679e-01  9.167079509e-01  9.275253871e-01
  9.383214337e-01  9.490952806e-01  9.598462329e-01  9.705734830e-01
  9.812761325e-01  9.919542597e-01  1.002607602e+00  1.013236161e+00
  1.023841211e+00  1.034425066e+00  1.044989886e+00  1.055536909e+00
  1.066066191e+00  1.076571018e+00  1.087040029e+00  1.097458744e+00
  1.107808668e+00
@R RTOR 101 []
  4.742855989e+00  4.742841601e+00  4.742797809e+00  4.742724281e+00
  4.742621464e+00  4.742489652e+00  4.742328559e+00  4.742138261e+00
  4.741919129e+00  4.741671184e+00  4.741394486e+00  4.741089353e+00
  4.740755926e+00  4.740394294e+00  4.740004746e+00  4.739587530e+00
  4.739142719e+00  4.738670643e+00  4.738171560e+00  4.737645758e+00
  4.737093378e+00  4.736514773e+00  4.735910244e+00  4.735279956e+00
  4.734624186e+00  4.733943218e+00  4.733237284e+00  4.732506638e+00
  4.731751591e+00  4.730972377e+00  4.730169181e+00  4.729342251e+00
  4.728491769e+00  4.727617806e+00  4.726720490e+00  4.725799935e+00
  4.724856147e+00  4.723889128e+00  4.722898946e+00  4.721885606e+00
  4.720849108e+00  4.719789388e+00  4.718706420e+00  4.717600210e+00
  4.716470616e+00  4.715317603e+00  4.714141164e+00  4.712941068e+00
  4.711717354e+00  4.710469816e+00  4.709198433e+00  4.707902943e+00
  4.706583375e+00  4.705239455e+00  4.703871122e+00  4.702478157e+00
  4.701060404e+00  4.699617744e+00  4.698149876e+00  4.696656685e+00
  4.695138004e+00  4.693593534e+00  4.692023053e+00  4.690426419e+00
  4.688803341e+00  4.687153502e+00  4.685476693e+00  4.683772681e+00
  4.682041140e+00  4.680281727e+00  4.678494135e+00  4.676678106e+00
  4.674833280e+00  4.672959253e+00  4.671055655e+00  4.669122088e+00
  4.667158155e+00  4.665163414e+00  4.663137405e+00  4.661079633e+00
  4.658989553e+00  4.656866540e+00  4.654709980e+00  4.652519127e+00
  4.650293061e+00  4.648030789e+00  4.645730989e+00  4.643392099e+00
  4.641012410e+00  4.638589172e+00  4.636118405e+00  4.633595000e+00
  4.631012257e+00  4.628362893e+00  4.625640489e+00  4.622840070e+00
  4.619957247e+00  4.616994842e+00  4.613960165e+00  4.610865590e+00
  4.607727576e+00
@R SHIFT 101 []
  1.928559889e-01  1.928416010e-01  1.927978086e-01  1.927242806e-01
  1.926214642e-01  1.924896521e-01  1.923285592e-01  1.921382609e-01
  1.919191290e-01  1.916711842e-01  1.913944859e-01  1.910893534e-01
  1.907559258e-01  1.903942944e-01  1.900047463e-01  1.895875299e-01
  1.891427186e-01  1.886706432e-01  1.881715596e-01  1.876457580e-01
  1.870933776e-01  1.865147735e-01  1.859102444e-01  1.852799556e-01
  1.846241861e-01  1.839432185e-01  1.832372841e-01  1.825066377e-01
  1.817515908e-01  1.809723772e-01  1.801691810e-01  1.793422512e-01
  1.784917690e-01  1.776178063e-01  1.767204905e-01  1.757999351e-01
  1.748561470e-01  1.738891282e-01  1.728989457e-01  1.718856058e-01
  1.708491075e-01  1.697893875e-01  1.687064199e-01  1.676002102e-01
  1.664706157e-01  1.653176028e-01  1.641411642e-01  1.629410683e-01
  1.617173539e-01  1.604698156e-01  1.591984327e-01  1.579029430e-01
  1.565833754e-01  1.552394554e-01  1.538711216e-01  1.524781568e-01
  1.510604038e-01  1.496177436e-01  1.481498762e-01  1.466566853e-01
  1.451380036e-01  1.435935335e-01  1.420230532e-01  1.404264190e-01
  1.388033414e-01  1.371535024e-01  1.354766935e-01  1.337726806e-01
  1.320411399e-01  1.302817274e-01  1.284941348e-01  1.266781058e-01
  1.248332800e-01  1.229592534e-01  1.210556554e-01  1.191220885e-01
  1.171581550e-01  1.151634143e-01  1.131374050e-01  1.110796326e-01
  1.089895532e-01  1.068665395e-01  1.047099798e-01  1.025191272e-01
  1.002930610e-01  9.803078901e-02  9.573098936e-02  9.339209864e-02
  9.101241043e-02  8.858917213e-02  8.611840451e-02  8.359499968e-02
  8.101225727e-02  7.836289259e-02  7.564048857e-02  7.284007011e-02
  6.995724742e-02  6.699484190e-02  6.396016457e-02  6.086559016e-02
  5.772757586e-02
@R ELONG 101 []
  1.283540263e+00  1.283537630e+00  1.283529730e+00  1.283552805e+00
  1.283568008e+00  1.283570619e+00  1.283572403e+00  1.283580974e+00
  1.283596164e+00  1.283613238e+00  1.283633845e+00  1.283657241e+00
  1.283684917e+00  1.283717668e+00  1.283753598e+00  1.283792696e+00
  1.283836077e+00  1.283884809e+00  1.283937906e+00  1.283995681e+00
  1.284058817e+00  1.284127409e+00  1.284202019e+00  1.284282819e+00
  1.284369859e+00  1.284463333e+00  1.284564220e+00  1.284672630e+00
  1.284788454e+00  1.284912230e+00  1.285044377e+00  1.285185243e+00
  1.285334962e+00  1.285493839e+00  1.285662011e+00  1.285839753e+00
  1.286027318e+00  1.286224847e+00  1.286432530e+00  1.286650518e+00
  1.286879237e+00  1.287118794e+00  1.287369340e+00  1.287631200e+00
  1.287904666e+00  1.288189937e+00  1.288487246e+00  1.288797026e+00
  1.289119443e+00  1.289454873e+00  1.289803634e+00  1.290166140e+00
  1.290542707e+00  1.290933713e+00  1.291339635e+00  1.291760901e+00
  1.292197973e+00  1.292651326e+00  1.293121564e+00  1.293609177e+00
  1.294114766e+00  1.294639056e+00  1.295182675e+00  1.295746298e+00
  1.296330710e+00  1.296936836e+00  1.297565518e+00  1.298217615e+00
  1.298894175e+00  1.299596376e+00  1.300325371e+00  1.301082318e+00
  1.301868574e+00  1.302685633e+00  1.303535061e+00  1.304418499e+00
  1.305337722e+00  1.306294775e+00  1.307291810e+00  1.308331138e+00
  1.309415259e+00  1.310546791e+00  1.311728494e+00  1.312963337e+00
  1.314254483e+00  1.315605497e+00  1.317019992e+00  1.318501314e+00
  1.320053038e+00  1.321677976e+00  1.323377301e+00  1.325149257e+00
  1.326990359e+00  1.328897017e+00  1.330866831e+00  1.332901428e+00
  1.335002302e+00  1.337182060e+00  1.339484219e+00  1.341991149e+00
  1.344809265e+00
@R TRIAG 101 []
  0.000000000e+00  3.074832732e-02  2.898773708e-02  2.721145995e-02
  2.543676280e-02  2.366356189e-02  2.188180530e-02  2.009106175e-02
  1.829409369e-02  1.648885198e-02  1.467391636e-02  1.284998898e-02
  1.101601952e-02  9.170788337e-03  7.314418901e-03  5.446014913e-03
  3.564005688e-03  1.668255893e-03 -2.416263455e-04 -2.166156513e-03
 -4.106429710e-03 -6.062636646e-03 -8.035263418e-03 -1.002523043e-02
 -1.203297991e-02 -1.405903113e-02 -1.610409565e-02 -1.816878482e-02
 -2.025348494e-02 -2.235879551e-02 -2.448549690e-02 -2.663413871e-02
 -2.880544953e-02 -3.100011581e-02 -3.321840964e-02 -3.546075818e-02
 -3.772786829e-02 -4.002043514e-02 -4.233893383e-02 -4.468399684e-02
 -4.705633407e-02 -4.945680492e-02 -5.188613589e-02 -5.434492441e-02
 -5.683415726e-02 -5.935462710e-02 -6.190710134e-02 -6.449275431e-02
 -6.711225201e-02 -6.976682410e-02 -7.245737872e-02 -7.518530487e-02
 -7.795134254e-02 -8.075698241e-02 -8.360330100e-02 -8.649183696e-02
 -8.942384680e-02 -9.240071731e-02 -9.542422147e-02 -9.849589725e-02
 -1.016174502e-01 -1.047907646e-01 -1.080178520e-01 -1.113012892e-01
 -1.146439331e-01 -1.180480953e-01 -1.215160765e-01 -1.250503665e-01
 -1.286538226e-01 -1.323293370e-01 -1.360799178e-01 -1.399086780e-01
 -1.438192019e-01 -1.478153679e-01 -1.519011182e-01 -1.560808765e-01
 -1.603593659e-01 -1.647418283e-01 -1.692332940e-01 -1.738393901e-01
 -1.785665374e-01 -1.834218809e-01 -1.884133932e-01 -1.935501961e-01
 -1.988425536e-01 -2.043018382e-01 -2.099379441e-01 -2.157571908e-01
 -2.217684169e-01 -2.279820306e-01 -2.344121649e-01 -2.410803556e-01
 -2.480051489e-01 -2.552007657e-01 -2.626619313e-01 -2.703724195e-01
 -2.783505591e-01 -2.866275409e-01 -2.952945056e-01 -3.046089992e-01
 -3.148638590e-01
@R PMHD 101 []
  1.434313965e+06  1.433857976e+06  1.432491366e+06  1.430218203e+06
  1.427045248e+06  1.422981931e+06  1.418040307e+06  1.412235001e+06
  1.405583112e+06  1.398104161e+06  1.389819930e+06  1.380754299e+06
  1.370933024e+06  1.360383892e+06  1.349135839e+06  1.337220019e+06
  1.324666667e+06  1.311510956e+06  1.297785721e+06  1.283528158e+06
  1.268771070e+06  1.253550614e+06  1.237903378e+06  1.221863426e+06
  1.205464981e+06  1.188742213e+06  1.171728697e+06  1.154457247e+06
  1.136967043e+06  1.119293389e+06  1.101455602e+06  1.083466676e+06
  1.065341126e+06  1.047092720e+06  1.028735550e+06  1.010283747e+06
  9.917503909e+05  9.731482637e+05  9.544911231e+05  9.357927052e+05
  9.170666117e+05  8.983245690e+05  8.795796788e+05  8.608458423e+05
  8.421339177e+05  8.234563482e+05  8.048273149e+05  7.862578992e+05
  7.677606174e+05  7.493467240e+05  7.310299615e+05  7.128198936e+05
  6.947307555e+05  6.767720568e+05  6.589570446e+05  6.412965072e+05
  6.238014576e+05  6.064842388e+05  5.893548867e+05  5.724250211e+05
  5.557057247e+05  5.392069650e+05  5.229394069e+05  5.069138996e+05
  4.911400002e+05  4.756271055e+05  4.603850408e+05  4.454230528e+05
  4.307495681e+05  4.163726680e+05  4.022999830e+05  3.885389618e+05
  3.750959596e+05  3.619764852e+05  3.491848651e+05  3.367241426e+05
  3.245960944e+05  3.128000206e+05  3.013318098e+05  2.901830224e+05
  2.793392875e+05  2.687774934e+05  2.584621717e+05  2.483399234e+05
  2.383318554e+05  2.283229659e+05  2.181484021e+05  2.075773500e+05
  1.962970062e+05  1.839049463e+05  1.699284172e+05  1.538997312e+05
  1.355195521e+05  1.148987305e+05  9.279309579e+04  7.062888889e+04
  5.014733622e+04  3.282458310e+04  1.931462320e+04  9.673758003e+03
  5.839893362e+03
@R QMHD 101 []
  9.847440615e-01  9.847975419e-01  9.849586036e-01  9.852290504e-01
  9.856117018e-01  9.861101121e-01  9.867281807e-01  9.874696530e-01
  9.883375202e-01  9.893333077e-01  9.904562774e-01  9.917026134e-01
  9.930687047e-01  9.945549664e-01  9.961625005e-01  9.978923826e-01
  9.997461551e-01  1.001724700e+00  1.003828813e+00  1.006057102e+00
  1.008411777e+00  1.010896902e+00  1.013510755e+00  1.016254103e+00
  1.019129860e+00  1.022139453e+00  1.025284522e+00  1.028566706e+00
  1.031988261e+00  1.035550396e+00  1.039256177e+00  1.043108439e+00
  1.047108649e+00  1.051260084e+00  1.055565881e+00  1.060029840e+00
  1.064654493e+00  1.069443344e+00  1.074400772e+00  1.079530376e+00
  1.084836002e+00  1.090322410e+00  1.095994473e+00  1.101855774e+00
  1.107912483e+00  1.114169961e+00  1.120632684e+00  1.127307356e+00
  1.134199255e+00  1.141315755e+00  1.148662719e+00  1.156247959e+00
  1.164078183e+00  1.172161700e+00  1.180505901e+00  1.189119853e+00
  1.198013159e+00  1.207194165e+00  1.216673538e+00  1.226461631e+00
  1.236569486e+00  1.247008983e+00  1.257792164e+00  1.268932134e+00
  1.280442745e+00  1.292338754e+00  1.304635177e+00  1.317348329e+00
  1.330495606e+00  1.344095816e+00  1.358168734e+00  1.372734340e+00
  1.387814842e+00  1.403434111e+00  1.419617945e+00  1.436393099e+00
  1.453788114e+00  1.471834466e+00  1.490567313e+00  1.510023163e+00
  1.530241039e+00  1.551262416e+00  1.573131379e+00  1.595897210e+00
  1.619615533e+00  1.644347979e+00  1.670167811e+00  1.697148857e+00
  1.725378602e+00  1.754960734e+00  1.785963043e+00  1.818454795e+00
  1.852536580e+00  1.888293479e+00  1.925822115e+00  1.965293845e+00
  2.006932677e+00  2.050890009e+00  2.097649945e+00  2.148265917e+00
  2.204158439e+00
@R ER 101 []
  0.000000000e+00  0.000000000e+00  0.000000000e+00  0.000000000e+00
  0.000000000e+00  0.000000000e+00  0.000000000e+00  0.000000000e+00
  0.000000000e+00  0.000000000e+00  0.000000000e+00  0.000000000e+00
  0.000000000e+00  0.000000000e+00  0.000000000e+00  0.000000000e+00
  0.000000000e+00  0.000000000e+00  0.000000000e+00  0.000000000e+00
  0.000000000e+00  0.000000000e+00  0.000000000e+00  0.000000000e+00
  0.000000000e+00  0.000000000e+00  0.000000000e+00  0.000000000e+00
  0.000000000e+00  0.000000000e+00  0.000000000e+00  0.000000000e+00
  0.000000000e+00  0.000000000e+00  0.000000000e+00  0.000000000e+00
  0.000000000e+00  0.000000000e+00  0.000000000e+00  0.000000000e+00
  0.000000000e+00  0.000000000e+00  0.000000000e+00  0.000000000e+00
  0.000000000e+00  0.000000000e+00  0.000000000e+00  0.000000000e+00
  0.000000000e+00  0.000000000e+00  0.000000000e+00  0.000000000e+00
  0.000000000e+00  0.000000000e+00  0.000000000e+00  0.000000000e+00
  0.000000000e+00  0.000000000e+00  0.000000000e+00  0.000000000e+00
  0.000000000e+00  0.000000000e+00  0.000000000e+00  0.000000000e+00
  0.000000000e+00  0.000000000e+00  0.000000000e+00  0.000000000e+00
  0.000000000e+00  0.000000000e+00  0.000000000e+00  0.000000000e+00
  0.000000000e+00  0.000000000e+00  0.000000000e+00  0.000000000e+00
  0.000000000e+00  0.000000000e+00  0.000000000e+00  0.000000000e+00
  0.000000000e+00  0.000000000e+00  0.000000000e+00  0.000000000e+00
  0.000000000e+00  0.000000000e+00  0.000000000e+00  0.000000000e+00
  0.000000000e+00  0.000000000e+00  0.000000000e+00  0.000000000e+00
  0.000000000e+00  0.000000000e+00  0.000000000e+00  0.000000000e+00
  0.000000000e+00  0.000000000e+00  0.000000000e+00  0.000000000e+00
  0.000000000e+00
@R NC1 101 []
  9.985000475e-01  9.385117470e-01  9.153694719e-01  8.984204391e-01
  8.846387224e-01  8.728592388e-01  8.624881293e-01  8.531732598e-01
  8.446866246e-01  8.368713923e-01  8.296133252e-01  8.228264041e-01
  8.164443318e-01  8.104145068e-01  8.046936308e-01  7.992477412e-01
  7.940470465e-01  7.890678433e-01  7.842888280e-01  7.796930215e-01
  7.752640059e-01  7.709882973e-01  7.668541776e-01  7.628510716e-01
  7.589694230e-01  7.552008700e-01  7.515380942e-01  7.479741194e-01
  7.445025951e-01  7.411181224e-01  7.378157408e-01  7.345908416e-01
  7.314396275e-01  7.283584654e-01  7.253437059e-01  7.223922346e-01
  7.195011235e-01  7.166673712e-01  7.138884704e-01  7.111620788e-01
  7.084859282e-01  7.058577836e-01  7.032756260e-01  7.007377200e-01
  6.982421600e-01  6.957872043e-01  6.933714312e-01  6.909931781e-01
  6.886511708e-01  6.863437608e-01  6.840700199e-01  6.818283582e-01
  6.796178370e-01  6.774371579e-01  6.752853943e-01  6.731613691e-01
  6.710640730e-01  6.689926431e-01  6.669460430e-01  6.649234064e-01
  6.629238474e-01  6.609465262e-01  6.589906071e-01  6.570553068e-01
  6.551398487e-01  6.532433877e-01  6.513652233e-01  6.495046561e-01
  6.476608935e-01  6.458332260e-01  6.440209186e-01  6.422232949e-01
  6.404397144e-01  6.386694390e-01  6.369117032e-01  6.351658623e-01
  6.334312473e-01  6.317071598e-01  6.299928988e-01  6.282877250e-01
  6.265911834e-01  6.249028300e-01  6.232222489e-01  6.215494893e-01
  6.198843256e-01  6.182271940e-01  6.165798764e-01  6.149436341e-01
  6.133230736e-01  6.117254387e-01  6.101594260e-01  6.086390075e-01
  6.071719964e-01  6.057528703e-01  6.043657024e-01  6.030003761e-01
  6.016230370e-01  6.001731275e-01  5.985545705e-01  5.966760965e-01
  5.945211583e-01
@R HFAC1 101 []
  1.000000000e+00  9.976193303e-01  9.952389549e-01  9.928590270e-01
  9.904795541e-01  9.881006180e-01  9.857223877e-01  9.833448115e-01
  9.809678586e-01  9.785916729e-01  9.762162689e-01  9.738415955e-01
  9.714676739e-01  9.690945323e-01  9.667220086e-01  9.643501762e-01
  9.619786784e-01  9.596078079e-01  9.572372565e-01  9.548674453e-01
  9.524978757e-01  9.501285369e-01  9.477595590e-01  9.453907323e-01
  9.430218789e-01  9.406529560e-01  9.382840118e-01  9.359148386e-01
  9.335452383e-01  9.311752043e-01  9.288047181e-01  9.264337276e-01
  9.240623603e-01  9.216907092e-01  9.193187148e-01  9.169464227e-01
  9.145738760e-01  9.122009355e-01  9.098276149e-01  9.074539860e-01
  9.050800725e-01  9.027056930e-01  9.003308329e-01  8.979556158e-01
  8.955798420e-01  8.932034496e-01  8.908265440e-01  8.884488737e-01
  8.860705773e-01  8.836912967e-01  8.813112798e-01  8.789301490e-01
  8.765480325e-01  8.741646361e-01  8.717800730e-01  8.693940481e-01
  8.670064281e-01  8.646172319e-01  8.622261644e-01  8.598331319e-01
  8.574379879e-01  8.550405101e-01  8.526405175e-01  8.502378570e-01
  8.478322929e-01  8.454235434e-01  8.430114126e-01  8.405956710e-01
  8.381760100e-01  8.357521229e-01  8.333236603e-01  8.308903465e-01
  8.284518694e-01  8.260078227e-01  8.235577247e-01  8.211011645e-01
  8.186377605e-01  8.161670288e-01  8.136884436e-01  8.112014728e-01
  8.087057637e-01  8.062010188e-01  8.036869560e-01  8.011635651e-01
  7.986308121e-01  7.960891288e-01  7.935403202e-01  7.909865458e-01
  7.884326347e-01  7.858870980e-01  7.833611970e-01  7.808691147e-01
  7.784184570e-01  7.760039305e-01  7.736084891e-01  7.712176800e-01
  7.687994666e-01  7.662884646e-01  7.635689836e-01  7.605364586e-01
  7.571676307e-01
@R HFAC2 101 []
  1.000000000e+00  9.952471487e-01  9.905118056e-01  9.857941895e-01
  9.810942286e-01  9.764119981e-01  9.717477424e-01  9.671012690e-01
  9.624724289e-01  9.578614165e-01  9.532681686e-01  9.486924959e-01
  9.441343503e-01  9.395936972e-01  9.350701387e-01  9.305637277e-01
  9.260737015e-01  9.216005286e-01  9.171435458e-01  9.127034602e-01
  9.082792528e-01  9.038708218e-01  8.994783294e-01  8.951013095e-01
  8.907393574e-01  8.863923191e-01  8.820602085e-01  8.777425731e-01
  8.734389802e-01  8.691493536e-01  8.648735975e-01  8.606115551e-01
  8.563634038e-01  8.521292532e-01  8.479089326e-01  8.437024650e-01
  8.395098693e-01  8.353308378e-01  8.311653385e-01  8.270134406e-01
  8.228751226e-01  8.187500153e-01  8.146380369e-01  8.105393430e-01
  8.064535352e-01  8.023804522e-01  7.983202200e-01  7.942723590e-01
  7.902370503e-01  7.862136324e-01  7.822024799e-01  7.782029021e-01
  7.742150660e-01  7.702384346e-01  7.662731481e-01  7.623186677e-01
  7.583747292e-01  7.544413197e-01  7.505179115e-01  7.466043085e-01
  7.427002265e-01  7.388052671e-01  7.349190987e-01  7.310414321e-01
  7.271718520e-01  7.233098668e-01  7.194551290e-01  7.156072406e-01
  7.117656718e-01  7.079299037e-01  7.040993531e-01  7.002735552e-01
  6.964519916e-01  6.926339933e-01  6.888187762e-01  6.850056799e-01
  6.811940844e-01  6.773832079e-01  6.735722137e-01  6.697602571e-01
  6.659467941e-01  6.621313789e-01  6.583135917e-01  6.544934761e-01
  6.506710381e-01  6.468470230e-01  6.430243851e-01  6.392065779e-01
  6.354013015e-01  6.316221398e-01  6.278870890e-01  6.242189422e-01
  6.206298981e-01  6.171114874e-01  6.136364080e-01  6.101815867e-01
  6.066957550e-01  6.030737284e-01  5.991291475e-01  5.946968767e-01
  5.897443602e-01
