 20-Aug-25 07/09/2014
     1               1
  0.800000000E+01
*   8.000             1               0 MAR   3   2 CLC    40   41
  0.000000000E+00 0.170000000E+03 0.200000000E+01 0.679320679E+06
  0.679320679E+06 0.172183676E+03 0.798231744E+00 0.414144456E+02
  0.134722998E+01-0.372094166E+00-0.307955918E+00 0.777801486E+07
  0.176817793E+03 0.182712429E+01 0.232186665E+01 0.116293692E+01
  0.587837717E+00 0.858764018E+00 0.100000000E+11 0.105777049E+02
  0.100000000E+11 0.100000000E+11 0.201777943E+01-0.121732923E+01
  0.769497367E+02 0.107872006E+03 0.532350406E+02
  0.000000000E+00 0.000000000E+00 0.000000000E+00
  0.826499277E+02 0.796603877E+02
  0.000000000E+00 0.000000000E+00
  0.164208001E+01 0.277738634E+00 0.203499666E+01 0.101726832E+01
  0.768127363E+00 0.221228523E+01-0.500000000E+02-0.500000000E+02
 -0.500000000E+02 0.302967487E+00 0.708022859E+04 0.210499074E+06
  0.943508388E-04 0.129119198E+01 0.968296188E+00 0.588740765E-02
  0.128094278E+01 0.172703836E+03 0.000000000E+00 0.000000000E+00
 -0.999000000E+03-0.999000000E+03-0.999000000E+03-0.999000000E+03
 -0.100000000E+03-0.500000000E+02 0.194544604E+01 0.191611073E+01
  0.679747481E+01 0.397123709E+02 0.100000000E+03 0.105777049E+02
  0.177442772E+03 0.203448788E+01 0.466163245E+00 0.000000000E+00
  0.100940856E+01 0.199694310E+01 0.361459567E+06 0.000000000E+00
  0.000000000E+00 0.000000000E+00 0.858823341E+00 0.100000000E+02
    44   60   18    6
  0.176126129E+00 0.139616443E+00 0.189727091E+00 0.152641811E+00
  0.661475411E-01-0.219952306E-01 0.546002089E+00-0.728085453E-01
 -0.479784394E+00 0.244738484E+00 0.144857379E+00 0.202467090E-01
 -0.414960687E-01-0.717639585E-01-0.886068007E-01 0.559493985E+00
 -0.812491337E-01-0.937364882E-02 0.218247479E+00 0.158764751E+00
  0.166839261E+00 0.169277889E+00 0.101496048E+00 0.194210117E-01
 -0.341551333E+00 0.404223234E+00 0.433779207E+00 0.243019355E-01
  0.760140612E-01 0.203904221E+00 0.851990068E-01-0.898602755E-02
 -0.479406341E-01-0.641338219E-01 0.104987625E+00 0.480998014E+00
  0.470457993E+00-0.473407845E-01 0.240853969E-01-0.300143942E-01
 -0.646288682E-03 0.163382897E-01 0.633561969E-01 0.126257974E+00
  0.107450685E+00 0.239632105E+00 0.230233528E+00-0.159036612E+00
 -0.262097375E+00-0.389571374E-01 0.296986456E+00 0.648751660E+00
  0.298268905E+00-0.159277237E+00-0.335965659E+00-0.875866452E-01
  0.237547051E+00 0.322733137E+00 0.255655861E+00-0.383582194E-01
  0.118850475E+00 0.250318936E+00 0.179580770E+00 0.202559689E+00
  0.216553260E+00 0.208007884E+00 0.276926857E+00-0.104009370E+00
 -0.315841416E+00-0.289842005E+00-0.618900586E-01 0.301341117E+00
  0.360707167E+00 0.275624000E+00 0.401010937E+00 0.777311276E+00
  0.310776486E+00 0.424722243E-01-0.196146984E+00-0.271669415E+00
 -0.692751541E-01 0.905398615E-01 0.321377626E+00 0.253376030E+00
  0.362626233E+00 0.108356418E+00-0.605713932E-01-0.252356541E+00
 -0.308249733E+00-0.104668771E+00 0.273242614E+00 0.209186485E+00
  0.215540290E+00 0.202832001E+00 0.176484731E+00 0.247385672E+00
  0.120784526E+00-0.347776727E-01 0.110175396E+00 0.239510840E+00
  0.232504123E+00-0.144532829E+00-0.267470598E+00-0.368786703E-01
  0.277983339E+05-0.478160670E+05 0.259263066E+06 0.246399689E+06
  0.104383970E+06-0.316624371E+06 0.623325264E+06-0.483341137E+05
 -0.785095848E+06 0.342260683E+06 0.891427961E+05-0.115752115E+06
 -0.115548902E+06-0.105995393E+06-0.414386460E+06 0.567809328E+06
 -0.129674830E+06-0.154976041E+06
  0.000000000E+00 0.000000000E+00 0.000000000E+00 0.000000000E+00
  0.000000000E+00 0.000000000E+00
  0.000000000E+00 0.000000000E+00 0.000000000E+00 0.000000000E+00
  0.000000000E+00 0.000000000E+00 0.000000000E+00 0.000000000E+00
  0.000000000E+00 0.000000000E+00 0.557389444E+02 0.000000000E+00
  0.239962864E+00 0.102021273E+01 0.400000006E+02-0.148057272E+00
 -0.116326128E+01 0.000000000E+00 0.999000000E+03 0.191064170E+01
 -0.100000000E+02 0.968296188E+00 0.000000000E+00 0.401636195E-01
 -0.100000000E+02 0.000000000E+00 0.220211393E+01 0.000000000E+00
  0.135755904E+00 0.266536568E+01 0.130769231E+01 0.213383347E+01
  0.338573590E+02 0.292502403E+01-0.890000000E+02-0.890000000E+02
 -0.890000000E+02-0.890000000E+02-0.890000000E+02-0.890000000E+02
 -0.890000000E+02-0.890000000E+02-0.890000000E+02-0.890000000E+02
 -0.890000000E+02-0.890000000E+02-0.890000000E+02-0.890000000E+02
 -0.890000000E+02 0.000000000E+00 0.703437229E+00 0.944553329E+00
  0.141534131E+03 0.186265625E+03 0.000000000E+00 0.821265889E+00
  0.100000000E+01 0.000000000E+00 0.000000000E+00 0.000000000E+00
                                            EQG
