 26-Aug-25 07/09/2014
     1               1
  0.600000000E+01
*   6.000             1               0 MAR   3   2 CLC    40   41
  0.000000000E+00 0.170000000E+03 0.200000000E+01 0.679320679E+06
  0.679320679E+06 0.172113945E+03 0.831116935E+00 0.413447140E+02
  0.133983421E+01-0.342285115E+00-0.310161904E+00 0.770613633E+07
  0.175938752E+03 0.180793214E+01 0.227505640E+01 0.865367610E+00
  0.432977815E+00 0.860496873E+00 0.100000000E+11 0.107171681E+02
  0.100000000E+11 0.100000000E+11 0.199693791E+01-0.122913378E+01
  0.767204588E+02 0.106641553E+03 0.516437086E+02
  0.000000000E+00 0.000000000E+00 0.000000000E+00
  0.825050295E+02 0.794866716E+02
  0.000000000E+00 0.000000000E+00
  0.162119364E+01 0.279273903E+00 0.201158031E+01 0.719334192E+00
  0.765822775E+00 0.218397460E+01-0.500000000E+02-0.500000000E+02
 -0.500000000E+02 0.304508102E+00 0.702018388E+04 0.155315365E+06
  0.945126914E-04 0.128475474E+01 0.957094450E+00 0.795282661E-02
  0.127437152E+01 0.172145528E+03 0.000000000E+00 0.000000000E+00
 -0.999000000E+03-0.999000000E+03-0.999000000E+03-0.999000000E+03
 -0.100000000E+03-0.500000000E+02 0.194757386E+01 0.191676263E+01
  0.835181839E+01 0.398586516E+02 0.100000000E+03 0.107171681E+02
  0.177382423E+03 0.205005479E+01 0.467991807E+00 0.000000000E+00
  0.100125090E+01 0.200114201E+01 0.359163087E+06 0.000000000E+00
  0.000000000E+00 0.000000000E+00 0.866163220E+00 0.100000000E+02
    44   60   18    6
  0.173192236E+00 0.133106508E+00 0.185002960E+00 0.152617955E+00
  0.709389477E-01-0.131819101E-01 0.543737179E+00-0.626192665E-01
 -0.461643327E+00 0.243518998E+00 0.138798576E+00 0.134191840E-01
 -0.433104566E-01-0.675589313E-01-0.814352965E-01 0.556091949E+00
 -0.703850064E-01 0.124101087E-01 0.216671009E+00 0.154217312E+00
  0.161394156E+00 0.167309479E+00 0.103853827E+00 0.258641104E-01
 -0.326619434E+00 0.404420598E+00 0.433336027E+00 0.325303771E-01
  0.827546909E-01 0.200636510E+00 0.788830677E-01-0.129556510E-01
 -0.468232166E-01-0.579825069E-01 0.119059472E+00 0.480756051E+00
  0.469527010E+00-0.409821699E-01 0.292739046E-01-0.189548708E-01
  0.153098064E-01 0.241085570E-01 0.738560302E-01 0.136735947E+00
  0.110346531E+00 0.246614825E+00 0.247451723E+00-0.144640565E+00
 -0.251679562E+00-0.405304422E-01 0.282879167E+00 0.631878817E+00
  0.290457884E+00-0.157606308E+00-0.331304645E+00-0.875455089E-01
  0.230505492E+00 0.314669278E+00 0.250229282E+00-0.378861967E-01
  0.133954632E+00 0.270587157E+00 0.194985974E+00 0.201370921E+00
  0.200135965E+00 0.190342347E+00 0.248255973E+00-0.104530552E+00
 -0.310630382E+00-0.283942333E+00-0.606422111E-01 0.296171051E+00
  0.354172002E+00 0.261520579E+00 0.387373271E+00 0.758047324E+00
  0.302665158E+00 0.402642855E-01-0.193826760E+00-0.268175998E+00
 -0.695889116E-01 0.868835256E-01 0.313353428E+00 0.248011210E+00
  0.356067401E+00 0.106414910E+00-0.593658196E-01-0.247312002E+00
 -0.303232803E+00-0.105211870E+00 0.245082191E+00 0.191000123E+00
  0.199164428E+00 0.201704829E+00 0.191899970E+00 0.267520575E+00
  0.135739307E+00-0.341771137E-01 0.113123132E+00 0.246557789E+00
  0.249609012E+00-0.130028330E+00-0.256955377E+00-0.388114422E-01
  0.253562375E+05-0.623434990E+05 0.249184644E+06 0.244242775E+06
  0.107471686E+06-0.308117762E+06 0.612950136E+06-0.404060671E+05
 -0.766636078E+06 0.347313943E+06 0.766309137E+05-0.131624692E+06
 -0.121146578E+06-0.103885896E+06-0.407942337E+06 0.555740578E+06
 -0.120916933E+06-0.131567113E+06
  0.000000000E+00 0.000000000E+00 0.000000000E+00 0.000000000E+00
  0.000000000E+00 0.000000000E+00
  0.000000000E+00 0.000000000E+00 0.000000000E+00 0.000000000E+00
  0.000000000E+00 0.000000000E+00 0.000000000E+00 0.000000000E+00
  0.000000000E+00 0.000000000E+00 0.552197269E+02 0.000000000E+00
  0.239045535E+00 0.539245589E+00 0.400000006E+02-0.137401127E+00
 -0.111568451E+01 0.000000000E+00 0.999000000E+03 0.191553764E+01
 -0.100000000E+02 0.957094450E+00 0.000000000E+00 0.544824517E-01
 -0.100000000E+02 0.000000000E+00 0.216804710E+01 0.000000000E+00
  0.160801145E+00 0.227758389E+01 0.130769231E+01 0.213237628E+01
  0.336407279E+02 0.380037103E+01-0.890000000E+02-0.890000000E+02
 -0.890000000E+02-0.890000000E+02-0.890000000E+02-0.890000000E+02
 -0.890000000E+02-0.890000000E+02-0.890000000E+02-0.890000000E+02
 -0.890000000E+02-0.890000000E+02-0.890000000E+02-0.890000000E+02
 -0.890000000E+02 0.000000000E+00 0.711918467E+00 0.950918874E+00
  0.141073604E+03 0.184937500E+03 0.000000000E+00 0.824690890E+00
  0.100000000E+01 0.000000000E+00 0.000000000E+00 0.000000000E+00
                                            EQG
