 # generated by zfastran.py Ver+Oct2009
@R INFLAG 1 []
  1.000000000e+00
@R TIME0 1 [s]
  0.000000000e+00
@R IP 1 []
  9.999999995e+00
@R BCENTR 1 []
  1.100000000e+01
@R RMAJOR 1 []
  4.550000000e+00
@R AMINOR 1 []
  1.106805110e+00
@R ELONGB 1 []
  1.341891881e+00
@R TRIANB 1 []
 -3.124122787e-01
@R RHO 101 []
  0.000000000e+00  1.000000000e-02  2.000000000e-02  3.000000000e-02
  4.000000000e-02  5.000000000e-02  6.000000000e-02  7.000000000e-02
  8.000000000e-02  9.000000000e-02  1.000000000e-01  1.100000000e-01
  1.200000000e-01  1.300000000e-01  1.400000000e-01  1.500000000e-01
  1.600000000e-01  1.700000000e-01  1.800000000e-01  1.900000000e-01
  2.000000000e-01  2.100000000e-01  2.200000000e-01  2.300000000e-01
  2.400000000e-01  2.500000000e-01  2.600000000e-01  2.700000000e-01
  2.800000000e-01  2.900000000e-01  3.000000000e-01  3.100000000e-01
  3.200000000e-01  3.300000000e-01  3.400000000e-01  3.500000000e-01
  3.600000000e-01  3.700000000e-01  3.800000000e-01  3.900000000e-01
  4.000000000e-01  4.100000000e-01  4.200000000e-01  4.300000000e-01
  4.400000000e-01  4.500000000e-01  4.600000000e-01  4.700000000e-01
  4.800000000e-01  4.900000000e-01  5.000000000e-01  5.100000000e-01
  5.200000000e-01  5.300000000e-01  5.400000000e-01  5.500000000e-01
  5.600000000e-01  5.700000000e-01  5.800000000e-01  5.900000000e-01
  6.000000000e-01  6.100000000e-01  6.200000000e-01  6.300000000e-01
  6.400000000e-01  6.500000000e-01  6.600000000e-01  6.700000000e-01
  6.800000000e-01  6.900000000e-01  7.000000000e-01  7.100000000e-01
  7.200000000e-01  7.300000000e-01  7.400000000e-01  7.500000000e-01
  7.600000000e-01  7.700000000e-01  7.800000000e-01  7.900000000e-01
  8.000000000e-01  8.100000000e-01  8.200000000e-01  8.300000000e-01
  8.400000000e-01  8.500000000e-01  8.600000000e-01  8.700000000e-01
  8.800000000e-01  8.900000000e-01  9.000000000e-01  9.100000000e-01
  9.200000000e-01  9.300000000e-01  9.400000000e-01  9.500000000e-01
  9.600000000e-01  9.700000000e-01  9.800000000e-01  9.900000000e-01
  1.000000000e+00
@R AMAIN 1 []
  2.500000000e+00
@R ZMAIN 1 []
  1.000000000e+00
@I NIMP 1 []
                1
@R AIMP 1 []
  8.300000000e+01
@R ZIMP 1 []
  3.600000000e+01
@R FIMP 1 []
  1.000000000e-03
@R ENE 101 []
  2.762306735e+01  2.762306735e+01  2.757546442e+01  2.752446609e+01
  2.747011707e+01  2.741246207e+01  2.735154580e+01  2.728741298e+01
  2.722010832e+01  2.714967653e+01  2.707616232e+01  2.699961042e+01
  2.692006552e+01  2.683757235e+01  2.675217561e+01  2.666392003e+01
  2.657285030e+01  2.647901115e+01  2.638244728e+01  2.628320342e+01
  2.618132427e+01  2.607685454e+01  2.596983895e+01  2.586032222e+01
  2.574834904e+01  2.563396415e+01  2.551721224e+01  2.539813803e+01
  2.527678624e+01  2.515320158e+01  2.502742875e+01  2.489951248e+01
  2.476949748e+01  2.463742845e+01  2.450335012e+01  2.436730718e+01
  2.422934437e+01  2.408950638e+01  2.394783794e+01  2.380438375e+01
  2.365918852e+01  2.351229698e+01  2.336375383e+01  2.321360378e+01
  2.306189155e+01  2.290866184e+01  2.275395937e+01  2.259782885e+01
  2.244031499e+01  2.228146248e+01  2.212131604e+01  2.195992037e+01
  2.179732015e+01  2.163356007e+01  2.146868480e+01  2.130273900e+01
  2.113576729e+01  2.096781426e+01  2.079892444e+01  2.062914227e+01
  2.045851210e+01  2.028707809e+01  2.011488415e+01  1.994197386e+01
  1.976839027e+01  1.959417572e+01  1.941937148e+01  1.924401730e+01
  1.906815074e+01  1.889180620e+01  1.871501356e+01  1.853779614e+01
  1.836016787e+01  1.818212917e+01  1.800366107e+01  1.782471671e+01
  1.764520933e+01  1.746499491e+01  1.728384757e+01  1.710142452e+01
  1.691721648e+01  1.673047789e+01  1.654012960e+01  1.634462484e+01
  1.614176854e+01  1.592848087e+01  1.570050384e+01  1.545206898e+01
  1.517558875e+01  1.486151692e+01  1.449865645e+01  1.407535272e+01
  1.358207892e+01  1.301562760e+01  1.238413291e+01  1.171056221e+01
  1.103138998e+01  1.038887851e+01  9.819731030e+00  9.346060347e+00
  8.972965753e+00
@R TE 101 []
  1.832935294e+01  1.832935294e+01  1.831012899e+01  1.827813385e+01
  1.823343457e+01  1.817612465e+01  1.810632375e+01  1.802417730e+01
  1.792985592e+01  1.782355491e+01  1.770549354e+01  1.757591428e+01
  1.743508200e+01  1.728328306e+01  1.712082432e+01  1.694803214e+01
  1.676525127e+01  1.657284371e+01  1.637118749e+01  1.616067550e+01
  1.594171414e+01  1.571472207e+01  1.548012886e+01  1.523837366e+01
  1.498990379e+01  1.473517344e+01  1.447464225e+01  1.420877396e+01
  1.393803503e+01  1.366289333e+01  1.338381682e+01  1.310434896e+01
  1.282755822e+01  1.255319930e+01  1.228102690e+01  1.201079571e+01
  1.174299192e+01  1.147849881e+01  1.121766672e+01  1.096084599e+01
  1.070838698e+01  1.046076605e+01  1.021838707e+01  9.981491610e+00
  9.750321225e+00  9.525117483e+00  9.306087879e+00  9.093153557e+00
  8.886126561e+00  8.684818936e+00  8.489042726e+00  8.298356115e+00
  8.112305806e+00  7.930686625e+00  7.753293397e+00  7.579920947e+00
  7.410458660e+00  7.244889508e+00  7.083148701e+00  6.925171446e+00
  6.770892952e+00  6.620264361e+00  6.473322197e+00  6.330129732e+00
  6.190750243e+00  6.055247002e+00  5.923871453e+00  5.796707573e+00
  5.673567443e+00  5.554263143e+00  5.438606752e+00  5.326184810e+00
  5.216595766e+00  5.109669567e+00  5.005236160e+00  4.903125492e+00
  4.803071103e+00  4.705183042e+00  4.609856019e+00  4.517484744e+00
  4.428463926e+00  4.343800303e+00  4.263994856e+00  4.188683660e+00
  4.117502788e+00  4.050088313e+00  3.986233715e+00  3.925175985e+00
  3.865716464e+00  3.806656496e+00  3.746797423e+00  3.500332288e+00
  3.198284898e+00  2.830947788e+00  2.399573790e+00  1.923139121e+00
  1.438300093e+00  9.885116223e-01  6.078188840e-01  3.107984791e-01
  9.381087106e-02
@R TI 101 []
  1.956272810e+01  1.956272810e+01  1.953753782e+01  1.949562609e+01
  1.943710067e+01  1.936211179e+01  1.927085148e+01  1.916355280e+01
  1.904048879e+01  1.890197134e+01  1.874834988e+01  1.858000991e+01
  1.839737135e+01  1.820088687e+01  1.799103994e+01  1.776834292e+01
  1.753333493e+01  1.728657969e+01  1.702866330e+01  1.676019187e+01
  1.648178923e+01  1.619409445e+01  1.589775946e+01  1.559344661e+01
  1.528182618e+01  1.496357400e+01  1.463936900e+01  1.430989087e+01
  1.397581773e+01  1.363782383e+01  1.329657741e+01  1.295896087e+01
  1.263115264e+01  1.231275922e+01  1.200338710e+01  1.170264276e+01
  1.141073457e+01  1.112809939e+01  1.085468641e+01  1.059044481e+01
  1.033532378e+01  1.008893186e+01  9.850843399e+00  9.620956306e+00
  9.399168502e+00  9.185377907e+00  8.979522000e+00  8.781347830e+00
  8.590467674e+00  8.406493805e+00  8.229038498e+00  8.057491156e+00
  7.891199547e+00  7.729713488e+00  7.572582801e+00  7.419357305e+00
  7.269540383e+00  7.122896847e+00  6.979368659e+00  6.838897783e+00
  6.701426180e+00  6.566963423e+00  6.435649556e+00  6.307622254e+00
  6.183019190e+00  6.061978037e+00  5.944865342e+00  5.831785103e+00
  5.722481169e+00  5.616697391e+00  5.514177618e+00  5.414383802e+00
  5.316783139e+00  5.221127342e+00  5.127168125e+00  5.034657204e+00
  4.943439262e+00  4.853562226e+00  4.765082679e+00  4.678057201e+00
  4.592542374e+00  4.509023417e+00  4.427554696e+00  4.347546518e+00
  4.268409187e+00  4.189553006e+00  4.107164801e+00  4.019369428e+00
  3.928484245e+00  3.836826610e+00  3.746713880e+00  3.500098985e+00
  3.198145301e+00  2.831023133e+00  2.399812948e+00  1.923358188e+00
  1.438325931e+00  9.883266268e-01  6.075777711e-01  3.107215441e-01
  9.406899116e-02
@R ZEFF 101 []
  2.438326251e+00  2.438326251e+00  2.437901484e+00  2.437320215e+00
  2.436582468e+00  2.435688125e+00  2.434636944e+00  2.433428576e+00
  2.432062585e+00  2.430538481e+00  2.428855740e+00  2.427013844e+00
  2.425012312e+00  2.422850747e+00  2.420528875e+00  2.418046597e+00
  2.415404045e+00  2.412601639e+00  2.409640155e+00  2.406520793e+00
  2.403245257e+00  2.399815836e+00  2.396235494e+00  2.392507957e+00
  2.388637816e+00  2.384630617e+00  2.380492967e+00  2.376232622e+00
  2.371858576e+00  2.367381144e+00  2.362812021e+00  2.358239283e+00
  2.353747047e+00  2.349341745e+00  2.345029258e+00  2.340814887e+00
  2.336708928e+00  2.332724002e+00  2.328867844e+00  2.325147309e+00
  2.321568300e+00  2.318131409e+00  2.314835678e+00  2.311683264e+00
  2.308675428e+00  2.305812559e+00  2.303094807e+00  2.300519603e+00
  2.298082270e+00  2.295777723e+00  2.293600566e+00  2.291543265e+00
  2.289597356e+00  2.287755947e+00  2.286012313e+00  2.284359948e+00
  2.282791654e+00  2.281302984e+00  2.279891666e+00  2.278555322e+00
  2.277291483e+00  2.276098638e+00  2.274976182e+00  2.273922738e+00
  2.272936654e+00  2.272016040e+00  2.271160212e+00  2.270366449e+00
  2.269629879e+00  2.268945944e+00  2.268310395e+00  2.267717854e+00
  2.267163538e+00  2.266644490e+00  2.266157987e+00  2.265701523e+00
  2.265273420e+00  2.264872546e+00  2.264497409e+00  2.264146559e+00
  2.263818586e+00  2.263511913e+00  2.263225268e+00  2.262957674e+00
  2.262708086e+00  2.262475391e+00  2.262260666e+00  2.262062630e+00
  2.261877085e+00  2.261700503e+00  2.261530071e+00  2.261134745e+00
  2.260758969e+00  2.260435273e+00  2.260199538e+00  2.260066402e+00
  2.260013993e+00  2.260001504e+00  2.260000054e+00  2.260000000e+00
  2.260000000e+00
@R OMEGA 101 []
  4.992501875e+03  4.992501875e+03  4.978801804e+03  4.961079526e+03
  4.940120160e+03  4.916382264e+03  4.890178959e+03  4.861743180e+03
  4.831258024e+03  4.798873089e+03  4.764714177e+03  4.728889466e+03
  4.691493659e+03  4.652610886e+03  4.612316799e+03  4.570680145e+03
  4.527763951e+03  4.483626454e+03  4.438321832e+03  4.391900796e+03
  4.344411068e+03  4.295897774e+03  4.246403778e+03  4.195969955e+03
  4.144635428e+03  4.092437767e+03  4.039413164e+03  3.985596584e+03
  3.931021896e+03  3.875721988e+03  3.819728870e+03  3.763073767e+03
  3.705787199e+03  3.647899055e+03  3.589438660e+03  3.530434837e+03
  3.470915960e+03  3.410910006e+03  3.350444605e+03  3.289547080e+03
  3.228244492e+03  3.166563674e+03  3.104531273e+03  3.042173783e+03
  2.979517575e+03  2.916588934e+03  2.853414088e+03  2.790019238e+03
  2.726430588e+03  2.662674375e+03  2.598776897e+03  2.534764544e+03
  2.470663824e+03  2.406501396e+03  2.342304099e+03  2.278098979e+03
  2.213913327e+03  2.149774707e+03  2.085710992e+03  2.021750397e+03
  1.957921519e+03  1.894253376e+03  1.830775447e+03  1.767517715e+03
  1.704510722e+03  1.641785608e+03  1.579374179e+03  1.517308956e+03
  1.455623246e+03  1.394351213e+03  1.333527952e+03  1.273189580e+03
  1.213373329e+03  1.154117653e+03  1.095462349e+03  1.037448686e+03
  9.801195629e+02  9.235196753e+02  8.676957162e+02  8.126966008e+02
  7.585737302e+02  7.053812976e+02  6.531766492e+02  6.020207128e+02
  5.519785103e+02  5.031197796e+02  4.555197357e+02  4.092600162e+02
  3.644298727e+02  3.211276991e+02  2.794630303e+02  2.395592200e+02
  2.015571260e+02  1.656203590e+02  1.319430748e+02  1.007621703e+02
  7.237775876e+01  4.719105135e+01  2.578549737e+01  9.151104569e+00
  4.812150678e-12
@R Q 101 []
  0.000000000e+00  0.000000000e+00  0.000000000e+00  0.000000000e+00
  0.000000000e+00  0.000000000e+00  0.000000000e+00  0.000000000e+00
  0.000000000e+00  0.000000000e+00  0.000000000e+00  0.000000000e+00
  0.000000000e+00  0.000000000e+00  0.000000000e+00  0.000000000e+00
  0.000000000e+00  0.000000000e+00  0.000000000e+00  0.000000000e+00
  0.000000000e+00  0.000000000e+00  0.000000000e+00  0.000000000e+00
  0.000000000e+00  0.000000000e+00  0.000000000e+00  0.000000000e+00
  0.000000000e+00  0.000000000e+00  0.000000000e+00  0.000000000e+00
  0.000000000e+00  0.000000000e+00  0.000000000e+00  0.000000000e+00
  0.000000000e+00  0.000000000e+00  0.000000000e+00  0.000000000e+00
  0.000000000e+00  0.000000000e+00  0.000000000e+00  0.000000000e+00
  0.000000000e+00  0.000000000e+00  0.000000000e+00  0.000000000e+00
  0.000000000e+00  0.000000000e+00  0.000000000e+00  0.000000000e+00
  0.000000000e+00  0.000000000e+00  0.000000000e+00  0.000000000e+00
  0.000000000e+00  0.000000000e+00  0.000000000e+00  0.000000000e+00
  0.000000000e+00  0.000000000e+00  0.000000000e+00  0.000000000e+00
  0.000000000e+00  0.000000000e+00  0.000000000e+00  0.000000000e+00
  0.000000000e+00  0.000000000e+00  0.000000000e+00  0.000000000e+00
  0.000000000e+00  0.000000000e+00  0.000000000e+00  0.000000000e+00
  0.000000000e+00  0.000000000e+00  0.000000000e+00  0.000000000e+00
  0.000000000e+00  0.000000000e+00  0.000000000e+00  0.000000000e+00
  0.000000000e+00  0.000000000e+00  0.000000000e+00  0.000000000e+00
  0.000000000e+00  0.000000000e+00  0.000000000e+00  0.000000000e+00
  0.000000000e+00  0.000000000e+00  0.000000000e+00  0.000000000e+00
  0.000000000e+00  0.000000000e+00  0.000000000e+00  0.000000000e+00
  0.000000000e+00
@R FP 101 []
  0.000000000e+00  0.000000000e+00  0.000000000e+00  0.000000000e+00
  0.000000000e+00  0.000000000e+00  0.000000000e+00  0.000000000e+00
  0.000000000e+00  0.000000000e+00  0.000000000e+00  0.000000000e+00
  0.000000000e+00  0.000000000e+00  0.000000000e+00  0.000000000e+00
  0.000000000e+00  0.000000000e+00  0.000000000e+00  0.000000000e+00
  0.000000000e+00  0.000000000e+00  0.000000000e+00  0.000000000e+00
  0.000000000e+00  0.000000000e+00  0.000000000e+00  0.000000000e+00
  0.000000000e+00  0.000000000e+00  0.000000000e+00  0.000000000e+00
  0.000000000e+00  0.000000000e+00  0.000000000e+00  0.000000000e+00
  0.000000000e+00  0.000000000e+00  0.000000000e+00  0.000000000e+00
  0.000000000e+00  0.000000000e+00  0.000000000e+00  0.000000000e+00
  0.000000000e+00  0.000000000e+00  0.000000000e+00  0.000000000e+00
  0.000000000e+00  0.000000000e+00  0.000000000e+00  0.000000000e+00
  0.000000000e+00  0.000000000e+00  0.000000000e+00  0.000000000e+00
  0.000000000e+00  0.000000000e+00  0.000000000e+00  0.000000000e+00
  0.000000000e+00  0.000000000e+00  0.000000000e+00  0.000000000e+00
  0.000000000e+00  0.000000000e+00  0.000000000e+00  0.000000000e+00
  0.000000000e+00  0.000000000e+00  0.000000000e+00  0.000000000e+00
  0.000000000e+00  0.000000000e+00  0.000000000e+00  0.000000000e+00
  0.000000000e+00  0.000000000e+00  0.000000000e+00  0.000000000e+00
  0.000000000e+00  0.000000000e+00  0.000000000e+00  0.000000000e+00
  0.000000000e+00  0.000000000e+00  0.000000000e+00  0.000000000e+00
  0.000000000e+00  0.000000000e+00  0.000000000e+00  0.000000000e+00
  0.000000000e+00  0.000000000e+00  0.000000000e+00  0.000000000e+00
  0.000000000e+00  0.000000000e+00  0.000000000e+00  0.000000000e+00
  0.000000000e+00
@R CURPAR 101 []
  3.709478749e+00  3.709278425e+00  3.708543665e+00  3.707063109e+00
  3.704769182e+00  3.701691321e+00  3.697860349e+00  3.693296424e+00
  3.688013398e+00  3.682018888e+00  3.675316533e+00  3.667907828e+00
  3.659793297e+00  3.650973099e+00  3.641447273e+00  3.631215829e+00
  3.620278768e+00  3.608636089e+00  3.596287794e+00  3.583233882e+00
  3.569474353e+00  3.555009207e+00  3.539838444e+00  3.523962065e+00
  3.507380068e+00  3.490092455e+00  3.472099224e+00  3.453400377e+00
  3.433995914e+00  3.413885833e+00  3.393070135e+00  3.371548821e+00
  3.349321889e+00  3.326389341e+00  3.302751176e+00  3.278407394e+00
  3.253357995e+00  3.227602979e+00  3.201142347e+00  3.173976097e+00
  3.146104231e+00  3.117526747e+00  3.088243647e+00  3.058254930e+00
  3.027560596e+00  2.996160646e+00  2.964055078e+00  2.931243894e+00
  2.897727092e+00  2.863504674e+00  2.828576639e+00  2.792942987e+00
  2.756603718e+00  2.719558832e+00  2.681808330e+00  2.643352210e+00
  2.604190474e+00  2.564323121e+00  2.523750151e+00  2.482471564e+00
  2.440487360e+00  2.397797539e+00  2.354402102e+00  2.310301048e+00
  2.265494377e+00  2.219982088e+00  2.173764183e+00  2.126840661e+00
  2.079211523e+00  2.030876767e+00  1.981836394e+00  1.932090405e+00
  1.881638798e+00  1.830481575e+00  1.778618735e+00  1.726050278e+00
  1.672776205e+00  1.618796514e+00  1.564111207e+00  1.508720282e+00
  1.452623741e+00  1.395821583e+00  1.338313808e+00  1.280100416e+00
  1.221181407e+00  1.161556783e+00  1.101226557e+00  1.040190832e+00
  9.784502429e-01  9.160078529e-01  8.528759040e-01  7.890954917e-01
  7.247842534e-01  6.602321695e-01  5.960603380e-01  5.334264186e-01
  4.742087800e-01  4.211367720e-01  3.772042233e-01  3.462429369e-01
  3.346124189e-01
@R CURBEAM 101 []
  0.000000000e+00  0.000000000e+00  0.000000000e+00  0.000000000e+00
  0.000000000e+00  0.000000000e+00  0.000000000e+00  0.000000000e+00
  0.000000000e+00  0.000000000e+00  0.000000000e+00  0.000000000e+00
  0.000000000e+00  0.000000000e+00  0.000000000e+00  0.000000000e+00
  0.000000000e+00  0.000000000e+00  0.000000000e+00  0.000000000e+00
  0.000000000e+00  0.000000000e+00  0.000000000e+00  0.000000000e+00
  0.000000000e+00  0.000000000e+00  0.000000000e+00  0.000000000e+00
  0.000000000e+00  0.000000000e+00  0.000000000e+00  0.000000000e+00
  0.000000000e+00  0.000000000e+00  0.000000000e+00  0.000000000e+00
  0.000000000e+00  0.000000000e+00  0.000000000e+00  0.000000000e+00
  0.000000000e+00  0.000000000e+00  0.000000000e+00  0.000000000e+00
  0.000000000e+00  0.000000000e+00  0.000000000e+00  0.000000000e+00
  0.000000000e+00  0.000000000e+00  0.000000000e+00  0.000000000e+00
  0.000000000e+00  0.000000000e+00  0.000000000e+00  0.000000000e+00
  0.000000000e+00  0.000000000e+00  0.000000000e+00  0.000000000e+00
  0.000000000e+00  0.000000000e+00  0.000000000e+00  0.000000000e+00
  0.000000000e+00  0.000000000e+00  0.000000000e+00  0.000000000e+00
  0.000000000e+00  0.000000000e+00  0.000000000e+00  0.000000000e+00
  0.000000000e+00  0.000000000e+00  0.000000000e+00  0.000000000e+00
  0.000000000e+00  0.000000000e+00  0.000000000e+00  0.000000000e+00
  0.000000000e+00  0.000000000e+00  0.000000000e+00  0.000000000e+00
  0.000000000e+00  0.000000000e+00  0.000000000e+00  0.000000000e+00
  0.000000000e+00  0.000000000e+00  0.000000000e+00  0.000000000e+00
  0.000000000e+00  0.000000000e+00  0.000000000e+00  0.000000000e+00
  0.000000000e+00  0.000000000e+00  0.000000000e+00  0.000000000e+00
  0.000000000e+00
@R CURRF 101 []
  2.977133064e-01  4.243731010e-01  6.387903694e-01  6.971577179e-01
  6.434388075e-01  6.959408719e-01  8.368682592e-01  8.450465366e-01
  7.174261056e-01  6.504954251e-01  6.773328269e-01  6.673474163e-01
  5.887982241e-01  5.369076373e-01  5.484854640e-01  5.593169503e-01
  5.198266210e-01  4.565973622e-01  4.130755411e-01  3.848629101e-01
  3.425949447e-01  2.880997434e-01  2.524445698e-01  2.475958940e-01
  2.543504814e-01  2.532945042e-01  2.382219447e-01  2.173063520e-01
  1.996191104e-01  1.826809457e-01  1.643992648e-01  1.458974097e-01
  1.277804781e-01  1.113633945e-01  9.832902695e-02  8.630642837e-02
  7.363066056e-02  6.491312815e-02  6.377000833e-02  6.548250906e-02
  6.300227809e-02  5.587641426e-02  4.854496227e-02  4.387302794e-02
  4.126552640e-02  3.910022431e-02  3.665378772e-02  3.390106907e-02
  3.074635540e-02  2.727955606e-02  2.425169992e-02  2.229343868e-02
  2.086776796e-02  1.885111382e-02  1.606659224e-02  1.359361071e-02
  1.256372657e-02  1.263027466e-02  1.228889010e-02  1.083742837e-02
  9.143432501e-03  8.326175034e-03  8.270511235e-03  7.993412719e-03
  7.074081451e-03  6.116497664e-03  5.619868399e-03  5.474901479e-03
  5.621645356e-03  5.922166014e-03  5.943639207e-03  5.350366847e-03
  4.534154789e-03  4.216271691e-03  4.558751101e-03  5.035310451e-03
  4.871663650e-03  4.061733827e-03  3.491498523e-03  3.652699117e-03
  4.162829008e-03  4.347290363e-03  3.742493006e-03  2.996340532e-03
  2.917097625e-03  3.395828835e-03  3.870728788e-03  3.601893721e-03
  2.302599393e-03  1.123906052e-03  9.618091021e-04  1.398388560e-03
  1.849561943e-03  1.791472967e-03  6.879343503e-04 -2.567187280e-04
 -2.629173603e-04 -1.987777430e-04 -1.213807668e-04 -1.272230236e-05
  5.576631855e-05
@R CURBOOT 101 []
  0.000000000e+00  0.000000000e+00  0.000000000e+00  0.000000000e+00
  0.000000000e+00  0.000000000e+00  0.000000000e+00  0.000000000e+00
  0.000000000e+00  0.000000000e+00  0.000000000e+00  0.000000000e+00
  0.000000000e+00  0.000000000e+00  0.000000000e+00  0.000000000e+00
  0.000000000e+00  0.000000000e+00  0.000000000e+00  0.000000000e+00
  0.000000000e+00  0.000000000e+00  0.000000000e+00  0.000000000e+00
  0.000000000e+00  0.000000000e+00  0.000000000e+00  0.000000000e+00
  0.000000000e+00  0.000000000e+00  0.000000000e+00  0.000000000e+00
  0.000000000e+00  0.000000000e+00  0.000000000e+00  0.000000000e+00
  0.000000000e+00  0.000000000e+00  0.000000000e+00  0.000000000e+00
  0.000000000e+00  0.000000000e+00  0.000000000e+00  0.000000000e+00
  0.000000000e+00  0.000000000e+00  0.000000000e+00  0.000000000e+00
  0.000000000e+00  0.000000000e+00  0.000000000e+00  0.000000000e+00
  0.000000000e+00  0.000000000e+00  0.000000000e+00  0.000000000e+00
  0.000000000e+00  0.000000000e+00  0.000000000e+00  0.000000000e+00
  0.000000000e+00  0.000000000e+00  0.000000000e+00  0.000000000e+00
  0.000000000e+00  0.000000000e+00  0.000000000e+00  0.000000000e+00
  0.000000000e+00  0.000000000e+00  0.000000000e+00  0.000000000e+00
  0.000000000e+00  0.000000000e+00  0.000000000e+00  0.000000000e+00
  0.000000000e+00  0.000000000e+00  0.000000000e+00  0.000000000e+00
  0.000000000e+00  0.000000000e+00  0.000000000e+00  0.000000000e+00
  0.000000000e+00  0.000000000e+00  0.000000000e+00  0.000000000e+00
  0.000000000e+00  0.000000000e+00  0.000000000e+00  0.000000000e+00
  0.000000000e+00  0.000000000e+00  0.000000000e+00  0.000000000e+00
  0.000000000e+00  0.000000000e+00  0.000000000e+00  0.000000000e+00
  0.000000000e+00
@R ENBEAM 101 []
  0.000000000e+00  0.000000000e+00  0.000000000e+00  0.000000000e+00
  0.000000000e+00  0.000000000e+00  0.000000000e+00  0.000000000e+00
  0.000000000e+00  0.000000000e+00  0.000000000e+00  0.000000000e+00
  0.000000000e+00  0.000000000e+00  0.000000000e+00  0.000000000e+00
  0.000000000e+00  0.000000000e+00  0.000000000e+00  0.000000000e+00
  0.000000000e+00  0.000000000e+00  0.000000000e+00  0.000000000e+00
  0.000000000e+00  0.000000000e+00  0.000000000e+00  0.000000000e+00
  0.000000000e+00  0.000000000e+00  0.000000000e+00  0.000000000e+00
  0.000000000e+00  0.000000000e+00  0.000000000e+00  0.000000000e+00
  0.000000000e+00  0.000000000e+00  0.000000000e+00  0.000000000e+00
  0.000000000e+00  0.000000000e+00  0.000000000e+00  0.000000000e+00
  0.000000000e+00  0.000000000e+00  0.000000000e+00  0.000000000e+00
  0.000000000e+00  0.000000000e+00  0.000000000e+00  0.000000000e+00
  0.000000000e+00  0.000000000e+00  0.000000000e+00  0.000000000e+00
  0.000000000e+00  0.000000000e+00  0.000000000e+00  0.000000000e+00
  0.000000000e+00  0.000000000e+00  0.000000000e+00  0.000000000e+00
  0.000000000e+00  0.000000000e+00  0.000000000e+00  0.000000000e+00
  0.000000000e+00  0.000000000e+00  0.000000000e+00  0.000000000e+00
  0.000000000e+00  0.000000000e+00  0.000000000e+00  0.000000000e+00
  0.000000000e+00  0.000000000e+00  0.000000000e+00  0.000000000e+00
  0.000000000e+00  0.000000000e+00  0.000000000e+00  0.000000000e+00
  0.000000000e+00  0.000000000e+00  0.000000000e+00  0.000000000e+00
  0.000000000e+00  0.000000000e+00  0.000000000e+00  0.000000000e+00
  0.000000000e+00  0.000000000e+00  0.000000000e+00  0.000000000e+00
  0.000000000e+00  0.000000000e+00  0.000000000e+00  0.000000000e+00
  0.000000000e+00
@R WBEAM 101 []
  0.000000000e+00  0.000000000e+00  0.000000000e+00  0.000000000e+00
  0.000000000e+00  0.000000000e+00  0.000000000e+00  0.000000000e+00
  0.000000000e+00  0.000000000e+00  0.000000000e+00  0.000000000e+00
  0.000000000e+00  0.000000000e+00  0.000000000e+00  0.000000000e+00
  0.000000000e+00  0.000000000e+00  0.000000000e+00  0.000000000e+00
  0.000000000e+00  0.000000000e+00  0.000000000e+00  0.000000000e+00
  0.000000000e+00  0.000000000e+00  0.000000000e+00  0.000000000e+00
  0.000000000e+00  0.000000000e+00  0.000000000e+00  0.000000000e+00
  0.000000000e+00  0.000000000e+00  0.000000000e+00  0.000000000e+00
  0.000000000e+00  0.000000000e+00  0.000000000e+00  0.000000000e+00
  0.000000000e+00  0.000000000e+00  0.000000000e+00  0.000000000e+00
  0.000000000e+00  0.000000000e+00  0.000000000e+00  0.000000000e+00
  0.000000000e+00  0.000000000e+00  0.000000000e+00  0.000000000e+00
  0.000000000e+00  0.000000000e+00  0.000000000e+00  0.000000000e+00
  0.000000000e+00  0.000000000e+00  0.000000000e+00  0.000000000e+00
  0.000000000e+00  0.000000000e+00  0.000000000e+00  0.000000000e+00
  0.000000000e+00  0.000000000e+00  0.000000000e+00  0.000000000e+00
  0.000000000e+00  0.000000000e+00  0.000000000e+00  0.000000000e+00
  0.000000000e+00  0.000000000e+00  0.000000000e+00  0.000000000e+00
  0.000000000e+00  0.000000000e+00  0.000000000e+00  0.000000000e+00
  0.000000000e+00  0.000000000e+00  0.000000000e+00  0.000000000e+00
  0.000000000e+00  0.000000000e+00  0.000000000e+00  0.000000000e+00
  0.000000000e+00  0.000000000e+00  0.000000000e+00  0.000000000e+00
  0.000000000e+00  0.000000000e+00  0.000000000e+00  0.000000000e+00
  0.000000000e+00  0.000000000e+00  0.000000000e+00  0.000000000e+00
  0.000000000e+00
@R QBEAME 101 []
  0.000000000e+00  0.000000000e+00  0.000000000e+00  0.000000000e+00
  0.000000000e+00  0.000000000e+00  0.000000000e+00  0.000000000e+00
  0.000000000e+00  0.000000000e+00  0.000000000e+00  0.000000000e+00
  0.000000000e+00  0.000000000e+00  0.000000000e+00  0.000000000e+00
  0.000000000e+00  0.000000000e+00  0.000000000e+00  0.000000000e+00
  0.000000000e+00  0.000000000e+00  0.000000000e+00  0.000000000e+00
  0.000000000e+00  0.000000000e+00  0.000000000e+00  0.000000000e+00
  0.000000000e+00  0.000000000e+00  0.000000000e+00  0.000000000e+00
  0.000000000e+00  0.000000000e+00  0.000000000e+00  0.000000000e+00
  0.000000000e+00  0.000000000e+00  0.000000000e+00  0.000000000e+00
  0.000000000e+00  0.000000000e+00  0.000000000e+00  0.000000000e+00
  0.000000000e+00  0.000000000e+00  0.000000000e+00  0.000000000e+00
  0.000000000e+00  0.000000000e+00  0.000000000e+00  0.000000000e+00
  0.000000000e+00  0.000000000e+00  0.000000000e+00  0.000000000e+00
  0.000000000e+00  0.000000000e+00  0.000000000e+00  0.000000000e+00
  0.000000000e+00  0.000000000e+00  0.000000000e+00  0.000000000e+00
  0.000000000e+00  0.000000000e+00  0.000000000e+00  0.000000000e+00
  0.000000000e+00  0.000000000e+00  0.000000000e+00  0.000000000e+00
  0.000000000e+00  0.000000000e+00  0.000000000e+00  0.000000000e+00
  0.000000000e+00  0.000000000e+00  0.000000000e+00  0.000000000e+00
  0.000000000e+00  0.000000000e+00  0.000000000e+00  0.000000000e+00
  0.000000000e+00  0.000000000e+00  0.000000000e+00  0.000000000e+00
  0.000000000e+00  0.000000000e+00  0.000000000e+00  0.000000000e+00
  0.000000000e+00  0.000000000e+00  0.000000000e+00  0.000000000e+00
  0.000000000e+00  0.000000000e+00  0.000000000e+00  0.000000000e+00
  0.000000000e+00
@R QBEAMI 101 []
  0.000000000e+00  0.000000000e+00  0.000000000e+00  0.000000000e+00
  0.000000000e+00  0.000000000e+00  0.000000000e+00  0.000000000e+00
  0.000000000e+00  0.000000000e+00  0.000000000e+00  0.000000000e+00
  0.000000000e+00  0.000000000e+00  0.000000000e+00  0.000000000e+00
  0.000000000e+00  0.000000000e+00  0.000000000e+00  0.000000000e+00
  0.000000000e+00  0.000000000e+00  0.000000000e+00  0.000000000e+00
  0.000000000e+00  0.000000000e+00  0.000000000e+00  0.000000000e+00
  0.000000000e+00  0.000000000e+00  0.000000000e+00  0.000000000e+00
  0.000000000e+00  0.000000000e+00  0.000000000e+00  0.000000000e+00
  0.000000000e+00  0.000000000e+00  0.000000000e+00  0.000000000e+00
  0.000000000e+00  0.000000000e+00  0.000000000e+00  0.000000000e+00
  0.000000000e+00  0.000000000e+00  0.000000000e+00  0.000000000e+00
  0.000000000e+00  0.000000000e+00  0.000000000e+00  0.000000000e+00
  0.000000000e+00  0.000000000e+00  0.000000000e+00  0.000000000e+00
  0.000000000e+00  0.000000000e+00  0.000000000e+00  0.000000000e+00
  0.000000000e+00  0.000000000e+00  0.000000000e+00  0.000000000e+00
  0.000000000e+00  0.000000000e+00  0.000000000e+00  0.000000000e+00
  0.000000000e+00  0.000000000e+00  0.000000000e+00  0.000000000e+00
  0.000000000e+00  0.000000000e+00  0.000000000e+00  0.000000000e+00
  0.000000000e+00  0.000000000e+00  0.000000000e+00  0.000000000e+00
  0.000000000e+00  0.000000000e+00  0.000000000e+00  0.000000000e+00
  0.000000000e+00  0.000000000e+00  0.000000000e+00  0.000000000e+00
  0.000000000e+00  0.000000000e+00  0.000000000e+00  0.000000000e+00
  0.000000000e+00  0.000000000e+00  0.000000000e+00  0.000000000e+00
  0.000000000e+00  0.000000000e+00  0.000000000e+00  0.000000000e+00
  0.000000000e+00
@R ENALP 101 []
  0.000000000e+00  0.000000000e+00  0.000000000e+00  0.000000000e+00
  0.000000000e+00  0.000000000e+00  0.000000000e+00  0.000000000e+00
  0.000000000e+00  0.000000000e+00  0.000000000e+00  0.000000000e+00
  0.000000000e+00  0.000000000e+00  0.000000000e+00  0.000000000e+00
  0.000000000e+00  0.000000000e+00  0.000000000e+00  0.000000000e+00
  0.000000000e+00  0.000000000e+00  0.000000000e+00  0.000000000e+00
  0.000000000e+00  0.000000000e+00  0.000000000e+00  0.000000000e+00
  0.000000000e+00  0.000000000e+00  0.000000000e+00  0.000000000e+00
  0.000000000e+00  0.000000000e+00  0.000000000e+00  0.000000000e+00
  0.000000000e+00  0.000000000e+00  0.000000000e+00  0.000000000e+00
  0.000000000e+00  0.000000000e+00  0.000000000e+00  0.000000000e+00
  0.000000000e+00  0.000000000e+00  0.000000000e+00  0.000000000e+00
  0.000000000e+00  0.000000000e+00  0.000000000e+00  0.000000000e+00
  0.000000000e+00  0.000000000e+00  0.000000000e+00  0.000000000e+00
  0.000000000e+00  0.000000000e+00  0.000000000e+00  0.000000000e+00
  0.000000000e+00  0.000000000e+00  0.000000000e+00  0.000000000e+00
  0.000000000e+00  0.000000000e+00  0.000000000e+00  0.000000000e+00
  0.000000000e+00  0.000000000e+00  0.000000000e+00  0.000000000e+00
  0.000000000e+00  0.000000000e+00  0.000000000e+00  0.000000000e+00
  0.000000000e+00  0.000000000e+00  0.000000000e+00  0.000000000e+00
  0.000000000e+00  0.000000000e+00  0.000000000e+00  0.000000000e+00
  0.000000000e+00  0.000000000e+00  0.000000000e+00  0.000000000e+00
  0.000000000e+00  0.000000000e+00  0.000000000e+00  0.000000000e+00
  0.000000000e+00  0.000000000e+00  0.000000000e+00  0.000000000e+00
  0.000000000e+00  0.000000000e+00  0.000000000e+00  0.000000000e+00
  0.000000000e+00
@R WALP 101 []
  0.000000000e+00  0.000000000e+00  0.000000000e+00  0.000000000e+00
  0.000000000e+00  0.000000000e+00  0.000000000e+00  0.000000000e+00
  0.000000000e+00  0.000000000e+00  0.000000000e+00  0.000000000e+00
  0.000000000e+00  0.000000000e+00  0.000000000e+00  0.000000000e+00
  0.000000000e+00  0.000000000e+00  0.000000000e+00  0.000000000e+00
  0.000000000e+00  0.000000000e+00  0.000000000e+00  0.000000000e+00
  0.000000000e+00  0.000000000e+00  0.000000000e+00  0.000000000e+00
  0.000000000e+00  0.000000000e+00  0.000000000e+00  0.000000000e+00
  0.000000000e+00  0.000000000e+00  0.000000000e+00  0.000000000e+00
  0.000000000e+00  0.000000000e+00  0.000000000e+00  0.000000000e+00
  0.000000000e+00  0.000000000e+00  0.000000000e+00  0.000000000e+00
  0.000000000e+00  0.000000000e+00  0.000000000e+00  0.000000000e+00
  0.000000000e+00  0.000000000e+00  0.000000000e+00  0.000000000e+00
  0.000000000e+00  0.000000000e+00  0.000000000e+00  0.000000000e+00
  0.000000000e+00  0.000000000e+00  0.000000000e+00  0.000000000e+00
  0.000000000e+00  0.000000000e+00  0.000000000e+00  0.000000000e+00
  0.000000000e+00  0.000000000e+00  0.000000000e+00  0.000000000e+00
  0.000000000e+00  0.000000000e+00  0.000000000e+00  0.000000000e+00
  0.000000000e+00  0.000000000e+00  0.000000000e+00  0.000000000e+00
  0.000000000e+00  0.000000000e+00  0.000000000e+00  0.000000000e+00
  0.000000000e+00  0.000000000e+00  0.000000000e+00  0.000000000e+00
  0.000000000e+00  0.000000000e+00  0.000000000e+00  0.000000000e+00
  0.000000000e+00  0.000000000e+00  0.000000000e+00  0.000000000e+00
  0.000000000e+00  0.000000000e+00  0.000000000e+00  0.000000000e+00
  0.000000000e+00  0.000000000e+00  0.000000000e+00  0.000000000e+00
  0.000000000e+00
@R QTFUSE 101 []
  2.395401373e+00  2.393760062e+00  2.388891474e+00  2.382390048e+00
  2.375811573e+00  2.369084991e+00  2.361567904e+00  2.351685274e+00
  2.337259280e+00  2.315889741e+00  2.285553481e+00  2.245977259e+00
  2.198807738e+00  2.146244318e+00  2.090540292e+00  2.033724701e+00
  1.976626987e+00  1.919011484e+00  1.860716522e+00  1.801864678e+00
  1.742568983e+00  1.683000316e+00  1.623374013e+00  1.563906281e+00
  1.504831613e+00  1.446419355e+00  1.388944507e+00  1.332576688e+00
  1.277363922e+00  1.223310434e+00  1.170358950e+00  1.118361558e+00
  1.067211944e+00  1.016936883e+00  9.676152454e-01  9.193353809e-01
  8.722339360e-01  8.264583158e-01  7.821141255e-01  7.392804248e-01
  6.980155008e-01  6.583484604e-01  6.202875325e-01  5.838472418e-01
  5.490546819e-01  5.159185285e-01  4.844344941e-01  4.545811284e-01
  4.263100644e-01  3.995687843e-01  3.742930424e-01  3.504039503e-01
  3.278182786e-01  3.064557291e-01  2.862449554e-01  2.671105730e-01
  2.489818696e-01  2.318103162e-01  2.155601687e-01  2.002062915e-01
  1.857245198e-01  1.720924498e-01  1.592967151e-01  1.473213458e-01
  1.361433227e-01  1.257406355e-01  1.160922741e-01  1.071639237e-01
  9.890520446e-02  9.126355149e-02  8.418673538e-02  7.761972180e-02
  7.151183390e-02  6.582389237e-02  6.052344588e-02  5.558156692e-02
  5.097534643e-02  4.668743672e-02  4.270230877e-02  3.900430068e-02
  3.558041818e-02  3.241992833e-02  2.950389236e-02  2.680269626e-02
  2.428563726e-02  2.190948640e-02  1.961631526e-02  1.738378156e-02
  1.524201070e-02  1.323074215e-02  1.101601475e-02  8.270925290e-03
  5.459420253e-03  3.139313100e-03  1.495590338e-03  5.545681210e-04
  1.476953371e-04  2.521351986e-05  2.283510698e-06  7.372245954e-08
  5.336213407e-10
@R QTFUSI 101 []
  1.101410067e+00  1.099791138e+00  1.095005057e+00  1.087798848e+00
  1.078866346e+00  1.068208693e+00  1.055652774e+00  1.040754752e+00
  1.022913819e+00  1.001490427e+00  9.760143766e-01  9.466756825e-01
  9.143792588e-01  8.802268639e-01  8.453072890e-01  8.105311179e-01
  7.762149763e-01  7.422217531e-01  7.084979655e-01  6.751307427e-01
  6.422075908e-01  6.098523665e-01  5.782048880e-01  5.473836873e-01
  5.174958445e-01  4.886594060e-01  4.609951663e-01  4.345595634e-01
  4.093292235e-01  3.852536119e-01  3.622504822e-01  3.401860039e-01
  3.189512707e-01  2.985173380e-01  2.788881697e-01  2.600732345e-01
  2.421025288e-01  2.250095298e-01  2.088081822e-01  1.934992362e-01
  1.790760803e-01  1.655234607e-01  1.528185264e-01  1.409372049e-01
  1.298570413e-01  1.195505248e-01  1.099859799e-01  1.011266533e-01
  9.292992346e-02  8.535397096e-02  7.835609486e-02  7.189188718e-02
  6.591842526e-02  6.039655956e-02  5.529145134e-02  5.056951045e-02
  4.620007215e-02  4.215849339e-02  3.842378100e-02  3.497778425e-02
  3.180337902e-02  2.888465927e-02  2.620807715e-02  2.376020246e-02
  2.152694039e-02  1.949502197e-02  1.765198364e-02  1.598364894e-02
  1.447379093e-02  1.310669771e-02  1.186761937e-02  1.074220026e-02
  9.717647338e-03  8.783752776e-03  7.931933619e-03  7.154549095e-03
  6.445224932e-03  5.798892062e-03  5.211166440e-03  4.677838755e-03
  4.195225947e-03  3.760111123e-03  3.368190167e-03  3.013788816e-03
  2.691349299e-03  2.394402248e-03  2.115288126e-03  1.850372736e-03
  1.601674921e-03  1.372284065e-03  1.117549655e-03  8.000484894e-04
  4.890753469e-04  2.550087525e-04  1.072958010e-04  3.402769594e-05
  7.450132686e-06  9.933969520e-07  6.542914804e-08  1.376792183e-09
  5.411918994e-12
@R QRFE 101 []
  4.361042901e-01  5.686512527e-01  7.890205517e-01  8.362763929e-01
  7.806244500e-01  8.697566946e-01  1.046305112e+00  1.046831936e+00
  8.973423086e-01  8.356970920e-01  8.813163553e-01  8.709300521e-01
  7.774866132e-01  7.250687895e-01  7.542641703e-01  7.772871250e-01
  7.297352329e-01  6.508394823e-01  6.004169185e-01  5.681615120e-01
  5.105086266e-01  4.346601510e-01  3.907908404e-01  3.949798304e-01
  4.171874123e-01  4.267734257e-01  4.115250783e-01  3.868724587e-01
  3.707463302e-01  3.637646506e-01  3.607843809e-01  3.517779279e-01
  3.322219189e-01  3.084647161e-01  2.865013588e-01  2.612627915e-01
  2.290910406e-01  2.014384481e-01  1.900414449e-01  1.873541083e-01
  1.772485368e-01  1.571484422e-01  1.370975894e-01  1.247126967e-01
  1.189571060e-01  1.150925819e-01  1.099752443e-01  1.025540430e-01
  9.262041267e-02  8.141135875e-02  7.195099123e-02  6.606062342e-02
  6.177651918e-02  5.566184317e-02  4.747929567e-02  4.072230365e-02
  3.837211288e-02  3.885143184e-02  3.772890746e-02  3.350287343e-02
  2.905845472e-02  2.713117073e-02  2.668231208e-02  2.536862658e-02
  2.332876830e-02  2.117035895e-02  1.895668973e-02  1.766198195e-02
  1.771125976e-02  1.808739156e-02  1.736187409e-02  1.514078600e-02
  1.290839208e-02  1.232770199e-02  1.328197392e-02  1.413211119e-02
  1.318202225e-02  1.103627372e-02  9.920952004e-03  1.057503049e-02
  1.176072772e-02  1.176808023e-02  1.000304259e-02  8.359003866e-03
  8.530705590e-03  9.839910265e-03  1.059493464e-02  9.027693501e-03
  5.352980762e-03  2.811564313e-03  3.096707308e-03  4.753284419e-03
  5.944464397e-03  5.269380727e-03  2.247923990e-03  6.929514743e-05
  3.899262580e-06  1.536794377e-07  1.086475026e-06  6.534178178e-06
  1.038353499e-05
@R QRFI 101 []
  4.581872585e+00  5.641068405e+00  6.735315184e+00  5.840193861e+00
  4.964377446e+00  6.086056827e+00  7.452019956e+00  7.147350818e+00
  6.176293425e+00  5.356236701e+00  4.274966928e+00  3.283871533e+00
  2.766137981e+00  2.500409206e+00  2.262323584e+00  2.008416538e+00
  1.825336072e+00  1.755617054e+00  1.619290680e+00  1.310271222e+00
  9.916227402e-01  7.634921961e-01  5.626040276e-01  3.710316423e-01
  2.984257502e-01  3.811048021e-01  5.185575993e-01  6.295493709e-01
  6.618859484e-01  5.805296327e-01  4.280436413e-01  2.896905016e-01
  2.044816897e-01  1.660094416e-01  1.554483992e-01  1.573892901e-01
  1.650948256e-01  1.631608898e-01  1.386824335e-01  1.104984237e-01
  1.047142964e-01  1.079253028e-01  9.250515370e-02  7.201657611e-02
  7.394749886e-02  8.836792739e-02  8.899851680e-02  7.414231099e-02
  5.953224328e-02  5.289073780e-02  4.770381838e-02  3.502248347e-02
  2.010220581e-02  1.806855761e-02  2.822301372e-02  3.257687970e-02
  2.505130234e-02  1.760042026e-02  1.584333251e-02  1.373664769e-02
  1.099799719e-02  1.305889025e-02  1.746166097e-02  1.773986139e-02
  1.508849863e-02  1.356753311e-02  1.184231123e-02  8.556969177e-03
  6.717709784e-03  7.334153803e-03  6.817719377e-03  4.230908764e-03
  3.516758970e-03  6.452990178e-03  9.674330400e-03  9.763218379e-03
  7.065889144e-03  3.940704310e-03  2.297021344e-03  2.420029840e-03
  3.004078574e-03  2.593674683e-03  1.350249523e-03  9.068668481e-04
  1.910256966e-03  3.098717821e-03  3.321055247e-03  3.035140731e-03
  3.092175380e-03  3.200637311e-03  2.631581106e-03  1.511660303e-03
  6.306027299e-04  3.442471822e-04  3.446358687e-04  2.974846133e-04
  1.712421362e-04  7.613648099e-05  5.669368780e-05  1.351311493e-04
  2.054039812e-04
@R QRAD 101 []
 -6.364276285e-01 -6.358442651e-01 -6.340520735e-01 -6.315192670e-01
 -6.287613440e-01 -6.257855838e-01 -6.225940007e-01 -6.191890848e-01
 -6.155768213e-01 -6.117624427e-01 -6.077495144e-01 -6.035428515e-01
 -5.991478251e-01 -5.945686303e-01 -5.898105662e-01 -5.848782272e-01
 -5.797796387e-01 -5.745181332e-01 -5.690982594e-01 -5.635302369e-01
 -5.578149572e-01 -5.519600422e-01 -5.459756432e-01 -5.398657298e-01
 -5.336356446e-01 -5.272928753e-01 -5.208474180e-01 -5.143075639e-01
 -5.076809135e-01 -5.009764626e-01 -4.942085750e-01 -4.874015661e-01
 -4.805785265e-01 -4.737512344e-01 -4.669258934e-01 -4.601084508e-01
 -4.533118427e-01 -4.465507697e-01 -4.398353380e-01 -4.331744024e-01
 -4.265779368e-01 -4.200605440e-01 -4.136322224e-01 -4.072988086e-01
 -4.010732693e-01 -3.949615967e-01 -3.889696723e-01 -3.831058130e-01
 -3.773719953e-01 -3.717738451e-01 -3.663149781e-01 -3.609997940e-01
 -3.558349732e-01 -3.508238798e-01 -3.459742953e-01 -3.412904502e-01
 -3.367785714e-01 -3.324483227e-01 -3.282999494e-01 -3.243415232e-01
 -3.205809481e-01 -3.170180536e-01 -3.136585344e-01 -3.105068907e-01
 -3.075613107e-01 -3.048177815e-01 -3.022723607e-01 -2.999204432e-01
 -2.977572254e-01 -2.957799995e-01 -2.939893235e-01 -2.923913103e-01
 -2.909921530e-01 -2.897959424e-01 -2.888056439e-01 -2.880251394e-01
 -2.874561146e-01 -2.870844102e-01 -2.868753799e-01 -2.867795565e-01
 -2.867194676e-01 -2.865824226e-01 -2.862549943e-01 -2.856432287e-01
 -2.846480964e-01 -2.831387738e-01 -2.809501352e-01 -2.779018019e-01
 -2.737926670e-01 -2.683774059e-01 -2.666865581e-01 -2.769660015e-01
 -3.025534129e-01 -3.484877509e-01 -4.082577280e-01 -4.430917364e-01
 -4.402257965e-01 -4.808184363e-01 -7.788660514e-01 -9.866331531e-01
 -9.441245210e-01
@R QOHM 101 []
  0.000000000e+00  0.000000000e+00  0.000000000e+00  0.000000000e+00
  0.000000000e+00  0.000000000e+00  0.000000000e+00  0.000000000e+00
  0.000000000e+00  0.000000000e+00  0.000000000e+00  0.000000000e+00
  0.000000000e+00  0.000000000e+00  0.000000000e+00  0.000000000e+00
  0.000000000e+00  0.000000000e+00  0.000000000e+00  0.000000000e+00
  0.000000000e+00  0.000000000e+00  0.000000000e+00  0.000000000e+00
  0.000000000e+00  0.000000000e+00  0.000000000e+00  0.000000000e+00
  0.000000000e+00  0.000000000e+00  0.000000000e+00  0.000000000e+00
  0.000000000e+00  0.000000000e+00  0.000000000e+00  0.000000000e+00
  0.000000000e+00  0.000000000e+00  0.000000000e+00  0.000000000e+00
  0.000000000e+00  0.000000000e+00  0.000000000e+00  0.000000000e+00
  0.000000000e+00  0.000000000e+00  0.000000000e+00  0.000000000e+00
  0.000000000e+00  0.000000000e+00  0.000000000e+00  0.000000000e+00
  0.000000000e+00  0.000000000e+00  0.000000000e+00  0.000000000e+00
  0.000000000e+00  0.000000000e+00  0.000000000e+00  0.000000000e+00
  0.000000000e+00  0.000000000e+00  0.000000000e+00  0.000000000e+00
  0.000000000e+00  0.000000000e+00  0.000000000e+00  0.000000000e+00
  0.000000000e+00  0.000000000e+00  0.000000000e+00  0.000000000e+00
  0.000000000e+00  0.000000000e+00  0.000000000e+00  0.000000000e+00
  0.000000000e+00  0.000000000e+00  0.000000000e+00  0.000000000e+00
  0.000000000e+00  0.000000000e+00  0.000000000e+00  0.000000000e+00
  0.000000000e+00  0.000000000e+00  0.000000000e+00  0.000000000e+00
  0.000000000e+00  0.000000000e+00  0.000000000e+00  0.000000000e+00
  0.000000000e+00  0.000000000e+00  0.000000000e+00  0.000000000e+00
  0.000000000e+00  0.000000000e+00  0.000000000e+00  0.000000000e+00
  0.000000000e+00
@R QIONE 101 []
  0.000000000e+00  0.000000000e+00  0.000000000e+00  0.000000000e+00
  0.000000000e+00  0.000000000e+00  0.000000000e+00  0.000000000e+00
  0.000000000e+00  0.000000000e+00  0.000000000e+00  0.000000000e+00
  0.000000000e+00  0.000000000e+00  0.000000000e+00  0.000000000e+00
  0.000000000e+00  0.000000000e+00  0.000000000e+00  0.000000000e+00
  0.000000000e+00  0.000000000e+00  0.000000000e+00  0.000000000e+00
  0.000000000e+00  0.000000000e+00  0.000000000e+00  0.000000000e+00
  0.000000000e+00  0.000000000e+00  0.000000000e+00  0.000000000e+00
  0.000000000e+00  0.000000000e+00  0.000000000e+00  0.000000000e+00
  0.000000000e+00  0.000000000e+00  0.000000000e+00  0.000000000e+00
  0.000000000e+00  0.000000000e+00  0.000000000e+00  0.000000000e+00
  0.000000000e+00  0.000000000e+00  0.000000000e+00  0.000000000e+00
  0.000000000e+00  0.000000000e+00  0.000000000e+00  0.000000000e+00
  0.000000000e+00  0.000000000e+00  0.000000000e+00  0.000000000e+00
  0.000000000e+00  0.000000000e+00  0.000000000e+00  0.000000000e+00
  0.000000000e+00  0.000000000e+00  0.000000000e+00  0.000000000e+00
  0.000000000e+00  0.000000000e+00  0.000000000e+00  0.000000000e+00
  0.000000000e+00  0.000000000e+00  0.000000000e+00  0.000000000e+00
  0.000000000e+00  0.000000000e+00  0.000000000e+00  0.000000000e+00
  0.000000000e+00  0.000000000e+00  0.000000000e+00  0.000000000e+00
  0.000000000e+00  0.000000000e+00  0.000000000e+00  0.000000000e+00
  0.000000000e+00  0.000000000e+00  0.000000000e+00  0.000000000e+00
  0.000000000e+00  0.000000000e+00  0.000000000e+00  0.000000000e+00
  0.000000000e+00  0.000000000e+00  0.000000000e+00  0.000000000e+00
  0.000000000e+00  0.000000000e+00  0.000000000e+00  0.000000000e+00
  0.000000000e+00
@R QIONI 101 []
  0.000000000e+00  0.000000000e+00  0.000000000e+00  0.000000000e+00
  0.000000000e+00  0.000000000e+00  0.000000000e+00  0.000000000e+00
  0.000000000e+00  0.000000000e+00  0.000000000e+00  0.000000000e+00
  0.000000000e+00  0.000000000e+00  0.000000000e+00  0.000000000e+00
  0.000000000e+00  0.000000000e+00  0.000000000e+00  0.000000000e+00
  0.000000000e+00  0.000000000e+00  0.000000000e+00  0.000000000e+00
  0.000000000e+00  0.000000000e+00  0.000000000e+00  0.000000000e+00
  0.000000000e+00  0.000000000e+00  0.000000000e+00  0.000000000e+00
  0.000000000e+00  0.000000000e+00  0.000000000e+00  0.000000000e+00
  0.000000000e+00  0.000000000e+00  0.000000000e+00  0.000000000e+00
  0.000000000e+00  0.000000000e+00  0.000000000e+00  0.000000000e+00
  0.000000000e+00  0.000000000e+00  0.000000000e+00  0.000000000e+00
  0.000000000e+00  0.000000000e+00  0.000000000e+00  0.000000000e+00
  0.000000000e+00  0.000000000e+00  0.000000000e+00  0.000000000e+00
  0.000000000e+00  0.000000000e+00  0.000000000e+00  0.000000000e+00
  0.000000000e+00  0.000000000e+00  0.000000000e+00  0.000000000e+00
  0.000000000e+00  0.000000000e+00  0.000000000e+00  0.000000000e+00
  0.000000000e+00  0.000000000e+00  0.000000000e+00  0.000000000e+00
  0.000000000e+00  0.000000000e+00  0.000000000e+00  0.000000000e+00
  0.000000000e+00  0.000000000e+00  0.000000000e+00  0.000000000e+00
  0.000000000e+00  0.000000000e+00  0.000000000e+00  0.000000000e+00
  0.000000000e+00  0.000000000e+00  0.000000000e+00  0.000000000e+00
  0.000000000e+00  0.000000000e+00  0.000000000e+00  0.000000000e+00
  0.000000000e+00  0.000000000e+00  0.000000000e+00  0.000000000e+00
  0.000000000e+00  0.000000000e+00  0.000000000e+00  0.000000000e+00
  0.000000000e+00
@R QCX 101 []
  0.000000000e+00  0.000000000e+00  0.000000000e+00  0.000000000e+00
  0.000000000e+00  0.000000000e+00  0.000000000e+00  0.000000000e+00
  0.000000000e+00  0.000000000e+00  0.000000000e+00  0.000000000e+00
  0.000000000e+00  0.000000000e+00  0.000000000e+00  0.000000000e+00
  0.000000000e+00  0.000000000e+00  0.000000000e+00  0.000000000e+00
  0.000000000e+00  0.000000000e+00  0.000000000e+00  0.000000000e+00
  0.000000000e+00  0.000000000e+00  0.000000000e+00  0.000000000e+00
  0.000000000e+00  0.000000000e+00  0.000000000e+00  0.000000000e+00
  0.000000000e+00  0.000000000e+00  0.000000000e+00  0.000000000e+00
  0.000000000e+00  0.000000000e+00  0.000000000e+00  0.000000000e+00
  0.000000000e+00  0.000000000e+00  0.000000000e+00  0.000000000e+00
  0.000000000e+00  0.000000000e+00  0.000000000e+00  0.000000000e+00
  0.000000000e+00  0.000000000e+00  0.000000000e+00  0.000000000e+00
  0.000000000e+00  0.000000000e+00  0.000000000e+00  0.000000000e+00
  0.000000000e+00  0.000000000e+00  0.000000000e+00  0.000000000e+00
  0.000000000e+00  0.000000000e+00  0.000000000e+00  0.000000000e+00
  0.000000000e+00  0.000000000e+00  0.000000000e+00  0.000000000e+00
  0.000000000e+00  0.000000000e+00  0.000000000e+00  0.000000000e+00
  0.000000000e+00  0.000000000e+00  0.000000000e+00  0.000000000e+00
  0.000000000e+00  0.000000000e+00  0.000000000e+00  0.000000000e+00
  0.000000000e+00  0.000000000e+00  0.000000000e+00  0.000000000e+00
  0.000000000e+00  0.000000000e+00  0.000000000e+00  0.000000000e+00
  0.000000000e+00  0.000000000e+00  0.000000000e+00  0.000000000e+00
  0.000000000e+00  0.000000000e+00  0.000000000e+00  0.000000000e+00
  0.000000000e+00  0.000000000e+00  0.000000000e+00  0.000000000e+00
  0.000000000e+00
@R STORQUEB 101 []
  0.000000000e+00  0.000000000e+00  0.000000000e+00  0.000000000e+00
  0.000000000e+00  0.000000000e+00  0.000000000e+00  0.000000000e+00
  0.000000000e+00  0.000000000e+00  0.000000000e+00  0.000000000e+00
  0.000000000e+00  0.000000000e+00  0.000000000e+00  0.000000000e+00
  0.000000000e+00  0.000000000e+00  0.000000000e+00  0.000000000e+00
  0.000000000e+00  0.000000000e+00  0.000000000e+00  0.000000000e+00
  0.000000000e+00  0.000000000e+00  0.000000000e+00  0.000000000e+00
  0.000000000e+00  0.000000000e+00  0.000000000e+00  0.000000000e+00
  0.000000000e+00  0.000000000e+00  0.000000000e+00  0.000000000e+00
  0.000000000e+00  0.000000000e+00  0.000000000e+00  0.000000000e+00
  0.000000000e+00  0.000000000e+00  0.000000000e+00  0.000000000e+00
  0.000000000e+00  0.000000000e+00  0.000000000e+00  0.000000000e+00
  0.000000000e+00  0.000000000e+00  0.000000000e+00  0.000000000e+00
  0.000000000e+00  0.000000000e+00  0.000000000e+00  0.000000000e+00
  0.000000000e+00  0.000000000e+00  0.000000000e+00  0.000000000e+00
  0.000000000e+00  0.000000000e+00  0.000000000e+00  0.000000000e+00
  0.000000000e+00  0.000000000e+00  0.000000000e+00  0.000000000e+00
  0.000000000e+00  0.000000000e+00  0.000000000e+00  0.000000000e+00
  0.000000000e+00  0.000000000e+00  0.000000000e+00  0.000000000e+00
  0.000000000e+00  0.000000000e+00  0.000000000e+00  0.000000000e+00
  0.000000000e+00  0.000000000e+00  0.000000000e+00  0.000000000e+00
  0.000000000e+00  0.000000000e+00  0.000000000e+00  0.000000000e+00
  0.000000000e+00  0.000000000e+00  0.000000000e+00  0.000000000e+00
  0.000000000e+00  0.000000000e+00  0.000000000e+00  0.000000000e+00
  0.000000000e+00  0.000000000e+00  0.000000000e+00  0.000000000e+00
  0.000000000e+00
@R STORQUE 101 []
  0.000000000e+00  0.000000000e+00  0.000000000e+00  0.000000000e+00
  0.000000000e+00  0.000000000e+00  0.000000000e+00  0.000000000e+00
  0.000000000e+00  0.000000000e+00  0.000000000e+00  0.000000000e+00
  0.000000000e+00  0.000000000e+00  0.000000000e+00  0.000000000e+00
  0.000000000e+00  0.000000000e+00  0.000000000e+00  0.000000000e+00
  0.000000000e+00  0.000000000e+00  0.000000000e+00  0.000000000e+00
  0.000000000e+00  0.000000000e+00  0.000000000e+00  0.000000000e+00
  0.000000000e+00  0.000000000e+00  0.000000000e+00  0.000000000e+00
  0.000000000e+00  0.000000000e+00  0.000000000e+00  0.000000000e+00
  0.000000000e+00  0.000000000e+00  0.000000000e+00  0.000000000e+00
  0.000000000e+00  0.000000000e+00  0.000000000e+00  0.000000000e+00
  0.000000000e+00  0.000000000e+00  0.000000000e+00  0.000000000e+00
  0.000000000e+00  0.000000000e+00  0.000000000e+00  0.000000000e+00
  0.000000000e+00  0.000000000e+00  0.000000000e+00  0.000000000e+00
  0.000000000e+00  0.000000000e+00  0.000000000e+00  0.000000000e+00
  0.000000000e+00  0.000000000e+00  0.000000000e+00  0.000000000e+00
  0.000000000e+00  0.000000000e+00  0.000000000e+00  0.000000000e+00
  0.000000000e+00  0.000000000e+00  0.000000000e+00  0.000000000e+00
  0.000000000e+00  0.000000000e+00  0.000000000e+00  0.000000000e+00
  0.000000000e+00  0.000000000e+00  0.000000000e+00  0.000000000e+00
  0.000000000e+00  0.000000000e+00  0.000000000e+00  0.000000000e+00
  0.000000000e+00  0.000000000e+00  0.000000000e+00  0.000000000e+00
  0.000000000e+00  0.000000000e+00  0.000000000e+00  0.000000000e+00
  0.000000000e+00  0.000000000e+00  0.000000000e+00  0.000000000e+00
  0.000000000e+00  0.000000000e+00  0.000000000e+00  0.000000000e+00
  0.000000000e+00
@R SION 101 []
  0.000000000e+00  0.000000000e+00  0.000000000e+00  0.000000000e+00
  0.000000000e+00  0.000000000e+00  0.000000000e+00  0.000000000e+00
  0.000000000e+00  0.000000000e+00  0.000000000e+00  0.000000000e+00
  0.000000000e+00  0.000000000e+00  0.000000000e+00  0.000000000e+00
  0.000000000e+00  0.000000000e+00  0.000000000e+00  0.000000000e+00
  0.000000000e+00  0.000000000e+00  0.000000000e+00  0.000000000e+00
  0.000000000e+00  0.000000000e+00  0.000000000e+00  0.000000000e+00
  0.000000000e+00  0.000000000e+00  0.000000000e+00  0.000000000e+00
  0.000000000e+00  0.000000000e+00  0.000000000e+00  0.000000000e+00
  0.000000000e+00  0.000000000e+00  0.000000000e+00  0.000000000e+00
  0.000000000e+00  0.000000000e+00  0.000000000e+00  0.000000000e+00
  0.000000000e+00  0.000000000e+00  0.000000000e+00  0.000000000e+00
  0.000000000e+00  0.000000000e+00  0.000000000e+00  0.000000000e+00
  0.000000000e+00  0.000000000e+00  0.000000000e+00  0.000000000e+00
  0.000000000e+00  0.000000000e+00  0.000000000e+00  0.000000000e+00
  0.000000000e+00  0.000000000e+00  0.000000000e+00  0.000000000e+00
  0.000000000e+00  0.000000000e+00  0.000000000e+00  0.000000000e+00
  0.000000000e+00  0.000000000e+00  0.000000000e+00  0.000000000e+00
  0.000000000e+00  0.000000000e+00  0.000000000e+00  0.000000000e+00
  0.000000000e+00  0.000000000e+00  0.000000000e+00  0.000000000e+00
  0.000000000e+00  0.000000000e+00  0.000000000e+00  0.000000000e+00
  0.000000000e+00  0.000000000e+00  0.000000000e+00  0.000000000e+00
  0.000000000e+00  0.000000000e+00  0.000000000e+00  0.000000000e+00
  0.000000000e+00  0.000000000e+00  0.000000000e+00  0.000000000e+00
  0.000000000e+00  0.000000000e+00  0.000000000e+00  0.000000000e+00
  0.000000000e+00
@R CHIE 101 []
  0.000000000e+00  0.000000000e+00  0.000000000e+00  0.000000000e+00
  0.000000000e+00  0.000000000e+00  0.000000000e+00  0.000000000e+00
  0.000000000e+00  0.000000000e+00  0.000000000e+00  0.000000000e+00
  0.000000000e+00  0.000000000e+00  0.000000000e+00  0.000000000e+00
  0.000000000e+00  0.000000000e+00  0.000000000e+00  0.000000000e+00
  0.000000000e+00  0.000000000e+00  0.000000000e+00  0.000000000e+00
  0.000000000e+00  0.000000000e+00  0.000000000e+00  0.000000000e+00
  0.000000000e+00  0.000000000e+00  0.000000000e+00  0.000000000e+00
  0.000000000e+00  0.000000000e+00  0.000000000e+00  0.000000000e+00
  0.000000000e+00  0.000000000e+00  0.000000000e+00  0.000000000e+00
  0.000000000e+00  0.000000000e+00  0.000000000e+00  0.000000000e+00
  0.000000000e+00  0.000000000e+00  0.000000000e+00  0.000000000e+00
  0.000000000e+00  0.000000000e+00  0.000000000e+00  0.000000000e+00
  0.000000000e+00  0.000000000e+00  0.000000000e+00  0.000000000e+00
  0.000000000e+00  0.000000000e+00  0.000000000e+00  0.000000000e+00
  0.000000000e+00  0.000000000e+00  0.000000000e+00  0.000000000e+00
  0.000000000e+00  0.000000000e+00  0.000000000e+00  0.000000000e+00
  0.000000000e+00  0.000000000e+00  0.000000000e+00  0.000000000e+00
  0.000000000e+00  0.000000000e+00  0.000000000e+00  0.000000000e+00
  0.000000000e+00  0.000000000e+00  0.000000000e+00  0.000000000e+00
  0.000000000e+00  0.000000000e+00  0.000000000e+00  0.000000000e+00
  0.000000000e+00  0.000000000e+00  0.000000000e+00  0.000000000e+00
  0.000000000e+00  0.000000000e+00  0.000000000e+00  0.000000000e+00
  0.000000000e+00  0.000000000e+00  0.000000000e+00  0.000000000e+00
  0.000000000e+00  0.000000000e+00  0.000000000e+00  0.000000000e+00
  0.000000000e+00
@R CHII 101 []
  0.000000000e+00  0.000000000e+00  0.000000000e+00  0.000000000e+00
  0.000000000e+00  0.000000000e+00  0.000000000e+00  0.000000000e+00
  0.000000000e+00  0.000000000e+00  0.000000000e+00  0.000000000e+00
  0.000000000e+00  0.000000000e+00  0.000000000e+00  0.000000000e+00
  0.000000000e+00  0.000000000e+00  0.000000000e+00  0.000000000e+00
  0.000000000e+00  0.000000000e+00  0.000000000e+00  0.000000000e+00
  0.000000000e+00  0.000000000e+00  0.000000000e+00  0.000000000e+00
  0.000000000e+00  0.000000000e+00  0.000000000e+00  0.000000000e+00
  0.000000000e+00  0.000000000e+00  0.000000000e+00  0.000000000e+00
  0.000000000e+00  0.000000000e+00  0.000000000e+00  0.000000000e+00
  0.000000000e+00  0.000000000e+00  0.000000000e+00  0.000000000e+00
  0.000000000e+00  0.000000000e+00  0.000000000e+00  0.000000000e+00
  0.000000000e+00  0.000000000e+00  0.000000000e+00  0.000000000e+00
  0.000000000e+00  0.000000000e+00  0.000000000e+00  0.000000000e+00
  0.000000000e+00  0.000000000e+00  0.000000000e+00  0.000000000e+00
  0.000000000e+00  0.000000000e+00  0.000000000e+00  0.000000000e+00
  0.000000000e+00  0.000000000e+00  0.000000000e+00  0.000000000e+00
  0.000000000e+00  0.000000000e+00  0.000000000e+00  0.000000000e+00
  0.000000000e+00  0.000000000e+00  0.000000000e+00  0.000000000e+00
  0.000000000e+00  0.000000000e+00  0.000000000e+00  0.000000000e+00
  0.000000000e+00  0.000000000e+00  0.000000000e+00  0.000000000e+00
  0.000000000e+00  0.000000000e+00  0.000000000e+00  0.000000000e+00
  0.000000000e+00  0.000000000e+00  0.000000000e+00  0.000000000e+00
  0.000000000e+00  0.000000000e+00  0.000000000e+00  0.000000000e+00
  0.000000000e+00  0.000000000e+00  0.000000000e+00  0.000000000e+00
  0.000000000e+00
