@I NRHO 1 []
101
@R RHOB 1 []
1.266565e+00
@R RHO 101 []
0.000000e+00 1.000000e-02 2.000000e-02 3.000000e-02 4.000000e-02 
5.000000e-02 6.000000e-02 7.000000e-02 8.000000e-02 9.000000e-02 
1.000000e-01 1.100000e-01 1.200000e-01 1.300000e-01 1.400000e-01 
1.500000e-01 1.600000e-01 1.700000e-01 1.800000e-01 1.900000e-01 
2.000000e-01 2.100000e-01 2.200000e-01 2.300000e-01 2.400000e-01 
2.500000e-01 2.600000e-01 2.700000e-01 2.800000e-01 2.900000e-01 
3.000000e-01 3.100000e-01 3.200000e-01 3.300000e-01 3.400000e-01 
3.500000e-01 3.600000e-01 3.700000e-01 3.800000e-01 3.900000e-01 
4.000000e-01 4.100000e-01 4.200000e-01 4.300000e-01 4.400000e-01 
4.500000e-01 4.600000e-01 4.700000e-01 4.800000e-01 4.900000e-01 
5.000000e-01 5.100000e-01 5.200000e-01 5.300000e-01 5.400000e-01 
5.500000e-01 5.600000e-01 5.700000e-01 5.800000e-01 5.900000e-01 
6.000000e-01 6.100000e-01 6.200000e-01 6.300000e-01 6.400000e-01 
6.500000e-01 6.600000e-01 6.700000e-01 6.800000e-01 6.900000e-01 
7.000000e-01 7.100000e-01 7.200000e-01 7.300000e-01 7.400000e-01 
7.500000e-01 7.600000e-01 7.700000e-01 7.800000e-01 7.900000e-01 
8.000000e-01 8.100000e-01 8.200000e-01 8.300000e-01 8.400000e-01 
8.500000e-01 8.600000e-01 8.700000e-01 8.800000e-01 8.900000e-01 
9.000000e-01 9.100000e-01 9.200000e-01 9.300000e-01 9.400000e-01 
9.500000e-01 9.600000e-01 9.700000e-01 9.800000e-01 9.900000e-01 
1.000000e+00 
@R VOLP 101 []
0.000000e+00 2.478242e+00 4.956080e+00 7.433111e+00 9.908939e+00 
1.238318e+01 1.485545e+01 1.732539e+01 1.979266e+01 2.225693e+01 
2.471789e+01 2.717526e+01 2.962879e+01 3.207823e+01 3.452339e+01 
3.696409e+01 3.940019e+01 4.183156e+01 4.425813e+01 4.667986e+01 
4.909670e+01 5.150866e+01 5.391577e+01 5.631810e+01 5.871577e+01 
6.110898e+01 6.349787e+01 6.588238e+01 6.826201e+01 7.063633e+01 
7.300571e+01 7.537133e+01 7.773453e+01 8.009605e+01 8.245600e+01 
8.481418e+01 8.717023e+01 8.952382e+01 9.187477e+01 9.422295e+01 
9.656823e+01 9.891059e+01 1.012500e+02 1.035866e+02 1.059203e+02 
1.082512e+02 1.105794e+02 1.129048e+02 1.152275e+02 1.175473e+02 
1.198643e+02 1.221784e+02 1.244892e+02 1.267969e+02 1.291011e+02 
1.314018e+02 1.336987e+02 1.359917e+02 1.382807e+02 1.405656e+02 
1.428463e+02 1.451226e+02 1.473946e+02 1.496622e+02 1.519255e+02 
1.541844e+02 1.564392e+02 1.586897e+02 1.609359e+02 1.631777e+02 
1.654148e+02 1.676471e+02 1.698744e+02 1.720965e+02 1.743132e+02 
1.765244e+02 1.787300e+02 1.809302e+02 1.831253e+02 1.853156e+02 
1.875016e+02 1.896839e+02 1.918624e+02 1.940366e+02 1.962056e+02 
1.983700e+02 2.005323e+02 2.026952e+02 2.048554e+02 2.069953e+02 
2.090794e+02 2.110749e+02 2.129766e+02 2.148000e+02 2.165699e+02 
2.183139e+02 2.200602e+02 2.218593e+02 2.237944e+02 2.259349e+02 
2.283143e+02 
@R IPOL 101 []
1.009068e+00 1.009071e+00 1.009082e+00 1.009105e+00 1.009138e+00 
1.009182e+00 1.009236e+00 1.009300e+00 1.009374e+00 1.009455e+00 
1.009544e+00 1.009640e+00 1.009741e+00 1.009847e+00 1.009956e+00 
1.010068e+00 1.010182e+00 1.010295e+00 1.010407e+00 1.010516e+00 
1.010622e+00 1.010723e+00 1.010817e+00 1.010905e+00 1.010983e+00 
1.011051e+00 1.011109e+00 1.011155e+00 1.011190e+00 1.011217e+00 
1.011236e+00 1.011242e+00 1.011229e+00 1.011193e+00 1.011135e+00 
1.011055e+00 1.010955e+00 1.010839e+00 1.010706e+00 1.010560e+00 
1.010400e+00 1.010229e+00 1.010046e+00 1.009852e+00 1.009648e+00 
1.009433e+00 1.009209e+00 1.008974e+00 1.008731e+00 1.008479e+00 
1.008219e+00 1.007953e+00 1.007679e+00 1.007401e+00 1.007117e+00 
1.006830e+00 1.006540e+00 1.006247e+00 1.005952e+00 1.005656e+00 
1.005359e+00 1.005063e+00 1.004766e+00 1.004470e+00 1.004175e+00 
1.003882e+00 1.003590e+00 1.003300e+00 1.003013e+00 1.002728e+00 
1.002448e+00 1.002172e+00 1.001901e+00 1.001637e+00 1.001379e+00 
1.001128e+00 1.000886e+00 1.000651e+00 1.000425e+00 1.000208e+00 
9.999995e-01 9.997997e-01 9.996088e-01 9.994275e-01 9.992568e-01 
9.990983e-01 9.989539e-01 9.988258e-01 9.987159e-01 9.986262e-01 
9.985750e-01 9.985969e-01 9.987018e-01 9.988681e-01 9.990749e-01 
9.993037e-01 9.995286e-01 9.997239e-01 9.998728e-01 9.999703e-01 
1.000003e+00 
@R G11 101 []
0.000000e+00 2.470112e+00 4.940361e+00 7.411259e+00 9.883348e+00 
1.235640e+01 1.483035e+01 1.730543e+01 1.978197e+01 2.226060e+01 
2.474163e+01 2.722448e+01 2.971018e+01 3.219607e+01 3.468742e+01 
3.717033e+01 3.966189e+01 4.215922e+01 4.465651e+01 4.716745e+01 
4.966363e+01 5.217062e+01 5.468627e+01 5.719680e+01 5.970749e+01 
6.221925e+01 6.473533e+01 6.725485e+01 6.977542e+01 7.229854e+01 
7.482414e+01 7.735123e+01 7.987775e+01 8.240297e+01 8.492407e+01 
8.744152e+01 8.996003e+01 9.248107e+01 9.501023e+01 9.753633e+01 
1.000552e+02 1.025884e+02 1.051264e+02 1.076526e+02 1.101964e+02 
1.127376e+02 1.152781e+02 1.178301e+02 1.203783e+02 1.229349e+02 
1.254962e+02 1.280572e+02 1.306310e+02 1.332029e+02 1.357842e+02 
1.383780e+02 1.409642e+02 1.435759e+02 1.461852e+02 1.487986e+02 
1.514364e+02 1.540764e+02 1.567170e+02 1.593801e+02 1.620593e+02 
1.647387e+02 1.674280e+02 1.701401e+02 1.728694e+02 1.756068e+02 
1.783554e+02 1.811244e+02 1.839205e+02 1.867354e+02 1.895684e+02 
1.924217e+02 1.952989e+02 1.982100e+02 2.011527e+02 2.041211e+02 
2.071192e+02 2.101468e+02 2.132159e+02 2.163351e+02 2.194983e+02 
2.227065e+02 2.259571e+02 2.292656e+02 2.326511e+02 2.361297e+02 
2.397369e+02 2.435159e+02 2.474946e+02 2.516484e+02 2.559349e+02 
2.603687e+02 2.649277e+02 2.695359e+02 2.742047e+02 2.789470e+02 
2.837850e+02 
@R G22 101 []
0.000000e+00 1.251033e-02 2.502145e-02 3.753604e-02 5.005696e-02 
6.258316e-02 7.511447e-02 8.765215e-02 1.001980e-01 1.127555e-01 
1.253264e-01 1.379078e-01 1.505055e-01 1.631059e-01 1.757363e-01 
1.883265e-01 2.009635e-01 2.136331e-01 2.263062e-01 2.390527e-01 
2.517291e-01 2.644654e-01 2.772514e-01 2.900176e-01 3.027916e-01 
3.155790e-01 3.283972e-01 3.412409e-01 3.540966e-01 3.669707e-01 
3.798646e-01 3.927774e-01 4.057031e-01 4.186405e-01 4.315747e-01 
4.445065e-01 4.574579e-01 4.704350e-01 4.834653e-01 4.964917e-01 
5.094929e-01 5.225780e-01 5.356991e-01 5.487716e-01 5.619460e-01 
5.751192e-01 5.883010e-01 6.015544e-01 6.148009e-01 6.281026e-01 
6.414410e-01 6.547899e-01 6.682158e-01 6.816434e-01 6.951303e-01 
7.086921e-01 7.222247e-01 7.358981e-01 7.495689e-01 7.632702e-01 
7.771055e-01 7.909615e-01 8.048291e-01 8.188223e-01 8.329065e-01 
8.470021e-01 8.611578e-01 8.754404e-01 8.898206e-01 9.042511e-01 
9.187460e-01 9.333520e-01 9.481023e-01 9.629522e-01 9.778971e-01 
9.929468e-01 1.008118e+00 1.023463e+00 1.038970e+00 1.054608e+00 
1.070397e+00 1.086336e+00 1.102482e+00 1.118875e+00 1.135475e+00 
1.152290e+00 1.169321e+00 1.186653e+00 1.204358e+00 1.222410e+00 
1.240827e+00 1.259702e+00 1.279143e+00 1.299084e+00 1.319431e+00 
1.340383e+00 1.361942e+00 1.383930e+00 1.406755e+00 1.430696e+00 
1.455866e+00 
@R G33 101 []
9.097512e-01 9.097709e-01 9.098299e-01 9.099281e-01 9.100653e-01 
9.102410e-01 9.104548e-01 9.107063e-01 9.109946e-01 9.113191e-01 
9.116792e-01 9.120738e-01 9.125018e-01 9.129623e-01 9.134542e-01 
9.139761e-01 9.145269e-01 9.151053e-01 9.157099e-01 9.163390e-01 
9.169914e-01 9.176658e-01 9.183604e-01 9.190739e-01 9.198043e-01 
9.205486e-01 9.213054e-01 9.220761e-01 9.228649e-01 9.236745e-01 
9.245012e-01 9.253360e-01 9.261689e-01 9.269949e-01 9.278144e-01 
9.286303e-01 9.294463e-01 9.302652e-01 9.310887e-01 9.319175e-01 
9.327524e-01 9.335937e-01 9.344412e-01 9.352947e-01 9.361538e-01 
9.370182e-01 9.378877e-01 9.387618e-01 9.396407e-01 9.405245e-01 
9.414133e-01 9.423075e-01 9.432074e-01 9.441135e-01 9.450262e-01 
9.459457e-01 9.468727e-01 9.478072e-01 9.487494e-01 9.496993e-01 
9.506569e-01 9.516219e-01 9.525940e-01 9.535728e-01 9.545574e-01 
9.555471e-01 9.565411e-01 9.575388e-01 9.585398e-01 9.595440e-01 
9.605517e-01 9.615631e-01 9.625784e-01 9.635977e-01 9.646209e-01 
9.656481e-01 9.666785e-01 9.677107e-01 9.687426e-01 9.697721e-01 
9.707962e-01 9.718128e-01 9.728210e-01 9.738231e-01 9.748218e-01 
9.758127e-01 9.767807e-01 9.777114e-01 9.786195e-01 9.795856e-01 
9.807410e-01 9.821968e-01 9.839832e-01 9.860475e-01 9.882837e-01 
9.905867e-01 9.928559e-01 9.948891e-01 9.963315e-01 9.968916e-01 
9.964727e-01 
@R GRADRHO 101 []
1.002651e+00 9.940690e-01 9.941087e-01 9.941999e-01 9.943463e-01 
9.945165e-01 9.947033e-01 9.949117e-01 9.951493e-01 9.954269e-01 
9.957419e-01 9.960770e-01 9.964486e-01 9.968097e-01 9.972406e-01 
9.975435e-01 9.979588e-01 9.984333e-01 9.988946e-01 9.994908e-01 
9.999153e-01 1.000438e+00 1.001027e+00 1.001552e+00 1.002066e+00 
1.002578e+00 1.003112e+00 1.003660e+00 1.004202e+00 1.004750e+00 
1.005303e+00 1.005848e+00 1.006373e+00 1.006873e+00 1.007332e+00 
1.007756e+00 1.008171e+00 1.008586e+00 1.009032e+00 1.009447e+00 
1.009814e+00 1.010242e+00 1.010679e+00 1.011047e+00 1.011485e+00 
1.011897e+00 1.012292e+00 1.012724e+00 1.013126e+00 1.013548e+00 
1.013975e+00 1.014386e+00 1.014833e+00 1.015257e+00 1.015703e+00 
1.016179e+00 1.016612e+00 1.017120e+00 1.017603e+00 1.018084e+00 
1.018629e+00 1.019163e+00 1.019679e+00 1.020248e+00 1.020845e+00 
1.021419e+00 1.022000e+00 1.022623e+00 1.023270e+00 1.023911e+00 
1.024555e+00 1.025225e+00 1.025938e+00 1.026667e+00 1.027408e+00 
1.028164e+00 1.028940e+00 1.029759e+00 1.030609e+00 1.031468e+00 
1.032342e+00 1.033222e+00 1.034131e+00 1.035086e+00 1.036067e+00 
1.037068e+00 1.038072e+00 1.039093e+00 1.040169e+00 1.041360e+00 
1.042815e+00 1.044703e+00 1.047076e+00 1.049813e+00 1.052741e+00 
1.055796e+00 1.058846e+00 1.061579e+00 1.063740e+00 1.065024e+00 
1.065248e+00 
@R AREA 101 []
0.000000e+00 2.463646e+00 4.927176e+00 7.390453e+00 9.853269e+00 
1.231546e+01 1.477693e+01 1.723759e+01 1.969735e+01 2.215606e+01 
2.461358e+01 2.706981e+01 2.952465e+01 3.197799e+01 3.442983e+01 
3.688000e+01 3.932889e+01 4.177576e+01 4.422104e+01 4.666415e+01 
4.910536e+01 5.154478e+01 5.398206e+01 5.641731e+01 5.885061e+01 
6.128200e+01 6.371147e+01 6.613898e+01 6.856456e+01 7.098819e+01 
7.340987e+01 7.582964e+01 7.824759e+01 8.066385e+01 8.307857e+01 
8.549191e+01 8.790398e+01 9.031485e+01 9.272453e+01 9.513303e+01 
9.754053e+01 9.994705e+01 1.023525e+02 1.047570e+02 1.071607e+02 
1.095635e+02 1.119655e+02 1.143667e+02 1.167673e+02 1.191672e+02 
1.215666e+02 1.239654e+02 1.263638e+02 1.287616e+02 1.311592e+02 
1.335564e+02 1.359534e+02 1.383501e+02 1.407466e+02 1.431430e+02 
1.455394e+02 1.479357e+02 1.503321e+02 1.527287e+02 1.551255e+02 
1.575225e+02 1.599200e+02 1.623181e+02 1.647168e+02 1.671162e+02 
1.695166e+02 1.719181e+02 1.743208e+02 1.767249e+02 1.791305e+02 
1.815379e+02 1.839472e+02 1.863587e+02 1.887727e+02 1.911893e+02 
1.936090e+02 1.960322e+02 1.984592e+02 2.008905e+02 2.033265e+02 
2.057677e+02 2.082147e+02 2.106685e+02 2.131296e+02 2.155987e+02 
2.180758e+02 2.205601e+02 2.230502e+02 2.255447e+02 2.280434e+02 
2.305465e+02 2.330552e+02 2.355719e+02 2.381014e+02 2.406511e+02 
2.432319e+02 
@R A 101 []
0.000000e+00 1.131810e-02 2.263644e-02 3.395476e-02 4.527286e-02 
5.659114e-02 6.790981e-02 7.922866e-02 9.054771e-02 1.018671e-01 
1.131867e-01 1.245063e-01 1.358261e-01 1.471460e-01 1.584661e-01 
1.697861e-01 1.811083e-01 1.924290e-01 2.037506e-01 2.150707e-01 
2.263904e-01 2.377101e-01 2.490283e-01 2.603452e-01 2.716610e-01 
2.829757e-01 2.942890e-01 3.056003e-01 3.169096e-01 3.282175e-01 
3.395239e-01 3.508278e-01 3.621283e-01 3.734255e-01 3.847193e-01 
3.960097e-01 4.072964e-01 4.185789e-01 4.298569e-01 4.411300e-01 
4.523988e-01 4.636631e-01 4.749221e-01 4.861762e-01 4.974255e-01 
5.086688e-01 5.199072e-01 5.311394e-01 5.423659e-01 5.535862e-01 
5.648001e-01 5.760074e-01 5.872081e-01 5.984013e-01 6.095878e-01 
6.207661e-01 6.319370e-01 6.430998e-01 6.542540e-01 6.653999e-01 
6.765368e-01 6.876642e-01 6.987822e-01 7.098905e-01 7.209882e-01 
7.320750e-01 7.431509e-01 7.542153e-01 7.652674e-01 7.763068e-01 
7.873332e-01 7.983462e-01 8.093450e-01 8.203289e-01 8.312975e-01 
8.422502e-01 8.531865e-01 8.641058e-01 8.750073e-01 8.858902e-01 
8.967540e-01 9.075975e-01 9.184197e-01 9.292194e-01 9.399956e-01 
9.507480e-01 9.614760e-01 9.721790e-01 9.828557e-01 9.935066e-01 
1.004131e+00 1.014731e+00 1.025310e+00 1.035875e+00 1.046434e+00 
1.056989e+00 1.067541e+00 1.078082e+00 1.088598e+00 1.099074e+00 
1.109489e+00 
@R RTOR 101 []
4.770348e+00 4.770321e+00 4.770241e+00 4.770108e+00 4.769921e+00 
4.769681e+00 4.769389e+00 4.769044e+00 4.768648e+00 4.768202e+00 
4.767705e+00 4.767159e+00 4.766564e+00 4.765921e+00 4.765232e+00 
4.764497e+00 4.763718e+00 4.762895e+00 4.762030e+00 4.761124e+00 
4.760179e+00 4.759195e+00 4.758175e+00 4.757119e+00 4.756028e+00 
4.754905e+00 4.753751e+00 4.752568e+00 4.751358e+00 4.750118e+00 
4.748850e+00 4.747553e+00 4.746231e+00 4.744886e+00 4.743522e+00 
4.742140e+00 4.740743e+00 4.739330e+00 4.737903e+00 4.736461e+00 
4.735004e+00 4.733533e+00 4.732048e+00 4.730548e+00 4.729033e+00 
4.727505e+00 4.725962e+00 4.724404e+00 4.722832e+00 4.721245e+00 
4.719644e+00 4.718029e+00 4.716398e+00 4.714752e+00 4.713091e+00 
4.711415e+00 4.709722e+00 4.708013e+00 4.706287e+00 4.704544e+00 
4.702784e+00 4.701005e+00 4.699208e+00 4.697392e+00 4.695557e+00 
4.693702e+00 4.691827e+00 4.689932e+00 4.688016e+00 4.686079e+00 
4.684121e+00 4.682141e+00 4.680138e+00 4.678113e+00 4.676063e+00 
4.673989e+00 4.671890e+00 4.669765e+00 4.667614e+00 4.665435e+00 
4.663228e+00 4.660992e+00 4.658727e+00 4.656431e+00 4.654104e+00 
4.651744e+00 4.649352e+00 4.646926e+00 4.644467e+00 4.641970e+00 
4.639426e+00 4.636825e+00 4.634153e+00 4.631394e+00 4.628539e+00 
4.625582e+00 4.622520e+00 4.619358e+00 4.616110e+00 4.612794e+00 
4.609431e+00 
@R SHIFT 101 []
2.203481e-01 2.203213e-01 2.202411e-01 2.201075e-01 2.199205e-01 
2.196807e-01 2.193885e-01 2.190442e-01 2.186483e-01 2.182018e-01 
2.177049e-01 2.171585e-01 2.165637e-01 2.159213e-01 2.152321e-01 
2.144973e-01 2.137179e-01 2.128952e-01 2.120301e-01 2.111243e-01 
2.101789e-01 2.091953e-01 2.081748e-01 2.071187e-01 2.060281e-01 
2.049046e-01 2.037506e-01 2.025680e-01 2.013575e-01 2.001184e-01 
1.988500e-01 1.975531e-01 1.962306e-01 1.948859e-01 1.935217e-01 
1.921402e-01 1.907428e-01 1.893301e-01 1.879026e-01 1.864606e-01 
1.850040e-01 1.835330e-01 1.820476e-01 1.805478e-01 1.790334e-01 
1.775047e-01 1.759615e-01 1.744039e-01 1.728319e-01 1.712453e-01 
1.696443e-01 1.680286e-01 1.663980e-01 1.647523e-01 1.630913e-01 
1.614147e-01 1.597220e-01 1.580130e-01 1.562872e-01 1.545442e-01 
1.527836e-01 1.510049e-01 1.492078e-01 1.473918e-01 1.455566e-01 
1.437017e-01 1.418269e-01 1.399318e-01 1.380160e-01 1.360793e-01 
1.341211e-01 1.321409e-01 1.301383e-01 1.281127e-01 1.260633e-01 
1.239894e-01 1.218903e-01 1.197652e-01 1.176136e-01 1.154347e-01 
1.132278e-01 1.109921e-01 1.087269e-01 1.064313e-01 1.041041e-01 
1.017443e-01 9.935177e-02 9.692623e-02 9.446733e-02 9.197036e-02 
8.942631e-02 8.682491e-02 8.415250e-02 8.139401e-02 7.853857e-02 
7.558166e-02 7.251966e-02 6.935792e-02 6.610983e-02 6.279415e-02 
5.943077e-02 
@R ELONG 101 []
1.301939e+00 1.301927e+00 1.301893e+00 1.301852e+00 1.301783e+00 
1.301675e+00 1.301541e+00 1.301396e+00 1.301240e+00 1.301065e+00 
1.300873e+00 1.300667e+00 1.300449e+00 1.300218e+00 1.299977e+00 
1.299724e+00 1.299463e+00 1.299196e+00 1.298924e+00 1.298646e+00 
1.298366e+00 1.298086e+00 1.297808e+00 1.297533e+00 1.297263e+00 
1.296999e+00 1.296744e+00 1.296498e+00 1.296261e+00 1.296031e+00 
1.295808e+00 1.295598e+00 1.295406e+00 1.295232e+00 1.295078e+00 
1.294946e+00 1.294838e+00 1.294755e+00 1.294697e+00 1.294662e+00 
1.294652e+00 1.294664e+00 1.294699e+00 1.294756e+00 1.294835e+00 
1.294937e+00 1.295060e+00 1.295206e+00 1.295374e+00 1.295564e+00 
1.295777e+00 1.296013e+00 1.296272e+00 1.296554e+00 1.296859e+00 
1.297187e+00 1.297539e+00 1.297915e+00 1.298314e+00 1.298737e+00 
1.299185e+00 1.299658e+00 1.300155e+00 1.300679e+00 1.301229e+00 
1.301807e+00 1.302412e+00 1.303047e+00 1.303712e+00 1.304409e+00 
1.305138e+00 1.305901e+00 1.306700e+00 1.307535e+00 1.308407e+00 
1.309319e+00 1.310271e+00 1.311267e+00 1.312307e+00 1.313394e+00 
1.314532e+00 1.315722e+00 1.316967e+00 1.318272e+00 1.319638e+00 
1.321070e+00 1.322573e+00 1.324154e+00 1.325821e+00 1.327579e+00 
1.329422e+00 1.331337e+00 1.333306e+00 1.335305e+00 1.337322e+00 
1.339360e+00 1.341424e+00 1.343538e+00 1.345761e+00 1.348169e+00 
1.350851e+00 
@R TRIAG 101 []
0.000000e+00 3.214240e-02 3.058507e-02 2.901611e-02 2.743663e-02 
2.585390e-02 2.426321e-02 2.265804e-02 2.103978e-02 1.941029e-02 
1.776541e-02 1.610319e-02 1.442433e-02 1.272742e-02 1.101126e-02 
9.275330e-03 7.517793e-03 5.737776e-03 3.934509e-03 2.108143e-03 
2.577905e-04 -1.617686e-03 -3.518363e-03 -5.445094e-03 -7.399778e-03 
-9.382077e-03 -1.139010e-02 -1.342335e-02 -1.548377e-02 -1.757587e-02 
-1.970348e-02 -2.186582e-02 -2.405729e-02 -2.627648e-02 -2.852537e-02 
-3.080752e-02 -3.312832e-02 -3.549006e-02 -3.788980e-02 -4.032490e-02 
-4.279380e-02 -4.529534e-02 -4.782954e-02 -5.039718e-02 -5.299906e-02 
-5.563587e-02 -5.830870e-02 -6.101800e-02 -6.376466e-02 -6.654968e-02 
-6.937417e-02 -7.223894e-02 -7.514505e-02 -7.809338e-02 -8.108549e-02 
-8.412234e-02 -8.720535e-02 -9.033576e-02 -9.351495e-02 -9.674475e-02 
-1.000267e-01 -1.033627e-01 -1.067548e-01 -1.102053e-01 -1.137166e-01 
-1.172926e-01 -1.209362e-01 -1.246502e-01 -1.284378e-01 -1.323021e-01 
-1.362463e-01 -1.402740e-01 -1.443891e-01 -1.485953e-01 -1.528967e-01 
-1.572979e-01 -1.618038e-01 -1.664196e-01 -1.711511e-01 -1.760051e-01 
-1.809893e-01 -1.861123e-01 -1.913830e-01 -1.968097e-01 -2.024017e-01 
-2.081683e-01 -2.141236e-01 -2.202889e-01 -2.266929e-01 -2.333690e-01 
-2.403086e-01 -2.474699e-01 -2.548095e-01 -2.622930e-01 -2.699660e-01 
-2.778988e-01 -2.861367e-01 -2.946515e-01 -3.032600e-01 -3.119949e-01 
-3.212305e-01 
