 20-Jul-26 07/09/2014
     1               1
  0.200000000E+01
*   2.000             1               0 MAR   3   2 CLC    40   41
  0.000000000E+00 0.170000000E+03 0.200000000E+01 0.679320679E+06
  0.679320679E+06 0.172217115E+03 0.737920872E+00 0.414478838E+02
  0.135117367E+01-0.370987225E+00-0.306900720E+00 0.781038606E+07
  0.177146966E+03 0.181393896E+01 0.234379468E+01 0.127879932E+01
  0.649450130E+00 0.856370694E+00 0.100000000E+11 0.105108285E+02
  0.100000000E+11 0.100000000E+11 0.203090321E+01-0.121128367E+01
  0.770944552E+02 0.108454089E+03 0.538453763E+02
  0.000000000E+00 0.000000000E+00 0.000000000E+00
  0.827173900E+02 0.797493097E+02
  0.000000000E+00 0.000000000E+00
  0.165009224E+01 0.277032616E+00 0.204493835E+01 0.113288016E+01
  0.769224662E+00 0.222594155E+01-0.500000000E+02-0.500000000E+02
 -0.500000000E+02 0.302166850E+00 0.710754114E+04 0.232344018E+06
  0.864492628E-04 0.130358390E+01 0.973147665E+00 0.506114928E-02
  0.128293515E+01 0.173080717E+03 0.000000000E+00 0.000000000E+00
 -0.999000000E+03-0.999000000E+03-0.999000000E+03-0.999000000E+03
 -0.100000000E+03-0.500000000E+02 0.192986500E+01 0.190971585E+01
  0.631756852E+01 0.396173531E+02 0.100000000E+03 0.105108285E+02
  0.178036958E+03 0.206994343E+01 0.464920854E+00 0.000000000E+00
  0.101220424E+01 0.199308004E+01 0.362121107E+06 0.000000000E+00
  0.000000000E+00 0.000000000E+00 0.894701200E+00 0.100000000E+02
    44   60   18    6
  0.177280755E+00 0.142109003E+00 0.191541466E+00 0.152790185E+00
  0.646081380E-01-0.252151173E-01 0.546242498E+00-0.762514551E-01
 -0.486173872E+00 0.244479903E+00 0.147463994E+00 0.244081788E-01
 -0.399264683E-01-0.738077966E-01-0.915424222E-01 0.561135938E+00
 -0.874882106E-01-0.230776795E-01 0.218496274E+00 0.160538898E+00
  0.168917590E+00 0.170107068E+00 0.100797966E+00 0.172907948E-01
 -0.346832711E+00 0.403684567E+00 0.433472916E+00 0.212585813E-01
  0.734790453E-01 0.204872435E+00 0.885270298E-01-0.630632573E-02
 -0.481730171E-01-0.674505141E-01 0.960728621E-01 0.480658174E+00
  0.470640084E+00-0.499414069E-01 0.219442337E-01-0.366158794E-01
 -0.105547519E-01 0.116868820E-01 0.568401298E-01 0.119640085E+00
  0.107115543E+00 0.236112235E+00 0.223509226E+00-0.164383474E+00
 -0.265936980E+00-0.385403998E-01 0.301794486E+00 0.654561887E+00
  0.301106766E+00-0.159600414E+00-0.337224407E+00-0.874020614E-01
  0.239994167E+00 0.325529935E+00 0.257662712E+00-0.362614218E-01
  0.112391724E+00 0.237461666E+00 0.169193907E+00 0.202384615E+00
  0.226103421E+00 0.218796702E+00 0.295010091E+00-0.103468472E+00
 -0.318520352E+00-0.293150816E+00-0.628282801E-01 0.303314587E+00
  0.363240978E+00 0.280432993E+00 0.405674493E+00 0.783955897E+00
  0.313718784E+00 0.433973633E-01-0.196671504E+00-0.272565376E+00
 -0.689790077E-01 0.918996670E-01 0.324162242E+00 0.255361489E+00
  0.365170347E+00 0.108927458E+00-0.614842846E-01-0.255206514E+00
 -0.310820225E+00-0.104112237E+00 0.290999429E+00 0.220331653E+00
  0.225071253E+00 0.202616959E+00 0.166100512E+00 0.234660813E+00
  0.114398196E+00-0.327641032E-01 0.109795034E+00 0.235982804E+00
  0.225813875E+00-0.149929433E+00-0.271337451E+00-0.363410699E-01
  0.297656091E+05-0.422798719E+05 0.262972909E+06 0.247316871E+06
  0.103441451E+06-0.319406449E+06 0.626458403E+06-0.509622517E+05
 -0.791520457E+06 0.337495794E+06 0.941031945E+05-0.105332123E+06
 -0.111077870E+06-0.106587486E+06-0.417031174E+06 0.574249653E+06
 -0.134555918E+06-0.169931301E+06
  0.000000000E+00 0.000000000E+00 0.000000000E+00 0.000000000E+00
  0.000000000E+00 0.000000000E+00
  0.000000000E+00 0.000000000E+00 0.000000000E+00 0.000000000E+00
  0.000000000E+00 0.000000000E+00 0.000000000E+00 0.000000000E+00
  0.000000000E+00 0.000000000E+00 0.559484929E+02 0.000000000E+00
  0.246599188E+00 0.109401921E+01 0.400000006E+02-0.152731920E+00
 -0.117980958E+01 0.000000000E+00 0.999000000E+03 0.190035048E+01
 -0.100000000E+02 0.973147665E+00 0.000000000E+00 0.505317004E-01
 -0.100000000E+02 0.000000000E+00 0.221578697E+01 0.000000000E+00
  0.143525913E+00 0.281248963E+01 0.130769231E+01 0.213451053E+01
  0.339561626E+02 0.334152455E+01-0.890000000E+02-0.890000000E+02
 -0.890000000E+02-0.890000000E+02-0.890000000E+02-0.890000000E+02
 -0.890000000E+02-0.890000000E+02-0.890000000E+02-0.890000000E+02
 -0.890000000E+02-0.890000000E+02-0.890000000E+02-0.890000000E+02
 -0.890000000E+02 0.000000000E+00 0.697388286E+00 0.940537527E+00
  0.141786061E+03 0.186265625E+03 0.000000000E+00 0.818050957E+00
  0.100000000E+01 0.000000000E+00 0.000000000E+00 0.000000000E+00
                                            EQG
