 # generated by zfastran.py Ver+Oct2009
@R INFLAG 1 []
  1.000000000e+00
@R TIME0 1 [s]
  0.000000000e+00
@R IP 1 []
  9.999999995e+00
@R BCENTR 1 []
  1.100000000e+01
@R RMAJOR 1 []
  4.550000000e+00
@R AMINOR 1 []
  1.106801594e+00
@R ELONGB 1 []
  1.339594786e+00
@R TRIANB 1 []
 -3.080425967e-01
@R RHO 101 []
  0.000000000e+00  1.000000000e-02  2.000000000e-02  3.000000000e-02
  4.000000000e-02  5.000000000e-02  6.000000000e-02  7.000000000e-02
  8.000000000e-02  9.000000000e-02  1.000000000e-01  1.100000000e-01
  1.200000000e-01  1.300000000e-01  1.400000000e-01  1.500000000e-01
  1.600000000e-01  1.700000000e-01  1.800000000e-01  1.900000000e-01
  2.000000000e-01  2.100000000e-01  2.200000000e-01  2.300000000e-01
  2.400000000e-01  2.500000000e-01  2.600000000e-01  2.700000000e-01
  2.800000000e-01  2.900000000e-01  3.000000000e-01  3.100000000e-01
  3.200000000e-01  3.300000000e-01  3.400000000e-01  3.500000000e-01
  3.600000000e-01  3.700000000e-01  3.800000000e-01  3.900000000e-01
  4.000000000e-01  4.100000000e-01  4.200000000e-01  4.300000000e-01
  4.400000000e-01  4.500000000e-01  4.600000000e-01  4.700000000e-01
  4.800000000e-01  4.900000000e-01  5.000000000e-01  5.100000000e-01
  5.200000000e-01  5.300000000e-01  5.400000000e-01  5.500000000e-01
  5.600000000e-01  5.700000000e-01  5.800000000e-01  5.900000000e-01
  6.000000000e-01  6.100000000e-01  6.200000000e-01  6.300000000e-01
  6.400000000e-01  6.500000000e-01  6.600000000e-01  6.700000000e-01
  6.800000000e-01  6.900000000e-01  7.000000000e-01  7.100000000e-01
  7.200000000e-01  7.300000000e-01  7.400000000e-01  7.500000000e-01
  7.600000000e-01  7.700000000e-01  7.800000000e-01  7.900000000e-01
  8.000000000e-01  8.100000000e-01  8.200000000e-01  8.300000000e-01
  8.400000000e-01  8.500000000e-01  8.600000000e-01  8.700000000e-01
  8.800000000e-01  8.900000000e-01  9.000000000e-01  9.100000000e-01
  9.200000000e-01  9.300000000e-01  9.400000000e-01  9.500000000e-01
  9.600000000e-01  9.700000000e-01  9.800000000e-01  9.900000000e-01
  1.000000000e+00
@R AMAIN 1 []
  2.500000000e+00
@R ZMAIN 1 []
  1.000000000e+00
@I NIMP 1 []
                1
@R AIMP 1 []
  1.820000000e+02
@R ZIMP 1 []
  7.400000000e+01
@R FIMP 1 []
  1.285884892e-04
@R ENE 101 []
  2.762403851e+01  2.762403851e+01  2.757453042e+01  2.752149279e+01
  2.746497207e+01  2.740501472e+01  2.734166722e+01  2.727497602e+01
  2.720498759e+01  2.713174839e+01  2.705530488e+01  2.697570352e+01
  2.689299079e+01  2.680721313e+01  2.671841702e+01  2.662664892e+01
  2.653195529e+01  2.643438259e+01  2.633397729e+01  2.623078585e+01
  2.612485473e+01  2.601623040e+01  2.590495931e+01  2.579108794e+01
  2.567466274e+01  2.555573018e+01  2.543433672e+01  2.531052882e+01
  2.518435295e+01  2.505585556e+01  2.492508313e+01  2.479208212e+01
  2.465689898e+01  2.451958019e+01  2.438017220e+01  2.423872147e+01
  2.409527448e+01  2.394987768e+01  2.380257753e+01  2.365342051e+01
  2.350245306e+01  2.334972166e+01  2.319527276e+01  2.303915284e+01
  2.288140834e+01  2.272208574e+01  2.256123149e+01  2.239889205e+01
  2.223511389e+01  2.206994345e+01  2.190342719e+01  2.173561156e+01
  2.156654301e+01  2.139626796e+01  2.122483284e+01  2.105228405e+01
  2.087866797e+01  2.070403094e+01  2.052841924e+01  2.035187907e+01
  2.017445652e+01  1.999619753e+01  1.981714778e+01  1.963735262e+01
  1.945685693e+01  1.927570486e+01  1.909393958e+01  1.891160281e+01
  1.872873422e+01  1.854537049e+01  1.836154408e+01  1.817728136e+01
  1.799259997e+01  1.780750513e+01  1.762198423e+01  1.743599921e+01
  1.724947569e+01  1.706228755e+01  1.687423497e+01  1.668501348e+01
  1.649417037e+01  1.630104368e+01  1.610467768e+01  1.590370723e+01
  1.569620277e+01  1.547946898e+01  1.524979663e+01  1.500218367e+01
  1.473007884e+01  1.442526937e+01  1.407814433e+01  1.367869803e+01
  1.321870145e+01  1.269524596e+01  1.211507031e+01  1.149775274e+01
  1.087495320e+01  1.028410577e+01  9.758564452e+00  9.319240583e+00
  8.971822140e+00
@R TE 101 []
  1.838725111e+01  1.838725111e+01  1.833248823e+01  1.826766879e+01
  1.819291336e+01  1.810835751e+01  1.801415169e+01  1.791046092e+01
  1.779746444e+01  1.767535534e+01  1.754434013e+01  1.740463823e+01
  1.725648145e+01  1.710011335e+01  1.693578870e+01  1.676377274e+01
  1.658434049e+01  1.639777605e+01  1.620437181e+01  1.600442765e+01
  1.579825018e+01  1.558615188e+01  1.536845031e+01  1.514546720e+01
  1.491752771e+01  1.468495950e+01  1.444809195e+01  1.420725532e+01
  1.396277990e+01  1.371499531e+01  1.346422962e+01  1.321202900e+01
  1.295988180e+01  1.270802776e+01  1.245670664e+01  1.220615819e+01
  1.195665239e+01  1.170842520e+01  1.146166538e+01  1.121656166e+01
  1.097330281e+01  1.073225646e+01  1.049370400e+01  1.025770479e+01
  1.002431818e+01  9.793603553e+00  9.565590032e+00  9.340237182e+00
  9.117500036e+00  8.897333606e+00  8.679692921e+00  8.464543555e+00
  8.251877501e+00  8.041689411e+00  7.833973934e+00  7.628725722e+00
  7.425914822e+00  7.225513904e+00  7.027521549e+00  6.831936341e+00
  6.638756860e+00  6.447993971e+00  6.259663985e+00  6.073773656e+00
  5.890329739e+00  5.709338986e+00  5.530830742e+00  5.354837407e+00
  5.181370317e+00  5.010440798e+00  4.842060160e+00  4.676238776e+00
  4.512969299e+00  4.352236371e+00  4.194024492e+00  4.038317907e+00
  3.885071617e+00  3.734241826e+00  3.585813238e+00  3.439768336e+00
  3.296085772e+00  3.154695721e+00  3.015620286e+00  2.878955613e+00
  2.744764407e+00  2.613052097e+00  2.484275215e+00  2.358461324e+00
  2.234677866e+00  2.111529931e+00  1.986884752e+00  1.849454824e+00
  1.696936167e+00  1.519482457e+00  1.308081227e+00  1.061947110e+00
  7.973584997e-01  5.467929430e-01  3.418835477e-01  1.956468356e-01
  1.018045725e-01
@R TI 101 []
  1.867338875e+01  1.867338875e+01  1.861571803e+01  1.854637517e+01
  1.846550192e+01  1.837326303e+01  1.826984575e+01  1.815545940e+01
  1.803033470e+01  1.789472308e+01  1.774889587e+01  1.759314337e+01
  1.742777385e+01  1.725311251e+01  1.706950033e+01  1.687729283e+01
  1.667685885e+01  1.646857919e+01  1.625284533e+01  1.603005798e+01
  1.580062568e+01  1.556496344e+01  1.532349126e+01  1.507663272e+01
  1.482481360e+01  1.456846048e+01  1.430799932e+01  1.404385425e+01
  1.377644618e+01  1.350619161e+01  1.323350144e+01  1.296146014e+01
  1.269299741e+01  1.242828715e+01  1.216750325e+01  1.191081962e+01
  1.165840022e+01  1.141024001e+01  1.116625940e+01  1.092637880e+01
  1.069051860e+01  1.045852969e+01  1.023019982e+01  1.000535473e+01
  9.783820169e+00  9.565421857e+00  9.349869677e+00  9.136934426e+00
  8.926533254e+00  8.718583300e+00  8.513001715e+00  8.309697417e+00
  8.108597040e+00  7.909644285e+00  7.712782855e+00  7.517956452e+00
  7.325107586e+00  7.134213078e+00  6.945268101e+00  6.758267828e+00
  6.573207432e+00  6.390086992e+00  6.208922665e+00  6.029733736e+00
  5.852539494e+00  5.677359223e+00  5.504211539e+00  5.333119560e+00
  5.164109328e+00  4.997206872e+00  4.832438211e+00  4.669830855e+00
  4.509403790e+00  4.351170162e+00  4.195142982e+00  4.041335027e+00
  3.889762726e+00  3.740418927e+00  3.593279772e+00  3.448319302e+00
  3.305507929e+00  3.164660885e+00  3.025675255e+00  2.888624693e+00
  2.753550677e+00  2.620439352e+00  2.489974013e+00  2.362456327e+00
  2.237012427e+00  2.112314019e+00  1.986303107e+00  1.848579911e+00
  1.696163239e+00  1.519155659e+00  1.308315561e+00  1.062476426e+00
  7.976781181e-01  5.466371296e-01  3.414920387e-01  1.954800951e-01
  1.021643074e-01
@R ZEFF 101 []
  1.694635018e+00  1.694635018e+00  1.694234623e+00  1.693700246e+00
  1.693019225e+00  1.692178152e+00  1.691128459e+00  1.689680510e+00
  1.687596132e+00  1.684608560e+00  1.680400544e+00  1.675145787e+00
  1.669366890e+00  1.663243715e+00  1.657002343e+00  1.650918831e+00
  1.644981563e+00  1.638982372e+00  1.632940178e+00  1.626875333e+00
  1.620809449e+00  1.614770281e+00  1.608780908e+00  1.602856275e+00
  1.597010564e+00  1.591257038e+00  1.585602284e+00  1.580048090e+00
  1.574598776e+00  1.569257449e+00  1.564026132e+00  1.558927957e+00
  1.553997255e+00  1.549250961e+00  1.544704207e+00  1.540370055e+00
  1.536258302e+00  1.532371113e+00  1.528707007e+00  1.525262739e+00
  1.522033492e+00  1.519011532e+00  1.516186553e+00  1.513548378e+00
  1.511086410e+00  1.508789835e+00  1.506645061e+00  1.504640372e+00
  1.502767699e+00  1.501019035e+00  1.499386516e+00  1.497862392e+00
  1.496439519e+00  1.495111280e+00  1.493871328e+00  1.492713616e+00
  1.491632376e+00  1.490622707e+00  1.489680245e+00  1.488800831e+00
  1.487980518e+00  1.487215659e+00  1.486503007e+00  1.485839486e+00
  1.485222177e+00  1.484648311e+00  1.484115251e+00  1.483620555e+00
  1.483161954e+00  1.482737306e+00  1.482344592e+00  1.481981928e+00
  1.481647480e+00  1.481339502e+00  1.481056374e+00  1.480796591e+00
  1.480558767e+00  1.480341520e+00  1.480143544e+00  1.479963658e+00
  1.479800793e+00  1.479653596e+00  1.479521184e+00  1.479403173e+00
  1.479299061e+00  1.479208239e+00  1.479130981e+00  1.479066598e+00
  1.479013241e+00  1.478969381e+00  1.478933747e+00  1.478902306e+00
  1.478876993e+00  1.478857504e+00  1.478844259e+00  1.478837319e+00
  1.478834996e+00  1.478834599e+00  1.478834573e+00  1.478834572e+00
  1.478834572e+00
@R OMEGA 101 []
  4.992501875e+03  4.992501875e+03  4.978801804e+03  4.961079526e+03
  4.940120160e+03  4.916382264e+03  4.890178959e+03  4.861743180e+03
  4.831258024e+03  4.798873089e+03  4.764714177e+03  4.728889466e+03
  4.691493659e+03  4.652610886e+03  4.612316799e+03  4.570680145e+03
  4.527763951e+03  4.483626454e+03  4.438321832e+03  4.391900796e+03
  4.344411068e+03  4.295897774e+03  4.246403778e+03  4.195969955e+03
  4.144635428e+03  4.092437767e+03  4.039413164e+03  3.985596584e+03
  3.931021896e+03  3.875721988e+03  3.819728870e+03  3.763073767e+03
  3.705787199e+03  3.647899055e+03  3.589438660e+03  3.530434837e+03
  3.470915960e+03  3.410910006e+03  3.350444605e+03  3.289547080e+03
  3.228244492e+03  3.166563674e+03  3.104531273e+03  3.042173783e+03
  2.979517575e+03  2.916588934e+03  2.853414088e+03  2.790019238e+03
  2.726430588e+03  2.662674375e+03  2.598776897e+03  2.534764544e+03
  2.470663824e+03  2.406501396e+03  2.342304099e+03  2.278098979e+03
  2.213913327e+03  2.149774707e+03  2.085710992e+03  2.021750397e+03
  1.957921519e+03  1.894253376e+03  1.830775447e+03  1.767517715e+03
  1.704510722e+03  1.641785608e+03  1.579374179e+03  1.517308956e+03
  1.455623246e+03  1.394351213e+03  1.333527952e+03  1.273189580e+03
  1.213373329e+03  1.154117653e+03  1.095462349e+03  1.037448686e+03
  9.801195629e+02  9.235196753e+02  8.676957162e+02  8.126966008e+02
  7.585737302e+02  7.053812976e+02  6.531766492e+02  6.020207128e+02
  5.519785103e+02  5.031197796e+02  4.555197357e+02  4.092600162e+02
  3.644298727e+02  3.211276991e+02  2.794630303e+02  2.395592200e+02
  2.015571260e+02  1.656203590e+02  1.319430748e+02  1.007621703e+02
  7.237775876e+01  4.719105135e+01  2.578549737e+01  9.151104569e+00
 -2.128075494e-12
@R Q 101 []
  0.000000000e+00  0.000000000e+00  0.000000000e+00  0.000000000e+00
  0.000000000e+00  0.000000000e+00  0.000000000e+00  0.000000000e+00
  0.000000000e+00  0.000000000e+00  0.000000000e+00  0.000000000e+00
  0.000000000e+00  0.000000000e+00  0.000000000e+00  0.000000000e+00
  0.000000000e+00  0.000000000e+00  0.000000000e+00  0.000000000e+00
  0.000000000e+00  0.000000000e+00  0.000000000e+00  0.000000000e+00
  0.000000000e+00  0.000000000e+00  0.000000000e+00  0.000000000e+00
  0.000000000e+00  0.000000000e+00  0.000000000e+00  0.000000000e+00
  0.000000000e+00  0.000000000e+00  0.000000000e+00  0.000000000e+00
  0.000000000e+00  0.000000000e+00  0.000000000e+00  0.000000000e+00
  0.000000000e+00  0.000000000e+00  0.000000000e+00  0.000000000e+00
  0.000000000e+00  0.000000000e+00  0.000000000e+00  0.000000000e+00
  0.000000000e+00  0.000000000e+00  0.000000000e+00  0.000000000e+00
  0.000000000e+00  0.000000000e+00  0.000000000e+00  0.000000000e+00
  0.000000000e+00  0.000000000e+00  0.000000000e+00  0.000000000e+00
  0.000000000e+00  0.000000000e+00  0.000000000e+00  0.000000000e+00
  0.000000000e+00  0.000000000e+00  0.000000000e+00  0.000000000e+00
  0.000000000e+00  0.000000000e+00  0.000000000e+00  0.000000000e+00
  0.000000000e+00  0.000000000e+00  0.000000000e+00  0.000000000e+00
  0.000000000e+00  0.000000000e+00  0.000000000e+00  0.000000000e+00
  0.000000000e+00  0.000000000e+00  0.000000000e+00  0.000000000e+00
  0.000000000e+00  0.000000000e+00  0.000000000e+00  0.000000000e+00
  0.000000000e+00  0.000000000e+00  0.000000000e+00  0.000000000e+00
  0.000000000e+00  0.000000000e+00  0.000000000e+00  0.000000000e+00
  0.000000000e+00  0.000000000e+00  0.000000000e+00  0.000000000e+00
  0.000000000e+00
@R FP 101 []
  0.000000000e+00  0.000000000e+00  0.000000000e+00  0.000000000e+00
  0.000000000e+00  0.000000000e+00  0.000000000e+00  0.000000000e+00
  0.000000000e+00  0.000000000e+00  0.000000000e+00  0.000000000e+00
  0.000000000e+00  0.000000000e+00  0.000000000e+00  0.000000000e+00
  0.000000000e+00  0.000000000e+00  0.000000000e+00  0.000000000e+00
  0.000000000e+00  0.000000000e+00  0.000000000e+00  0.000000000e+00
  0.000000000e+00  0.000000000e+00  0.000000000e+00  0.000000000e+00
  0.000000000e+00  0.000000000e+00  0.000000000e+00  0.000000000e+00
  0.000000000e+00  0.000000000e+00  0.000000000e+00  0.000000000e+00
  0.000000000e+00  0.000000000e+00  0.000000000e+00  0.000000000e+00
  0.000000000e+00  0.000000000e+00  0.000000000e+00  0.000000000e+00
  0.000000000e+00  0.000000000e+00  0.000000000e+00  0.000000000e+00
  0.000000000e+00  0.000000000e+00  0.000000000e+00  0.000000000e+00
  0.000000000e+00  0.000000000e+00  0.000000000e+00  0.000000000e+00
  0.000000000e+00  0.000000000e+00  0.000000000e+00  0.000000000e+00
  0.000000000e+00  0.000000000e+00  0.000000000e+00  0.000000000e+00
  0.000000000e+00  0.000000000e+00  0.000000000e+00  0.000000000e+00
  0.000000000e+00  0.000000000e+00  0.000000000e+00  0.000000000e+00
  0.000000000e+00  0.000000000e+00  0.000000000e+00  0.000000000e+00
  0.000000000e+00  0.000000000e+00  0.000000000e+00  0.000000000e+00
  0.000000000e+00  0.000000000e+00  0.000000000e+00  0.000000000e+00
  0.000000000e+00  0.000000000e+00  0.000000000e+00  0.000000000e+00
  0.000000000e+00  0.000000000e+00  0.000000000e+00  0.000000000e+00
  0.000000000e+00  0.000000000e+00  0.000000000e+00  0.000000000e+00
  0.000000000e+00  0.000000000e+00  0.000000000e+00  0.000000000e+00
  0.000000000e+00
@R CURPAR 101 []
  3.703896920e+00  3.703687574e+00  3.702923370e+00  3.701395147e+00
  3.699049266e+00  3.695930284e+00  3.692075342e+00  3.687502918e+00
  3.682221979e+00  3.676235646e+00  3.669544782e+00  3.662149576e+00
  3.654050059e+00  3.645246235e+00  3.635738106e+00  3.625525671e+00
  3.614608930e+00  3.602987883e+00  3.590662530e+00  3.577632872e+00
  3.563898907e+00  3.549460637e+00  3.534318061e+00  3.518471179e+00
  3.501919991e+00  3.484664497e+00  3.466704697e+00  3.448040592e+00
  3.428672180e+00  3.408599463e+00  3.387822440e+00  3.366341111e+00
  3.344155476e+00  3.321265535e+00  3.297671288e+00  3.273372736e+00
  3.248369878e+00  3.222662713e+00  3.196251243e+00  3.169135468e+00
  3.141315386e+00  3.112790998e+00  3.083562304e+00  3.053629305e+00
  3.022991999e+00  2.991650388e+00  2.959604471e+00  2.926854248e+00
  2.893399719e+00  2.859240884e+00  2.824377744e+00  2.788810297e+00
  2.752538545e+00  2.715562487e+00  2.677882123e+00  2.639497453e+00
  2.600408477e+00  2.560615195e+00  2.520117608e+00  2.478915715e+00
  2.437009516e+00  2.394399011e+00  2.351084199e+00  2.307065082e+00
  2.262341659e+00  2.216913931e+00  2.170781897e+00  2.123945556e+00
  2.076404910e+00  2.028159958e+00  1.979210700e+00  1.929557136e+00
  1.879199267e+00  1.828137091e+00  1.776370610e+00  1.723899822e+00
  1.670724729e+00  1.616845330e+00  1.562261625e+00  1.506973614e+00
  1.450981298e+00  1.394284675e+00  1.336883747e+00  1.278778513e+00
  1.219968973e+00  1.160455127e+00  1.100236975e+00  1.039314517e+00
  9.776877534e-01  9.153566923e-01  8.523215269e-01  7.885843729e-01
  7.241596179e-01  6.591157340e-01  5.936987318e-01  5.285950517e-01
  4.653323414e-01  4.067655986e-01  3.566678552e-01  3.204214779e-01
  3.066194133e-01
@R CURBEAM 101 []
  0.000000000e+00  0.000000000e+00  0.000000000e+00  0.000000000e+00
  0.000000000e+00  0.000000000e+00  0.000000000e+00  0.000000000e+00
  0.000000000e+00  0.000000000e+00  0.000000000e+00  0.000000000e+00
  0.000000000e+00  0.000000000e+00  0.000000000e+00  0.000000000e+00
  0.000000000e+00  0.000000000e+00  0.000000000e+00  0.000000000e+00
  0.000000000e+00  0.000000000e+00  0.000000000e+00  0.000000000e+00
  0.000000000e+00  0.000000000e+00  0.000000000e+00  0.000000000e+00
  0.000000000e+00  0.000000000e+00  0.000000000e+00  0.000000000e+00
  0.000000000e+00  0.000000000e+00  0.000000000e+00  0.000000000e+00
  0.000000000e+00  0.000000000e+00  0.000000000e+00  0.000000000e+00
  0.000000000e+00  0.000000000e+00  0.000000000e+00  0.000000000e+00
  0.000000000e+00  0.000000000e+00  0.000000000e+00  0.000000000e+00
  0.000000000e+00  0.000000000e+00  0.000000000e+00  0.000000000e+00
  0.000000000e+00  0.000000000e+00  0.000000000e+00  0.000000000e+00
  0.000000000e+00  0.000000000e+00  0.000000000e+00  0.000000000e+00
  0.000000000e+00  0.000000000e+00  0.000000000e+00  0.000000000e+00
  0.000000000e+00  0.000000000e+00  0.000000000e+00  0.000000000e+00
  0.000000000e+00  0.000000000e+00  0.000000000e+00  0.000000000e+00
  0.000000000e+00  0.000000000e+00  0.000000000e+00  0.000000000e+00
  0.000000000e+00  0.000000000e+00  0.000000000e+00  0.000000000e+00
  0.000000000e+00  0.000000000e+00  0.000000000e+00  0.000000000e+00
  0.000000000e+00  0.000000000e+00  0.000000000e+00  0.000000000e+00
  0.000000000e+00  0.000000000e+00  0.000000000e+00  0.000000000e+00
  0.000000000e+00  0.000000000e+00  0.000000000e+00  0.000000000e+00
  0.000000000e+00  0.000000000e+00  0.000000000e+00  0.000000000e+00
  0.000000000e+00
@R CURRF 101 []
  3.318766298e-01  5.625728244e-01  9.451335520e-01  1.035770506e+00
  9.354185773e-01  9.944758075e-01  1.118019399e+00  9.997443353e-01
  7.604924164e-01  7.110935170e-01  7.631657110e-01  6.626165926e-01
  5.138006928e-01  5.273622454e-01  5.916003144e-01  5.255217882e-01
  4.171789458e-01  4.122101972e-01  4.397838876e-01  3.927649304e-01
  3.307891886e-01  3.369677479e-01  3.599294351e-01  3.281623562e-01
  2.746182764e-01  2.525710693e-01  2.421730791e-01  2.121234133e-01
  1.853162384e-01  1.866658903e-01  1.923080363e-01  1.717926298e-01
  1.386180792e-01  1.207656668e-01  1.128975315e-01  9.386431867e-02
  6.827518221e-02  5.600139815e-02  5.767219799e-02  5.827187799e-02
  5.214353369e-02  4.731618691e-02  4.911521223e-02  5.134754545e-02
  4.716568312e-02  3.877949347e-02  3.228715117e-02  2.950134042e-02
  2.818988232e-02  2.691208155e-02  2.587419372e-02  2.467203079e-02
  2.236078925e-02  1.922211435e-02  1.653468034e-02  1.469159269e-02
  1.304537567e-02  1.129832459e-02  9.873462248e-03  9.000777362e-03
  8.188692370e-03  7.039692222e-03  5.519900931e-03  3.836973181e-03
  3.328976694e-03  3.702919323e-03  3.614412416e-03  3.331322425e-03
  3.143150782e-03  2.886745739e-03  2.579440246e-03  2.331179591e-03
  2.036802664e-03  1.833716319e-03  1.724646787e-03  1.579280189e-03
  1.409229924e-03  1.252516951e-03  1.125709351e-03  1.023024691e-03
  9.303435724e-04  8.401002795e-04  7.537960874e-04  6.746068754e-04
  6.037852485e-04  5.408686211e-04  4.846251493e-04  4.323974577e-04
  3.798790923e-04  3.223884552e-04  2.583544471e-04  1.909791348e-04
  1.236649908e-04  5.853171949e-05  1.961308926e-06 -3.475569844e-05
 -4.285057622e-05 -2.417301147e-05  1.003244169e-05  6.114064560e-05
  9.296184875e-05
@R CURBOOT 101 []
  0.000000000e+00  0.000000000e+00  0.000000000e+00  0.000000000e+00
  0.000000000e+00  0.000000000e+00  0.000000000e+00  0.000000000e+00
  0.000000000e+00  0.000000000e+00  0.000000000e+00  0.000000000e+00
  0.000000000e+00  0.000000000e+00  0.000000000e+00  0.000000000e+00
  0.000000000e+00  0.000000000e+00  0.000000000e+00  0.000000000e+00
  0.000000000e+00  0.000000000e+00  0.000000000e+00  0.000000000e+00
  0.000000000e+00  0.000000000e+00  0.000000000e+00  0.000000000e+00
  0.000000000e+00  0.000000000e+00  0.000000000e+00  0.000000000e+00
  0.000000000e+00  0.000000000e+00  0.000000000e+00  0.000000000e+00
  0.000000000e+00  0.000000000e+00  0.000000000e+00  0.000000000e+00
  0.000000000e+00  0.000000000e+00  0.000000000e+00  0.000000000e+00
  0.000000000e+00  0.000000000e+00  0.000000000e+00  0.000000000e+00
  0.000000000e+00  0.000000000e+00  0.000000000e+00  0.000000000e+00
  0.000000000e+00  0.000000000e+00  0.000000000e+00  0.000000000e+00
  0.000000000e+00  0.000000000e+00  0.000000000e+00  0.000000000e+00
  0.000000000e+00  0.000000000e+00  0.000000000e+00  0.000000000e+00
  0.000000000e+00  0.000000000e+00  0.000000000e+00  0.000000000e+00
  0.000000000e+00  0.000000000e+00  0.000000000e+00  0.000000000e+00
  0.000000000e+00  0.000000000e+00  0.000000000e+00  0.000000000e+00
  0.000000000e+00  0.000000000e+00  0.000000000e+00  0.000000000e+00
  0.000000000e+00  0.000000000e+00  0.000000000e+00  0.000000000e+00
  0.000000000e+00  0.000000000e+00  0.000000000e+00  0.000000000e+00
  0.000000000e+00  0.000000000e+00  0.000000000e+00  0.000000000e+00
  0.000000000e+00  0.000000000e+00  0.000000000e+00  0.000000000e+00
  0.000000000e+00  0.000000000e+00  0.000000000e+00  0.000000000e+00
  0.000000000e+00
@R ENBEAM 101 []
  0.000000000e+00  0.000000000e+00  0.000000000e+00  0.000000000e+00
  0.000000000e+00  0.000000000e+00  0.000000000e+00  0.000000000e+00
  0.000000000e+00  0.000000000e+00  0.000000000e+00  0.000000000e+00
  0.000000000e+00  0.000000000e+00  0.000000000e+00  0.000000000e+00
  0.000000000e+00  0.000000000e+00  0.000000000e+00  0.000000000e+00
  0.000000000e+00  0.000000000e+00  0.000000000e+00  0.000000000e+00
  0.000000000e+00  0.000000000e+00  0.000000000e+00  0.000000000e+00
  0.000000000e+00  0.000000000e+00  0.000000000e+00  0.000000000e+00
  0.000000000e+00  0.000000000e+00  0.000000000e+00  0.000000000e+00
  0.000000000e+00  0.000000000e+00  0.000000000e+00  0.000000000e+00
  0.000000000e+00  0.000000000e+00  0.000000000e+00  0.000000000e+00
  0.000000000e+00  0.000000000e+00  0.000000000e+00  0.000000000e+00
  0.000000000e+00  0.000000000e+00  0.000000000e+00  0.000000000e+00
  0.000000000e+00  0.000000000e+00  0.000000000e+00  0.000000000e+00
  0.000000000e+00  0.000000000e+00  0.000000000e+00  0.000000000e+00
  0.000000000e+00  0.000000000e+00  0.000000000e+00  0.000000000e+00
  0.000000000e+00  0.000000000e+00  0.000000000e+00  0.000000000e+00
  0.000000000e+00  0.000000000e+00  0.000000000e+00  0.000000000e+00
  0.000000000e+00  0.000000000e+00  0.000000000e+00  0.000000000e+00
  0.000000000e+00  0.000000000e+00  0.000000000e+00  0.000000000e+00
  0.000000000e+00  0.000000000e+00  0.000000000e+00  0.000000000e+00
  0.000000000e+00  0.000000000e+00  0.000000000e+00  0.000000000e+00
  0.000000000e+00  0.000000000e+00  0.000000000e+00  0.000000000e+00
  0.000000000e+00  0.000000000e+00  0.000000000e+00  0.000000000e+00
  0.000000000e+00  0.000000000e+00  0.000000000e+00  0.000000000e+00
  0.000000000e+00
@R WBEAM 101 []
  0.000000000e+00  0.000000000e+00  0.000000000e+00  0.000000000e+00
  0.000000000e+00  0.000000000e+00  0.000000000e+00  0.000000000e+00
  0.000000000e+00  0.000000000e+00  0.000000000e+00  0.000000000e+00
  0.000000000e+00  0.000000000e+00  0.000000000e+00  0.000000000e+00
  0.000000000e+00  0.000000000e+00  0.000000000e+00  0.000000000e+00
  0.000000000e+00  0.000000000e+00  0.000000000e+00  0.000000000e+00
  0.000000000e+00  0.000000000e+00  0.000000000e+00  0.000000000e+00
  0.000000000e+00  0.000000000e+00  0.000000000e+00  0.000000000e+00
  0.000000000e+00  0.000000000e+00  0.000000000e+00  0.000000000e+00
  0.000000000e+00  0.000000000e+00  0.000000000e+00  0.000000000e+00
  0.000000000e+00  0.000000000e+00  0.000000000e+00  0.000000000e+00
  0.000000000e+00  0.000000000e+00  0.000000000e+00  0.000000000e+00
  0.000000000e+00  0.000000000e+00  0.000000000e+00  0.000000000e+00
  0.000000000e+00  0.000000000e+00  0.000000000e+00  0.000000000e+00
  0.000000000e+00  0.000000000e+00  0.000000000e+00  0.000000000e+00
  0.000000000e+00  0.000000000e+00  0.000000000e+00  0.000000000e+00
  0.000000000e+00  0.000000000e+00  0.000000000e+00  0.000000000e+00
  0.000000000e+00  0.000000000e+00  0.000000000e+00  0.000000000e+00
  0.000000000e+00  0.000000000e+00  0.000000000e+00  0.000000000e+00
  0.000000000e+00  0.000000000e+00  0.000000000e+00  0.000000000e+00
  0.000000000e+00  0.000000000e+00  0.000000000e+00  0.000000000e+00
  0.000000000e+00  0.000000000e+00  0.000000000e+00  0.000000000e+00
  0.000000000e+00  0.000000000e+00  0.000000000e+00  0.000000000e+00
  0.000000000e+00  0.000000000e+00  0.000000000e+00  0.000000000e+00
  0.000000000e+00  0.000000000e+00  0.000000000e+00  0.000000000e+00
  0.000000000e+00
@R QBEAME 101 []
  0.000000000e+00  0.000000000e+00  0.000000000e+00  0.000000000e+00
  0.000000000e+00  0.000000000e+00  0.000000000e+00  0.000000000e+00
  0.000000000e+00  0.000000000e+00  0.000000000e+00  0.000000000e+00
  0.000000000e+00  0.000000000e+00  0.000000000e+00  0.000000000e+00
  0.000000000e+00  0.000000000e+00  0.000000000e+00  0.000000000e+00
  0.000000000e+00  0.000000000e+00  0.000000000e+00  0.000000000e+00
  0.000000000e+00  0.000000000e+00  0.000000000e+00  0.000000000e+00
  0.000000000e+00  0.000000000e+00  0.000000000e+00  0.000000000e+00
  0.000000000e+00  0.000000000e+00  0.000000000e+00  0.000000000e+00
  0.000000000e+00  0.000000000e+00  0.000000000e+00  0.000000000e+00
  0.000000000e+00  0.000000000e+00  0.000000000e+00  0.000000000e+00
  0.000000000e+00  0.000000000e+00  0.000000000e+00  0.000000000e+00
  0.000000000e+00  0.000000000e+00  0.000000000e+00  0.000000000e+00
  0.000000000e+00  0.000000000e+00  0.000000000e+00  0.000000000e+00
  0.000000000e+00  0.000000000e+00  0.000000000e+00  0.000000000e+00
  0.000000000e+00  0.000000000e+00  0.000000000e+00  0.000000000e+00
  0.000000000e+00  0.000000000e+00  0.000000000e+00  0.000000000e+00
  0.000000000e+00  0.000000000e+00  0.000000000e+00  0.000000000e+00
  0.000000000e+00  0.000000000e+00  0.000000000e+00  0.000000000e+00
  0.000000000e+00  0.000000000e+00  0.000000000e+00  0.000000000e+00
  0.000000000e+00  0.000000000e+00  0.000000000e+00  0.000000000e+00
  0.000000000e+00  0.000000000e+00  0.000000000e+00  0.000000000e+00
  0.000000000e+00  0.000000000e+00  0.000000000e+00  0.000000000e+00
  0.000000000e+00  0.000000000e+00  0.000000000e+00  0.000000000e+00
  0.000000000e+00  0.000000000e+00  0.000000000e+00  0.000000000e+00
  0.000000000e+00
@R QBEAMI 101 []
  0.000000000e+00  0.000000000e+00  0.000000000e+00  0.000000000e+00
  0.000000000e+00  0.000000000e+00  0.000000000e+00  0.000000000e+00
  0.000000000e+00  0.000000000e+00  0.000000000e+00  0.000000000e+00
  0.000000000e+00  0.000000000e+00  0.000000000e+00  0.000000000e+00
  0.000000000e+00  0.000000000e+00  0.000000000e+00  0.000000000e+00
  0.000000000e+00  0.000000000e+00  0.000000000e+00  0.000000000e+00
  0.000000000e+00  0.000000000e+00  0.000000000e+00  0.000000000e+00
  0.000000000e+00  0.000000000e+00  0.000000000e+00  0.000000000e+00
  0.000000000e+00  0.000000000e+00  0.000000000e+00  0.000000000e+00
  0.000000000e+00  0.000000000e+00  0.000000000e+00  0.000000000e+00
  0.000000000e+00  0.000000000e+00  0.000000000e+00  0.000000000e+00
  0.000000000e+00  0.000000000e+00  0.000000000e+00  0.000000000e+00
  0.000000000e+00  0.000000000e+00  0.000000000e+00  0.000000000e+00
  0.000000000e+00  0.000000000e+00  0.000000000e+00  0.000000000e+00
  0.000000000e+00  0.000000000e+00  0.000000000e+00  0.000000000e+00
  0.000000000e+00  0.000000000e+00  0.000000000e+00  0.000000000e+00
  0.000000000e+00  0.000000000e+00  0.000000000e+00  0.000000000e+00
  0.000000000e+00  0.000000000e+00  0.000000000e+00  0.000000000e+00
  0.000000000e+00  0.000000000e+00  0.000000000e+00  0.000000000e+00
  0.000000000e+00  0.000000000e+00  0.000000000e+00  0.000000000e+00
  0.000000000e+00  0.000000000e+00  0.000000000e+00  0.000000000e+00
  0.000000000e+00  0.000000000e+00  0.000000000e+00  0.000000000e+00
  0.000000000e+00  0.000000000e+00  0.000000000e+00  0.000000000e+00
  0.000000000e+00  0.000000000e+00  0.000000000e+00  0.000000000e+00
  0.000000000e+00  0.000000000e+00  0.000000000e+00  0.000000000e+00
  0.000000000e+00
@R ENALP 101 []
  0.000000000e+00  0.000000000e+00  0.000000000e+00  0.000000000e+00
  0.000000000e+00  0.000000000e+00  0.000000000e+00  0.000000000e+00
  0.000000000e+00  0.000000000e+00  0.000000000e+00  0.000000000e+00
  0.000000000e+00  0.000000000e+00  0.000000000e+00  0.000000000e+00
  0.000000000e+00  0.000000000e+00  0.000000000e+00  0.000000000e+00
  0.000000000e+00  0.000000000e+00  0.000000000e+00  0.000000000e+00
  0.000000000e+00  0.000000000e+00  0.000000000e+00  0.000000000e+00
  0.000000000e+00  0.000000000e+00  0.000000000e+00  0.000000000e+00
  0.000000000e+00  0.000000000e+00  0.000000000e+00  0.000000000e+00
  0.000000000e+00  0.000000000e+00  0.000000000e+00  0.000000000e+00
  0.000000000e+00  0.000000000e+00  0.000000000e+00  0.000000000e+00
  0.000000000e+00  0.000000000e+00  0.000000000e+00  0.000000000e+00
  0.000000000e+00  0.000000000e+00  0.000000000e+00  0.000000000e+00
  0.000000000e+00  0.000000000e+00  0.000000000e+00  0.000000000e+00
  0.000000000e+00  0.000000000e+00  0.000000000e+00  0.000000000e+00
  0.000000000e+00  0.000000000e+00  0.000000000e+00  0.000000000e+00
  0.000000000e+00  0.000000000e+00  0.000000000e+00  0.000000000e+00
  0.000000000e+00  0.000000000e+00  0.000000000e+00  0.000000000e+00
  0.000000000e+00  0.000000000e+00  0.000000000e+00  0.000000000e+00
  0.000000000e+00  0.000000000e+00  0.000000000e+00  0.000000000e+00
  0.000000000e+00  0.000000000e+00  0.000000000e+00  0.000000000e+00
  0.000000000e+00  0.000000000e+00  0.000000000e+00  0.000000000e+00
  0.000000000e+00  0.000000000e+00  0.000000000e+00  0.000000000e+00
  0.000000000e+00  0.000000000e+00  0.000000000e+00  0.000000000e+00
  0.000000000e+00  0.000000000e+00  0.000000000e+00  0.000000000e+00
  0.000000000e+00
@R WALP 101 []
  0.000000000e+00  0.000000000e+00  0.000000000e+00  0.000000000e+00
  0.000000000e+00  0.000000000e+00  0.000000000e+00  0.000000000e+00
  0.000000000e+00  0.000000000e+00  0.000000000e+00  0.000000000e+00
  0.000000000e+00  0.000000000e+00  0.000000000e+00  0.000000000e+00
  0.000000000e+00  0.000000000e+00  0.000000000e+00  0.000000000e+00
  0.000000000e+00  0.000000000e+00  0.000000000e+00  0.000000000e+00
  0.000000000e+00  0.000000000e+00  0.000000000e+00  0.000000000e+00
  0.000000000e+00  0.000000000e+00  0.000000000e+00  0.000000000e+00
  0.000000000e+00  0.000000000e+00  0.000000000e+00  0.000000000e+00
  0.000000000e+00  0.000000000e+00  0.000000000e+00  0.000000000e+00
  0.000000000e+00  0.000000000e+00  0.000000000e+00  0.000000000e+00
  0.000000000e+00  0.000000000e+00  0.000000000e+00  0.000000000e+00
  0.000000000e+00  0.000000000e+00  0.000000000e+00  0.000000000e+00
  0.000000000e+00  0.000000000e+00  0.000000000e+00  0.000000000e+00
  0.000000000e+00  0.000000000e+00  0.000000000e+00  0.000000000e+00
  0.000000000e+00  0.000000000e+00  0.000000000e+00  0.000000000e+00
  0.000000000e+00  0.000000000e+00  0.000000000e+00  0.000000000e+00
  0.000000000e+00  0.000000000e+00  0.000000000e+00  0.000000000e+00
  0.000000000e+00  0.000000000e+00  0.000000000e+00  0.000000000e+00
  0.000000000e+00  0.000000000e+00  0.000000000e+00  0.000000000e+00
  0.000000000e+00  0.000000000e+00  0.000000000e+00  0.000000000e+00
  0.000000000e+00  0.000000000e+00  0.000000000e+00  0.000000000e+00
  0.000000000e+00  0.000000000e+00  0.000000000e+00  0.000000000e+00
  0.000000000e+00  0.000000000e+00  0.000000000e+00  0.000000000e+00
  0.000000000e+00  0.000000000e+00  0.000000000e+00  0.000000000e+00
  0.000000000e+00
@R QTFUSE 101 []
  2.265253516e+00  2.264084211e+00  2.260331661e+00  2.255167018e+00
  2.249850296e+00  2.243964063e+00  2.236451077e+00  2.225144346e+00
  2.207074240e+00  2.178823958e+00  2.138027511e+00  2.086045730e+00
  2.026781325e+00  1.963392850e+00  1.898470242e+00  1.834205993e+00
  1.770812192e+00  1.707233197e+00  1.643108247e+00  1.578711953e+00
  1.514310541e+00  1.450164948e+00  1.386490513e+00  1.323448130e+00
  1.261182973e+00  1.199820190e+00  1.139442057e+00  1.080092993e+00
  1.021810203e+00  9.646289433e-01  9.086325489e-01  8.540456355e-01
  8.011642082e-01  7.502167452e-01  7.013693651e-01  6.547628767e-01
  6.104955707e-01  5.686057812e-01  5.290863589e-01  4.919066015e-01
  4.570147853e-01  4.243321255e-01  3.937576138e-01  3.651854684e-01
  3.385095079e-01  3.136114386e-01  2.903633103e-01  2.686497165e-01
  2.483779130e-01  2.294653782e-01  2.118296786e-01  1.953903283e-01
  1.800711682e-01  1.658005437e-01  1.525102679e-01  1.401350781e-01
  1.286139770e-01  1.178925498e-01  1.079215214e-01  9.865455856e-02
  9.004767898e-02  8.205996942e-02  7.465377609e-02  6.779377380e-02
  6.144636783e-02  5.557960386e-02  5.016311151e-02  4.516837433e-02
  4.056876813e-02  3.633920096e-02  3.245598603e-02  2.889666246e-02
  2.563979287e-02  2.266502681e-02  1.995327114e-02  1.748676166e-02
  1.524875072e-02  1.322318230e-02  1.139487815e-02  9.749838790e-03
  8.274471670e-03  6.955484615e-03  5.782253117e-03  4.747185568e-03
  3.843197434e-03  3.064445850e-03  2.406599803e-03  1.861070440e-03
  1.413685643e-03  1.050215821e-03  7.535554139e-04  5.086139169e-04
  3.134276952e-04  1.695774271e-04  7.534760625e-05  2.515335147e-05
  5.612783905e-06  7.113298189e-07  4.031104185e-08  7.332888002e-10
  5.422076050e-12
@R QTFUSI 101 []
  1.094376113e+00  1.092305965e+00  1.086094216e+00  1.076529223e+00
  1.064463302e+00  1.049994823e+00  1.033055612e+00  1.013293990e+00
  9.901665322e-01  9.630234893e-01  9.315857447e-01  8.967488790e-01
  8.600677303e-01  8.226907332e-01  7.855294004e-01  7.493191246e-01
  7.140508912e-01  6.792690742e-01  6.448036184e-01  6.107306496e-01
  5.771443962e-01  5.441844003e-01  5.119934629e-01  4.806701367e-01
  4.502874686e-01  4.209030893e-01  3.925492044e-01  3.652403457e-01
  3.389897700e-01  3.138090069e-01  2.897202692e-01  2.667830794e-01
  2.450699283e-01  2.246239646e-01  2.054627665e-01  1.875913731e-01
  1.709985442e-01  1.556523619e-01  1.415054775e-01  1.285032384e-01
  1.165868498e-01  1.056929953e-01  9.575274465e-02  8.669517229e-02
  7.845119468e-02  7.095237068e-02  6.413127473e-02  5.792635816e-02
  5.228429806e-02  4.715719986e-02  4.250020429e-02  3.827180229e-02
  3.443408182e-02  3.095239207e-02  2.779486920e-02  2.493212014e-02
  2.233725771e-02  1.998626890e-02  1.785766335e-02  1.593184403e-02
  1.419083872e-02  1.261832320e-02  1.119949779e-02  9.920799939e-03
  8.769748549e-03  7.734893858e-03  6.805751681e-03  5.972738924e-03
  5.227091046e-03  4.560779565e-03  3.966461572e-03  3.437405020e-03
  2.967415486e-03  2.550815073e-03  2.182438314e-03  1.857598323e-03
  1.572014013e-03  1.321763411e-03  1.103285165e-03  9.133677027e-04
  7.490410642e-04  6.075554085e-04  4.865838031e-04  3.841987576e-04
  2.985945913e-04  2.281352249e-04  1.713650974e-04  1.265444667e-04
  9.161953689e-05  6.472099886e-05  4.398845318e-05  2.789931724e-05
  1.595985822e-05  7.898138230e-06  3.143912650e-06  9.137774625e-07
  1.704083446e-07  1.696274693e-08  6.927958928e-10  8.271939706e-12
  3.687517258e-14
@R QRFE 101 []
  4.071300958e-01  6.166264187e-01  9.480681672e-01  1.004279970e+00
  9.195400013e-01  1.005714072e+00  1.123250324e+00  9.897820883e-01
  7.655301499e-01  7.426720154e-01  7.949845066e-01  6.833801265e-01
  5.471997735e-01  5.847587494e-01  6.527030720e-01  5.760681914e-01
  4.705728475e-01  4.810229007e-01  5.128670029e-01  4.584985147e-01
  3.984153156e-01  4.180530761e-01  4.474985915e-01  4.099749329e-01
  3.524972887e-01  3.332697642e-01  3.220063922e-01  2.876318069e-01
  2.640055093e-01  2.772384945e-01  2.936527093e-01  2.789796144e-01
  2.585691059e-01  2.618921097e-01  2.685263673e-01  2.499356579e-01
  2.187521960e-01  2.039070204e-01  2.035537698e-01  1.940346113e-01
  1.695700507e-01  1.478871333e-01  1.396339400e-01  1.348576759e-01
  1.210357901e-01  1.006231378e-01  8.420452583e-02  7.614379291e-02
  7.314653162e-02  7.151009641e-02  6.958942469e-02  6.574229449e-02
  5.880080661e-02  5.047200285e-02  4.367977131e-02  3.880146480e-02
  3.424441290e-02  2.952836599e-02  2.586294135e-02  2.366710254e-02
  2.189754185e-02  2.053091325e-02  2.209381021e-02  2.511185045e-02
  2.267603883e-02  1.686672226e-02  1.326171178e-02  1.115572234e-02
  9.817900415e-03  8.452326503e-03  7.106715587e-03  6.271137929e-03
  5.397142293e-03  4.340463194e-03  3.456027552e-03  2.850505875e-03
  2.374253306e-03  1.964843753e-03  1.639778367e-03  1.386904649e-03
  1.169838311e-03  9.642710615e-04  7.716930903e-04  6.045713495e-04
  4.739268407e-04  3.806880812e-04  3.157175925e-04  2.641969590e-04
  2.104734473e-04  1.485134826e-04  8.832370646e-05  4.355447338e-05
  1.807027423e-05  6.313643584e-06  1.636979554e-06  2.476985834e-07
  1.552204767e-08  2.748059670e-10  4.065758147e-26  0.000000000e+00
  0.000000000e+00
@R QRFI 101 []
  2.044272309e+00  2.960688342e+00  4.392722103e+00  4.859941529e+00
  5.520103225e+00  7.656036235e+00  9.686679337e+00  9.694002530e+00
  8.345345266e+00  6.960920751e+00  5.411975846e+00  3.727317464e+00
  2.645470175e+00  2.215785235e+00  2.096038960e+00  2.097851343e+00
  2.032077372e+00  1.806037908e+00  1.469323032e+00  1.118683154e+00
  8.160132296e-01  6.237901134e-01  5.736552269e-01  5.508748459e-01
  4.654372263e-01  4.090059392e-01  4.688938381e-01  5.877906037e-01
  6.466272031e-01  5.925843861e-01  4.574106062e-01  3.035850626e-01
  1.931232374e-01  1.592187062e-01  1.718316224e-01  1.765719288e-01
  1.635375535e-01  1.485126299e-01  1.297983489e-01  1.119352526e-01
  1.120073716e-01  1.131649557e-01  8.501487964e-02  5.285282161e-02
  6.455543936e-02  1.047573770e-01  1.173228178e-01  9.061182738e-02
  5.890486923e-02  4.356604778e-02  3.825288907e-02  3.415973016e-02
  2.978783431e-02  2.597929924e-02  2.426397236e-02  2.433507118e-02
  2.222107003e-02  1.600785643e-02  9.920240074e-03  8.152958162e-03
  9.178617867e-03  9.168001876e-03  7.434182547e-03  5.950512360e-03
  5.856551011e-03  7.152564695e-03  9.778191687e-03  1.214915279e-02
  1.148660214e-02  7.793837662e-03  4.952063507e-03  5.315369120e-03
  7.167604359e-03  7.273505301e-03  6.252823485e-03  6.395261353e-03
  7.121632478e-03  6.810498685e-03  4.951410770e-03  3.475583558e-03
  3.907420624e-03  5.526336858e-03  6.366778942e-03  5.481537062e-03
  3.733553559e-03  2.383281934e-03  1.668525785e-03  1.119379756e-03
  6.039368549e-04  4.987854067e-04  8.985167238e-04  1.293544422e-03
  1.211682801e-03  7.542660845e-04  3.331487594e-04  1.552722514e-04
  1.290446677e-04  1.084072602e-04  6.210776504e-05  5.819722808e-05
  7.971291099e-05
@R QRAD 101 []
 -0.000000000e+00 -0.000000000e+00 -0.000000000e+00 -0.000000000e+00
 -0.000000000e+00 -0.000000000e+00 -0.000000000e+00 -0.000000000e+00
 -0.000000000e+00 -0.000000000e+00 -0.000000000e+00 -0.000000000e+00
 -0.000000000e+00 -0.000000000e+00 -0.000000000e+00 -0.000000000e+00
 -0.000000000e+00 -0.000000000e+00 -0.000000000e+00 -0.000000000e+00
 -0.000000000e+00 -0.000000000e+00 -0.000000000e+00 -0.000000000e+00
 -0.000000000e+00 -0.000000000e+00 -0.000000000e+00 -0.000000000e+00
 -0.000000000e+00 -0.000000000e+00 -0.000000000e+00 -0.000000000e+00
 -0.000000000e+00 -0.000000000e+00 -0.000000000e+00 -0.000000000e+00
 -0.000000000e+00 -0.000000000e+00 -0.000000000e+00 -0.000000000e+00
 -0.000000000e+00 -0.000000000e+00 -0.000000000e+00 -0.000000000e+00
 -0.000000000e+00 -0.000000000e+00 -0.000000000e+00 -0.000000000e+00
 -0.000000000e+00 -0.000000000e+00 -0.000000000e+00 -0.000000000e+00
 -0.000000000e+00 -0.000000000e+00 -0.000000000e+00 -0.000000000e+00
 -0.000000000e+00 -0.000000000e+00 -0.000000000e+00 -0.000000000e+00
 -0.000000000e+00 -0.000000000e+00 -0.000000000e+00 -0.000000000e+00
 -0.000000000e+00 -0.000000000e+00 -0.000000000e+00 -0.000000000e+00
 -0.000000000e+00 -0.000000000e+00 -0.000000000e+00 -0.000000000e+00
 -0.000000000e+00 -0.000000000e+00 -0.000000000e+00 -0.000000000e+00
 -0.000000000e+00 -0.000000000e+00 -0.000000000e+00 -0.000000000e+00
 -0.000000000e+00 -0.000000000e+00 -0.000000000e+00 -0.000000000e+00
 -0.000000000e+00 -0.000000000e+00 -0.000000000e+00 -0.000000000e+00
 -0.000000000e+00 -0.000000000e+00 -0.000000000e+00 -0.000000000e+00
 -0.000000000e+00 -0.000000000e+00 -0.000000000e+00 -0.000000000e+00
 -0.000000000e+00 -0.000000000e+00 -0.000000000e+00 -0.000000000e+00
 -0.000000000e+00
@R QOHM 101 []
  0.000000000e+00  0.000000000e+00  0.000000000e+00  0.000000000e+00
  0.000000000e+00  0.000000000e+00  0.000000000e+00  0.000000000e+00
  0.000000000e+00  0.000000000e+00  0.000000000e+00  0.000000000e+00
  0.000000000e+00  0.000000000e+00  0.000000000e+00  0.000000000e+00
  0.000000000e+00  0.000000000e+00  0.000000000e+00  0.000000000e+00
  0.000000000e+00  0.000000000e+00  0.000000000e+00  0.000000000e+00
  0.000000000e+00  0.000000000e+00  0.000000000e+00  0.000000000e+00
  0.000000000e+00  0.000000000e+00  0.000000000e+00  0.000000000e+00
  0.000000000e+00  0.000000000e+00  0.000000000e+00  0.000000000e+00
  0.000000000e+00  0.000000000e+00  0.000000000e+00  0.000000000e+00
  0.000000000e+00  0.000000000e+00  0.000000000e+00  0.000000000e+00
  0.000000000e+00  0.000000000e+00  0.000000000e+00  0.000000000e+00
  0.000000000e+00  0.000000000e+00  0.000000000e+00  0.000000000e+00
  0.000000000e+00  0.000000000e+00  0.000000000e+00  0.000000000e+00
  0.000000000e+00  0.000000000e+00  0.000000000e+00  0.000000000e+00
  0.000000000e+00  0.000000000e+00  0.000000000e+00  0.000000000e+00
  0.000000000e+00  0.000000000e+00  0.000000000e+00  0.000000000e+00
  0.000000000e+00  0.000000000e+00  0.000000000e+00  0.000000000e+00
  0.000000000e+00  0.000000000e+00  0.000000000e+00  0.000000000e+00
  0.000000000e+00  0.000000000e+00  0.000000000e+00  0.000000000e+00
  0.000000000e+00  0.000000000e+00  0.000000000e+00  0.000000000e+00
  0.000000000e+00  0.000000000e+00  0.000000000e+00  0.000000000e+00
  0.000000000e+00  0.000000000e+00  0.000000000e+00  0.000000000e+00
  0.000000000e+00  0.000000000e+00  0.000000000e+00  0.000000000e+00
  0.000000000e+00  0.000000000e+00  0.000000000e+00  0.000000000e+00
  0.000000000e+00
@R QIONE 101 []
  0.000000000e+00  0.000000000e+00  0.000000000e+00  0.000000000e+00
  0.000000000e+00  0.000000000e+00  0.000000000e+00  0.000000000e+00
  0.000000000e+00  0.000000000e+00  0.000000000e+00  0.000000000e+00
  0.000000000e+00  0.000000000e+00  0.000000000e+00  0.000000000e+00
  0.000000000e+00  0.000000000e+00  0.000000000e+00  0.000000000e+00
  0.000000000e+00  0.000000000e+00  0.000000000e+00  0.000000000e+00
  0.000000000e+00  0.000000000e+00  0.000000000e+00  0.000000000e+00
  0.000000000e+00  0.000000000e+00  0.000000000e+00  0.000000000e+00
  0.000000000e+00  0.000000000e+00  0.000000000e+00  0.000000000e+00
  0.000000000e+00  0.000000000e+00  0.000000000e+00  0.000000000e+00
  0.000000000e+00  0.000000000e+00  0.000000000e+00  0.000000000e+00
  0.000000000e+00  0.000000000e+00  0.000000000e+00  0.000000000e+00
  0.000000000e+00  0.000000000e+00  0.000000000e+00  0.000000000e+00
  0.000000000e+00  0.000000000e+00  0.000000000e+00  0.000000000e+00
  0.000000000e+00  0.000000000e+00  0.000000000e+00  0.000000000e+00
  0.000000000e+00  0.000000000e+00  0.000000000e+00  0.000000000e+00
  0.000000000e+00  0.000000000e+00  0.000000000e+00  0.000000000e+00
  0.000000000e+00  0.000000000e+00  0.000000000e+00  0.000000000e+00
  0.000000000e+00  0.000000000e+00  0.000000000e+00  0.000000000e+00
  0.000000000e+00  0.000000000e+00  0.000000000e+00  0.000000000e+00
  0.000000000e+00  0.000000000e+00  0.000000000e+00  0.000000000e+00
  0.000000000e+00  0.000000000e+00  0.000000000e+00  0.000000000e+00
  0.000000000e+00  0.000000000e+00  0.000000000e+00  0.000000000e+00
  0.000000000e+00  0.000000000e+00  0.000000000e+00  0.000000000e+00
  0.000000000e+00  0.000000000e+00  0.000000000e+00  0.000000000e+00
  0.000000000e+00
@R QIONI 101 []
  0.000000000e+00  0.000000000e+00  0.000000000e+00  0.000000000e+00
  0.000000000e+00  0.000000000e+00  0.000000000e+00  0.000000000e+00
  0.000000000e+00  0.000000000e+00  0.000000000e+00  0.000000000e+00
  0.000000000e+00  0.000000000e+00  0.000000000e+00  0.000000000e+00
  0.000000000e+00  0.000000000e+00  0.000000000e+00  0.000000000e+00
  0.000000000e+00  0.000000000e+00  0.000000000e+00  0.000000000e+00
  0.000000000e+00  0.000000000e+00  0.000000000e+00  0.000000000e+00
  0.000000000e+00  0.000000000e+00  0.000000000e+00  0.000000000e+00
  0.000000000e+00  0.000000000e+00  0.000000000e+00  0.000000000e+00
  0.000000000e+00  0.000000000e+00  0.000000000e+00  0.000000000e+00
  0.000000000e+00  0.000000000e+00  0.000000000e+00  0.000000000e+00
  0.000000000e+00  0.000000000e+00  0.000000000e+00  0.000000000e+00
  0.000000000e+00  0.000000000e+00  0.000000000e+00  0.000000000e+00
  0.000000000e+00  0.000000000e+00  0.000000000e+00  0.000000000e+00
  0.000000000e+00  0.000000000e+00  0.000000000e+00  0.000000000e+00
  0.000000000e+00  0.000000000e+00  0.000000000e+00  0.000000000e+00
  0.000000000e+00  0.000000000e+00  0.000000000e+00  0.000000000e+00
  0.000000000e+00  0.000000000e+00  0.000000000e+00  0.000000000e+00
  0.000000000e+00  0.000000000e+00  0.000000000e+00  0.000000000e+00
  0.000000000e+00  0.000000000e+00  0.000000000e+00  0.000000000e+00
  0.000000000e+00  0.000000000e+00  0.000000000e+00  0.000000000e+00
  0.000000000e+00  0.000000000e+00  0.000000000e+00  0.000000000e+00
  0.000000000e+00  0.000000000e+00  0.000000000e+00  0.000000000e+00
  0.000000000e+00  0.000000000e+00  0.000000000e+00  0.000000000e+00
  0.000000000e+00  0.000000000e+00  0.000000000e+00  0.000000000e+00
  0.000000000e+00
@R QCX 101 []
  0.000000000e+00  0.000000000e+00  0.000000000e+00  0.000000000e+00
  0.000000000e+00  0.000000000e+00  0.000000000e+00  0.000000000e+00
  0.000000000e+00  0.000000000e+00  0.000000000e+00  0.000000000e+00
  0.000000000e+00  0.000000000e+00  0.000000000e+00  0.000000000e+00
  0.000000000e+00  0.000000000e+00  0.000000000e+00  0.000000000e+00
  0.000000000e+00  0.000000000e+00  0.000000000e+00  0.000000000e+00
  0.000000000e+00  0.000000000e+00  0.000000000e+00  0.000000000e+00
  0.000000000e+00  0.000000000e+00  0.000000000e+00  0.000000000e+00
  0.000000000e+00  0.000000000e+00  0.000000000e+00  0.000000000e+00
  0.000000000e+00  0.000000000e+00  0.000000000e+00  0.000000000e+00
  0.000000000e+00  0.000000000e+00  0.000000000e+00  0.000000000e+00
  0.000000000e+00  0.000000000e+00  0.000000000e+00  0.000000000e+00
  0.000000000e+00  0.000000000e+00  0.000000000e+00  0.000000000e+00
  0.000000000e+00  0.000000000e+00  0.000000000e+00  0.000000000e+00
  0.000000000e+00  0.000000000e+00  0.000000000e+00  0.000000000e+00
  0.000000000e+00  0.000000000e+00  0.000000000e+00  0.000000000e+00
  0.000000000e+00  0.000000000e+00  0.000000000e+00  0.000000000e+00
  0.000000000e+00  0.000000000e+00  0.000000000e+00  0.000000000e+00
  0.000000000e+00  0.000000000e+00  0.000000000e+00  0.000000000e+00
  0.000000000e+00  0.000000000e+00  0.000000000e+00  0.000000000e+00
  0.000000000e+00  0.000000000e+00  0.000000000e+00  0.000000000e+00
  0.000000000e+00  0.000000000e+00  0.000000000e+00  0.000000000e+00
  0.000000000e+00  0.000000000e+00  0.000000000e+00  0.000000000e+00
  0.000000000e+00  0.000000000e+00  0.000000000e+00  0.000000000e+00
  0.000000000e+00  0.000000000e+00  0.000000000e+00  0.000000000e+00
  0.000000000e+00
@R STORQUEB 101 []
  0.000000000e+00  0.000000000e+00  0.000000000e+00  0.000000000e+00
  0.000000000e+00  0.000000000e+00  0.000000000e+00  0.000000000e+00
  0.000000000e+00  0.000000000e+00  0.000000000e+00  0.000000000e+00
  0.000000000e+00  0.000000000e+00  0.000000000e+00  0.000000000e+00
  0.000000000e+00  0.000000000e+00  0.000000000e+00  0.000000000e+00
  0.000000000e+00  0.000000000e+00  0.000000000e+00  0.000000000e+00
  0.000000000e+00  0.000000000e+00  0.000000000e+00  0.000000000e+00
  0.000000000e+00  0.000000000e+00  0.000000000e+00  0.000000000e+00
  0.000000000e+00  0.000000000e+00  0.000000000e+00  0.000000000e+00
  0.000000000e+00  0.000000000e+00  0.000000000e+00  0.000000000e+00
  0.000000000e+00  0.000000000e+00  0.000000000e+00  0.000000000e+00
  0.000000000e+00  0.000000000e+00  0.000000000e+00  0.000000000e+00
  0.000000000e+00  0.000000000e+00  0.000000000e+00  0.000000000e+00
  0.000000000e+00  0.000000000e+00  0.000000000e+00  0.000000000e+00
  0.000000000e+00  0.000000000e+00  0.000000000e+00  0.000000000e+00
  0.000000000e+00  0.000000000e+00  0.000000000e+00  0.000000000e+00
  0.000000000e+00  0.000000000e+00  0.000000000e+00  0.000000000e+00
  0.000000000e+00  0.000000000e+00  0.000000000e+00  0.000000000e+00
  0.000000000e+00  0.000000000e+00  0.000000000e+00  0.000000000e+00
  0.000000000e+00  0.000000000e+00  0.000000000e+00  0.000000000e+00
  0.000000000e+00  0.000000000e+00  0.000000000e+00  0.000000000e+00
  0.000000000e+00  0.000000000e+00  0.000000000e+00  0.000000000e+00
  0.000000000e+00  0.000000000e+00  0.000000000e+00  0.000000000e+00
  0.000000000e+00  0.000000000e+00  0.000000000e+00  0.000000000e+00
  0.000000000e+00  0.000000000e+00  0.000000000e+00  0.000000000e+00
  0.000000000e+00
@R STORQUE 101 []
  0.000000000e+00  0.000000000e+00  0.000000000e+00  0.000000000e+00
  0.000000000e+00  0.000000000e+00  0.000000000e+00  0.000000000e+00
  0.000000000e+00  0.000000000e+00  0.000000000e+00  0.000000000e+00
  0.000000000e+00  0.000000000e+00  0.000000000e+00  0.000000000e+00
  0.000000000e+00  0.000000000e+00  0.000000000e+00  0.000000000e+00
  0.000000000e+00  0.000000000e+00  0.000000000e+00  0.000000000e+00
  0.000000000e+00  0.000000000e+00  0.000000000e+00  0.000000000e+00
  0.000000000e+00  0.000000000e+00  0.000000000e+00  0.000000000e+00
  0.000000000e+00  0.000000000e+00  0.000000000e+00  0.000000000e+00
  0.000000000e+00  0.000000000e+00  0.000000000e+00  0.000000000e+00
  0.000000000e+00  0.000000000e+00  0.000000000e+00  0.000000000e+00
  0.000000000e+00  0.000000000e+00  0.000000000e+00  0.000000000e+00
  0.000000000e+00  0.000000000e+00  0.000000000e+00  0.000000000e+00
  0.000000000e+00  0.000000000e+00  0.000000000e+00  0.000000000e+00
  0.000000000e+00  0.000000000e+00  0.000000000e+00  0.000000000e+00
  0.000000000e+00  0.000000000e+00  0.000000000e+00  0.000000000e+00
  0.000000000e+00  0.000000000e+00  0.000000000e+00  0.000000000e+00
  0.000000000e+00  0.000000000e+00  0.000000000e+00  0.000000000e+00
  0.000000000e+00  0.000000000e+00  0.000000000e+00  0.000000000e+00
  0.000000000e+00  0.000000000e+00  0.000000000e+00  0.000000000e+00
  0.000000000e+00  0.000000000e+00  0.000000000e+00  0.000000000e+00
  0.000000000e+00  0.000000000e+00  0.000000000e+00  0.000000000e+00
  0.000000000e+00  0.000000000e+00  0.000000000e+00  0.000000000e+00
  0.000000000e+00  0.000000000e+00  0.000000000e+00  0.000000000e+00
  0.000000000e+00  0.000000000e+00  0.000000000e+00  0.000000000e+00
  0.000000000e+00
@R SION 101 []
  0.000000000e+00  0.000000000e+00  0.000000000e+00  0.000000000e+00
  0.000000000e+00  0.000000000e+00  0.000000000e+00  0.000000000e+00
  0.000000000e+00  0.000000000e+00  0.000000000e+00  0.000000000e+00
  0.000000000e+00  0.000000000e+00  0.000000000e+00  0.000000000e+00
  0.000000000e+00  0.000000000e+00  0.000000000e+00  0.000000000e+00
  0.000000000e+00  0.000000000e+00  0.000000000e+00  0.000000000e+00
  0.000000000e+00  0.000000000e+00  0.000000000e+00  0.000000000e+00
  0.000000000e+00  0.000000000e+00  0.000000000e+00  0.000000000e+00
  0.000000000e+00  0.000000000e+00  0.000000000e+00  0.000000000e+00
  0.000000000e+00  0.000000000e+00  0.000000000e+00  0.000000000e+00
  0.000000000e+00  0.000000000e+00  0.000000000e+00  0.000000000e+00
  0.000000000e+00  0.000000000e+00  0.000000000e+00  0.000000000e+00
  0.000000000e+00  0.000000000e+00  0.000000000e+00  0.000000000e+00
  0.000000000e+00  0.000000000e+00  0.000000000e+00  0.000000000e+00
  0.000000000e+00  0.000000000e+00  0.000000000e+00  0.000000000e+00
  0.000000000e+00  0.000000000e+00  0.000000000e+00  0.000000000e+00
  0.000000000e+00  0.000000000e+00  0.000000000e+00  0.000000000e+00
  0.000000000e+00  0.000000000e+00  0.000000000e+00  0.000000000e+00
  0.000000000e+00  0.000000000e+00  0.000000000e+00  0.000000000e+00
  0.000000000e+00  0.000000000e+00  0.000000000e+00  0.000000000e+00
  0.000000000e+00  0.000000000e+00  0.000000000e+00  0.000000000e+00
  0.000000000e+00  0.000000000e+00  0.000000000e+00  0.000000000e+00
  0.000000000e+00  0.000000000e+00  0.000000000e+00  0.000000000e+00
  0.000000000e+00  0.000000000e+00  0.000000000e+00  0.000000000e+00
  0.000000000e+00  0.000000000e+00  0.000000000e+00  0.000000000e+00
  0.000000000e+00
@R CHIE 101 []
  0.000000000e+00  0.000000000e+00  0.000000000e+00  0.000000000e+00
  0.000000000e+00  0.000000000e+00  0.000000000e+00  0.000000000e+00
  0.000000000e+00  0.000000000e+00  0.000000000e+00  0.000000000e+00
  0.000000000e+00  0.000000000e+00  0.000000000e+00  0.000000000e+00
  0.000000000e+00  0.000000000e+00  0.000000000e+00  0.000000000e+00
  0.000000000e+00  0.000000000e+00  0.000000000e+00  0.000000000e+00
  0.000000000e+00  0.000000000e+00  0.000000000e+00  0.000000000e+00
  0.000000000e+00  0.000000000e+00  0.000000000e+00  0.000000000e+00
  0.000000000e+00  0.000000000e+00  0.000000000e+00  0.000000000e+00
  0.000000000e+00  0.000000000e+00  0.000000000e+00  0.000000000e+00
  0.000000000e+00  0.000000000e+00  0.000000000e+00  0.000000000e+00
  0.000000000e+00  0.000000000e+00  0.000000000e+00  0.000000000e+00
  0.000000000e+00  0.000000000e+00  0.000000000e+00  0.000000000e+00
  0.000000000e+00  0.000000000e+00  0.000000000e+00  0.000000000e+00
  0.000000000e+00  0.000000000e+00  0.000000000e+00  0.000000000e+00
  0.000000000e+00  0.000000000e+00  0.000000000e+00  0.000000000e+00
  0.000000000e+00  0.000000000e+00  0.000000000e+00  0.000000000e+00
  0.000000000e+00  0.000000000e+00  0.000000000e+00  0.000000000e+00
  0.000000000e+00  0.000000000e+00  0.000000000e+00  0.000000000e+00
  0.000000000e+00  0.000000000e+00  0.000000000e+00  0.000000000e+00
  0.000000000e+00  0.000000000e+00  0.000000000e+00  0.000000000e+00
  0.000000000e+00  0.000000000e+00  0.000000000e+00  0.000000000e+00
  0.000000000e+00  0.000000000e+00  0.000000000e+00  0.000000000e+00
  0.000000000e+00  0.000000000e+00  0.000000000e+00  0.000000000e+00
  0.000000000e+00  0.000000000e+00  0.000000000e+00  0.000000000e+00
  0.000000000e+00
@R CHII 101 []
  0.000000000e+00  0.000000000e+00  0.000000000e+00  0.000000000e+00
  0.000000000e+00  0.000000000e+00  0.000000000e+00  0.000000000e+00
  0.000000000e+00  0.000000000e+00  0.000000000e+00  0.000000000e+00
  0.000000000e+00  0.000000000e+00  0.000000000e+00  0.000000000e+00
  0.000000000e+00  0.000000000e+00  0.000000000e+00  0.000000000e+00
  0.000000000e+00  0.000000000e+00  0.000000000e+00  0.000000000e+00
  0.000000000e+00  0.000000000e+00  0.000000000e+00  0.000000000e+00
  0.000000000e+00  0.000000000e+00  0.000000000e+00  0.000000000e+00
  0.000000000e+00  0.000000000e+00  0.000000000e+00  0.000000000e+00
  0.000000000e+00  0.000000000e+00  0.000000000e+00  0.000000000e+00
  0.000000000e+00  0.000000000e+00  0.000000000e+00  0.000000000e+00
  0.000000000e+00  0.000000000e+00  0.000000000e+00  0.000000000e+00
  0.000000000e+00  0.000000000e+00  0.000000000e+00  0.000000000e+00
  0.000000000e+00  0.000000000e+00  0.000000000e+00  0.000000000e+00
  0.000000000e+00  0.000000000e+00  0.000000000e+00  0.000000000e+00
  0.000000000e+00  0.000000000e+00  0.000000000e+00  0.000000000e+00
  0.000000000e+00  0.000000000e+00  0.000000000e+00  0.000000000e+00
  0.000000000e+00  0.000000000e+00  0.000000000e+00  0.000000000e+00
  0.000000000e+00  0.000000000e+00  0.000000000e+00  0.000000000e+00
  0.000000000e+00  0.000000000e+00  0.000000000e+00  0.000000000e+00
  0.000000000e+00  0.000000000e+00  0.000000000e+00  0.000000000e+00
  0.000000000e+00  0.000000000e+00  0.000000000e+00  0.000000000e+00
  0.000000000e+00  0.000000000e+00  0.000000000e+00  0.000000000e+00
  0.000000000e+00  0.000000000e+00  0.000000000e+00  0.000000000e+00
  0.000000000e+00  0.000000000e+00  0.000000000e+00  0.000000000e+00
  0.000000000e+00
