&INEFIT
  IP = 10000000.0 
  R0 = 4.55 
  B0 = 11.0 
  NRHO = 101 
  RHO = 0.0 0.01 0.02 0.03 0.04 0.05 0.06 0.07 0.08 0.09 0.1 0.11 0.12  
    0.13 0.14 0.15 0.16 0.17 0.18 0.19 0.2 0.21 0.22 0.23 0.24 0.25  
    0.26 0.27 0.28 0.29 0.3 0.31 0.32 0.33 0.34 0.35000000000000003  
    0.36 0.37 0.38 0.39 0.4 0.41000000000000003 0.42 0.43 0.44 0.45  
    0.46 0.47000000000000003 0.48 0.49 0.5 0.51 0.52 0.53 0.54 0.55  
    0.56 0.5700000000000001 0.58 0.59 0.6 0.61 0.62 0.63 0.64 0.65 0.66  
    0.67 0.68 0.6900000000000001 0.7000000000000001 0.71 0.72 0.73 0.74  
    0.75 0.76 0.77 0.78 0.79 0.8 0.81 0.8200000000000001  
    0.8300000000000001 0.84 0.85 0.86 0.87 0.88 0.89 0.9 0.91 0.92 0.93  
    0.9400000000000001 0.9500000000000001 0.96 0.97 0.98 0.99 1.0 
  PRESS = 1748319.5792175254 1746548.6591221201 1740878.6730796064  
    1732371.3719386181 1722454.4032265285 1711154.0400324261  
    1698500.6956712797 1684529.3121456907 1669278.765948011  
    1652791.1988669883 1635111.051467663 1616283.1371560132  
    1596352.4361284755 1575365.6364720273 1553371.2596759577  
    1530419.934021557 1506565.919928749 1481866.4256037567  
    1456379.4396798296 1430163.3814088942 1403277.3659738563  
    1375780.9326498606 1347733.8606655546 1319196.0167028916  
    1290227.1301412121 1260886.5374895814 1231232.9401938631  
    1201324.2317211167 1171217.368193991 1140968.1974252202  
    1110692.1100315058 1080617.9665072737 1050957.4465704346  
    1021788.2208535387 993124.1426775146 964980.762942899  
    937379.1096566182 910343.198910312 883894.571347383  
    858052.3129279875 832837.9110557232 808273.1191172296  
    784365.4418073877 761104.7214730078 738474.7909163268  
    716455.7002894938 695018.9697550619 674133.6947313371  
    653774.6543350297 633920.1507635518 614550.3072207208  
    595649.9880294285 577207.9275928437 559212.9590364617  
    541653.2776989086 524517.1434081736 507793.18554788106  
    491470.9754498493 475540.91339434945 459993.6790566203  
    444820.22159919067 430012.3441256462 415562.8885627644  
    401465.12664031034 387712.3476638171 374298.1963065802  
    361217.0368158251 348463.29753511 336030.7752968158  
    323912.93429373077 312102.9006869239 300592.99432485976  
    289375.14592519554 278441.5737576994 267784.62628554675  
    257396.4262013295 247268.81296180902 237393.37740344935  
    227761.24416163127 218362.57609127203 209185.07057525235  
    200213.73183985907 191433.83839044068 182830.70093252446  
    174384.8265606074 166075.85213105628 157882.49903639234  
    149756.40196479432 141605.85181905216 133308.4174428213  
    124109.84750070046 113057.38383858958 100185.1916825654  
    85809.8681590987 70226.22309340317 54259.56588856266  
    39133.985044599045 26051.039139801815 15730.605593882114  
    8236.904197060603 5201.821678351077 
  JPAR = 3694062.8702940466 3693922.8413977684 3693264.9170077164  
    3691794.025923118 3689496.2307931785 3686425.3069777917  
    3682604.9022299144 3678056.718583106 3672794.0042987512  
    3666823.73080336 3660149.0548654855 3652771.180781569  
    3644690.499021037 3635907.1163142966 3626421.0570461154  
    3616232.3257182925 3605340.922956108 3593746.848884612  
    3581450.1036913563 3568450.6875014026 3554748.600252258  
    3540343.841881374 3525236.4123262027 3509426.3115242454  
    3492913.5395380235 3475698.096430042 3457779.9822002864  
    3439159.1968488037 3419835.7404381903 3399809.612968336  
    3379080.814251597 3357649.3442880954 3335515.2032654015  
    3312678.391120917 3289138.9077296564 3264896.7532167076  
    3239951.927707072 3214304.431075648 3187954.2631348358  
    3160901.4238846907 3133145.9135128576 3104687.7321443637  
    3075526.879716736 3045663.3561674957 3015097.1614339086  
    2983828.2954533263 2951856.758288481 2919182.5500020133  
    2885805.670593717 2851726.120000949 2816943.8982239533  
    2781459.0054505006 2745271.4416803434 2708381.206725742  
    2670788.3005869547 2632492.7232640833 2593494.474694466  
    2553793.554940521 2513389.964002012 2472283.701879168  
    2430474.7687600153 2387963.1646440923 2344748.8893434796  
    2300831.9428586783 2256212.325190073 2210890.0362749025  
    2164865.076237823 2118137.445203787 2070707.143047865  
    2022574.169645093 1973738.5250580763 1924200.2092870187  
    1873959.2223318948 1823015.5643800006 1771369.2354311468  
    1719020.2352980096 1665968.5639808076 1612214.2215417156  
    1557757.207980842 1502597.5232359313 1446735.1672439463  
    1390170.1400672416 1332902.441768841 1274932.0723491497  
    1216259.0317454683 1156883.3201449958 1096804.941955914  
    1036023.9414085222 974540.6424643019 912356.8715949605  
    849480.860595165 785943.0808532673 721838.0539293492  
    657414.8500515822 593235.8866415981 530401.2795854814  
    470759.68598835147 416995.78518962656 372763.3832691414  
    339995.51081741916 326435.5259721453 
  NLIM = 5 
  RLIM = 6.0 3.5 3.5 6.0 6.0 
  ZLIM = 1.93 1.93 -1.93 -1.93 1.93 
  NBDRY = 15 
  RBDRY = 5.75 5.717889612279765 5.599231274196216 5.333894952548324  
    4.862048988436734 4.215741544340384 3.606248672667517  
    3.3499999999999996 3.606248672667517 4.215741544340384  
    4.862048988436735 5.333894952548324 5.599231274196216  
    5.717889612279765 5.75 
  ZBDRY = 0.0 0.7289246817174976 1.3134768905462901 1.6378788924654637  
    1.6378788924654637 1.3134768905462901 0.7289246817174978  
    2.0574066225675533e-16 -0.7289246817174975 -1.31347689054629  
    -1.6378788924654637 -1.6378788924654637 -1.3134768905462901  
    -0.728924681717498 0.0 
/

