 21-Oct-25 07/09/2014
     1               1
  0.100000000E+01
*   1.000             1               0 MAR   3   2 CLC    40   41
  0.000000000E+00 0.170000000E+03 0.200000000E+01 0.679320679E+06
  0.679320679E+06 0.172162281E+03 0.804855156E+00 0.413930501E+02
  0.134495929E+01-0.372803385E+00-0.308631984E+00 0.775550386E+07
  0.176551116E+03 0.181280457E+01 0.230763115E+01 0.106913288E+01
  0.538697508E+00 0.858738552E+00 0.100000000E+11 0.106204960E+02
  0.100000000E+11 0.100000000E+11 0.201062536E+01-0.121883002E+01
  0.768515477E+02 0.107494861E+03 0.527658424E+02
  0.000000000E+00 0.000000000E+00 0.000000000E+00
  0.826072431E+02 0.796007818E+02
  0.000000000E+00 0.000000000E+00
  0.163374945E+01 0.278217388E+00 0.202798177E+01 0.923141208E+00
  0.768095066E+00 0.220248374E+01-0.500000000E+02-0.500000000E+02
 -0.500000000E+02 0.303669773E+00 0.706119312E+04 0.193007820E+06
  0.914645609E-04 0.128821639E+01 0.966167841E+00 0.654912335E-02
  0.127868111E+01 0.172491976E+03 0.000000000E+00 0.000000000E+00
 -0.999000000E+03-0.999000000E+03-0.999000000E+03-0.999000000E+03
 -0.100000000E+03-0.500000000E+02 0.194761387E+01 0.191696662E+01
  0.712355917E+01 0.397648147E+02 0.100000000E+03 0.106204960E+02
  0.177363547E+03 0.202460360E+01 0.466907185E+00 0.000000000E+00
  0.100722488E+01 0.199900171E+01 0.360874657E+06 0.000000000E+00
  0.000000000E+00 0.000000000E+00 0.859079173E+00 0.100000000E+02
    44   60   18    6
  0.175563376E+00 0.137806999E+00 0.187754066E+00 0.151919151E+00
  0.671407735E-01-0.189441266E-01 0.544903747E+00-0.695057251E-01
 -0.471565646E+00 0.244657035E+00 0.143243331E+00 0.180833296E-01
 -0.422036003E-01-0.705546876E-01-0.858438659E-01 0.558235908E+00
 -0.778370737E-01-0.211670448E-02 0.218074302E+00 0.157648235E+00
  0.165002386E+00 0.168066936E+00 0.101695128E+00 0.211883767E-01
 -0.334881289E+00 0.404259207E+00 0.433511053E+00 0.270838237E-01
  0.783287109E-01 0.203172821E+00 0.833515140E-01-0.103138170E-01
 -0.477001174E-01-0.622628515E-01 0.109654602E+00 0.480782345E+00
  0.470057741E+00-0.448810743E-01 0.261228283E-01-0.264455946E-01
  0.462879764E-02 0.188655166E-01 0.668304135E-01 0.129734395E+00
  0.108055731E+00 0.241326795E+00 0.235068755E+00-0.152945241E+00
 -0.256799137E+00-0.381585963E-01 0.292270678E+00 0.641266328E+00
  0.294435273E+00-0.158560304E+00-0.333750264E+00-0.871967449E-01
  0.235378184E+00 0.320098530E+00 0.253851833E+00-0.384074576E-01
  0.123175436E+00 0.257070790E+00 0.184919472E+00 0.202532149E+00
  0.211431541E+00 0.202276779E+00 0.267346328E+00-0.104110103E+00
 -0.313863445E+00-0.287654748E+00-0.613590095E-01 0.299526157E+00
  0.358424976E+00 0.271026099E+00 0.395794546E+00 0.768482575E+00
  0.306796064E+00 0.414041529E-01-0.195140826E+00-0.269922902E+00
 -0.690213935E-01 0.895618237E-01 0.318756238E+00 0.251592016E+00
  0.360334489E+00 0.107739076E+00-0.600538853E-01-0.250467953E+00
 -0.306341240E+00-0.104778158E+00 0.263835913E+00 0.203269964E+00
  0.210429691E+00 0.202824844E+00 0.181823772E+00 0.254081673E+00
  0.125069754E+00-0.347870790E-01 0.110796372E+00 0.241229512E+00
  0.237299641E+00-0.138483945E+00-0.262141719E+00-0.361874631E-01
  0.275846999E+05-0.514705238E+05 0.254843292E+06 0.244150595E+06
  0.104350427E+06-0.313801873E+06 0.618904426E+06-0.462599069E+05
 -0.775936060E+06 0.344074113E+06 0.858260397E+05-0.121043076E+06
 -0.117690913E+06-0.105553601E+06-0.411938867E+06 0.563463649E+06
 -0.127008130E+06-0.147056205E+06
  0.000000000E+00 0.000000000E+00 0.000000000E+00 0.000000000E+00
  0.000000000E+00 0.000000000E+00
  0.000000000E+00 0.000000000E+00 0.000000000E+00 0.000000000E+00
  0.000000000E+00 0.000000000E+00 0.000000000E+00 0.000000000E+00
  0.000000000E+00 0.000000000E+00 0.555735151E+02 0.000000000E+00
  0.239838455E+00 0.958351861E+00 0.400000006E+02-0.145021543E+00
 -0.114605050E+01 0.000000000E+00 0.999000000E+03 0.191031067E+01
 -0.100000000E+02 0.966167841E+00 0.000000000E+00 0.395218504E-01
 -0.100000000E+02 0.000000000E+00 0.218795620E+01 0.000000000E+00
  0.145253842E+00 0.255143508E+01 0.130769231E+01 0.213340473E+01
  0.337907298E+02 0.306804587E+01-0.890000000E+02-0.890000000E+02
 -0.890000000E+02-0.890000000E+02-0.890000000E+02-0.890000000E+02
 -0.890000000E+02-0.890000000E+02-0.890000000E+02-0.890000000E+02
 -0.890000000E+02-0.890000000E+02-0.890000000E+02-0.890000000E+02
 -0.890000000E+02 0.000000000E+00 0.706102815E+00 0.946720372E+00
  0.141372689E+03 0.184937500E+03 0.000000000E+00 0.821792308E+00
  0.100000000E+01 0.000000000E+00 0.000000000E+00 0.000000000E+00
                                            EQG
