&IN1
  ICONVR = 3 
  MXITER = -1 
  NXITER = 51 
  ERROR = 0.0001 
  RELAX = 0.5 
  IOUT = 4 
  ICURRT = 2 
  KPPFNC = 6 
  KPPCUR = 3 
  KFFFNC = 6 
  KFFCUR = 3 
  ISHOT = 1 
  ITIME = 1 
  ITIMEU = 0 
  ITEK = 0 
  ITRACE = 1 
  PLASMA = 10000000.0 
  BTOR = 11.0 
  RCENTR = 4.55 
  RZERO = 4.55 
  LIMITR = 5 
  XLIM = 6.0 3.5 3.5 6.0 6.0 
  YLIM = 1.93 1.93 -1.93 -1.93 1.93 
  NBDRY = 15 
  RBDRY = 5.75 5.717889612279765 5.599231274196216 5.333894952548324  
    4.862048988436734 4.215741544340384 3.606248672667517  
    3.3499999999999996 3.606248672667517 4.215741544340384  
    4.862048988436735 5.333894952548324 5.599231274196216  
    5.717889612279765 5.75 
  ZBDRY = 0.0 0.7289246817174976 1.3134768905462901 1.6378788924654637  
    1.6378788924654637 1.3134768905462901 0.7289246817174978  
    2.0574066225675533e-16 -0.7289246817174975 -1.31347689054629  
    -1.6378788924654637 -1.6378788924654637 -1.3134768905462901  
    -0.728924681717498 0.0 
  IERCHK = 0 
  NEXTRA = 0 
  SCRAPE = 0.01 
  PSIBRY = 0.0 
  CFCOIL = -10.0 
  ENP = 1.0 
  EMP = 1.0 
  FCURBD = 0 
  PCURBD = 0 
  FCZERO = 1.0 1.0 1.0 1.0 1.0 1.0 1.0 1.0 1.0 1.0 1.0 1.0 1.0 1.0 1.0  
    1.0 
  FCSUM = 1.0 1.0 1.0 1.0 1.0 1.0 1.0 1.0 1.0 1.0 1.0 1.0 1.0 1.0 1.0  
    1.0 
  IFREF = 2 
  PRBDRY = 5802.970218805656 
  KBETAPR = 1 
  FWTBDRY = 1.0 1.0 1.0 1.0 1.0 1.0 1.0 1.0 1.0 1.0 1.0 1.0 1.0 1.0 1.0 
  FWTBDRY(2) = 10.0 
  FWTBDRY(3) = 10.0 
  FWTBDRY(4) = 10.0 
  FWTBDRY(5) = 10.0 
  FWTBDRY(9) = 10.0 
  FWTBDRY(10) = 10.0 
  FWTBDRY(11) = 10.0 
  FWTBDRY(12) = 10.0 
/

&PROFILE_EXT
  NPSI_EXT = 257 
  PSIN_EXT = 0.0 0.00390625 0.0078125 0.01171875 0.015625 0.01953125  
    0.0234375 0.02734375 0.03125 0.03515625 0.0390625 0.04296875  
    0.046875 0.05078125 0.0546875 0.05859375 0.0625 0.06640625  
    0.0703125 0.07421875 0.078125 0.08203125 0.0859375 0.08984375  
    0.09375 0.09765625 0.1015625 0.10546875 0.109375 0.11328125  
    0.1171875 0.12109375 0.125 0.12890625 0.1328125 0.13671875 0.140625  
    0.14453125 0.1484375 0.15234375 0.15625 0.16015625 0.1640625  
    0.16796875 0.171875 0.17578125 0.1796875 0.18359375 0.1875  
    0.19140625 0.1953125 0.19921875 0.203125 0.20703125 0.2109375  
    0.21484375 0.21875 0.22265625 0.2265625 0.23046875 0.234375  
    0.23828125 0.2421875 0.24609375 0.25 0.25390625 0.2578125  
    0.26171875 0.265625 0.26953125 0.2734375 0.27734375 0.28125  
    0.28515625 0.2890625 0.29296875 0.296875 0.30078125 0.3046875  
    0.30859375 0.3125 0.31640625 0.3203125 0.32421875 0.328125  
    0.33203125 0.3359375 0.33984375 0.34375 0.34765625 0.3515625  
    0.35546875 0.359375 0.36328125 0.3671875 0.37109375 0.375  
    0.37890625 0.3828125 0.38671875 0.390625 0.39453125 0.3984375  
    0.40234375 0.40625 0.41015625 0.4140625 0.41796875 0.421875  
    0.42578125 0.4296875 0.43359375 0.4375 0.44140625 0.4453125  
    0.44921875 0.453125 0.45703125 0.4609375 0.46484375 0.46875  
    0.47265625 0.4765625 0.48046875 0.484375 0.48828125 0.4921875  
    0.49609375 0.5 0.50390625 0.5078125 0.51171875 0.515625 0.51953125  
    0.5234375 0.52734375 0.53125 0.53515625 0.5390625 0.54296875  
    0.546875 0.55078125 0.5546875 0.55859375 0.5625 0.56640625  
    0.5703125 0.57421875 0.578125 0.58203125 0.5859375 0.58984375  
    0.59375 0.59765625 0.6015625 0.60546875 0.609375 0.61328125  
    0.6171875 0.62109375 0.625 0.62890625 0.6328125 0.63671875 0.640625  
    0.64453125 0.6484375 0.65234375 0.65625 0.66015625 0.6640625  
    0.66796875 0.671875 0.67578125 0.6796875 0.68359375 0.6875  
    0.69140625 0.6953125 0.69921875 0.703125 0.70703125 0.7109375  
    0.71484375 0.71875 0.72265625 0.7265625 0.73046875 0.734375  
    0.73828125 0.7421875 0.74609375 0.75 0.75390625 0.7578125  
    0.76171875 0.765625 0.76953125 0.7734375 0.77734375 0.78125  
    0.78515625 0.7890625 0.79296875 0.796875 0.80078125 0.8046875  
    0.80859375 0.8125 0.81640625 0.8203125 0.82421875 0.828125  
    0.83203125 0.8359375 0.83984375 0.84375 0.84765625 0.8515625  
    0.85546875 0.859375 0.86328125 0.8671875 0.87109375 0.875  
    0.87890625 0.8828125 0.88671875 0.890625 0.89453125 0.8984375  
    0.90234375 0.90625 0.91015625 0.9140625 0.91796875 0.921875  
    0.92578125 0.9296875 0.93359375 0.9375 0.94140625 0.9453125  
    0.94921875 0.953125 0.95703125 0.9609375 0.96484375 0.96875  
    0.97265625 0.9765625 0.98046875 0.984375 0.98828125 0.9921875  
    0.99609375 1.0 
  PPRIME_EXT = 845258.8961758106 835719.9764502157 826206.5479936815  
    816718.6108062081 807256.1648877952 797819.2102384432  
    788407.7468581519 779021.774746921 769661.2939047511  
    760326.3043316418 751016.8060275931 741732.7989926052  
    732474.283226678 723241.2587298115 714033.7255020057  
    704851.6835432606 695695.1328535761 686564.0734329524  
    677458.5052813893 668378.428398887 659323.8427854454  
    650294.7484410644 641291.1453657442 632313.0335594846  
    623360.4130222858 614433.2837541476 606829.5232526949  
    601229.0672832336 595548.9002737744 589565.9154993817  
    582831.3452553593 574696.052726706 565197.6860905204  
    554549.5244825141 543286.0658962026 532111.0591299622  
    521261.3099044494 510926.26734606177 501101.05729326495  
    491618.3137791414 482450.71536800487 473427.0886719668  
    464437.4916174241 455542.1793685629 446668.790285968  
    437927.9474262302 429417.1839276431 421176.705944841  
    413224.81699127576 405534.1845599268 398140.3821965313  
    391015.76388477185 384188.7280641279 377691.081244181  
    371569.8986076631 365770.27435550804 360211.91184227134  
    354884.15491316875 349648.4925343476 344439.7034065067  
    339216.25901828974 334001.9236228174 328764.1846241423  
    323497.85637890187 318179.273715542 312771.5432007442  
    307270.9874249463 301539.71320248337 295656.846504626  
    289665.01612968545 283633.05789160414 277627.7790308749  
    271727.00719907926 266094.7806934411 260676.97389427698  
    255480.7754015035 250571.38354685175 245868.2924914585  
    241416.64344917866 237225.6703570385 233244.09199365968  
    229589.26493591582 226266.73508278205 223213.63695936918  
    220481.03778388165 218038.68348386133 215821.02087674587  
    213821.49413799692 211986.10077553723 210274.12121518012  
    208719.59179352233 207299.07088723476 205963.04326871745  
    204742.1007479129 203635.94259261052 202593.19426479033  
    201578.78495432963 200564.88581135718 199511.89375829868  
    198389.91375086977 197207.1514100741 195939.20803762617  
    194563.2268481257 193136.43158870225 191689.15483891906  
    190185.19282770233 188630.7994651454 187072.3470520627  
    185505.8502421483 183900.0065977124 182268.55035641184  
    180638.06451902818 178997.56589553016 177336.62454828934  
    175678.2141799574 174039.31501760994 172403.44921993872  
    170758.62150886212 169124.62922636588 167511.1277193246  
    165895.21872064992 164264.38422034297 162635.46096033294  
    161020.20415800659 159403.5227372003 157772.28060702042  
    156138.49225145174 154517.94690615588 152902.41889442725  
    151276.06613670752 149642.35144589664 148018.56805846692  
    146405.04643909133 144786.59423146155 143161.05130471627  
    141544.63595209087 139947.41423313448 138357.38917014445  
    136764.50906110712 135179.32526621746 133616.8844863894  
    132070.37832136327 130526.16144147734 128986.23671588604  
    127461.07867303949 125953.60467718821 124455.15481058983  
    122960.36163018676 121472.81912820243 120003.34240996931  
    118555.79928771761 117126.66330598012 115715.80414436822  
    114330.45388936155 112983.91916178024 111676.60652792378  
    110401.10516041728 109157.52882961159 107951.3383850462  
    106787.59545750322 105663.2737376238 104570.37717900073  
    103505.47388385849 102476.22181187439 101489.86611121833  
    100539.1162789756 99617.39901370043 98727.55862653654  
    97875.67195844265 97063.92863906658 96287.61362541426  
    95541.64915595848 94823.6423728261 94138.48644977123  
    93491.14432731044 92874.44954573286 92280.53491018286  
    91710.17397180342 91168.82028568642 90658.63954256274  
    90177.1035258021 89721.34560295599 89289.59856230274  
    88889.09076613768 88528.08303190596 88200.62847738553  
    87901.10003444331 87626.18945298815 87372.35590757099  
    87139.97437400071 86924.734660871 86710.65915110319  
    86486.3130200741 86258.6506389184 86032.96239083828  
    85802.60524829826 85561.45236602292 85313.18841240548  
    85058.5637635703 84789.88469253934 84501.08583593693  
    84188.34945637526 83844.2064920719 83469.15242345241  
    83068.28626532931 82625.28504911679 82115.73522207087  
    81538.97169666048 80899.56595612966 80317.32647707881  
    79910.35776191461 79710.5265576093 79604.24424879518  
    79135.30471110344 78087.92871950162 76367.55877719707  
    75121.4707831523 76034.11554547174 79343.00916581247  
    85127.56519527656 94254.27566305065 107237.4223001372  
    124355.69482029756 143623.88520487584 161620.14114255743  
    177582.20137955167 191692.65100222875 203909.0205500651  
    214246.63535399165 222581.8322388414 229558.96783218952  
    236234.78395557264 242849.87059581454 249197.14886028232  
    254501.36940934818 258220.23481067974 260380.38662798863  
    260827.80738216557 259444.287972319 256189.37739028054  
    251075.35821439995 244259.98450599934 235836.5641429785  
    225781.64206391966 214339.1766879153 201786.49538879207  
    188013.6576108199 173838.10235552187 160484.01884856733  
    148417.39849350968 136744.62661805004 122868.43680773082  
    105539.17827315367 84891.57643746448 60769.041460978086  
    33051.65014820124 1739.4024980217218 
  FFPRIM_EXT = -1.3079748195054215 -1.0912752611789398  
    -0.8813634536739041 -0.6725906451785506 -0.46488342782080316  
    -0.2582372955593514 -0.052650756674854346 0.15188091548903304  
    0.3553581143819156 0.5577922714516981 0.75917664248443  
    0.9595135481412141 1.1588052317897977 1.3570535070002219  
    1.5542612606900437 1.7504311331856124 1.9455652449556973  
    2.139665744010988 2.332734234303719 2.5247751525649376  
    2.7157905488945815 2.9057826382630934 3.094755381706583  
    3.2827072917790145 3.4696411150863273 3.655636489480652  
    3.804339327903333 3.896696600327318 3.9911916511415733  
    4.0939366369121295 4.217344761715877 4.3795460087781315  
    4.5794079797819816 4.810973143611582 5.059309577216371  
    5.304798228460987 5.540914353285719 5.762389710623083  
    5.969387343642715 6.166585696364279 6.354739950001724  
    6.53861945654936 6.721288200101141 6.901072957893048  
    7.0800077057270725 7.255038950344238 7.42347609052362  
    7.584226764420183 7.736797531466482 7.881963720484403  
    8.018739902314671 8.147913682982352 8.268712755530105  
    8.380267341109242 8.481289033743938 8.573298287362451  
    8.658524728760867 8.737238280948414 8.813262320698893  
    8.88838896774076 8.963746348705097 9.03867770982517  
    9.114071385795082 9.190078822367994 9.267335728282934  
    9.34685573695824 9.428708111274073 9.516704547641034  
    9.608646569556488 9.7033589159254 9.798962825702867  
    9.893635809534851 9.985265517934815 10.069349841551535  
    10.147403650208238 10.219245219070357 10.28307016304736  
    10.341106226816096 10.392122403177083 10.435867086512648  
    10.47377543132918 10.502627160446128 10.522269963447421  
    10.534450935469344 10.537769316964097 10.533042776524951  
    10.52208107617886 10.505054481895364 10.483424921835521  
    10.458315548205778 10.428786492343924 10.395472392269431  
    10.359741640111555 10.320755043317693 10.278503045591425  
    10.2343864389291 10.189365054930947 10.144176950951955  
    10.09988919059215 10.057321564448788 10.016237999576205  
    9.977298547725951 9.94113797602078 9.906197936288677  
    9.871647057140182 9.838479502438878 9.806536499458861  
    9.774550010800757 9.742620335370823 9.711605938595294  
    9.68113826056528 9.650486769465127 9.61994711498478  
    9.589812109899594 9.559462365903393 9.528431082129131  
    9.497164939301475 9.465995396113847 9.43438398657485  
    9.402060422785834 9.369644523693278 9.337479950086173  
    9.305108133380145 9.272202794085967 9.239170045042908  
    9.206367914516186 9.173469794406923 9.140045281833057  
    9.106315646252767 9.072708695249453 9.039130729644825  
    9.005110233473385 8.970633109851626 8.936109941080801  
    8.901604174676072 8.866677115323839 8.831048489715052  
    8.795038315427572 8.75892340172156 8.72242199623486  
    8.685121867275953 8.647200098297345 8.609027068787622  
    8.570551959348144 8.531489703399444 8.491756801650705  
    8.451584596808196 8.411117313794705 8.370258734918835  
    8.328718451163216 8.286388774249382 8.243358313837497  
    8.199632264089866 8.155018944741933 8.109156364942358  
    8.062026707891958 8.013829673265473 7.964563607050162  
    7.914080167019051 7.8622411297975 7.809124482248519  
    7.7549416033527905 7.699786115519666 7.643455233701381  
    7.585750980726619 7.526857745702825 7.466951235084413  
    7.4059600014935985 7.343723668046239 7.280174737740889  
    7.215431841686083 7.149633673593442 7.082849474949624  
    7.014949447745632 6.9457925427704925 6.875564271323181  
    6.804476921641838 6.732511384193227 6.659518326186896  
    6.585436322130899 6.5103298642345315 6.434271669928723  
    6.357309131848259 6.279253099577591 6.1998813230840755  
    6.11934055987621 6.037778998753209 5.955288088845401  
    5.871962027815429 5.7877791271620485 5.702842647382052  
    5.617574708440486 5.532278996276741 5.446767199538416  
    5.360888136894345 5.2748091458049915 5.188692777405689  
    5.102441564288829 5.016031078299005 4.9296536550006  
    4.843461280563502 4.757552241181298 4.672124376778251  
    4.58716104278051 4.502513559648227 4.41860138698801  
    4.336073761643728 4.254950413545954 4.175110285493092  
    4.093414696469049 4.0067509253033675 3.914251362467043  
    3.8188919861512476 3.7325800725314577 3.6609253921231595  
    3.6067164598056953 3.539814711972353 3.4159129061338733  
    3.2291858848976007 2.9778839771227705 2.6392371785275737  
    2.1997680152934276 1.6520632785931784 1.047877372385245  
    0.47708611115933114 -0.040682490644687125 -0.5107427803997964  
    -0.9320251959398336 -1.3048243555227912 -1.6257677184946417  
    -1.9117730890853402 -2.1904897975553967 -2.4680879575382786  
    -2.7392065184877348 -2.9835347920218176 -3.1869784056072663  
    -3.3504011760316272 -3.4697403496600714 -3.5418000248448545  
    -3.5654036594821177 -3.5407106487640183 -3.4716339059556542  
    -3.3603427809892708 -3.2058901321359854 -3.0141490575319083  
    -2.791552699218157 -2.5341442817521544 -2.262138589859687  
    -2.0069415605290017 -1.780676600324734 -1.5598476112972657  
    -1.2761737866233074 -0.8949278968976164 -0.4188899655466678  
    0.1591264298045636 0.8512930836304435 1.6576099959322619 
/

