  6-Nov-25 07/09/2014
     1               1
  0.500000000E+01
*   5.000             1               0 MAR   3   2 CLC    40   41
  0.000000000E+00 0.170000000E+03 0.200000000E+01 0.679320679E+06
  0.679320679E+06 0.172201831E+03 0.748770965E+00 0.414326004E+02
  0.134987719E+01-0.371492946E+00-0.307382802E+00 0.779588284E+07
  0.176971829E+03 0.180049891E+01 0.233318244E+01 0.119688221E+01
  0.606762559E+00 0.856483329E+00 0.100000000E+11 0.105413953E+02
  0.100000000E+11 0.100000000E+11 0.202673596E+01-0.120818412E+01
  0.769897899E+02 0.108288034E+03 0.535216143E+02
  0.000000000E+00 0.000000000E+00 0.000000000E+00
  0.826857510E+02 0.796943799E+02
  0.000000000E+00 0.000000000E+00
  0.162309219E+01 0.277304853E+00 0.204652291E+01 0.106437694E+01
  0.774192878E+00 0.221754008E+01-0.500000000E+02-0.500000000E+02
 -0.500000000E+02 0.302804039E+00 0.709509686E+04 0.217095290E+06
  0.755906462E-04 0.129238595E+01 0.970765398E+00 0.568204326E-02
  0.128021126E+01 0.172577057E+03 0.000000000E+00 0.000000000E+00
 -0.999000000E+03-0.999000000E+03-0.999000000E+03-0.999000000E+03
 -0.100000000E+03-0.500000000E+02 0.194333333E+01 0.191542870E+01
  0.621534010E+01 0.396483137E+02 0.100000000E+03 0.105413953E+02
  0.177505955E+03 0.201202611E+01 0.465682840E+00 0.000000000E+00
  0.101519394E+01 0.200254209E+01 0.363229107E+06 0.000000000E+00
  0.000000000E+00 0.000000000E+00 0.874859981E+00 0.100000000E+02
    44   60   18    6
  0.177414797E+00 0.140803080E+00 0.188999152E+00 0.151063599E+00
  0.646248897E-01-0.222264420E-01 0.543842049E+00-0.735329130E-01
 -0.476442332E+00 0.244344044E+00 0.146148375E+00 0.230435387E-01
 -0.400159526E-01-0.723108636E-01-0.884569133E-01 0.558822008E+00
 -0.841891951E-01-0.169127433E-01 0.218618002E+00 0.160038124E+00
  0.167023888E+00 0.168095161E+00 0.100091072E+00 0.182692972E-01
 -0.339090940E+00 0.402777631E+00 0.432232776E+00 0.238103221E-01
  0.755966130E-01 0.204213156E+00 0.872202672E-01-0.694437862E-02
 -0.475093474E-01-0.654345762E-01 0.998367513E-01 0.479369178E+00
  0.469315902E+00-0.472682534E-01 0.241346228E-01-0.333199580E-01
 -0.598100556E-02 0.140574009E-01 0.598401769E-01 0.122451782E+00
  0.107079534E+00 0.235667343E+00 0.226663076E+00-0.157029918E+00
 -0.258912197E+00-0.364169233E-01 0.297356556E+00 0.645468529E+00
  0.296323694E+00-0.158231745E+00-0.333742567E+00-0.862501799E-01
  0.238096113E+00 0.322887577E+00 0.255807897E+00-0.355339652E-01
  0.116376526E+00 0.242364739E+00 0.173099091E+00 0.202034821E+00
  0.221546862E+00 0.213805644E+00 0.286743550E+00-0.103058045E+00
 -0.315653935E+00-0.290157644E+00-0.618290158E-01 0.301377833E+00
  0.360703628E+00 0.276232314E+00 0.400036538E+00 0.772995193E+00
  0.308746222E+00 0.423206185E-01-0.194900508E+00-0.269690178E+00
 -0.679981118E-01 0.913916933E-01 0.321533832E+00 0.253526631E+00
  0.362620458E+00 0.108520736E+00-0.604978147E-01-0.252557876E+00
 -0.308036443E+00-0.103708066E+00 0.282883285E+00 0.215190769E+00
  0.220527982E+00 0.202284800E+00 0.170014619E+00 0.239535400E+00
  0.118346979E+00-0.320171065E-01 0.109755542E+00 0.235581444E+00
  0.228918388E+00-0.142714718E+00-0.264295652E+00-0.343021800E-01
  0.315421071E+05-0.442771707E+05 0.257203987E+06 0.243263381E+06
  0.102127287E+06-0.316396952E+06 0.620330017E+06-0.496939011E+05
 -0.779617619E+06 0.338021673E+06 0.909845785E+05-0.108891000E+06
 -0.112212008E+06-0.105798533E+06-0.413913867E+06 0.568848599E+06
 -0.131969643E+06-0.163156067E+06
  0.000000000E+00 0.000000000E+00 0.000000000E+00 0.000000000E+00
  0.000000000E+00 0.000000000E+00
  0.000000000E+00 0.000000000E+00 0.000000000E+00 0.000000000E+00
  0.000000000E+00 0.000000000E+00 0.000000000E+00 0.000000000E+00
  0.000000000E+00 0.000000000E+00 0.558683856E+02 0.000000000E+00
  0.252291207E+00 0.182683336E+01 0.400000006E+02-0.152310408E+00
 -0.116047591E+01 0.000000000E+00 0.999000000E+03 0.190886829E+01
 -0.100000000E+02 0.970765398E+00 0.000000000E+00 0.448917900E-01
 -0.100000000E+02 0.000000000E+00 0.216620156E+01 0.000000000E+00
  0.156162325E+00 0.275665028E+01 0.130769231E+01 0.213418146E+01
  0.339189239E+02 0.294505413E+01-0.890000000E+02-0.890000000E+02
 -0.890000000E+02-0.890000000E+02-0.890000000E+02-0.890000000E+02
 -0.890000000E+02-0.890000000E+02-0.890000000E+02-0.890000000E+02
 -0.890000000E+02-0.890000000E+02-0.890000000E+02-0.890000000E+02
 -0.890000000E+02 0.000000000E+00 0.699511950E+00 0.941705361E+00
  0.141625850E+03 0.186265625E+03 0.000000000E+00 0.818317720E+00
  0.100000000E+01 0.000000000E+00 0.000000000E+00 0.000000000E+00
                                            EQG
