@R RHO 101 []
0.000000e+00 1.000000e-02 2.000000e-02 3.000000e-02 4.000000e-02 
5.000000e-02 6.000000e-02 7.000000e-02 8.000000e-02 9.000000e-02 
1.000000e-01 1.100000e-01 1.200000e-01 1.300000e-01 1.400000e-01 
1.500000e-01 1.600000e-01 1.700000e-01 1.800000e-01 1.900000e-01 
2.000000e-01 2.100000e-01 2.200000e-01 2.300000e-01 2.400000e-01 
2.500000e-01 2.600000e-01 2.700000e-01 2.800000e-01 2.900000e-01 
3.000000e-01 3.100000e-01 3.200000e-01 3.300000e-01 3.400000e-01 
3.500000e-01 3.600000e-01 3.700000e-01 3.800000e-01 3.900000e-01 
4.000000e-01 4.100000e-01 4.200000e-01 4.300000e-01 4.400000e-01 
4.500000e-01 4.600000e-01 4.700000e-01 4.800000e-01 4.900000e-01 
5.000000e-01 5.100000e-01 5.200000e-01 5.300000e-01 5.400000e-01 
5.500000e-01 5.600000e-01 5.700000e-01 5.800000e-01 5.900000e-01 
6.000000e-01 6.100000e-01 6.200000e-01 6.300000e-01 6.400000e-01 
6.500000e-01 6.600000e-01 6.700000e-01 6.800000e-01 6.900000e-01 
7.000000e-01 7.100000e-01 7.200000e-01 7.300000e-01 7.400000e-01 
7.500000e-01 7.600000e-01 7.700000e-01 7.800000e-01 7.900000e-01 
8.000000e-01 8.100000e-01 8.200000e-01 8.300000e-01 8.400000e-01 
8.500000e-01 8.600000e-01 8.700000e-01 8.800000e-01 8.900000e-01 
9.000000e-01 9.100000e-01 9.200000e-01 9.300000e-01 9.400000e-01 
9.500000e-01 9.600000e-01 9.700000e-01 9.800000e-01 9.900000e-01 
1.000000e+00 
@R ENE 101 []
2.762277e+01 2.762277e+01 2.757847e+01 2.753107e+01 2.748063e+01 
2.742717e+01 2.737074e+01 2.731138e+01 2.724912e+01 2.718401e+01 
2.711607e+01 2.704537e+01 2.697192e+01 2.689577e+01 2.681697e+01 
2.673554e+01 2.665153e+01 2.656498e+01 2.647592e+01 2.638440e+01 
2.629045e+01 2.619412e+01 2.609544e+01 2.599445e+01 2.589119e+01 
2.578570e+01 2.567801e+01 2.556818e+01 2.545623e+01 2.534221e+01 
2.522615e+01 2.510810e+01 2.498809e+01 2.486616e+01 2.474235e+01 
2.461670e+01 2.448925e+01 2.436004e+01 2.422911e+01 2.409649e+01 
2.396223e+01 2.382636e+01 2.368893e+01 2.354997e+01 2.340952e+01 
2.326762e+01 2.312431e+01 2.297963e+01 2.283362e+01 2.268631e+01 
2.253776e+01 2.238798e+01 2.223703e+01 2.208495e+01 2.193176e+01 
2.177752e+01 2.162226e+01 2.146601e+01 2.130883e+01 2.115074e+01 
2.099179e+01 2.083202e+01 2.067146e+01 2.051015e+01 2.034814e+01 
2.018546e+01 2.002215e+01 1.985825e+01 1.969380e+01 1.952884e+01 
1.936340e+01 1.919754e+01 1.903127e+01 1.886465e+01 1.869772e+01 
1.853051e+01 1.836306e+01 1.819541e+01 1.802760e+01 1.785966e+01 
1.769165e+01 1.752358e+01 1.735551e+01 1.718744e+01 1.701941e+01 
1.685139e+01 1.668330e+01 1.651493e+01 1.634576e+01 1.617461e+01 
1.599888e+01 1.581291e+01 1.560459e+01 1.534857e+01 1.499458e+01 
1.445394e+01 1.360891e+01 1.240519e+01 1.101627e+01 9.804787e+00 
8.995343e+00 
@R TE 101 []
1.881350e+01 1.881350e+01 1.874769e+01 1.867655e+01 1.860017e+01 
1.851867e+01 1.843216e+01 1.834075e+01 1.824455e+01 1.814368e+01 
1.803824e+01 1.792834e+01 1.781409e+01 1.769561e+01 1.757301e+01 
1.744639e+01 1.731587e+01 1.718156e+01 1.704357e+01 1.690201e+01 
1.675698e+01 1.660861e+01 1.645700e+01 1.630226e+01 1.614451e+01 
1.598385e+01 1.582039e+01 1.565425e+01 1.548554e+01 1.531436e+01 
1.514083e+01 1.496506e+01 1.478716e+01 1.460724e+01 1.442541e+01 
1.424178e+01 1.405646e+01 1.386956e+01 1.368120e+01 1.349148e+01 
1.330052e+01 1.310843e+01 1.291531e+01 1.272127e+01 1.252644e+01 
1.233091e+01 1.213480e+01 1.193823e+01 1.174129e+01 1.154411e+01 
1.134679e+01 1.114944e+01 1.095217e+01 1.075510e+01 1.055834e+01 
1.036199e+01 1.016617e+01 9.970982e+00 9.776546e+00 9.582969e+00 
9.390361e+00 9.198834e+00 9.008499e+00 8.819465e+00 8.631844e+00 
8.445746e+00 8.261283e+00 8.078564e+00 7.897702e+00 7.718805e+00 
7.541986e+00 7.367354e+00 7.195021e+00 7.025098e+00 6.857694e+00 
6.692922e+00 6.530891e+00 6.371712e+00 6.215496e+00 6.062354e+00 
5.912396e+00 5.765732e+00 5.622473e+00 5.482727e+00 5.346600e+00 
5.214190e+00 5.085579e+00 4.960804e+00 4.839806e+00 4.722277e+00 
4.607324e+00 4.492640e+00 4.372549e+00 4.233518e+00 4.044663e+00 
3.741993e+00 3.221570e+00 2.406971e+00 1.426273e+00 5.996588e-01 
9.664111e-02 
@R TI 101 []
1.901367e+01 1.901367e+01 1.894696e+01 1.887483e+01 1.879740e+01 
1.871478e+01 1.862707e+01 1.853441e+01 1.843688e+01 1.833462e+01 
1.822772e+01 1.811630e+01 1.800048e+01 1.788037e+01 1.775607e+01 
1.762771e+01 1.749539e+01 1.735922e+01 1.721932e+01 1.707580e+01 
1.692878e+01 1.677836e+01 1.662465e+01 1.646778e+01 1.630785e+01 
1.614497e+01 1.597925e+01 1.581082e+01 1.563977e+01 1.546623e+01 
1.529030e+01 1.511210e+01 1.493174e+01 1.474934e+01 1.456499e+01 
1.437882e+01 1.419095e+01 1.400147e+01 1.381050e+01 1.361817e+01 
1.342456e+01 1.322981e+01 1.303402e+01 1.283731e+01 1.263978e+01 
1.244156e+01 1.224274e+01 1.204345e+01 1.184379e+01 1.164388e+01 
1.144383e+01 1.124376e+01 1.104377e+01 1.084398e+01 1.064449e+01 
1.044543e+01 1.024691e+01 1.004903e+01 9.851904e+00 9.655653e+00 
9.460386e+00 9.266214e+00 9.073250e+00 8.881606e+00 8.691394e+00 
8.502727e+00 8.315717e+00 8.130476e+00 7.947116e+00 7.765751e+00 
7.586491e+00 7.409449e+00 7.234738e+00 7.062470e+00 6.892757e+00 
6.725711e+00 6.561445e+00 6.400070e+00 6.241700e+00 6.086446e+00 
5.934421e+00 5.785736e+00 5.640503e+00 5.498831e+00 5.360829e+00 
5.226597e+00 5.096217e+00 4.969731e+00 4.847082e+00 4.727969e+00 
4.611512e+00 4.495427e+00 4.374086e+00 4.234044e+00 4.044561e+00 
3.741797e+00 3.221728e+00 2.407294e+00 1.426164e+00 5.993649e-01 
9.685720e-02 
@R FP 102 []
-1.598721e-13 -1.598721e-13 1.106614e-02 3.319450e-02 6.637846e-02 
1.106059e-01 1.658597e-01 2.321203e-01 3.093659e-01 3.975697e-01 
4.966991e-01 6.067188e-01 7.275928e-01 8.592751e-01 1.001727e+00 
1.154889e+00 1.318742e+00 1.493218e+00 1.678246e+00 1.873749e+00 
2.079640e+00 2.295907e+00 2.522421e+00 2.759102e+00 3.005901e+00 
3.262737e+00 3.529505e+00 3.806101e+00 4.092441e+00 4.388429e+00 
4.693967e+00 5.008949e+00 5.333267e+00 5.666810e+00 6.009461e+00 
6.361093e+00 6.721590e+00 7.090843e+00 7.468726e+00 7.855095e+00 
8.249785e+00 8.652687e+00 9.063692e+00 9.482586e+00 9.909249e+00 
1.034356e+01 1.078530e+01 1.123437e+01 1.169055e+01 1.215372e+01 
1.262368e+01 1.310026e+01 1.358330e+01 1.407258e+01 1.456796e+01 
1.506919e+01 1.557615e+01 1.608860e+01 1.660631e+01 1.712916e+01 
1.765687e+01 1.818923e+01 1.872607e+01 1.926715e+01 1.981222e+01 
2.036107e+01 2.091350e+01 2.146925e+01 2.202806e+01 2.258970e+01 
2.315396e+01 2.372057e+01 2.428926e+01 2.485976e+01 2.543185e+01 
2.600525e+01 2.657970e+01 2.715492e+01 2.773062e+01 2.830652e+01 
2.888235e+01 2.945783e+01 3.003267e+01 3.060654e+01 3.117916e+01 
3.175021e+01 3.231939e+01 3.288640e+01 3.345088e+01 3.401249e+01 
3.457092e+01 3.512585e+01 3.567695e+01 3.622379e+01 3.676602e+01 
3.730324e+01 3.783500e+01 3.836089e+01 3.888050e+01 3.939332e+01 
3.989890e+01 4.014791e+01 
@R CURPAR 102 []
3.649390e+00 3.649390e+00 3.649390e+00 3.648040e+00 3.645976e+00 
3.643204e+00 3.639735e+00 3.635574e+00 3.630718e+00 3.625169e+00 
3.618926e+00 3.611989e+00 3.604359e+00 3.596035e+00 3.587017e+00 
3.577306e+00 3.566901e+00 3.555803e+00 3.544011e+00 3.531525e+00 
3.518345e+00 3.504472e+00 3.489905e+00 3.474645e+00 3.458691e+00 
3.442043e+00 3.424701e+00 3.406666e+00 3.387937e+00 3.368515e+00 
3.348399e+00 3.327589e+00 3.306086e+00 3.283889e+00 3.260998e+00 
3.237414e+00 3.213136e+00 3.188164e+00 3.162498e+00 3.136139e+00 
3.109087e+00 3.081340e+00 3.052900e+00 3.023767e+00 2.993939e+00 
2.963418e+00 2.932204e+00 2.900296e+00 2.867694e+00 2.834398e+00 
2.800409e+00 2.765726e+00 2.730349e+00 2.694279e+00 2.657515e+00 
2.620058e+00 2.581906e+00 2.543061e+00 2.503523e+00 2.463291e+00 
2.422365e+00 2.380745e+00 2.338432e+00 2.295425e+00 2.251725e+00 
2.207331e+00 2.162243e+00 2.116461e+00 2.069986e+00 2.022818e+00 
1.974955e+00 1.926399e+00 1.877149e+00 1.827206e+00 1.776569e+00 
1.725238e+00 1.673214e+00 1.620496e+00 1.567084e+00 1.512979e+00 
1.458180e+00 1.402687e+00 1.346501e+00 1.289621e+00 1.232047e+00 
1.173780e+00 1.114819e+00 1.055164e+00 9.948158e-01 9.337738e-01 
8.720382e-01 8.096090e-01 7.464860e-01 6.826695e-01 6.181592e-01 
5.529553e-01 4.870578e-01 4.204666e-01 3.542655e-01 2.949577e-01 
2.577169e-01 2.577169e-01 
