@R IP 1 []
  9.999999995e+06
@R BCENTR 1 []
  1.100000000e+01
@R RMAJOR 1 []
  4.550000000e+00
@R AMINOR 1 []
  1.108273512e+00
@R KAPPA 1 []
  1.345910391e+00
@R DELTA 1 []
 -3.157583932e-01
@I NRHO 1 []
              101
@R RHOB 1 []
  1.264096420e+00
@R RHO 101 []
  0.000000000e+00  1.000000000e-02  2.000000000e-02  3.000000000e-02
  4.000000000e-02  5.000000000e-02  6.000000000e-02  7.000000000e-02
  8.000000000e-02  9.000000000e-02  1.000000000e-01  1.100000000e-01
  1.200000000e-01  1.300000000e-01  1.400000000e-01  1.500000000e-01
  1.600000000e-01  1.700000000e-01  1.800000000e-01  1.900000000e-01
  2.000000000e-01  2.100000000e-01  2.200000000e-01  2.300000000e-01
  2.400000000e-01  2.500000000e-01  2.600000000e-01  2.700000000e-01
  2.800000000e-01  2.900000000e-01  3.000000000e-01  3.100000000e-01
  3.200000000e-01  3.300000000e-01  3.400000000e-01  3.500000000e-01
  3.600000000e-01  3.700000000e-01  3.800000000e-01  3.900000000e-01
  4.000000000e-01  4.100000000e-01  4.200000000e-01  4.300000000e-01
  4.400000000e-01  4.500000000e-01  4.600000000e-01  4.700000000e-01
  4.800000000e-01  4.900000000e-01  5.000000000e-01  5.100000000e-01
  5.200000000e-01  5.300000000e-01  5.400000000e-01  5.500000000e-01
  5.600000000e-01  5.700000000e-01  5.800000000e-01  5.900000000e-01
  6.000000000e-01  6.100000000e-01  6.200000000e-01  6.300000000e-01
  6.400000000e-01  6.500000000e-01  6.600000000e-01  6.700000000e-01
  6.800000000e-01  6.900000000e-01  7.000000000e-01  7.100000000e-01
  7.200000000e-01  7.300000000e-01  7.400000000e-01  7.500000000e-01
  7.600000000e-01  7.700000000e-01  7.800000000e-01  7.900000000e-01
  8.000000000e-01  8.100000000e-01  8.200000000e-01  8.300000000e-01
  8.400000000e-01  8.500000000e-01  8.600000000e-01  8.700000000e-01
  8.800000000e-01  8.900000000e-01  9.000000000e-01  9.100000000e-01
  9.200000000e-01  9.300000000e-01  9.400000000e-01  9.500000000e-01
  9.600000000e-01  9.700000000e-01  9.800000000e-01  9.900000000e-01
  1.000000000e+00
@R VOLP 101 []
  0.000000000e+00  2.436443308e+00  4.872729936e+00  7.308702382e+00
  9.744208029e+00  1.217909402e+01  1.461320764e+01  1.704640546e+01
  1.947854709e+01  2.190949168e+01  2.433910918e+01  2.676727560e+01
  2.919386668e+01  3.161877107e+01  3.404188691e+01  3.646310860e+01
  3.888234326e+01  4.129951425e+01  4.371454009e+01  4.612734781e+01
  4.853788020e+01  5.094608217e+01  5.335189947e+01  5.575529039e+01
  5.815621703e+01  6.055463550e+01  6.295052093e+01  6.534386480e+01
  6.773465474e+01  7.012287120e+01  7.250848135e+01  7.489143569e+01
  7.727167387e+01  7.964913773e+01  8.202377587e+01  8.439552878e+01
  8.676433007e+01  8.913012427e+01  9.149284923e+01  9.385243039e+01
  9.620880658e+01  9.856191135e+01  1.009116633e+02  1.032579891e+02
  1.056008161e+02  1.079400649e+02  1.102756494e+02  1.126074883e+02
  1.149355036e+02  1.172596042e+02  1.195796962e+02  1.218956925e+02
  1.242075105e+02  1.265150430e+02  1.288181959e+02  1.311168919e+02
  1.334110286e+02  1.357005000e+02  1.379852185e+02  1.402650968e+02
  1.425400393e+02  1.448099504e+02  1.470747445e+02  1.493343478e+02
  1.515886704e+02  1.538376297e+02  1.560811697e+02  1.583192331e+02
  1.605517527e+02  1.627786890e+02  1.650000158e+02  1.672157120e+02
  1.694257614e+02  1.716301768e+02  1.738289988e+02  1.760222588e+02
  1.782100106e+02  1.803923597e+02  1.825694161e+02  1.847412759e+02
  1.869080060e+02  1.890696313e+02  1.912261653e+02  1.933775258e+02
  1.955234705e+02  1.976635306e+02  1.997965964e+02  2.019208646e+02
  2.040334438e+02  2.061290303e+02  2.081997157e+02  2.102364967e+02
  2.122333862e+02  2.141905935e+02  2.161155820e+02  2.180185704e+02
  2.199163717e+02  2.218462993e+02  2.238816616e+02  2.260909011e+02
  2.285054745e+02
@R IPOL 101 []
  1.015379871e+00  1.015378126e+00  1.015372880e+00  1.015364097e+00
  1.015351715e+00  1.015335650e+00  1.015315795e+00  1.015292024e+00
  1.015264187e+00  1.015232118e+00  1.015195636e+00  1.015154542e+00
  1.015108623e+00  1.015057656e+00  1.015001402e+00  1.014939626e+00
  1.014872072e+00  1.014798504e+00  1.014718664e+00  1.014632329e+00
  1.014539251e+00  1.014439205e+00  1.014331988e+00  1.014217396e+00
  1.014095249e+00  1.013965392e+00  1.013827702e+00  1.013682054e+00
  1.013528249e+00  1.013366163e+00  1.013195904e+00  1.013017666e+00
  1.012831636e+00  1.012638011e+00  1.012437008e+00  1.012228844e+00
  1.012013752e+00  1.011791974e+00  1.011563762e+00  1.011329384e+00
  1.011089114e+00  1.010843213e+00  1.010591983e+00  1.010335739e+00
  1.010074765e+00  1.009809390e+00  1.009539927e+00  1.009266692e+00
  1.008990059e+00  1.008710322e+00  1.008427871e+00  1.008143021e+00
  1.007856166e+00  1.007567636e+00  1.007277822e+00  1.006987083e+00
  1.006695781e+00  1.006404315e+00  1.006113046e+00  1.005822350e+00
  1.005532623e+00  1.005244234e+00  1.004957558e+00  1.004672989e+00
  1.004390902e+00  1.004111667e+00  1.003835660e+00  1.003563263e+00
  1.003294844e+00  1.003030761e+00  1.002771378e+00  1.002517061e+00
  1.002268167e+00  1.002025046e+00  1.001788052e+00  1.001557537e+00
  1.001333858e+00  1.001117387e+00  1.000908512e+00  1.000707644e+00
  1.000515248e+00  1.000331863e+00  1.000158142e+00  9.999949105e-01
  9.998432405e-01  9.997045698e-01  9.995808301e-01  9.994746432e-01
  9.993894645e-01  9.993296566e-01  9.993002744e-01  9.993062589e-01
  9.993507273e-01  9.994324100e-01  9.995432596e-01  9.996682393e-01
  9.997890826e-01  9.998902431e-01  9.999642083e-01  1.000008811e+00
  1.000000000e+00
@R G11 101 []
  0.000000000e+00  2.447573753e+00  4.895291217e+00  7.343058671e+00
  9.791315932e+00  1.224031757e+01  1.468978640e+01  1.713936560e+01
  1.958949801e+01  2.204086974e+01  2.449338097e+01  2.694630238e+01
  2.940106431e+01  3.185525934e+01  3.431287081e+01  3.676400651e+01
  3.921920077e+01  4.167797857e+01  4.414107282e+01  4.661059983e+01
  4.906792619e+01  5.153907106e+01  5.401307218e+01  5.648120673e+01
  5.895013834e+01  6.142486606e+01  6.390446957e+01  6.638370015e+01
  6.886432375e+01  7.134670068e+01  7.383114020e+01  7.631785842e+01
  7.880725966e+01  8.129954648e+01  8.379645276e+01  8.629492240e+01
  8.879192272e+01  9.129195865e+01  9.379819676e+01  9.631465651e+01
  9.882700736e+01  1.013351708e+02  1.038641176e+02  1.063890546e+02
  1.089100864e+02  1.114523662e+02  1.139844722e+02  1.165305335e+02
  1.190772862e+02  1.216306457e+02  1.241902950e+02  1.267533958e+02
  1.293284394e+02  1.318998254e+02  1.344937238e+02  1.370771616e+02
  1.396781220e+02  1.422927430e+02  1.448982312e+02  1.475273290e+02
  1.501679903e+02  1.528019449e+02  1.554568510e+02  1.581306164e+02
  1.608048638e+02  1.634864635e+02  1.661902559e+02  1.689123968e+02
  1.716416299e+02  1.743808108e+02  1.771384838e+02  1.799213273e+02
  1.827208885e+02  1.855357011e+02  1.883678331e+02  1.912198684e+02
  1.941017966e+02  1.970120752e+02  1.999446811e+02  2.029036148e+02
  2.058892196e+02  2.089085910e+02  2.119715778e+02  2.150749386e+02
  2.182168383e+02  2.214023103e+02  2.246364738e+02  2.279398835e+02
  2.313181686e+02  2.347707318e+02  2.383093210e+02  2.419653577e+02
  2.457595950e+02  2.496765876e+02  2.537089431e+02  2.578892532e+02
  2.622094977e+02  2.666242910e+02  2.711695848e+02  2.758524615e+02
  2.806839753e+02
@R G22 101 []
  0.000000000e+00  1.250625532e-02  2.501337853e-02  3.752102701e-02
  5.003159782e-02  6.254652326e-02  7.506451966e-02  8.758393296e-02
  1.001071804e-01  1.126379050e-01  1.251757789e-01  1.377172554e-01
  1.502697933e-01  1.628212911e-01  1.753923300e-01  1.879325006e-01
  2.004958709e-01  2.130802648e-01  2.256896360e-01  2.383350065e-01
  2.509213930e-01  2.635820861e-01  2.762612379e-01  2.889145170e-01
  3.015762709e-01  3.142722684e-01  3.269980948e-01  3.397272625e-01
  3.524690710e-01  3.652255839e-01  3.779986103e-01  3.907894161e-01
  4.036001635e-01  4.164320195e-01  4.292940491e-01  4.421707135e-01
  4.550465803e-01  4.679449244e-01  4.808821185e-01  4.938788432e-01
  5.068617867e-01  5.198307087e-01  5.329137505e-01  5.459838282e-01
  5.590416370e-01  5.722163705e-01  5.853467644e-01  5.985568509e-01
  6.117786100e-01  6.250425072e-01  6.383468862e-01  6.516773132e-01
  6.650774955e-01  6.784671868e-01  6.919809868e-01  7.054493982e-01
  7.190163760e-01  7.326619261e-01  7.462687425e-01  7.600054369e-01
  7.738098440e-01  7.875877095e-01  8.014815173e-01  8.154804128e-01
  8.294894126e-01  8.435437139e-01  8.577198027e-01  8.719976323e-01
  8.863187293e-01  9.006975466e-01  9.151779695e-01  9.297941090e-01
  9.445017688e-01  9.592929107e-01  9.741777991e-01  9.891690994e-01
  1.004317690e+00  1.019614902e+00  1.035028724e+00  1.050578596e+00
  1.066264591e+00  1.082121274e+00  1.098197215e+00  1.114472463e+00
  1.130933354e+00  1.147600383e+00  1.164490967e+00  1.181698871e+00
  1.199234583e+00  1.217062895e+00  1.235200045e+00  1.253761488e+00
  1.272822358e+00  1.292299192e+00  1.312180109e+00  1.332662644e+00
  1.353759861e+00  1.375386611e+00  1.398025110e+00  1.421933979e+00
  1.447190743e+00
@R G33 101 []
  9.178291397e-01  9.178405080e-01  9.178747625e-01  9.179319986e-01
  9.180118185e-01  9.181142350e-01  9.182393233e-01  9.183867010e-01
  9.185561207e-01  9.187475493e-01  9.189606467e-01  9.191950725e-01
  9.194506906e-01  9.197271137e-01  9.200238873e-01  9.203408398e-01
  9.206776195e-01  9.210336434e-01  9.214086342e-01  9.218022311e-01
  9.222139156e-01  9.226432582e-01  9.230899185e-01  9.235534464e-01
  9.240334221e-01  9.245295926e-01  9.250414650e-01  9.255684102e-01
  9.261100283e-01  9.266660315e-01  9.272361494e-01  9.278202633e-01
  9.284183911e-01  9.290304974e-01  9.296564410e-01  9.302961675e-01
  9.309496727e-01  9.316168108e-01  9.322974923e-01  9.329917258e-01
  9.336993666e-01  9.344203217e-01  9.351545948e-01  9.359020780e-01
  9.366626771e-01  9.374363051e-01  9.382229293e-01  9.390224603e-01
  9.398347131e-01  9.406596731e-01  9.414972439e-01  9.423473286e-01
  9.432097116e-01  9.440844133e-01  9.449712817e-01  9.458700602e-01
  9.467806656e-01  9.477029937e-01  9.486368313e-01  9.495819456e-01
  9.505381364e-01  9.515052181e-01  9.524829294e-01  9.534709122e-01
  9.544689277e-01  9.554766939e-01  9.564937570e-01  9.575196719e-01
  9.585540709e-01  9.595964371e-01  9.606461783e-01  9.617026860e-01
  9.627653426e-01  9.638333915e-01  9.649059351e-01  9.659821581e-01
  9.670611350e-01  9.681416767e-01  9.692225905e-01  9.703027673e-01
  9.713812257e-01  9.724571500e-01  9.735296796e-01  9.745982747e-01
  9.756629393e-01  9.767243948e-01  9.777859256e-01  9.788533006e-01
  9.799363776e-01  9.810551123e-01  9.822402022e-01  9.835263697e-01
  9.849348987e-01  9.864622273e-01  9.880786439e-01  9.897501091e-01
  9.914175807e-01  9.929298112e-01  9.939726472e-01  9.942591998e-01
  9.936987087e-01
@R GRADRHO 101 []
  1.006214799e+00  9.983181700e-01  9.983410391e-01  9.983660741e-01
  9.984215527e-01  9.985017070e-01  9.985877361e-01  9.986697526e-01
  9.987627739e-01  9.988812495e-01  9.990174187e-01  9.991540218e-01
  9.993160488e-01  9.994617192e-01  9.996538917e-01  9.997490731e-01
  9.999003116e-01  1.000092834e+00  1.000328721e+00  1.000624131e+00
  1.000780569e+00  1.001070698e+00  1.001374785e+00  1.001614101e+00
  1.001853518e+00  1.002133575e+00  1.002442345e+00  1.002737300e+00
  1.003032575e+00  1.003330401e+00  1.003632680e+00  1.003940488e+00
  1.004255895e+00  1.004579532e+00  1.004921133e+00  1.005261240e+00
  1.005582899e+00  1.005912549e+00  1.006266511e+00  1.006663823e+00
  1.007028226e+00  1.007361876e+00  1.007788033e+00  1.008182660e+00
  1.008548437e+00  1.009001153e+00  1.009395850e+00  1.009840751e+00
  1.010276374e+00  1.010727729e+00  1.011192405e+00  1.011658234e+00
  1.012158186e+00  1.012630181e+00  1.013174128e+00  1.013663918e+00
  1.014203750e+00  1.014776809e+00  1.015301132e+00  1.015891579e+00
  1.016503425e+00  1.017074197e+00  1.017695931e+00  1.018358694e+00
  1.019001424e+00  1.019645579e+00  1.020335761e+00  1.021057134e+00
  1.021773451e+00  1.022491916e+00  1.023235693e+00  1.024021002e+00
  1.024820388e+00  1.025627088e+00  1.026444154e+00  1.027275568e+00
  1.028144272e+00  1.029041474e+00  1.029947044e+00  1.030866928e+00
  1.031797217e+00  1.032750590e+00  1.033745416e+00  1.034767276e+00
  1.035805590e+00  1.036866054e+00  1.037955010e+00  1.039114542e+00
  1.040352297e+00  1.041665425e+00  1.043086380e+00  1.044694253e+00
  1.046531139e+00  1.048545247e+00  1.050683734e+00  1.052962209e+00
  1.055289840e+00  1.057437499e+00  1.059186630e+00  1.060213213e+00
  1.060348146e+00
@R AREA 101 []
  0.000000000e+00  2.432413166e+00  4.864747341e+00  7.297026828e+00
  9.729167832e+00  1.216106800e+01  1.459268991e+01  1.702402037e+01
  1.945505488e+01  2.188572446e+01  2.431596492e+01  2.674573678e+01
  2.917502639e+01  3.160376654e+01  3.403200163e+01  3.645960928e+01
  3.888693142e+01  4.131348338e+01  4.373952971e+01  4.616457809e+01
  4.858900288e+01  5.101272350e+01  5.343549476e+01  5.585746850e+01
  5.827869797e+01  6.069915937e+01  6.311873819e+01  6.553745407e+01
  6.795532810e+01  7.037237039e+01  7.278858639e+01  7.520397962e+01
  7.761855002e+01  8.003229438e+01  8.244520284e+01  8.485725838e+01
  8.726852215e+01  8.967902717e+01  9.208875225e+01  9.449764516e+01
  9.690567533e+01  9.931301960e+01  1.017196051e+02  1.041253166e+02
  1.065303799e+02  1.089346812e+02  1.113381945e+02  1.137410928e+02
  1.161431734e+02  1.185446968e+02  1.209454352e+02  1.233456516e+02
  1.257451376e+02  1.281441165e+02  1.305424778e+02  1.329402842e+02
  1.353376694e+02  1.377344880e+02  1.401309173e+02  1.425270014e+02
  1.449226650e+02  1.473180623e+02  1.497132884e+02  1.521082766e+02
  1.545031411e+02  1.568980122e+02  1.592929649e+02  1.616880002e+02
  1.640832504e+02  1.664788556e+02  1.688749570e+02  1.712716261e+02
  1.736689816e+02  1.760672008e+02  1.784664726e+02  1.808670001e+02
  1.832689755e+02  1.856725742e+02  1.880780583e+02  1.904857166e+02
  1.928958646e+02  1.953088472e+02  1.977249927e+02  2.001446593e+02
  2.025682894e+02  2.049963630e+02  2.074293938e+02  2.098678814e+02
  2.123122588e+02  2.147630099e+02  2.172205393e+02  2.196850999e+02
  2.221567073e+02  2.246354902e+02  2.271218280e+02  2.296164053e+02
  2.321202119e+02  2.346353562e+02  2.371657970e+02  2.397186288e+02
  2.423038217e+02
@R A 101 []
  0.000000000e+00  1.129815229e-02  2.259586137e-02  3.389333931e-02
  4.519086683e-02  5.648814492e-02  6.778503933e-02  7.908176647e-02
  9.037830547e-02  1.016744110e-01  1.129700593e-01  1.242652411e-01
  1.355598743e-01  1.468537354e-01  1.581472638e-01  1.694399472e-01
  1.807333941e-01  1.920254651e-01  2.033174354e-01  2.146069950e-01
  2.258959672e-01  2.371840061e-01  2.484698761e-01  2.597542693e-01
  2.710374673e-01  2.823192822e-01  2.935990550e-01  3.048768529e-01
  3.161526859e-01  3.274264236e-01  3.386979939e-01  3.499673073e-01
  3.612341919e-01  3.724984988e-01  3.837600886e-01  3.950187132e-01
  4.062744775e-01  4.175274134e-01  4.287772623e-01  4.400235940e-01
  4.512660710e-01  4.625053493e-01  4.737408958e-01  4.849719293e-01
  4.961992956e-01  5.074222516e-01  5.186404073e-01  5.298542947e-01
  5.410627312e-01  5.522666367e-01  5.634646133e-01  5.746575839e-01
  5.858442495e-01  5.970252830e-01  6.081997700e-01  6.193676209e-01
  6.305290443e-01  6.416828971e-01  6.528295206e-01  6.639686450e-01
  6.750993790e-01  6.862218397e-01  6.973358835e-01  7.084405773e-01
  7.195357610e-01  7.306212952e-01  7.416967672e-01  7.527613712e-01
  7.638148274e-01  7.748568139e-01  7.858869981e-01  7.969046379e-01
  8.079091026e-01  8.188999574e-01  8.298767455e-01  8.408389573e-01
  8.517859097e-01  8.627167127e-01  8.736307749e-01  8.845274623e-01
  8.954060773e-01  9.062659134e-01  9.171060060e-01  9.279253608e-01
  9.387232525e-01  9.494988905e-01  9.602516034e-01  9.709807539e-01
  9.816854061e-01  9.923656020e-01  1.003021045e+00  1.013651880e+00
  1.024259600e+00  1.034846700e+00  1.045415603e+00  1.055967528e+00
  1.066502297e+00  1.077013252e+00  1.087489126e+00  1.097915633e+00
  1.108273512e+00
@R RTOR 101 []
  4.749309538e+00  4.749293410e+00  4.749244851e+00  4.749163445e+00
  4.749049699e+00  4.748903795e+00  4.748725504e+00  4.748515082e+00
  4.748272818e+00  4.747998732e+00  4.747693052e+00  4.747356112e+00
  4.746988041e+00  4.746589062e+00  4.746159558e+00  4.745699789e+00
  4.745209899e+00  4.744690400e+00  4.744141561e+00  4.743563733e+00
  4.742957235e+00  4.742322478e+00  4.741659818e+00  4.740969572e+00
  4.740252139e+00  4.739507837e+00  4.738737005e+00  4.737940076e+00
  4.737117427e+00  4.736269367e+00  4.735396234e+00  4.734498350e+00
  4.733575961e+00  4.732629257e+00  4.731658447e+00  4.730663697e+00
  4.729645060e+00  4.728602650e+00  4.727536595e+00  4.726446952e+00
  4.725333781e+00  4.724197082e+00  4.723036898e+00  4.721853270e+00
  4.720646118e+00  4.719415498e+00  4.718161386e+00  4.716883655e+00
  4.715582393e+00  4.714257417e+00  4.712908767e+00  4.711536231e+00
  4.710139881e+00  4.708719486e+00  4.707274990e+00  4.705806290e+00
  4.704313192e+00  4.702795644e+00  4.701253405e+00  4.699686328e+00
  4.698094319e+00  4.696477103e+00  4.694834454e+00  4.693166270e+00
  4.691472287e+00  4.689752198e+00  4.688005776e+00  4.686232830e+00
  4.684433037e+00  4.682606067e+00  4.680751604e+00  4.678869372e+00
  4.676959031e+00  4.675020176e+00  4.673052434e+00  4.671055387e+00
  4.669028593e+00  4.666971636e+00  4.664884049e+00  4.662765314e+00
  4.660614867e+00  4.658432053e+00  4.656216214e+00  4.653966605e+00
  4.651682266e+00  4.649362170e+00  4.647004994e+00  4.644609120e+00
  4.642172848e+00  4.639693335e+00  4.637166329e+00  4.634586632e+00
  4.631947396e+00  4.629241142e+00  4.626461365e+00  4.623603209e+00
  4.620662390e+00  4.617641380e+00  4.614547267e+00  4.611392612e+00
  4.608194541e+00
@R SHIFT 101 []
  1.993095376e-01  1.992934097e-01  1.992448513e-01  1.991634447e-01
  1.990496991e-01  1.989037951e-01  1.987255038e-01  1.985150816e-01
  1.982728175e-01  1.979987322e-01  1.976930521e-01  1.973561119e-01
  1.969880412e-01  1.965890620e-01  1.961595585e-01  1.956997894e-01
  1.952098985e-01  1.946904001e-01  1.941415615e-01  1.935637333e-01
  1.929572345e-01  1.923224780e-01  1.916598178e-01  1.909695716e-01
  1.902521391e-01  1.895078371e-01  1.887370052e-01  1.879400763e-01
  1.871174271e-01  1.862693667e-01  1.853962341e-01  1.844983498e-01
  1.835759610e-01  1.826292568e-01  1.816584470e-01  1.806636967e-01
  1.796450604e-01  1.786026503e-01  1.775365951e-01  1.764469522e-01
  1.753337806e-01  1.741970816e-01  1.730368981e-01  1.718532704e-01
  1.706461185e-01  1.694154977e-01  1.681613864e-01  1.668836551e-01
  1.655823932e-01  1.642574171e-01  1.629087668e-01  1.615362312e-01
  1.601398810e-01  1.587194856e-01  1.572749904e-01  1.558062896e-01
  1.543131923e-01  1.527956442e-01  1.512534053e-01  1.496863283e-01
  1.480943191e-01  1.464771029e-01  1.448344540e-01  1.431662704e-01
  1.414722875e-01  1.397521979e-01  1.380057758e-01  1.362328297e-01
  1.344330375e-01  1.326060668e-01  1.307516042e-01  1.288693724e-01
  1.269590305e-01  1.250201765e-01  1.230524336e-01  1.210553869e-01
  1.190285925e-01  1.169716362e-01  1.148840493e-01  1.127653140e-01
  1.106148667e-01  1.084320533e-01  1.062162141e-01  1.039666046e-01
  1.016822661e-01  9.936217022e-02  9.700499352e-02  9.460912012e-02
  9.217284752e-02  8.969333536e-02  8.716632874e-02  8.458663182e-02
  8.194739582e-02  7.924114173e-02  7.646136531e-02  7.360320889e-02
  7.066238960e-02  6.764138010e-02  6.454726735e-02  6.139261157e-02
  5.819454073e-02
@R ELONG 101 []
  1.287609985e+00  1.287619744e+00  1.287649021e+00  1.287685058e+00
  1.287692362e+00  1.287686335e+00  1.287680356e+00  1.287675890e+00
  1.287675449e+00  1.287676175e+00  1.287676787e+00  1.287677691e+00
  1.287682232e+00  1.287689886e+00  1.287698308e+00  1.287708511e+00
  1.287721790e+00  1.287738595e+00  1.287758529e+00  1.287782102e+00
  1.287809433e+00  1.287841206e+00  1.287878300e+00  1.287920558e+00
  1.287968086e+00  1.288021467e+00  1.288081731e+00  1.288148791e+00
  1.288222822e+00  1.288304590e+00  1.288394494e+00  1.288492899e+00
  1.288600059e+00  1.288716287e+00  1.288841677e+00  1.288976699e+00
  1.289121663e+00  1.289276581e+00  1.289441722e+00  1.289617368e+00
  1.289803894e+00  1.290001401e+00  1.290210126e+00  1.290430408e+00
  1.290662545e+00  1.290906764e+00  1.291163356e+00  1.291432738e+00
  1.291715079e+00  1.292010817e+00  1.292320313e+00  1.292643937e+00
  1.292982031e+00  1.293335050e+00  1.293703478e+00  1.294087714e+00
  1.294488272e+00  1.294905639e+00  1.295340414e+00  1.295793110e+00
  1.296264346e+00  1.296754861e+00  1.297265276e+00  1.297796282e+00
  1.298348682e+00  1.298923386e+00  1.299521222e+00  1.300143074e+00
  1.300789993e+00  1.301463149e+00  1.302163670e+00  1.302892726e+00
  1.303651675e+00  1.304441986e+00  1.305265201e+00  1.306122958e+00
  1.307017053e+00  1.307949502e+00  1.308922437e+00  1.309938148e+00
  1.310999125e+00  1.312107952e+00  1.313267367e+00  1.314480315e+00
  1.315749929e+00  1.317079774e+00  1.318473426e+00  1.319934145e+00
  1.321465405e+00  1.323069936e+00  1.324748352e+00  1.326498757e+00
  1.328317565e+00  1.330200973e+00  1.332146340e+00  1.334154616e+00
  1.336225949e+00  1.338371734e+00  1.340639440e+00  1.343114946e+00
  1.345910391e+00
@R TRIAG 101 []
  0.000000000e+00  3.124876886e-02  2.951725517e-02  2.776627435e-02
  2.601646480e-02  2.426572664e-02  2.250545822e-02  2.073720031e-02
  1.896190425e-02  1.717729584e-02  1.538296990e-02  1.357890754e-02
  1.176343516e-02  9.935887809e-03  8.096649328e-03  6.244484006e-03
  4.377753308e-03  2.496848107e-03  6.010315486e-04 -1.310402800e-03
 -3.238149594e-03 -5.182629880e-03 -7.144579655e-03 -9.124713133e-03
 -1.112344965e-02 -1.314158504e-02 -1.517980870e-02 -1.723846806e-02
 -1.931807731e-02 -2.141931224e-02 -2.354279627e-02 -2.568920027e-02
 -2.785936553e-02 -3.005382145e-02 -3.227274373e-02 -3.451656623e-02
 -3.678601651e-02 -3.908165314e-02 -4.140396457e-02 -4.375360239e-02
 -4.613128571e-02 -4.853785808e-02 -5.097400383e-02 -5.344036599e-02
 -5.593789413e-02 -5.846732251e-02 -6.102955533e-02 -6.362564590e-02
 -6.625625203e-02 -6.892265333e-02 -7.162576429e-02 -7.436690412e-02
 -7.714687515e-02 -7.996712546e-02 -8.282883945e-02 -8.573341984e-02
 -8.868222698e-02 -9.167660363e-02 -9.471825700e-02 -9.780887741e-02
 -1.009500525e-01 -1.041436720e-01 -1.073918193e-01 -1.106966426e-01
 -1.140613823e-01 -1.174884208e-01 -1.209801549e-01 -1.245390502e-01
 -1.281679928e-01 -1.318698696e-01 -1.356476819e-01 -1.395046116e-01
 -1.434442220e-01 -1.474703746e-01 -1.515870463e-01 -1.557986958e-01
 -1.601101771e-01 -1.645266784e-01 -1.690531707e-01 -1.736953145e-01
 -1.784594977e-01 -1.833528990e-01 -1.883836943e-01 -1.935610945e-01
 -1.988955873e-01 -2.043987589e-01 -2.100796908e-01 -2.159440383e-01
 -2.220007464e-01 -2.282604231e-01 -2.347382769e-01 -2.414569281e-01
 -2.484352072e-01 -2.556868584e-01 -2.631993307e-01 -2.709528283e-01
 -2.789665926e-01 -2.872829332e-01 -2.960201351e-01 -3.054200919e-01
 -3.157583932e-01
@R PMHD 101 []
  1.594047236e+06  1.593492092e+06  1.591828410e+06  1.589061442e+06
  1.585199912e+06  1.580255980e+06  1.574245179e+06  1.567186341e+06
  1.559101469e+06  1.550015667e+06  1.539956934e+06  1.528955967e+06
  1.517045906e+06  1.504262480e+06  1.490642893e+06  1.476227190e+06
  1.461054232e+06  1.445169460e+06  1.428614738e+06  1.411437908e+06
  1.393681442e+06  1.375391259e+06  1.356614635e+06  1.337395455e+06
  1.317777713e+06  1.297805056e+06  1.277520657e+06  1.256967064e+06
  1.236194570e+06  1.215247531e+06  1.194150445e+06  1.172920945e+06
  1.151578363e+06  1.130141132e+06  1.108627711e+06  1.087056866e+06
  1.065445668e+06  1.043811085e+06  1.022170822e+06  1.000542646e+06
  9.789436713e+05  9.573888047e+05  9.358948557e+05  9.144784214e+05
  8.931526032e+05  8.719337915e+05  8.508380883e+05  8.298779135e+05
  8.090679646e+05  7.884216867e+05  7.679529645e+05  7.476734791e+05
  7.275971000e+05  7.077348415e+05  6.880988747e+05  6.687008830e+05
  6.495505764e+05  6.306599248e+05  6.120380792e+05  5.936946672e+05
  5.756398444e+05  5.578816852e+05  5.404283568e+05  5.232887911e+05
  5.064702150e+05  4.899793643e+05  4.738229397e+05  4.580077402e+05
  4.425393099e+05  4.274226906e+05  4.126623627e+05  3.982627143e+05
  3.842273345e+05  3.705587082e+05  3.572582290e+05  3.443260958e+05
  3.317611605e+05  3.195601827e+05  3.077163909e+05  2.962187861e+05
  2.850504313e+05  2.741855365e+05  2.635858392e+05  2.531951570e+05
  2.429312759e+05  2.326753219e+05  2.222578186e+05  2.114422077e+05
  1.999089542e+05  1.872478762e+05  1.729782584e+05  1.566258326e+05
  1.378890846e+05  1.168844282e+05  9.438208810e+04  7.183127500e+04
  5.099887748e+04  3.338220577e+04  1.964303270e+04  9.839212634e+03
  5.940912571e+03
@R QMHD 101 []
  9.810019190e-01  9.810588724e-01  9.812301937e-01  9.815172234e-01
  9.819220583e-01  9.824473441e-01  9.830959885e-01  9.838707941e-01
  9.847740175e-01  9.858068433e-01  9.869688007e-01  9.882571719e-01
  9.896693188e-01  9.912051200e-01  9.928649651e-01  9.946503370e-01
  9.965634716e-01  9.986041835e-01  1.000772255e+00  1.003067252e+00
  1.005491779e+00  1.008048916e+00  1.010736421e+00  1.013555473e+00
  1.016508826e+00  1.019597425e+00  1.022823857e+00  1.026189175e+00
  1.029694438e+00  1.033340910e+00  1.037132497e+00  1.041071722e+00
  1.045159426e+00  1.049399280e+00  1.053794578e+00  1.058348435e+00
  1.063063474e+00  1.067943674e+00  1.072992684e+00  1.078214230e+00
  1.083612538e+00  1.089192047e+00  1.094957166e+00  1.100911885e+00
  1.107062451e+00  1.113413667e+00  1.119970082e+00  1.126738550e+00
  1.133724592e+00  1.140935291e+00  1.148376304e+00  1.156055690e+00
  1.163979682e+00  1.172156766e+00  1.180594783e+00  1.189302424e+00
  1.198289396e+00  1.207563700e+00  1.217136188e+00  1.227017561e+00
  1.237218598e+00  1.247750898e+00  1.258627261e+00  1.269860272e+00
  1.281463849e+00  1.293452790e+00  1.305842661e+00  1.318649360e+00
  1.331890368e+00  1.345584685e+00  1.359752106e+00  1.374412941e+00
  1.389589116e+00  1.405304940e+00  1.421586055e+00  1.438459293e+00
  1.455953786e+00  1.474101209e+00  1.492936765e+00  1.512496905e+00
  1.532820739e+00  1.553950072e+00  1.575929424e+00  1.598807777e+00
  1.622641422e+00  1.647493381e+00  1.673438185e+00  1.700551091e+00
  1.728920884e+00  1.758648882e+00  1.789802191e+00  1.822446204e+00
  1.856686751e+00  1.892608481e+00  1.930302336e+00  1.969942788e+00
  2.011817404e+00  2.056118332e+00  2.103379218e+00  2.154542415e+00
  2.210945348e+00
@R ER 101 []
  0.000000000e+00  0.000000000e+00  0.000000000e+00  0.000000000e+00
  0.000000000e+00  0.000000000e+00  0.000000000e+00  0.000000000e+00
  0.000000000e+00  0.000000000e+00  0.000000000e+00  0.000000000e+00
  0.000000000e+00  0.000000000e+00  0.000000000e+00  0.000000000e+00
  0.000000000e+00  0.000000000e+00  0.000000000e+00  0.000000000e+00
  0.000000000e+00  0.000000000e+00  0.000000000e+00  0.000000000e+00
  0.000000000e+00  0.000000000e+00  0.000000000e+00  0.000000000e+00
  0.000000000e+00  0.000000000e+00  0.000000000e+00  0.000000000e+00
  0.000000000e+00  0.000000000e+00  0.000000000e+00  0.000000000e+00
  0.000000000e+00  0.000000000e+00  0.000000000e+00  0.000000000e+00
  0.000000000e+00  0.000000000e+00  0.000000000e+00  0.000000000e+00
  0.000000000e+00  0.000000000e+00  0.000000000e+00  0.000000000e+00
  0.000000000e+00  0.000000000e+00  0.000000000e+00  0.000000000e+00
  0.000000000e+00  0.000000000e+00  0.000000000e+00  0.000000000e+00
  0.000000000e+00  0.000000000e+00  0.000000000e+00  0.000000000e+00
  0.000000000e+00  0.000000000e+00  0.000000000e+00  0.000000000e+00
  0.000000000e+00  0.000000000e+00  0.000000000e+00  0.000000000e+00
  0.000000000e+00  0.000000000e+00  0.000000000e+00  0.000000000e+00
  0.000000000e+00  0.000000000e+00  0.000000000e+00  0.000000000e+00
  0.000000000e+00  0.000000000e+00  0.000000000e+00  0.000000000e+00
  0.000000000e+00  0.000000000e+00  0.000000000e+00  0.000000000e+00
  0.000000000e+00  0.000000000e+00  0.000000000e+00  0.000000000e+00
  0.000000000e+00  0.000000000e+00  0.000000000e+00  0.000000000e+00
  0.000000000e+00  0.000000000e+00  0.000000000e+00  0.000000000e+00
  0.000000000e+00  0.000000000e+00  0.000000000e+00  0.000000000e+00
  0.000000000e+00
@R NC1 101 []
  9.985000475e-01  9.385398042e-01  9.154157393e-01  8.984844363e-01
  8.847203741e-01  8.729594401e-01  8.626074491e-01  8.533120291e-01
  8.448453732e-01  8.370504700e-01  8.298129099e-01  8.230466251e-01
  8.166853913e-01  8.106765352e-01  8.049769998e-01  7.995517321e-01
  7.943713849e-01  7.894122125e-01  7.846529276e-01  7.800765380e-01
  7.756664003e-01  7.714089889e-01  7.672927694e-01  7.633068203e-01
  7.594416659e-01  7.556890230e-01  7.520413644e-01  7.484916300e-01
  7.450335924e-01  7.416617760e-01  7.383712349e-01  7.351574701e-01
  7.320166236e-01  7.289451047e-01  7.259393177e-01  7.229961302e-01
  7.201126115e-01  7.172857939e-01  7.145131681e-01  7.117924863e-01
  7.091213744e-01  7.064975560e-01  7.039192059e-01  7.013844892e-01
  6.988914105e-01  6.964384466e-01  6.940240311e-01  6.916465341e-01
  6.893047142e-01  6.869969217e-01  6.847222442e-01  6.824791087e-01
  6.802665645e-01  6.780833840e-01  6.759285692e-01  6.738010283e-01
  6.716997446e-01  6.696239321e-01  6.675725357e-01  6.655446572e-01
  6.635395139e-01  6.615562726e-01  6.595940877e-01  6.576522275e-01
  6.557299729e-01  6.538265131e-01  6.519410835e-01  6.500730855e-01
  6.482217542e-01  6.463863840e-01  6.445662838e-01  6.427607815e-01
  6.409692841e-01  6.391910758e-01  6.374254008e-01  6.356716632e-01
  6.339291788e-01  6.321972577e-01  6.304752399e-01  6.287624114e-01
  6.270583211e-01  6.253625685e-01  6.236747087e-01  6.219948617e-01
  6.203228877e-01  6.186591293e-01  6.170054898e-01  6.153632929e-01
  6.137370424e-01  6.121344732e-01  6.105646167e-01  6.090418475e-01
  6.075744702e-01  6.061566412e-01  6.047711006e-01  6.034060073e-01
  6.020281890e-01  6.005763804e-01  5.989542382e-01  5.970695136e-01
  5.949034698e-01
@R HFAC1 101 []
  1.000000000e+00  9.976215348e-01  9.952441599e-01  9.928679048e-01
  9.904927039e-01  9.881187693e-01  9.857462256e-01  9.833749581e-01
  9.810049844e-01  9.786364359e-01  9.762692519e-01  9.739033869e-01
  9.715388839e-01  9.691756832e-01  9.668135772e-01  9.644526861e-01
  9.620925418e-01  9.597334211e-01  9.573749977e-01  9.550176659e-01
  9.526608306e-01  9.503044308e-01  9.479486329e-01  9.455931131e-01
  9.432376674e-01  9.408822574e-01  9.385268104e-01  9.361710450e-01
  9.338147982e-01  9.314579976e-01  9.291005801e-01  9.267425272e-01
  9.243839278e-01  9.220248416e-01  9.196652153e-01  9.173050837e-01
  9.149444232e-01  9.125831047e-01  9.102211349e-01  9.078586020e-01
  9.054954381e-01  9.031314153e-01  9.007666238e-01  8.984011052e-01
  8.960345612e-01  8.936670669e-01  8.912986015e-01  8.889289263e-01
  8.865581602e-01  8.841859531e-01  8.818125367e-01  8.794375091e-01
  8.770609908e-01  8.746827292e-01  8.723027384e-01  8.699208085e-01
  8.675367475e-01  8.651506444e-01  8.627621833e-01  8.603711967e-01
  8.579776562e-01  8.555813263e-01  8.531819777e-01  8.507795179e-01
  8.483737521e-01  8.459644158e-01  8.435512405e-01  8.411340981e-01
  8.387127087e-01  8.362867607e-01  8.338559264e-01  8.314199418e-01
  8.289785466e-01  8.265313460e-01  8.240778768e-01  8.216177765e-01
  8.191506387e-01  8.166760040e-01  8.141933787e-01  8.117022649e-01
  8.092023197e-01  8.066932731e-01  8.041748294e-01  8.016470549e-01
  7.991099893e-01  7.965640314e-01  7.940110589e-01  7.914532691e-01
  7.888954529e-01  7.863465420e-01  7.838181847e-01  7.813250065e-01
  7.788750492e-01  7.764626953e-01  7.740698165e-01  7.716803107e-01
  7.692621057e-01  7.667486503e-01  7.640244898e-01  7.609852942e-01
  7.576061924e-01
@R HFAC2 101 []
  1.000000000e+00  9.952515428e-01  9.905221479e-01  9.858117773e-01
  9.811202059e-01  9.764477568e-01  9.717945766e-01  9.671603396e-01
  9.625449828e-01  9.579486658e-01  9.533711709e-01  9.488123103e-01
  9.442720690e-01  9.397502349e-01  9.352463150e-01  9.307604441e-01
  9.262916394e-01  9.218403324e-01  9.174058200e-01  9.129887531e-01
  9.085879241e-01  9.042031340e-01  8.998346089e-01  8.954816656e-01
  8.911438486e-01  8.868210108e-01  8.825129403e-01  8.782190475e-01
  8.739389652e-01  8.696724961e-01  8.654194657e-01  8.611797823e-01
  8.569535533e-01  8.527408322e-01  8.485414635e-01  8.443554509e-01
  8.401827004e-01  8.360229260e-01  8.318760854e-01  8.277422813e-01
  8.236213356e-01  8.195128010e-01  8.154167859e-01  8.113333068e-01
  8.072617987e-01  8.032023448e-01  7.991548592e-01  7.951188877e-01
  7.910945862e-01  7.870813128e-01  7.830794205e-01  7.790881864e-01
  7.751077704e-01  7.711377118e-01  7.671779927e-01  7.632282231e-01
  7.592880511e-01  7.553575878e-01  7.514362754e-01  7.475238068e-01
  7.436200987e-01  7.397247379e-01  7.358373234e-01  7.319576709e-01
  7.280854395e-01  7.242201738e-01  7.203614153e-01  7.165089354e-01
  7.126622579e-01  7.088208611e-01  7.049842057e-01  7.011518500e-01
  6.973233626e-01  6.934980991e-01  6.896753089e-01  6.858544135e-01
  6.820347578e-01  6.782156001e-01  6.743961595e-01  6.705756495e-01
  6.667535443e-01  6.629294471e-01  6.591029213e-01  6.552741322e-01
  6.514432064e-01  6.476108323e-01  6.437800875e-01  6.399545048e-01
  6.361417144e-01  6.323559889e-01  6.286159793e-01  6.249452015e-01
  6.213565329e-01  6.178409716e-01  6.143694514e-01  6.109162148e-01
  6.074300088e-01  6.038037609e-01  5.998514258e-01  5.954081567e-01
  5.904387166e-01
