 # generated by zfastran.py Ver+Oct2009
@R INFLAG 1 []
  1.000000000e+00
@R TIME0 1 [s]
  0.000000000e+00
@R IP 1 []
  9.999999995e+00
@R BCENTR 1 []
  1.100000000e+01
@R RMAJOR 1 []
  4.550000000e+00
@R AMINOR 1 []
  1.108327527e+00
@R ELONGB 1 []
  1.346237547e+00
@R TRIANB 1 []
 -3.162274767e-01
@R RHO 101 []
  0.000000000e+00  1.000000000e-02  2.000000000e-02  3.000000000e-02
  4.000000000e-02  5.000000000e-02  6.000000000e-02  7.000000000e-02
  8.000000000e-02  9.000000000e-02  1.000000000e-01  1.100000000e-01
  1.200000000e-01  1.300000000e-01  1.400000000e-01  1.500000000e-01
  1.600000000e-01  1.700000000e-01  1.800000000e-01  1.900000000e-01
  2.000000000e-01  2.100000000e-01  2.200000000e-01  2.300000000e-01
  2.400000000e-01  2.500000000e-01  2.600000000e-01  2.700000000e-01
  2.800000000e-01  2.900000000e-01  3.000000000e-01  3.100000000e-01
  3.200000000e-01  3.300000000e-01  3.400000000e-01  3.500000000e-01
  3.600000000e-01  3.700000000e-01  3.800000000e-01  3.900000000e-01
  4.000000000e-01  4.100000000e-01  4.200000000e-01  4.300000000e-01
  4.400000000e-01  4.500000000e-01  4.600000000e-01  4.700000000e-01
  4.800000000e-01  4.900000000e-01  5.000000000e-01  5.100000000e-01
  5.200000000e-01  5.300000000e-01  5.400000000e-01  5.500000000e-01
  5.600000000e-01  5.700000000e-01  5.800000000e-01  5.900000000e-01
  6.000000000e-01  6.100000000e-01  6.200000000e-01  6.300000000e-01
  6.400000000e-01  6.500000000e-01  6.600000000e-01  6.700000000e-01
  6.800000000e-01  6.900000000e-01  7.000000000e-01  7.100000000e-01
  7.200000000e-01  7.300000000e-01  7.400000000e-01  7.500000000e-01
  7.600000000e-01  7.700000000e-01  7.800000000e-01  7.900000000e-01
  8.000000000e-01  8.100000000e-01  8.200000000e-01  8.300000000e-01
  8.400000000e-01  8.500000000e-01  8.600000000e-01  8.700000000e-01
  8.800000000e-01  8.900000000e-01  9.000000000e-01  9.100000000e-01
  9.200000000e-01  9.300000000e-01  9.400000000e-01  9.500000000e-01
  9.600000000e-01  9.700000000e-01  9.800000000e-01  9.900000000e-01
  1.000000000e+00
@R AMAIN 1 []
  2.500000000e+00
@R ZMAIN 1 []
  1.000000000e+00
@I NIMP 1 []
                1
@R AIMP 1 []
  1.820000000e+02
@R ZIMP 1 []
  7.400000000e+01
@R FIMP 1 []
  4.894772366e-05
@R ENE 101 []
  2.762403851e+01  2.762403851e+01  2.757453042e+01  2.752149279e+01
  2.746497207e+01  2.740501472e+01  2.734166722e+01  2.727497602e+01
  2.720498759e+01  2.713174839e+01  2.705530488e+01  2.697570352e+01
  2.689299079e+01  2.680721313e+01  2.671841702e+01  2.662664892e+01
  2.653195529e+01  2.643438259e+01  2.633397729e+01  2.623078585e+01
  2.612485473e+01  2.601623040e+01  2.590495931e+01  2.579108794e+01
  2.567466274e+01  2.555573018e+01  2.543433672e+01  2.531052882e+01
  2.518435295e+01  2.505585556e+01  2.492508313e+01  2.479208212e+01
  2.465689898e+01  2.451958019e+01  2.438017220e+01  2.423872147e+01
  2.409527448e+01  2.394987768e+01  2.380257753e+01  2.365342051e+01
  2.350245306e+01  2.334972166e+01  2.319527276e+01  2.303915284e+01
  2.288140834e+01  2.272208574e+01  2.256123149e+01  2.239889205e+01
  2.223511389e+01  2.206994345e+01  2.190342719e+01  2.173561156e+01
  2.156654301e+01  2.139626796e+01  2.122483284e+01  2.105228405e+01
  2.087866797e+01  2.070403094e+01  2.052841924e+01  2.035187907e+01
  2.017445652e+01  1.999619753e+01  1.981714778e+01  1.963735262e+01
  1.945685693e+01  1.927570486e+01  1.909393958e+01  1.891160281e+01
  1.872873422e+01  1.854537049e+01  1.836154408e+01  1.817728136e+01
  1.799259997e+01  1.780750513e+01  1.762198423e+01  1.743599921e+01
  1.724947569e+01  1.706228755e+01  1.687423497e+01  1.668501348e+01
  1.649417037e+01  1.630104368e+01  1.610467768e+01  1.590370723e+01
  1.569620277e+01  1.547946898e+01  1.524979663e+01  1.500218367e+01
  1.473007884e+01  1.442526937e+01  1.407814433e+01  1.367869803e+01
  1.321870145e+01  1.269524596e+01  1.211507031e+01  1.149775274e+01
  1.087495320e+01  1.028410577e+01  9.758564452e+00  9.319240583e+00
  8.971822140e+00
@R TE 101 []
  1.881654519e+01  1.881654519e+01  1.874662919e+01  1.867100238e+01
  1.858978919e+01  1.850311407e+01  1.841110146e+01  1.831387578e+01
  1.821156147e+01  1.810428297e+01  1.799216472e+01  1.787533115e+01
  1.775390670e+01  1.762801579e+01  1.749778288e+01  1.736333240e+01
  1.722478877e+01  1.708227645e+01  1.693591985e+01  1.678584343e+01
  1.663217161e+01  1.647502884e+01  1.631453954e+01  1.615082815e+01
  1.598401911e+01  1.581423686e+01  1.564160583e+01  1.546625046e+01
  1.528829518e+01  1.510786444e+01  1.492508265e+01  1.474007427e+01
  1.455296373e+01  1.436387546e+01  1.417293390e+01  1.398026348e+01
  1.378598865e+01  1.359023383e+01  1.339312347e+01  1.319478200e+01
  1.299533385e+01  1.279490347e+01  1.259361528e+01  1.239159373e+01
  1.218896325e+01  1.198584827e+01  1.178237323e+01  1.157866258e+01
  1.137484073e+01  1.117103213e+01  1.096736122e+01  1.076395243e+01
  1.056093019e+01  1.035841894e+01  1.015654311e+01  9.955427132e+00
  9.755195434e+00  9.555972440e+00  9.357882568e+00  9.161050226e+00
  8.965599808e+00  8.771655683e+00  8.579342185e+00  8.388783597e+00
  8.200104115e+00  8.013427809e+00  7.828878553e+00  7.646579921e+00
  7.466655027e+00  7.289226280e+00  7.114415004e+00  6.942340867e+00
  6.773120990e+00  6.606868592e+00  6.443690910e+00  6.283686003e+00
  6.126937857e+00  5.973508876e+00  5.823428365e+00  5.676674884e+00
  5.533149234e+00  5.392633175e+00  5.254726559e+00  5.118752083e+00
  4.983612320e+00  4.847578288e+00  4.707984551e+00  4.560808177e+00
  4.400131566e+00  4.217561045e+00  4.001843612e+00  3.739242847e+00
  3.415646522e+00  3.021462447e+00  2.559123481e+00  2.049749904e+00
  1.532463946e+00  1.052763012e+00  6.459840592e-01  3.273054747e-01
  9.313772241e-02
@R TI 101 []
  1.901675918e+01  1.901675918e+01  1.894586134e+01  1.886917190e+01
  1.878681706e+01  1.869892300e+01  1.860561593e+01  1.850702206e+01
  1.840326757e+01  1.829447866e+01  1.818078154e+01  1.806230241e+01
  1.793916745e+01  1.781150288e+01  1.767943489e+01  1.754308967e+01
  1.740259343e+01  1.725807237e+01  1.710965268e+01  1.695746057e+01
  1.680162223e+01  1.664226385e+01  1.647951165e+01  1.631349181e+01
  1.614433054e+01  1.597215404e+01  1.579708850e+01  1.561926013e+01
  1.543879511e+01  1.525581966e+01  1.507045996e+01  1.488284222e+01
  1.469309264e+01  1.450133741e+01  1.430770274e+01  1.411231482e+01
  1.391529985e+01  1.371678403e+01  1.351689356e+01  1.331575463e+01
  1.311349345e+01  1.291023622e+01  1.270610913e+01  1.250123838e+01
  1.229575017e+01  1.208977070e+01  1.188342617e+01  1.167684278e+01
  1.147014672e+01  1.126346419e+01  1.105692140e+01  1.085064453e+01
  1.064475980e+01  1.043939338e+01  1.023467148e+01  1.003072030e+01
  9.827666022e+00  9.625634833e+00  9.424752917e+00  9.225146445e+00
  9.026941573e+00  8.830264437e+00  8.635241136e+00  8.441997717e+00
  8.250660146e+00  8.061354264e+00  7.874205721e+00  7.689339872e+00
  7.506881621e+00  7.326955179e+00  7.149683696e+00  6.975188690e+00
  6.803589177e+00  6.635000336e+00  6.469531451e+00  6.307282769e+00
  6.148340661e+00  5.992770205e+00  5.840603806e+00  5.691823739e+00
  5.546335411e+00  5.403926469e+00  5.264204472e+00  5.126502385e+00
  4.989736575e+00  4.852196540e+00  4.711241240e+00  4.562878881e+00
  4.401229140e+00  4.217937752e+00  4.001782842e+00  3.739031311e+00
  3.415520326e+00  3.021536852e+00  2.559348542e+00  2.049952407e+00
  1.532483761e+00  1.052586005e+00  6.457558620e-01  3.272331394e-01
  9.338373216e-02
@R ZEFF 101 []
  1.264415603e+00  1.264415603e+00  1.263520025e+00  1.262550097e+00
  1.261506409e+00  1.260389523e+00  1.259199976e+00  1.257938289e+00
  1.256604967e+00  1.255200510e+00  1.253725415e+00  1.252180183e+00
  1.250565325e+00  1.248881365e+00  1.247128850e+00  1.245308352e+00
  1.243420476e+00  1.241465868e+00  1.239445219e+00  1.237359271e+00
  1.235208829e+00  1.232994765e+00  1.230718023e+00  1.228379634e+00
  1.225980719e+00  1.223522498e+00  1.221006300e+00  1.218433574e+00
  1.215805892e+00  1.213124965e+00  1.210392646e+00  1.207610945e+00
  1.204782032e+00  1.201908250e+00  1.198992122e+00  1.196036357e+00
  1.193043856e+00  1.190017724e+00  1.186961266e+00  1.183877996e+00
  1.180771638e+00  1.177646126e+00  1.174505600e+00  1.171354403e+00
  1.168197076e+00  1.165038347e+00  1.161883118e+00  1.158736450e+00
  1.155603547e+00  1.152489728e+00  1.149400410e+00  1.146341070e+00
  1.143317222e+00  1.140334374e+00  1.137397996e+00  1.134513475e+00
  1.131686079e+00  1.128920904e+00  1.126222840e+00  1.123596518e+00
  1.121046270e+00  1.118576088e+00  1.116189584e+00  1.113889952e+00
  1.111679937e+00  1.109561811e+00  1.107537349e+00  1.105607814e+00
  1.103773951e+00  1.102035984e+00  1.100393619e+00  1.098846058e+00
  1.097392015e+00  1.096029733e+00  1.094757013e+00  1.093571235e+00
  1.092469383e+00  1.091448065e+00  1.090503524e+00  1.089631636e+00
  1.088827887e+00  1.088087325e+00  1.087404477e+00  1.086773212e+00
  1.086186567e+00  1.085636533e+00  1.085113859e+00  1.084608042e+00
  1.084107832e+00  1.083602902e+00  1.083087621e+00  1.082567563e+00
  1.082067124e+00  1.081631232e+00  1.081309893e+00  1.081125336e+00
  1.081050802e+00  1.081032348e+00  1.081030089e+00  1.081030000e+00
  1.081030000e+00
@R OMEGA 101 []
  4.992501875e+03  4.992501875e+03  4.978801804e+03  4.961079526e+03
  4.940120160e+03  4.916382264e+03  4.890178959e+03  4.861743180e+03
  4.831258024e+03  4.798873089e+03  4.764714177e+03  4.728889466e+03
  4.691493659e+03  4.652610886e+03  4.612316799e+03  4.570680145e+03
  4.527763951e+03  4.483626454e+03  4.438321832e+03  4.391900796e+03
  4.344411068e+03  4.295897774e+03  4.246403778e+03  4.195969955e+03
  4.144635428e+03  4.092437767e+03  4.039413164e+03  3.985596584e+03
  3.931021896e+03  3.875721988e+03  3.819728870e+03  3.763073767e+03
  3.705787199e+03  3.647899055e+03  3.589438660e+03  3.530434837e+03
  3.470915960e+03  3.410910006e+03  3.350444605e+03  3.289547080e+03
  3.228244492e+03  3.166563674e+03  3.104531273e+03  3.042173783e+03
  2.979517575e+03  2.916588934e+03  2.853414088e+03  2.790019238e+03
  2.726430588e+03  2.662674375e+03  2.598776897e+03  2.534764544e+03
  2.470663824e+03  2.406501396e+03  2.342304099e+03  2.278098979e+03
  2.213913327e+03  2.149774707e+03  2.085710992e+03  2.021750397e+03
  1.957921519e+03  1.894253376e+03  1.830775447e+03  1.767517715e+03
  1.704510722e+03  1.641785608e+03  1.579374179e+03  1.517308956e+03
  1.455623246e+03  1.394351213e+03  1.333527952e+03  1.273189580e+03
  1.213373329e+03  1.154117653e+03  1.095462349e+03  1.037448686e+03
  9.801195629e+02  9.235196753e+02  8.676957162e+02  8.126966008e+02
  7.585737302e+02  7.053812976e+02  6.531766492e+02  6.020207128e+02
  5.519785103e+02  5.031197796e+02  4.555197357e+02  4.092600162e+02
  3.644298727e+02  3.211276991e+02  2.794630303e+02  2.395592200e+02
  2.015571260e+02  1.656203590e+02  1.319430748e+02  1.007621703e+02
  7.237775876e+01  4.719105135e+01  2.578549737e+01  9.151104569e+00
 -2.470912364e-12
@R Q 101 []
  0.000000000e+00  0.000000000e+00  0.000000000e+00  0.000000000e+00
  0.000000000e+00  0.000000000e+00  0.000000000e+00  0.000000000e+00
  0.000000000e+00  0.000000000e+00  0.000000000e+00  0.000000000e+00
  0.000000000e+00  0.000000000e+00  0.000000000e+00  0.000000000e+00
  0.000000000e+00  0.000000000e+00  0.000000000e+00  0.000000000e+00
  0.000000000e+00  0.000000000e+00  0.000000000e+00  0.000000000e+00
  0.000000000e+00  0.000000000e+00  0.000000000e+00  0.000000000e+00
  0.000000000e+00  0.000000000e+00  0.000000000e+00  0.000000000e+00
  0.000000000e+00  0.000000000e+00  0.000000000e+00  0.000000000e+00
  0.000000000e+00  0.000000000e+00  0.000000000e+00  0.000000000e+00
  0.000000000e+00  0.000000000e+00  0.000000000e+00  0.000000000e+00
  0.000000000e+00  0.000000000e+00  0.000000000e+00  0.000000000e+00
  0.000000000e+00  0.000000000e+00  0.000000000e+00  0.000000000e+00
  0.000000000e+00  0.000000000e+00  0.000000000e+00  0.000000000e+00
  0.000000000e+00  0.000000000e+00  0.000000000e+00  0.000000000e+00
  0.000000000e+00  0.000000000e+00  0.000000000e+00  0.000000000e+00
  0.000000000e+00  0.000000000e+00  0.000000000e+00  0.000000000e+00
  0.000000000e+00  0.000000000e+00  0.000000000e+00  0.000000000e+00
  0.000000000e+00  0.000000000e+00  0.000000000e+00  0.000000000e+00
  0.000000000e+00  0.000000000e+00  0.000000000e+00  0.000000000e+00
  0.000000000e+00  0.000000000e+00  0.000000000e+00  0.000000000e+00
  0.000000000e+00  0.000000000e+00  0.000000000e+00  0.000000000e+00
  0.000000000e+00  0.000000000e+00  0.000000000e+00  0.000000000e+00
  0.000000000e+00  0.000000000e+00  0.000000000e+00  0.000000000e+00
  0.000000000e+00  0.000000000e+00  0.000000000e+00  0.000000000e+00
  0.000000000e+00
@R FP 101 []
  0.000000000e+00  0.000000000e+00  0.000000000e+00  0.000000000e+00
  0.000000000e+00  0.000000000e+00  0.000000000e+00  0.000000000e+00
  0.000000000e+00  0.000000000e+00  0.000000000e+00  0.000000000e+00
  0.000000000e+00  0.000000000e+00  0.000000000e+00  0.000000000e+00
  0.000000000e+00  0.000000000e+00  0.000000000e+00  0.000000000e+00
  0.000000000e+00  0.000000000e+00  0.000000000e+00  0.000000000e+00
  0.000000000e+00  0.000000000e+00  0.000000000e+00  0.000000000e+00
  0.000000000e+00  0.000000000e+00  0.000000000e+00  0.000000000e+00
  0.000000000e+00  0.000000000e+00  0.000000000e+00  0.000000000e+00
  0.000000000e+00  0.000000000e+00  0.000000000e+00  0.000000000e+00
  0.000000000e+00  0.000000000e+00  0.000000000e+00  0.000000000e+00
  0.000000000e+00  0.000000000e+00  0.000000000e+00  0.000000000e+00
  0.000000000e+00  0.000000000e+00  0.000000000e+00  0.000000000e+00
  0.000000000e+00  0.000000000e+00  0.000000000e+00  0.000000000e+00
  0.000000000e+00  0.000000000e+00  0.000000000e+00  0.000000000e+00
  0.000000000e+00  0.000000000e+00  0.000000000e+00  0.000000000e+00
  0.000000000e+00  0.000000000e+00  0.000000000e+00  0.000000000e+00
  0.000000000e+00  0.000000000e+00  0.000000000e+00  0.000000000e+00
  0.000000000e+00  0.000000000e+00  0.000000000e+00  0.000000000e+00
  0.000000000e+00  0.000000000e+00  0.000000000e+00  0.000000000e+00
  0.000000000e+00  0.000000000e+00  0.000000000e+00  0.000000000e+00
  0.000000000e+00  0.000000000e+00  0.000000000e+00  0.000000000e+00
  0.000000000e+00  0.000000000e+00  0.000000000e+00  0.000000000e+00
  0.000000000e+00  0.000000000e+00  0.000000000e+00  0.000000000e+00
  0.000000000e+00  0.000000000e+00  0.000000000e+00  0.000000000e+00
  0.000000000e+00
@R CURPAR 101 []
  3.667254285e+00  3.667019943e+00  3.666184939e+00  3.664568625e+00
  3.662162575e+00  3.659030355e+00  3.655197405e+00  3.650666534e+00
  3.645438507e+00  3.639513411e+00  3.632891244e+00  3.625572008e+00
  3.617555701e+00  3.608842324e+00  3.599431876e+00  3.589324359e+00
  3.578519771e+00  3.567018114e+00  3.554819386e+00  3.541923588e+00
  3.528330719e+00  3.514040781e+00  3.499053772e+00  3.483369693e+00
  3.466988544e+00  3.449910325e+00  3.432135036e+00  3.413662677e+00
  3.394493247e+00  3.374626747e+00  3.354063177e+00  3.332802537e+00
  3.310844827e+00  3.288190046e+00  3.264838196e+00  3.240789275e+00
  3.216043284e+00  3.190600223e+00  3.164460092e+00  3.137622890e+00
  3.110088618e+00  3.081857277e+00  3.052928865e+00  3.023303382e+00
  2.992980830e+00  2.961961208e+00  2.930244515e+00  2.897830752e+00
  2.864719919e+00  2.830912016e+00  2.796407043e+00  2.761204999e+00
  2.725305886e+00  2.688709702e+00  2.651416448e+00  2.613426124e+00
  2.574738729e+00  2.535354265e+00  2.495272730e+00  2.454494125e+00
  2.413018450e+00  2.370845705e+00  2.327975890e+00  2.284409004e+00
  2.240145049e+00  2.195184023e+00  2.149525927e+00  2.103170761e+00
  2.056118524e+00  2.008369218e+00  1.959922841e+00  1.910779394e+00
  1.860938877e+00  1.810401290e+00  1.759166633e+00  1.707234905e+00
  1.654606108e+00  1.601280240e+00  1.547257302e+00  1.492537293e+00
  1.437120215e+00  1.381006067e+00  1.324194848e+00  1.266686559e+00
  1.208481200e+00  1.149578771e+00  1.089979271e+00  1.029682702e+00
  9.686890622e-01  9.069983523e-01  8.446105723e-01  7.815257221e-01
  7.177438017e-01  6.532648112e-01  5.880887505e-01  5.222496562e-01
  4.561219313e-01  3.915435538e-01  3.325866660e-01  2.874418424e-01
  2.697264576e-01
@R CURBEAM 101 []
  0.000000000e+00  0.000000000e+00  0.000000000e+00  0.000000000e+00
  0.000000000e+00  0.000000000e+00  0.000000000e+00  0.000000000e+00
  0.000000000e+00  0.000000000e+00  0.000000000e+00  0.000000000e+00
  0.000000000e+00  0.000000000e+00  0.000000000e+00  0.000000000e+00
  0.000000000e+00  0.000000000e+00  0.000000000e+00  0.000000000e+00
  0.000000000e+00  0.000000000e+00  0.000000000e+00  0.000000000e+00
  0.000000000e+00  0.000000000e+00  0.000000000e+00  0.000000000e+00
  0.000000000e+00  0.000000000e+00  0.000000000e+00  0.000000000e+00
  0.000000000e+00  0.000000000e+00  0.000000000e+00  0.000000000e+00
  0.000000000e+00  0.000000000e+00  0.000000000e+00  0.000000000e+00
  0.000000000e+00  0.000000000e+00  0.000000000e+00  0.000000000e+00
  0.000000000e+00  0.000000000e+00  0.000000000e+00  0.000000000e+00
  0.000000000e+00  0.000000000e+00  0.000000000e+00  0.000000000e+00
  0.000000000e+00  0.000000000e+00  0.000000000e+00  0.000000000e+00
  0.000000000e+00  0.000000000e+00  0.000000000e+00  0.000000000e+00
  0.000000000e+00  0.000000000e+00  0.000000000e+00  0.000000000e+00
  0.000000000e+00  0.000000000e+00  0.000000000e+00  0.000000000e+00
  0.000000000e+00  0.000000000e+00  0.000000000e+00  0.000000000e+00
  0.000000000e+00  0.000000000e+00  0.000000000e+00  0.000000000e+00
  0.000000000e+00  0.000000000e+00  0.000000000e+00  0.000000000e+00
  0.000000000e+00  0.000000000e+00  0.000000000e+00  0.000000000e+00
  0.000000000e+00  0.000000000e+00  0.000000000e+00  0.000000000e+00
  0.000000000e+00  0.000000000e+00  0.000000000e+00  0.000000000e+00
  0.000000000e+00  0.000000000e+00  0.000000000e+00  0.000000000e+00
  0.000000000e+00  0.000000000e+00  0.000000000e+00  0.000000000e+00
  0.000000000e+00
@R CURRF 101 []
  2.744042830e-01  5.254983083e-01  9.352466687e-01  1.006907413e+00
  8.795539069e-01  1.006900425e+00  1.263813208e+00  1.186153796e+00
  8.836182209e-01  8.125498940e-01  9.210956378e-01  8.590900065e-01
  6.932488749e-01  6.951252250e-01  7.748224058e-01  7.008391930e-01
  5.433239224e-01  4.948849426e-01  5.126894323e-01  4.542725358e-01
  3.604659043e-01  3.501811248e-01  3.888459087e-01  3.753874935e-01
  3.310757500e-01  3.312219863e-01  3.524233136e-01  3.314558639e-01
  2.885644575e-01  2.755749042e-01  2.772685052e-01  2.441305079e-01
  1.891234250e-01  1.652250244e-01  1.666565196e-01  1.497973117e-01
  1.131872744e-01  9.102899903e-02  9.304035914e-02  9.546853119e-02
  8.344094684e-02  7.047405810e-02  7.021241110e-02  7.496347431e-02
  7.316032591e-02  6.589090936e-02  5.930448494e-02  5.489743775e-02
  5.106294112e-02  4.688164165e-02  4.263494729e-02  3.867653377e-02
  3.503462349e-02  3.167440788e-02  2.863269527e-02  2.597018483e-02
  2.350308328e-02  2.133738760e-02  1.995615702e-02  1.908009414e-02
  1.772655079e-02  1.552096825e-02  1.350385003e-02  1.263558256e-02
  1.240809474e-02  1.170633863e-02  1.022729480e-02  8.674195359e-03
  7.469276912e-03  6.368668414e-03  5.710508302e-03  5.430052365e-03
  5.036729661e-03  4.722559424e-03  4.611924238e-03  4.547697931e-03
  4.188983948e-03  3.640533293e-03  3.256602737e-03  3.029314371e-03
  2.826673294e-03  2.601382256e-03  2.380017653e-03  2.183708695e-03
  1.977700384e-03  1.707711170e-03  1.367390433e-03  1.021537055e-03
  7.320650154e-04  4.998457634e-04  2.848040753e-04  5.835770282e-05
 -1.594820362e-04 -3.316858156e-04 -4.339146524e-04 -4.594338495e-04
 -4.171398851e-04 -3.313431574e-04 -2.279104236e-04 -7.681516960e-05
  2.063416722e-05
@R CURBOOT 101 []
  0.000000000e+00  0.000000000e+00  0.000000000e+00  0.000000000e+00
  0.000000000e+00  0.000000000e+00  0.000000000e+00  0.000000000e+00
  0.000000000e+00  0.000000000e+00  0.000000000e+00  0.000000000e+00
  0.000000000e+00  0.000000000e+00  0.000000000e+00  0.000000000e+00
  0.000000000e+00  0.000000000e+00  0.000000000e+00  0.000000000e+00
  0.000000000e+00  0.000000000e+00  0.000000000e+00  0.000000000e+00
  0.000000000e+00  0.000000000e+00  0.000000000e+00  0.000000000e+00
  0.000000000e+00  0.000000000e+00  0.000000000e+00  0.000000000e+00
  0.000000000e+00  0.000000000e+00  0.000000000e+00  0.000000000e+00
  0.000000000e+00  0.000000000e+00  0.000000000e+00  0.000000000e+00
  0.000000000e+00  0.000000000e+00  0.000000000e+00  0.000000000e+00
  0.000000000e+00  0.000000000e+00  0.000000000e+00  0.000000000e+00
  0.000000000e+00  0.000000000e+00  0.000000000e+00  0.000000000e+00
  0.000000000e+00  0.000000000e+00  0.000000000e+00  0.000000000e+00
  0.000000000e+00  0.000000000e+00  0.000000000e+00  0.000000000e+00
  0.000000000e+00  0.000000000e+00  0.000000000e+00  0.000000000e+00
  0.000000000e+00  0.000000000e+00  0.000000000e+00  0.000000000e+00
  0.000000000e+00  0.000000000e+00  0.000000000e+00  0.000000000e+00
  0.000000000e+00  0.000000000e+00  0.000000000e+00  0.000000000e+00
  0.000000000e+00  0.000000000e+00  0.000000000e+00  0.000000000e+00
  0.000000000e+00  0.000000000e+00  0.000000000e+00  0.000000000e+00
  0.000000000e+00  0.000000000e+00  0.000000000e+00  0.000000000e+00
  0.000000000e+00  0.000000000e+00  0.000000000e+00  0.000000000e+00
  0.000000000e+00  0.000000000e+00  0.000000000e+00  0.000000000e+00
  0.000000000e+00  0.000000000e+00  0.000000000e+00  0.000000000e+00
  0.000000000e+00
@R ENBEAM 101 []
  0.000000000e+00  0.000000000e+00  0.000000000e+00  0.000000000e+00
  0.000000000e+00  0.000000000e+00  0.000000000e+00  0.000000000e+00
  0.000000000e+00  0.000000000e+00  0.000000000e+00  0.000000000e+00
  0.000000000e+00  0.000000000e+00  0.000000000e+00  0.000000000e+00
  0.000000000e+00  0.000000000e+00  0.000000000e+00  0.000000000e+00
  0.000000000e+00  0.000000000e+00  0.000000000e+00  0.000000000e+00
  0.000000000e+00  0.000000000e+00  0.000000000e+00  0.000000000e+00
  0.000000000e+00  0.000000000e+00  0.000000000e+00  0.000000000e+00
  0.000000000e+00  0.000000000e+00  0.000000000e+00  0.000000000e+00
  0.000000000e+00  0.000000000e+00  0.000000000e+00  0.000000000e+00
  0.000000000e+00  0.000000000e+00  0.000000000e+00  0.000000000e+00
  0.000000000e+00  0.000000000e+00  0.000000000e+00  0.000000000e+00
  0.000000000e+00  0.000000000e+00  0.000000000e+00  0.000000000e+00
  0.000000000e+00  0.000000000e+00  0.000000000e+00  0.000000000e+00
  0.000000000e+00  0.000000000e+00  0.000000000e+00  0.000000000e+00
  0.000000000e+00  0.000000000e+00  0.000000000e+00  0.000000000e+00
  0.000000000e+00  0.000000000e+00  0.000000000e+00  0.000000000e+00
  0.000000000e+00  0.000000000e+00  0.000000000e+00  0.000000000e+00
  0.000000000e+00  0.000000000e+00  0.000000000e+00  0.000000000e+00
  0.000000000e+00  0.000000000e+00  0.000000000e+00  0.000000000e+00
  0.000000000e+00  0.000000000e+00  0.000000000e+00  0.000000000e+00
  0.000000000e+00  0.000000000e+00  0.000000000e+00  0.000000000e+00
  0.000000000e+00  0.000000000e+00  0.000000000e+00  0.000000000e+00
  0.000000000e+00  0.000000000e+00  0.000000000e+00  0.000000000e+00
  0.000000000e+00  0.000000000e+00  0.000000000e+00  0.000000000e+00
  0.000000000e+00
@R WBEAM 101 []
  0.000000000e+00  0.000000000e+00  0.000000000e+00  0.000000000e+00
  0.000000000e+00  0.000000000e+00  0.000000000e+00  0.000000000e+00
  0.000000000e+00  0.000000000e+00  0.000000000e+00  0.000000000e+00
  0.000000000e+00  0.000000000e+00  0.000000000e+00  0.000000000e+00
  0.000000000e+00  0.000000000e+00  0.000000000e+00  0.000000000e+00
  0.000000000e+00  0.000000000e+00  0.000000000e+00  0.000000000e+00
  0.000000000e+00  0.000000000e+00  0.000000000e+00  0.000000000e+00
  0.000000000e+00  0.000000000e+00  0.000000000e+00  0.000000000e+00
  0.000000000e+00  0.000000000e+00  0.000000000e+00  0.000000000e+00
  0.000000000e+00  0.000000000e+00  0.000000000e+00  0.000000000e+00
  0.000000000e+00  0.000000000e+00  0.000000000e+00  0.000000000e+00
  0.000000000e+00  0.000000000e+00  0.000000000e+00  0.000000000e+00
  0.000000000e+00  0.000000000e+00  0.000000000e+00  0.000000000e+00
  0.000000000e+00  0.000000000e+00  0.000000000e+00  0.000000000e+00
  0.000000000e+00  0.000000000e+00  0.000000000e+00  0.000000000e+00
  0.000000000e+00  0.000000000e+00  0.000000000e+00  0.000000000e+00
  0.000000000e+00  0.000000000e+00  0.000000000e+00  0.000000000e+00
  0.000000000e+00  0.000000000e+00  0.000000000e+00  0.000000000e+00
  0.000000000e+00  0.000000000e+00  0.000000000e+00  0.000000000e+00
  0.000000000e+00  0.000000000e+00  0.000000000e+00  0.000000000e+00
  0.000000000e+00  0.000000000e+00  0.000000000e+00  0.000000000e+00
  0.000000000e+00  0.000000000e+00  0.000000000e+00  0.000000000e+00
  0.000000000e+00  0.000000000e+00  0.000000000e+00  0.000000000e+00
  0.000000000e+00  0.000000000e+00  0.000000000e+00  0.000000000e+00
  0.000000000e+00  0.000000000e+00  0.000000000e+00  0.000000000e+00
  0.000000000e+00
@R QBEAME 101 []
  0.000000000e+00  0.000000000e+00  0.000000000e+00  0.000000000e+00
  0.000000000e+00  0.000000000e+00  0.000000000e+00  0.000000000e+00
  0.000000000e+00  0.000000000e+00  0.000000000e+00  0.000000000e+00
  0.000000000e+00  0.000000000e+00  0.000000000e+00  0.000000000e+00
  0.000000000e+00  0.000000000e+00  0.000000000e+00  0.000000000e+00
  0.000000000e+00  0.000000000e+00  0.000000000e+00  0.000000000e+00
  0.000000000e+00  0.000000000e+00  0.000000000e+00  0.000000000e+00
  0.000000000e+00  0.000000000e+00  0.000000000e+00  0.000000000e+00
  0.000000000e+00  0.000000000e+00  0.000000000e+00  0.000000000e+00
  0.000000000e+00  0.000000000e+00  0.000000000e+00  0.000000000e+00
  0.000000000e+00  0.000000000e+00  0.000000000e+00  0.000000000e+00
  0.000000000e+00  0.000000000e+00  0.000000000e+00  0.000000000e+00
  0.000000000e+00  0.000000000e+00  0.000000000e+00  0.000000000e+00
  0.000000000e+00  0.000000000e+00  0.000000000e+00  0.000000000e+00
  0.000000000e+00  0.000000000e+00  0.000000000e+00  0.000000000e+00
  0.000000000e+00  0.000000000e+00  0.000000000e+00  0.000000000e+00
  0.000000000e+00  0.000000000e+00  0.000000000e+00  0.000000000e+00
  0.000000000e+00  0.000000000e+00  0.000000000e+00  0.000000000e+00
  0.000000000e+00  0.000000000e+00  0.000000000e+00  0.000000000e+00
  0.000000000e+00  0.000000000e+00  0.000000000e+00  0.000000000e+00
  0.000000000e+00  0.000000000e+00  0.000000000e+00  0.000000000e+00
  0.000000000e+00  0.000000000e+00  0.000000000e+00  0.000000000e+00
  0.000000000e+00  0.000000000e+00  0.000000000e+00  0.000000000e+00
  0.000000000e+00  0.000000000e+00  0.000000000e+00  0.000000000e+00
  0.000000000e+00  0.000000000e+00  0.000000000e+00  0.000000000e+00
  0.000000000e+00
@R QBEAMI 101 []
  0.000000000e+00  0.000000000e+00  0.000000000e+00  0.000000000e+00
  0.000000000e+00  0.000000000e+00  0.000000000e+00  0.000000000e+00
  0.000000000e+00  0.000000000e+00  0.000000000e+00  0.000000000e+00
  0.000000000e+00  0.000000000e+00  0.000000000e+00  0.000000000e+00
  0.000000000e+00  0.000000000e+00  0.000000000e+00  0.000000000e+00
  0.000000000e+00  0.000000000e+00  0.000000000e+00  0.000000000e+00
  0.000000000e+00  0.000000000e+00  0.000000000e+00  0.000000000e+00
  0.000000000e+00  0.000000000e+00  0.000000000e+00  0.000000000e+00
  0.000000000e+00  0.000000000e+00  0.000000000e+00  0.000000000e+00
  0.000000000e+00  0.000000000e+00  0.000000000e+00  0.000000000e+00
  0.000000000e+00  0.000000000e+00  0.000000000e+00  0.000000000e+00
  0.000000000e+00  0.000000000e+00  0.000000000e+00  0.000000000e+00
  0.000000000e+00  0.000000000e+00  0.000000000e+00  0.000000000e+00
  0.000000000e+00  0.000000000e+00  0.000000000e+00  0.000000000e+00
  0.000000000e+00  0.000000000e+00  0.000000000e+00  0.000000000e+00
  0.000000000e+00  0.000000000e+00  0.000000000e+00  0.000000000e+00
  0.000000000e+00  0.000000000e+00  0.000000000e+00  0.000000000e+00
  0.000000000e+00  0.000000000e+00  0.000000000e+00  0.000000000e+00
  0.000000000e+00  0.000000000e+00  0.000000000e+00  0.000000000e+00
  0.000000000e+00  0.000000000e+00  0.000000000e+00  0.000000000e+00
  0.000000000e+00  0.000000000e+00  0.000000000e+00  0.000000000e+00
  0.000000000e+00  0.000000000e+00  0.000000000e+00  0.000000000e+00
  0.000000000e+00  0.000000000e+00  0.000000000e+00  0.000000000e+00
  0.000000000e+00  0.000000000e+00  0.000000000e+00  0.000000000e+00
  0.000000000e+00  0.000000000e+00  0.000000000e+00  0.000000000e+00
  0.000000000e+00
@R ENALP 101 []
  0.000000000e+00  0.000000000e+00  0.000000000e+00  0.000000000e+00
  0.000000000e+00  0.000000000e+00  0.000000000e+00  0.000000000e+00
  0.000000000e+00  0.000000000e+00  0.000000000e+00  0.000000000e+00
  0.000000000e+00  0.000000000e+00  0.000000000e+00  0.000000000e+00
  0.000000000e+00  0.000000000e+00  0.000000000e+00  0.000000000e+00
  0.000000000e+00  0.000000000e+00  0.000000000e+00  0.000000000e+00
  0.000000000e+00  0.000000000e+00  0.000000000e+00  0.000000000e+00
  0.000000000e+00  0.000000000e+00  0.000000000e+00  0.000000000e+00
  0.000000000e+00  0.000000000e+00  0.000000000e+00  0.000000000e+00
  0.000000000e+00  0.000000000e+00  0.000000000e+00  0.000000000e+00
  0.000000000e+00  0.000000000e+00  0.000000000e+00  0.000000000e+00
  0.000000000e+00  0.000000000e+00  0.000000000e+00  0.000000000e+00
  0.000000000e+00  0.000000000e+00  0.000000000e+00  0.000000000e+00
  0.000000000e+00  0.000000000e+00  0.000000000e+00  0.000000000e+00
  0.000000000e+00  0.000000000e+00  0.000000000e+00  0.000000000e+00
  0.000000000e+00  0.000000000e+00  0.000000000e+00  0.000000000e+00
  0.000000000e+00  0.000000000e+00  0.000000000e+00  0.000000000e+00
  0.000000000e+00  0.000000000e+00  0.000000000e+00  0.000000000e+00
  0.000000000e+00  0.000000000e+00  0.000000000e+00  0.000000000e+00
  0.000000000e+00  0.000000000e+00  0.000000000e+00  0.000000000e+00
  0.000000000e+00  0.000000000e+00  0.000000000e+00  0.000000000e+00
  0.000000000e+00  0.000000000e+00  0.000000000e+00  0.000000000e+00
  0.000000000e+00  0.000000000e+00  0.000000000e+00  0.000000000e+00
  0.000000000e+00  0.000000000e+00  0.000000000e+00  0.000000000e+00
  0.000000000e+00  0.000000000e+00  0.000000000e+00  0.000000000e+00
  0.000000000e+00
@R WALP 101 []
  0.000000000e+00  0.000000000e+00  0.000000000e+00  0.000000000e+00
  0.000000000e+00  0.000000000e+00  0.000000000e+00  0.000000000e+00
  0.000000000e+00  0.000000000e+00  0.000000000e+00  0.000000000e+00
  0.000000000e+00  0.000000000e+00  0.000000000e+00  0.000000000e+00
  0.000000000e+00  0.000000000e+00  0.000000000e+00  0.000000000e+00
  0.000000000e+00  0.000000000e+00  0.000000000e+00  0.000000000e+00
  0.000000000e+00  0.000000000e+00  0.000000000e+00  0.000000000e+00
  0.000000000e+00  0.000000000e+00  0.000000000e+00  0.000000000e+00
  0.000000000e+00  0.000000000e+00  0.000000000e+00  0.000000000e+00
  0.000000000e+00  0.000000000e+00  0.000000000e+00  0.000000000e+00
  0.000000000e+00  0.000000000e+00  0.000000000e+00  0.000000000e+00
  0.000000000e+00  0.000000000e+00  0.000000000e+00  0.000000000e+00
  0.000000000e+00  0.000000000e+00  0.000000000e+00  0.000000000e+00
  0.000000000e+00  0.000000000e+00  0.000000000e+00  0.000000000e+00
  0.000000000e+00  0.000000000e+00  0.000000000e+00  0.000000000e+00
  0.000000000e+00  0.000000000e+00  0.000000000e+00  0.000000000e+00
  0.000000000e+00  0.000000000e+00  0.000000000e+00  0.000000000e+00
  0.000000000e+00  0.000000000e+00  0.000000000e+00  0.000000000e+00
  0.000000000e+00  0.000000000e+00  0.000000000e+00  0.000000000e+00
  0.000000000e+00  0.000000000e+00  0.000000000e+00  0.000000000e+00
  0.000000000e+00  0.000000000e+00  0.000000000e+00  0.000000000e+00
  0.000000000e+00  0.000000000e+00  0.000000000e+00  0.000000000e+00
  0.000000000e+00  0.000000000e+00  0.000000000e+00  0.000000000e+00
  0.000000000e+00  0.000000000e+00  0.000000000e+00  0.000000000e+00
  0.000000000e+00  0.000000000e+00  0.000000000e+00  0.000000000e+00
  0.000000000e+00
@R QTFUSE 101 []
  1.957614437e+00  1.954825424e+00  1.946245647e+00  1.934235074e+00
  1.921366056e+00  1.907640666e+00  1.893067101e+00  1.877656963e+00
  1.861423305e+00  1.844380173e+00  1.826538398e+00  1.807905026e+00
  1.788488095e+00  1.768298746e+00  1.747348927e+00  1.725649651e+00
  1.703213536e+00  1.680052130e+00  1.656177907e+00  1.631606256e+00
  1.606350185e+00  1.580425421e+00  1.553849650e+00  1.526639578e+00
  1.498813254e+00  1.470390511e+00  1.441393090e+00  1.411843366e+00
  1.381764830e+00  1.351182857e+00  1.320124384e+00  1.288617922e+00
  1.256693698e+00  1.224383691e+00  1.191721577e+00  1.158742721e+00
  1.125484913e+00  1.091987662e+00  1.058291826e+00  1.024440210e+00
  9.904777432e-01  9.564513514e-01  9.224090624e-01  8.884005967e-01
  8.544775274e-01  8.206923196e-01  7.870987007e-01  7.537514124e-01
  7.207057032e-01  6.880173348e-01  6.557421254e-01  6.239357251e-01
  5.926530978e-01  5.619484664e-01  5.318744784e-01  5.024821645e-01
  4.738204770e-01  4.459354391e-01  4.188705894e-01  3.926657183e-01
  3.673566653e-01  3.429756493e-01  3.195501711e-01  2.971027786e-01
  2.756513134e-01  2.552086798e-01  2.357822806e-01  2.173741850e-01
  1.999814747e-01  1.835960824e-01  1.682049794e-01  1.537901977e-01
  1.403293123e-01  1.277958686e-01  1.161594426e-01  1.053861101e-01
  9.543864294e-02  8.627683790e-02  7.785783478e-02  7.013609928e-02
  6.306336978e-02  5.658843882e-02  5.065655676e-02  4.520871718e-02
  4.018071822e-02  3.550210045e-02  3.109590064e-02  2.688048259e-02
  2.277633734e-02  1.872215133e-02  1.470434398e-02  1.079791377e-02
  7.197089140e-03  4.188309471e-03  2.026487249e-03  7.670650142e-04
  2.099962163e-04  3.719082652e-05  3.535958900e-06  1.213383517e-07
  9.144991346e-10
@R QTFUSI 101 []
  8.808401032e-01  8.789063316e-01  8.729619045e-01  8.646558732e-01
  8.557865764e-01  8.463678108e-01  8.364164752e-01  8.259512978e-01
  8.149919163e-01  8.035586349e-01  7.916705607e-01  7.793453609e-01
  7.666013283e-01  7.534582516e-01  7.399363810e-01  7.260556573e-01
  7.118367595e-01  6.972999603e-01  6.824659231e-01  6.673564977e-01
  6.519924971e-01  6.363957574e-01  6.205887863e-01  6.045935328e-01
  5.884322976e-01  5.721278604e-01  5.557034748e-01  5.391823298e-01
  5.225876948e-01  5.059431672e-01  4.892724975e-01  4.725995431e-01
  4.559482669e-01  4.393426968e-01  4.228068507e-01  4.063646774e-01
  3.900402565e-01  3.738574878e-01  3.578399072e-01  3.420108376e-01
  3.263933844e-01  3.110103303e-01  2.958837836e-01  2.810353182e-01
  2.664859701e-01  2.522558808e-01  2.383643690e-01  2.248298136e-01
  2.116694620e-01  1.988994074e-01  1.865344313e-01  1.745879280e-01
  1.630717555e-01  1.519962278e-01  1.413699071e-01  1.311996227e-01
  1.214903962e-01  1.122452752e-01  1.034655199e-01  9.515036814e-02
  8.729708441e-02  7.990115013e-02  7.295611853e-02  6.645369423e-02
  6.038392996e-02  5.473531543e-02  4.949480421e-02  4.464800442e-02
  4.017940417e-02  3.607248477e-02  3.230990374e-02  2.887364001e-02
  2.574521686e-02  2.290590166e-02  2.033682252e-02  1.801914847e-02
  1.593420622e-02  1.406360518e-02  1.238934620e-02  1.089386124e-02
  9.560038663e-03  8.371215046e-03  7.311107738e-03  6.363734854e-03
  5.513319616e-03  4.744212866e-03  4.040997230e-03  3.388983441e-03
  2.775515197e-03  2.192582404e-03  1.640915426e-03  1.134300243e-03
  6.999577390e-04  3.690818056e-04  1.575458487e-04  5.094104134e-05
  1.145327612e-05  1.583942809e-06  1.095953500e-07  2.450182303e-09
  9.947192205e-12
@R QRFE 101 []
  2.875240733e-01  4.818171195e-01  7.799046014e-01  8.065231493e-01
  7.161736248e-01  8.503391658e-01  1.055727428e+00  9.688570010e-01
  7.293385363e-01  7.011021573e-01  7.965614999e-01  7.331233909e-01
  6.022774039e-01  6.241043315e-01  6.941388496e-01  6.212093405e-01
  4.883441751e-01  4.588383128e-01  4.768060057e-01  4.198049619e-01
  3.393606000e-01  3.401611079e-01  3.788726203e-01  3.647240928e-01
  3.275550244e-01  3.361898797e-01  3.597072693e-01  3.391614937e-01
  3.016266426e-01  2.962124936e-01  3.037765989e-01  2.727255381e-01
  2.225702973e-01  2.152155691e-01  2.461383336e-01  2.627223868e-01
  2.487782989e-01  2.387737917e-01  2.473680971e-01  2.483840895e-01
  2.248175640e-01  1.934340940e-01  1.733180815e-01  1.618026511e-01
  1.483445165e-01  1.315054313e-01  1.158774537e-01  1.036826444e-01
  9.518981189e-02  8.918291858e-02  8.311591741e-02  7.585880633e-02
  6.885010839e-02  6.347917469e-02  5.906104359e-02  5.385668659e-02
  4.747682584e-02  4.191174602e-02  3.921171928e-02  3.831623437e-02
  3.597719396e-02  3.110737963e-02  2.632458952e-02  2.419960304e-02
  2.402799907e-02  2.331058152e-02  2.101932453e-02  1.871492424e-02
  1.891782201e-02  2.087730979e-02  2.044707101e-02  1.730165541e-02
  1.414137335e-02  1.194376081e-02  1.076115753e-02  1.004242595e-02
  9.122364198e-03  7.841544320e-03  6.493736019e-03  5.463099777e-03
  4.870137116e-03  4.550791350e-03  4.341602583e-03  4.075449737e-03
  3.615395571e-03  2.953395359e-03  2.222946994e-03  1.616086406e-03
  1.210443772e-03  9.375117473e-04  6.985617906e-04  4.546560247e-04
  2.476991985e-04  1.133690070e-04  4.406309565e-05  1.386358816e-05
  2.981525252e-06  2.808027590e-07  7.017871235e-10  8.673617380e-25
  0.000000000e+00
@R QRFI 101 []
  1.347613909e+00  2.232023786e+00  3.752990522e+00  4.496686263e+00
  5.079894969e+00  6.558707741e+00  8.110660357e+00  8.315353131e+00
  7.450874196e+00  6.617830919e+00  5.675707091e+00  4.297160965e+00
  3.211806597e+00  2.683402288e+00  2.298341453e+00  1.953598012e+00
  1.729518246e+00  1.607332441e+00  1.441674839e+00  1.169251605e+00
  9.034304707e-01  6.993280208e-01  5.032807269e-01  3.355556075e-01
  2.731197912e-01  3.318631633e-01  4.586573166e-01  5.971238142e-01
  6.790439578e-01  6.424710577e-01  5.101840925e-01  3.658649228e-01
  2.526649758e-01  1.637820574e-01  9.905371739e-02  7.621301526e-02
  9.602495158e-02  1.326387786e-01  1.580228040e-01  1.594970566e-01
  1.392681334e-01  1.029258698e-01  6.543179104e-02  4.350510735e-02
  4.008492356e-02  4.950183547e-02  5.827435844e-02  5.391330578e-02
  3.914615351e-02  3.008040823e-02  3.389573187e-02  3.872645800e-02
  3.251056907e-02  2.128494407e-02  1.892653715e-02  2.530447263e-02
  2.777448753e-02  2.112335113e-02  1.241307350e-02  8.390852740e-03
  9.294400886e-03  1.276246324e-02  1.547864641e-02  1.431018075e-02
  1.114693514e-02  1.107576611e-02  1.372916664e-02  1.343068186e-02
  9.372425396e-03  7.000195900e-03  7.857319388e-03  7.596835952e-03
  4.830969783e-03  3.930783315e-03  6.723536806e-03  8.651372290e-03
  6.536726594e-03  3.486888900e-03  3.148467165e-03  4.367450611e-03
  4.161042658e-03  2.450928223e-03  1.317295679e-03  1.671345802e-03
  2.643282453e-03  3.204036935e-03  3.136776335e-03  2.639292551e-03
  1.984802941e-03  1.475921665e-03  1.229183232e-03  1.047278193e-03
  7.497212108e-04  4.048126880e-04  1.821724478e-04  1.139139948e-04
  1.040033026e-04  8.016419392e-05  4.880681209e-05  6.267895878e-05
  8.955003660e-05
@R QRAD 101 []
 -0.000000000e+00 -0.000000000e+00 -0.000000000e+00 -0.000000000e+00
 -0.000000000e+00 -0.000000000e+00 -0.000000000e+00 -0.000000000e+00
 -0.000000000e+00 -0.000000000e+00 -0.000000000e+00 -0.000000000e+00
 -0.000000000e+00 -0.000000000e+00 -0.000000000e+00 -0.000000000e+00
 -0.000000000e+00 -0.000000000e+00 -0.000000000e+00 -0.000000000e+00
 -0.000000000e+00 -0.000000000e+00 -0.000000000e+00 -0.000000000e+00
 -0.000000000e+00 -0.000000000e+00 -0.000000000e+00 -0.000000000e+00
 -0.000000000e+00 -0.000000000e+00 -0.000000000e+00 -0.000000000e+00
 -0.000000000e+00 -0.000000000e+00 -0.000000000e+00 -0.000000000e+00
 -0.000000000e+00 -0.000000000e+00 -0.000000000e+00 -0.000000000e+00
 -0.000000000e+00 -0.000000000e+00 -0.000000000e+00 -0.000000000e+00
 -0.000000000e+00 -0.000000000e+00 -0.000000000e+00 -0.000000000e+00
 -0.000000000e+00 -0.000000000e+00 -0.000000000e+00 -0.000000000e+00
 -0.000000000e+00 -0.000000000e+00 -0.000000000e+00 -0.000000000e+00
 -0.000000000e+00 -0.000000000e+00 -0.000000000e+00 -0.000000000e+00
 -0.000000000e+00 -0.000000000e+00 -0.000000000e+00 -0.000000000e+00
 -0.000000000e+00 -0.000000000e+00 -0.000000000e+00 -0.000000000e+00
 -0.000000000e+00 -0.000000000e+00 -0.000000000e+00 -0.000000000e+00
 -0.000000000e+00 -0.000000000e+00 -0.000000000e+00 -0.000000000e+00
 -0.000000000e+00 -0.000000000e+00 -0.000000000e+00 -0.000000000e+00
 -0.000000000e+00 -0.000000000e+00 -0.000000000e+00 -0.000000000e+00
 -0.000000000e+00 -0.000000000e+00 -0.000000000e+00 -0.000000000e+00
 -0.000000000e+00 -0.000000000e+00 -0.000000000e+00 -0.000000000e+00
 -0.000000000e+00 -0.000000000e+00 -0.000000000e+00 -0.000000000e+00
 -0.000000000e+00 -0.000000000e+00 -0.000000000e+00 -0.000000000e+00
 -0.000000000e+00
@R QOHM 101 []
  0.000000000e+00  0.000000000e+00  0.000000000e+00  0.000000000e+00
  0.000000000e+00  0.000000000e+00  0.000000000e+00  0.000000000e+00
  0.000000000e+00  0.000000000e+00  0.000000000e+00  0.000000000e+00
  0.000000000e+00  0.000000000e+00  0.000000000e+00  0.000000000e+00
  0.000000000e+00  0.000000000e+00  0.000000000e+00  0.000000000e+00
  0.000000000e+00  0.000000000e+00  0.000000000e+00  0.000000000e+00
  0.000000000e+00  0.000000000e+00  0.000000000e+00  0.000000000e+00
  0.000000000e+00  0.000000000e+00  0.000000000e+00  0.000000000e+00
  0.000000000e+00  0.000000000e+00  0.000000000e+00  0.000000000e+00
  0.000000000e+00  0.000000000e+00  0.000000000e+00  0.000000000e+00
  0.000000000e+00  0.000000000e+00  0.000000000e+00  0.000000000e+00
  0.000000000e+00  0.000000000e+00  0.000000000e+00  0.000000000e+00
  0.000000000e+00  0.000000000e+00  0.000000000e+00  0.000000000e+00
  0.000000000e+00  0.000000000e+00  0.000000000e+00  0.000000000e+00
  0.000000000e+00  0.000000000e+00  0.000000000e+00  0.000000000e+00
  0.000000000e+00  0.000000000e+00  0.000000000e+00  0.000000000e+00
  0.000000000e+00  0.000000000e+00  0.000000000e+00  0.000000000e+00
  0.000000000e+00  0.000000000e+00  0.000000000e+00  0.000000000e+00
  0.000000000e+00  0.000000000e+00  0.000000000e+00  0.000000000e+00
  0.000000000e+00  0.000000000e+00  0.000000000e+00  0.000000000e+00
  0.000000000e+00  0.000000000e+00  0.000000000e+00  0.000000000e+00
  0.000000000e+00  0.000000000e+00  0.000000000e+00  0.000000000e+00
  0.000000000e+00  0.000000000e+00  0.000000000e+00  0.000000000e+00
  0.000000000e+00  0.000000000e+00  0.000000000e+00  0.000000000e+00
  0.000000000e+00  0.000000000e+00  0.000000000e+00  0.000000000e+00
  0.000000000e+00
@R QIONE 101 []
  0.000000000e+00  0.000000000e+00  0.000000000e+00  0.000000000e+00
  0.000000000e+00  0.000000000e+00  0.000000000e+00  0.000000000e+00
  0.000000000e+00  0.000000000e+00  0.000000000e+00  0.000000000e+00
  0.000000000e+00  0.000000000e+00  0.000000000e+00  0.000000000e+00
  0.000000000e+00  0.000000000e+00  0.000000000e+00  0.000000000e+00
  0.000000000e+00  0.000000000e+00  0.000000000e+00  0.000000000e+00
  0.000000000e+00  0.000000000e+00  0.000000000e+00  0.000000000e+00
  0.000000000e+00  0.000000000e+00  0.000000000e+00  0.000000000e+00
  0.000000000e+00  0.000000000e+00  0.000000000e+00  0.000000000e+00
  0.000000000e+00  0.000000000e+00  0.000000000e+00  0.000000000e+00
  0.000000000e+00  0.000000000e+00  0.000000000e+00  0.000000000e+00
  0.000000000e+00  0.000000000e+00  0.000000000e+00  0.000000000e+00
  0.000000000e+00  0.000000000e+00  0.000000000e+00  0.000000000e+00
  0.000000000e+00  0.000000000e+00  0.000000000e+00  0.000000000e+00
  0.000000000e+00  0.000000000e+00  0.000000000e+00  0.000000000e+00
  0.000000000e+00  0.000000000e+00  0.000000000e+00  0.000000000e+00
  0.000000000e+00  0.000000000e+00  0.000000000e+00  0.000000000e+00
  0.000000000e+00  0.000000000e+00  0.000000000e+00  0.000000000e+00
  0.000000000e+00  0.000000000e+00  0.000000000e+00  0.000000000e+00
  0.000000000e+00  0.000000000e+00  0.000000000e+00  0.000000000e+00
  0.000000000e+00  0.000000000e+00  0.000000000e+00  0.000000000e+00
  0.000000000e+00  0.000000000e+00  0.000000000e+00  0.000000000e+00
  0.000000000e+00  0.000000000e+00  0.000000000e+00  0.000000000e+00
  0.000000000e+00  0.000000000e+00  0.000000000e+00  0.000000000e+00
  0.000000000e+00  0.000000000e+00  0.000000000e+00  0.000000000e+00
  0.000000000e+00
@R QIONI 101 []
  0.000000000e+00  0.000000000e+00  0.000000000e+00  0.000000000e+00
  0.000000000e+00  0.000000000e+00  0.000000000e+00  0.000000000e+00
  0.000000000e+00  0.000000000e+00  0.000000000e+00  0.000000000e+00
  0.000000000e+00  0.000000000e+00  0.000000000e+00  0.000000000e+00
  0.000000000e+00  0.000000000e+00  0.000000000e+00  0.000000000e+00
  0.000000000e+00  0.000000000e+00  0.000000000e+00  0.000000000e+00
  0.000000000e+00  0.000000000e+00  0.000000000e+00  0.000000000e+00
  0.000000000e+00  0.000000000e+00  0.000000000e+00  0.000000000e+00
  0.000000000e+00  0.000000000e+00  0.000000000e+00  0.000000000e+00
  0.000000000e+00  0.000000000e+00  0.000000000e+00  0.000000000e+00
  0.000000000e+00  0.000000000e+00  0.000000000e+00  0.000000000e+00
  0.000000000e+00  0.000000000e+00  0.000000000e+00  0.000000000e+00
  0.000000000e+00  0.000000000e+00  0.000000000e+00  0.000000000e+00
  0.000000000e+00  0.000000000e+00  0.000000000e+00  0.000000000e+00
  0.000000000e+00  0.000000000e+00  0.000000000e+00  0.000000000e+00
  0.000000000e+00  0.000000000e+00  0.000000000e+00  0.000000000e+00
  0.000000000e+00  0.000000000e+00  0.000000000e+00  0.000000000e+00
  0.000000000e+00  0.000000000e+00  0.000000000e+00  0.000000000e+00
  0.000000000e+00  0.000000000e+00  0.000000000e+00  0.000000000e+00
  0.000000000e+00  0.000000000e+00  0.000000000e+00  0.000000000e+00
  0.000000000e+00  0.000000000e+00  0.000000000e+00  0.000000000e+00
  0.000000000e+00  0.000000000e+00  0.000000000e+00  0.000000000e+00
  0.000000000e+00  0.000000000e+00  0.000000000e+00  0.000000000e+00
  0.000000000e+00  0.000000000e+00  0.000000000e+00  0.000000000e+00
  0.000000000e+00  0.000000000e+00  0.000000000e+00  0.000000000e+00
  0.000000000e+00
@R QCX 101 []
  0.000000000e+00  0.000000000e+00  0.000000000e+00  0.000000000e+00
  0.000000000e+00  0.000000000e+00  0.000000000e+00  0.000000000e+00
  0.000000000e+00  0.000000000e+00  0.000000000e+00  0.000000000e+00
  0.000000000e+00  0.000000000e+00  0.000000000e+00  0.000000000e+00
  0.000000000e+00  0.000000000e+00  0.000000000e+00  0.000000000e+00
  0.000000000e+00  0.000000000e+00  0.000000000e+00  0.000000000e+00
  0.000000000e+00  0.000000000e+00  0.000000000e+00  0.000000000e+00
  0.000000000e+00  0.000000000e+00  0.000000000e+00  0.000000000e+00
  0.000000000e+00  0.000000000e+00  0.000000000e+00  0.000000000e+00
  0.000000000e+00  0.000000000e+00  0.000000000e+00  0.000000000e+00
  0.000000000e+00  0.000000000e+00  0.000000000e+00  0.000000000e+00
  0.000000000e+00  0.000000000e+00  0.000000000e+00  0.000000000e+00
  0.000000000e+00  0.000000000e+00  0.000000000e+00  0.000000000e+00
  0.000000000e+00  0.000000000e+00  0.000000000e+00  0.000000000e+00
  0.000000000e+00  0.000000000e+00  0.000000000e+00  0.000000000e+00
  0.000000000e+00  0.000000000e+00  0.000000000e+00  0.000000000e+00
  0.000000000e+00  0.000000000e+00  0.000000000e+00  0.000000000e+00
  0.000000000e+00  0.000000000e+00  0.000000000e+00  0.000000000e+00
  0.000000000e+00  0.000000000e+00  0.000000000e+00  0.000000000e+00
  0.000000000e+00  0.000000000e+00  0.000000000e+00  0.000000000e+00
  0.000000000e+00  0.000000000e+00  0.000000000e+00  0.000000000e+00
  0.000000000e+00  0.000000000e+00  0.000000000e+00  0.000000000e+00
  0.000000000e+00  0.000000000e+00  0.000000000e+00  0.000000000e+00
  0.000000000e+00  0.000000000e+00  0.000000000e+00  0.000000000e+00
  0.000000000e+00  0.000000000e+00  0.000000000e+00  0.000000000e+00
  0.000000000e+00
@R STORQUEB 101 []
  0.000000000e+00  0.000000000e+00  0.000000000e+00  0.000000000e+00
  0.000000000e+00  0.000000000e+00  0.000000000e+00  0.000000000e+00
  0.000000000e+00  0.000000000e+00  0.000000000e+00  0.000000000e+00
  0.000000000e+00  0.000000000e+00  0.000000000e+00  0.000000000e+00
  0.000000000e+00  0.000000000e+00  0.000000000e+00  0.000000000e+00
  0.000000000e+00  0.000000000e+00  0.000000000e+00  0.000000000e+00
  0.000000000e+00  0.000000000e+00  0.000000000e+00  0.000000000e+00
  0.000000000e+00  0.000000000e+00  0.000000000e+00  0.000000000e+00
  0.000000000e+00  0.000000000e+00  0.000000000e+00  0.000000000e+00
  0.000000000e+00  0.000000000e+00  0.000000000e+00  0.000000000e+00
  0.000000000e+00  0.000000000e+00  0.000000000e+00  0.000000000e+00
  0.000000000e+00  0.000000000e+00  0.000000000e+00  0.000000000e+00
  0.000000000e+00  0.000000000e+00  0.000000000e+00  0.000000000e+00
  0.000000000e+00  0.000000000e+00  0.000000000e+00  0.000000000e+00
  0.000000000e+00  0.000000000e+00  0.000000000e+00  0.000000000e+00
  0.000000000e+00  0.000000000e+00  0.000000000e+00  0.000000000e+00
  0.000000000e+00  0.000000000e+00  0.000000000e+00  0.000000000e+00
  0.000000000e+00  0.000000000e+00  0.000000000e+00  0.000000000e+00
  0.000000000e+00  0.000000000e+00  0.000000000e+00  0.000000000e+00
  0.000000000e+00  0.000000000e+00  0.000000000e+00  0.000000000e+00
  0.000000000e+00  0.000000000e+00  0.000000000e+00  0.000000000e+00
  0.000000000e+00  0.000000000e+00  0.000000000e+00  0.000000000e+00
  0.000000000e+00  0.000000000e+00  0.000000000e+00  0.000000000e+00
  0.000000000e+00  0.000000000e+00  0.000000000e+00  0.000000000e+00
  0.000000000e+00  0.000000000e+00  0.000000000e+00  0.000000000e+00
  0.000000000e+00
@R STORQUE 101 []
  0.000000000e+00  0.000000000e+00  0.000000000e+00  0.000000000e+00
  0.000000000e+00  0.000000000e+00  0.000000000e+00  0.000000000e+00
  0.000000000e+00  0.000000000e+00  0.000000000e+00  0.000000000e+00
  0.000000000e+00  0.000000000e+00  0.000000000e+00  0.000000000e+00
  0.000000000e+00  0.000000000e+00  0.000000000e+00  0.000000000e+00
  0.000000000e+00  0.000000000e+00  0.000000000e+00  0.000000000e+00
  0.000000000e+00  0.000000000e+00  0.000000000e+00  0.000000000e+00
  0.000000000e+00  0.000000000e+00  0.000000000e+00  0.000000000e+00
  0.000000000e+00  0.000000000e+00  0.000000000e+00  0.000000000e+00
  0.000000000e+00  0.000000000e+00  0.000000000e+00  0.000000000e+00
  0.000000000e+00  0.000000000e+00  0.000000000e+00  0.000000000e+00
  0.000000000e+00  0.000000000e+00  0.000000000e+00  0.000000000e+00
  0.000000000e+00  0.000000000e+00  0.000000000e+00  0.000000000e+00
  0.000000000e+00  0.000000000e+00  0.000000000e+00  0.000000000e+00
  0.000000000e+00  0.000000000e+00  0.000000000e+00  0.000000000e+00
  0.000000000e+00  0.000000000e+00  0.000000000e+00  0.000000000e+00
  0.000000000e+00  0.000000000e+00  0.000000000e+00  0.000000000e+00
  0.000000000e+00  0.000000000e+00  0.000000000e+00  0.000000000e+00
  0.000000000e+00  0.000000000e+00  0.000000000e+00  0.000000000e+00
  0.000000000e+00  0.000000000e+00  0.000000000e+00  0.000000000e+00
  0.000000000e+00  0.000000000e+00  0.000000000e+00  0.000000000e+00
  0.000000000e+00  0.000000000e+00  0.000000000e+00  0.000000000e+00
  0.000000000e+00  0.000000000e+00  0.000000000e+00  0.000000000e+00
  0.000000000e+00  0.000000000e+00  0.000000000e+00  0.000000000e+00
  0.000000000e+00  0.000000000e+00  0.000000000e+00  0.000000000e+00
  0.000000000e+00
@R SION 101 []
  0.000000000e+00  0.000000000e+00  0.000000000e+00  0.000000000e+00
  0.000000000e+00  0.000000000e+00  0.000000000e+00  0.000000000e+00
  0.000000000e+00  0.000000000e+00  0.000000000e+00  0.000000000e+00
  0.000000000e+00  0.000000000e+00  0.000000000e+00  0.000000000e+00
  0.000000000e+00  0.000000000e+00  0.000000000e+00  0.000000000e+00
  0.000000000e+00  0.000000000e+00  0.000000000e+00  0.000000000e+00
  0.000000000e+00  0.000000000e+00  0.000000000e+00  0.000000000e+00
  0.000000000e+00  0.000000000e+00  0.000000000e+00  0.000000000e+00
  0.000000000e+00  0.000000000e+00  0.000000000e+00  0.000000000e+00
  0.000000000e+00  0.000000000e+00  0.000000000e+00  0.000000000e+00
  0.000000000e+00  0.000000000e+00  0.000000000e+00  0.000000000e+00
  0.000000000e+00  0.000000000e+00  0.000000000e+00  0.000000000e+00
  0.000000000e+00  0.000000000e+00  0.000000000e+00  0.000000000e+00
  0.000000000e+00  0.000000000e+00  0.000000000e+00  0.000000000e+00
  0.000000000e+00  0.000000000e+00  0.000000000e+00  0.000000000e+00
  0.000000000e+00  0.000000000e+00  0.000000000e+00  0.000000000e+00
  0.000000000e+00  0.000000000e+00  0.000000000e+00  0.000000000e+00
  0.000000000e+00  0.000000000e+00  0.000000000e+00  0.000000000e+00
  0.000000000e+00  0.000000000e+00  0.000000000e+00  0.000000000e+00
  0.000000000e+00  0.000000000e+00  0.000000000e+00  0.000000000e+00
  0.000000000e+00  0.000000000e+00  0.000000000e+00  0.000000000e+00
  0.000000000e+00  0.000000000e+00  0.000000000e+00  0.000000000e+00
  0.000000000e+00  0.000000000e+00  0.000000000e+00  0.000000000e+00
  0.000000000e+00  0.000000000e+00  0.000000000e+00  0.000000000e+00
  0.000000000e+00  0.000000000e+00  0.000000000e+00  0.000000000e+00
  0.000000000e+00
@R CHIE 101 []
  0.000000000e+00  0.000000000e+00  0.000000000e+00  0.000000000e+00
  0.000000000e+00  0.000000000e+00  0.000000000e+00  0.000000000e+00
  0.000000000e+00  0.000000000e+00  0.000000000e+00  0.000000000e+00
  0.000000000e+00  0.000000000e+00  0.000000000e+00  0.000000000e+00
  0.000000000e+00  0.000000000e+00  0.000000000e+00  0.000000000e+00
  0.000000000e+00  0.000000000e+00  0.000000000e+00  0.000000000e+00
  0.000000000e+00  0.000000000e+00  0.000000000e+00  0.000000000e+00
  0.000000000e+00  0.000000000e+00  0.000000000e+00  0.000000000e+00
  0.000000000e+00  0.000000000e+00  0.000000000e+00  0.000000000e+00
  0.000000000e+00  0.000000000e+00  0.000000000e+00  0.000000000e+00
  0.000000000e+00  0.000000000e+00  0.000000000e+00  0.000000000e+00
  0.000000000e+00  0.000000000e+00  0.000000000e+00  0.000000000e+00
  0.000000000e+00  0.000000000e+00  0.000000000e+00  0.000000000e+00
  0.000000000e+00  0.000000000e+00  0.000000000e+00  0.000000000e+00
  0.000000000e+00  0.000000000e+00  0.000000000e+00  0.000000000e+00
  0.000000000e+00  0.000000000e+00  0.000000000e+00  0.000000000e+00
  0.000000000e+00  0.000000000e+00  0.000000000e+00  0.000000000e+00
  0.000000000e+00  0.000000000e+00  0.000000000e+00  0.000000000e+00
  0.000000000e+00  0.000000000e+00  0.000000000e+00  0.000000000e+00
  0.000000000e+00  0.000000000e+00  0.000000000e+00  0.000000000e+00
  0.000000000e+00  0.000000000e+00  0.000000000e+00  0.000000000e+00
  0.000000000e+00  0.000000000e+00  0.000000000e+00  0.000000000e+00
  0.000000000e+00  0.000000000e+00  0.000000000e+00  0.000000000e+00
  0.000000000e+00  0.000000000e+00  0.000000000e+00  0.000000000e+00
  0.000000000e+00  0.000000000e+00  0.000000000e+00  0.000000000e+00
  0.000000000e+00
@R CHII 101 []
  0.000000000e+00  0.000000000e+00  0.000000000e+00  0.000000000e+00
  0.000000000e+00  0.000000000e+00  0.000000000e+00  0.000000000e+00
  0.000000000e+00  0.000000000e+00  0.000000000e+00  0.000000000e+00
  0.000000000e+00  0.000000000e+00  0.000000000e+00  0.000000000e+00
  0.000000000e+00  0.000000000e+00  0.000000000e+00  0.000000000e+00
  0.000000000e+00  0.000000000e+00  0.000000000e+00  0.000000000e+00
  0.000000000e+00  0.000000000e+00  0.000000000e+00  0.000000000e+00
  0.000000000e+00  0.000000000e+00  0.000000000e+00  0.000000000e+00
  0.000000000e+00  0.000000000e+00  0.000000000e+00  0.000000000e+00
  0.000000000e+00  0.000000000e+00  0.000000000e+00  0.000000000e+00
  0.000000000e+00  0.000000000e+00  0.000000000e+00  0.000000000e+00
  0.000000000e+00  0.000000000e+00  0.000000000e+00  0.000000000e+00
  0.000000000e+00  0.000000000e+00  0.000000000e+00  0.000000000e+00
  0.000000000e+00  0.000000000e+00  0.000000000e+00  0.000000000e+00
  0.000000000e+00  0.000000000e+00  0.000000000e+00  0.000000000e+00
  0.000000000e+00  0.000000000e+00  0.000000000e+00  0.000000000e+00
  0.000000000e+00  0.000000000e+00  0.000000000e+00  0.000000000e+00
  0.000000000e+00  0.000000000e+00  0.000000000e+00  0.000000000e+00
  0.000000000e+00  0.000000000e+00  0.000000000e+00  0.000000000e+00
  0.000000000e+00  0.000000000e+00  0.000000000e+00  0.000000000e+00
  0.000000000e+00  0.000000000e+00  0.000000000e+00  0.000000000e+00
  0.000000000e+00  0.000000000e+00  0.000000000e+00  0.000000000e+00
  0.000000000e+00  0.000000000e+00  0.000000000e+00  0.000000000e+00
  0.000000000e+00  0.000000000e+00  0.000000000e+00  0.000000000e+00
  0.000000000e+00  0.000000000e+00  0.000000000e+00  0.000000000e+00
  0.000000000e+00
