&INSTATE
  DENSITY_MODEL = 1 
  MODEL_SHAPE = 0 
  NBDRY = 15 
  USE_INPED = 0 
  R0 = 4.55 
  A0 = 1.2 
  KAPPA = 1.4 
  DELTA = -0.5 
  B0 = 11.0 
  IP = 10.0 
  N_ION = 2 
  Z_ION = 1 1 
  A_ION = 2 3 
  F_ION = 0.5 0.5 
  N_IMP = 4 
  Z_IMP = 74 36 2 2 
  A_IMP = 184 84 3 4 
  F_IMP = 1.5e-05 0.0 0.02 0.0 
  N_MIN = 0 
  Z_MIN = 1 
  A_MIN = 1 
  N_BEAM = 1 
  Z_BEAM = 1 
  A_BEAM = 2 
  N_FUSION = 1 
  Z_FUSION = 2 
  A_FUSION = 4 
  NRHO = 101 
  NE_AXIS = 30.1 
  NE_PED = 16.0 
  NE_SEP = 9.0 
  NE_ALPHA = 1.5 
  NE_BETA = 1.1 
  NE_FIT = 1 
  NE_XMID = 0.95 
  NE_XWID = 0.1 
  TE_AXIS = 28.0 
  TE_PED = 5.0 
  TE_SEP = 0.08 
  TE_ALPHA = 1.5 
  TE_BETA = 1.5 
  TE_FIT = 1 
  TE_XMID = 0.95 
  TE_XWID = 0.1 
  TI_AXIS = 28.0 
  TI_PED = 5.0 
  TI_SEP = 0.08 
  TI_ALPHA = 1.5 
  TI_BETA = 1.5 
  TI_FIT = 1 
  TI_XMID = 0.95 
  TI_XWID = 0.1 
  ZEFF_AXIS = 2.26 
  OMEGA_AXIS = 5000.0 
  OMEGA_SEP = 0.0 
  OMEGA_ALPHA = 1.5 
  OMEGA_BETA = 1.5 
  JPAR_AXIS = 1.0 
  JPAR_SEP = 0.05 
  JPAR_ALPHA = 2.0 
  JPAR_BETA = 1.0 
  NBEAM_AXIS = 0.0 
  NBEAM_SEP = 0.0 
  NBEAM_ALPHA = 1.5 
  NBEAM_BETA = 1.5 
  TBEAMI = 20.0 20.0 20.0 20.0 20.0 20.0 20.0 20.0 20.0 20.0 20.0 20.0  
    20.0 20.0 20.0 20.0 20.0 20.0 20.0 20.0 20.0 20.0 20.0 20.0 20.0  
    20.0 20.0 20.0 20.0 20.0 20.0 20.0 20.0 20.0 20.0 20.0 20.0 20.0  
    20.0 20.0 20.0 20.0 20.0 20.0 20.0 20.0 20.0 20.0 20.0 20.0 20.0  
    20.0 20.0 20.0 20.0 20.0 20.0 20.0 20.0 20.0 20.0 20.0 20.0 20.0  
    20.0 20.0 20.0 20.0 20.0 20.0 20.0 20.0 20.0 20.0 20.0 20.0 20.0  
    20.0 20.0 20.0 20.0 20.0 20.0 20.0 20.0 20.0 20.0 20.0 20.0 20.0  
    20.0 20.0 20.0 20.0 20.0 20.0 20.0 20.0 20.0 20.0 20.0 
  BETAN_PED = -1.0 
  XMID = 0.95 
  XWID = 0.1 
  PRESSURE_MODEL = 'full' 
  H98_TARGET = 0.8 
  BETAN_TARGET = 1.25 
  BETAN_BEAM_TARGET = 0.0 
  CURRENT_MODEL = 'broad' 
  RHO_JBDRY = 0.85 
  RHO_JPEAK = 0.65 
  JAXIS = 0.6 
  JAXIS_PRIME = 1.0 
  JBDRY_PRIME = -1.0 
  RBDRY = 5.75 5.717889612279765 5.599231274196216 5.333894952548324  
    4.862048988436734 4.215741544340384 3.606248672667517  
    3.3499999999999996 3.606248672667517 4.215741544340384  
    4.862048988436735 5.333894952548324 5.599231274196216  
    5.717889612279765 5.75 
  ZBDRY = 0.0 0.7289246817174976 1.3134768905462901 1.6378788924654637  
    1.6378788924654637 1.3134768905462901 0.7289246817174978  
    2.0574066225675533e-16 -0.7289246817174975 -1.31347689054629  
    -1.6378788924654637 -1.6378788924654637 -1.3134768905462901  
    -0.728924681717498 0.0 
  NLIM = 5 
  RLIM = 6.0 3.5 3.5 6.0 6.0 
  ZLIM = 1.93 1.93 -1.93 -1.93 1.93 
  NE = 29.144287279066077 29.142680167184356 29.137859363248264  
    29.12982646209183 29.118584120794733 29.104136057217534  
    29.086487047952566 29.065642925692107 29.041610576015824  
    29.014397933599987 28.98401397785135 28.950468727969096  
    28.913773237438647 28.873939587961523 28.830980882825973  
    28.78491123972346 28.73574578301649 28.683500635463737  
    28.62819290940878 28.56984069743922 28.508463062523287  
    28.444080027631507 28.376712564851253 28.30638258400258  
    28.233112920763908 28.156927324316584 28.077850444517686  
    27.99590781861078 27.911125857484627 27.823531831490186  
    27.733153855826647 27.635600792864324 27.530044873108423  
    27.421859888617426 27.31641963144981 27.21909789366404  
    27.129525113993203 27.042791193422378 26.957459117388034  
    26.872091871326617 26.78525244067459 26.69559241503312  
    26.602254219166785 26.50453709125719 26.401740269485934  
    26.293162992034617 26.17844777358849 26.057076412472554  
    25.928107072328043 25.790597916796177 25.643607109518193  
    25.48508871336393 25.313424886422116 25.128315935162338  
    24.929462166054158 24.716563885567147 24.491259957052876  
    24.256383351401734 24.013425536391537 23.7638779798001  
    23.509232149405253 23.25076703161735 22.98927979830245  
    22.72553919542192 22.46031396893711 22.194372864809388  
    21.928306516674237 21.662407899867343 21.396999272900377  
    21.13240289428502 20.868941022532937 20.60677044817772  
    20.345898920693546 20.086425137002998 19.828447794028644  
    19.572065588693054 19.31747751330457 19.064608622761945  
    18.813146707873365 18.562779559447026 18.313194968291114  
    18.06242688540131 17.810085649513535 17.558223633046328  
    17.30889320841823 17.064146748047786 16.838413012443002  
    16.637625127834042 16.451092015222695 16.268122595610752  
    16.07802579 15.55000966 14.92370827 14.19496073 13.375913939999991  
    12.499507919999989 11.61672767 10.78499543 10.05242721 9.446403437  
    8.971580148 
  TE = 21.40395918462755 21.396781164187445 21.375261542941118  
    21.339443592706015 21.289399272056635 21.225228985436154  
    21.14706124749482 21.055052254225718 20.949385362901147  
    20.830270483233154 20.697943382587844 20.552664908472146  
    20.3947201318815 20.22441741544566 20.042087410635066  
    19.848081988590497 19.64277310941253 19.42655163499253  
    19.199826090683327 18.96302138129345 18.716577467043386  
    18.46094800524529 18.196598963558245 17.92400721072963  
    17.643659090759343 17.356048986417786 17.061677878011377  
    16.761051903221134 16.45468092374196 16.143077104323407  
    15.82675350965813 15.510744636347674 15.200005860131697  
    14.89493140869173 14.5959155097093 14.303352390865935  
    14.017363226347266 13.737483869309292 13.4632305658891  
    13.194119562223774 12.929667104450397 12.668829189274394  
    12.4109259327356 12.156019759972724 11.904173096124469  
    11.655448366329544 11.410691316289478 11.170804954137843  
    10.935937598661395 10.706237568646902 10.481853182881123  
    10.262438178556966 10.047658801286719 9.837682132486208  
    9.632675253571255 9.43280524595769 9.238583828428187  
    9.050456917189885 8.8684928897953 8.692760123796955  
    8.523326996747363 8.360185157547534 8.203091512272266  
    8.051762324234762 7.9059138567482155 7.765262373125834  
    7.6295104372310645 7.498263726072252 7.371093172679944  
    7.247569710084692 7.127264271317039 7.009778763359832  
    6.894825979754307 6.782143183368609 6.6714676370708785  
    6.562536603729261 6.455155838102073 6.349088261487425  
    6.2440068865631515 6.139584726007086 6.0354947924970626  
    5.931018615251867 5.825721879614922 5.719703832451021  
    5.613063720624956 5.505900791001515 5.400767598779734  
    5.299146950576747 5.199533470384497 5.100421782194934 5.00030651  
    4.667401808 4.263378837 3.773489598 3.1969283009999927  
    2.557196744999993 1.903611773 1.296779938 0.7849530031 0.3886620175  
    0.1022745834 
  TI = 24.6585791860712 24.646852151408996 24.61170449940943  
    24.55323642704479 24.471614400363542 24.367070364824755  
    24.239900647118557 24.090464555749666 23.91918268963321  
    23.726534965845826 23.5130583794745 23.279344510195767  
    23.02603679178531 22.75382756219019 22.463454913081783  
    22.15569935893746 21.83138034666533 21.491352627582177  
    21.136502514176073 20.767744044528147 20.386015077532413  
    19.992273342138105 19.587492463747957 19.172657990642485  
    18.748763442869155 18.31680640544389 17.87778468696833  
    17.432692563879336 16.982517129528045 16.528234766145626  
    16.07080775650462 15.621853685671878 15.192155512416473  
    14.781411049018448 14.389318107757836 14.015574500914676  
    13.659521958618702 13.319692841442878 12.994570907332099  
    12.682639914231254 12.382383620085228 12.091358930119828  
    11.808186658936117 11.532946428541882 11.265717860944907  
    11.006580578152978 10.756790053944231 10.517369826487078  
    10.288051614374726 10.068567136200372 9.858648110557223  
    9.657557948024186 9.464438367952946 9.278838552095866  
    9.100307682205305 8.928394940033622 8.76275586520752  
    8.60312657228076 8.449177105396274 8.300577508697 8.156997826325878  
    8.018098343495646 7.883587224112325 7.753206330358775  
    7.626697524417853 7.503802668472421 7.384304039730575  
    7.268006904315762 7.1546876077838615 7.044122495690759  
    6.936087913592336 6.8303454053074395 6.72668796875911  
    6.624939130659523 6.524922417720851 6.426461356655267  
    6.329428234332464 6.2336757334175585 6.138997974315859  
    6.0451890774326715 5.9520431631733075 5.859285040924019  
    5.766617301907961 5.673800739285798 5.5805961462181894  
    5.486764315865795 5.391435235694402 5.2943889846464645  
    5.196361493097642 5.0980886914236 5.00030651 4.667401808  
    4.263378837 3.773489598 3.1969283009999927 2.557196744999993  
    1.903611773 1.296779938 0.7849530031 0.3886620175 0.1022745834 
  OMEGA = 4992.501875 4992.501875 4978.801804 4961.079526 4940.12016  
    4916.382264 4890.178959 4861.74318 4831.258024 4798.873089  
    4764.714177 4728.889466 4691.493659 4652.610886 4612.316799  
    4570.680145 4527.763951 4483.626454 4438.321832 4391.900796  
    4344.411068 4295.897774 4246.403778 4195.969955 4144.635428  
    4092.437767 4039.413164 3985.596584 3931.021896 3875.721988  
    3819.72887 3763.073767 3705.787199 3647.899055 3589.43866  
    3530.4348369999993 3470.91596 3410.910006 3350.444605 3289.54708  
    3228.244492 3166.5636739999995 3104.531273 3042.173783 2979.517575  
    2916.588934 2853.414088 2790.0192379999994 2726.430588 2662.674375  
    2598.776897 2534.764544 2470.663824 2406.501396 2342.304099  
    2278.098979 2213.913327 2149.774706999999 2085.710992 2021.750397  
    1957.921519 1894.253376 1830.775447 1767.517715 1704.510722  
    1641.785608 1579.374179 1517.308956 1455.623246 1394.3512129999992  
    1333.5279519999992 1273.18958 1213.373329 1154.117653 1095.462349  
    1037.448686 980.1195629 923.5196753 867.6957162 812.6966008  
    758.5737302 705.3812976 653.1766491999995 602.0207127999994  
    551.9785103 503.1197796 455.5197357 409.2600162 364.4298727  
    321.1276991 279.4630303 239.55922 201.557126 165.620359  
    131.94307479999966 100.76217029999968 72.37775876 47.19105135  
    25.78549737 9.151104569 3.218758593e-12 
  ZEFF = 1.3561795584762488 1.356138230181071 1.3560305777945119  
    1.3558809372266454 1.3557136857746679 1.3555534868537598  
    1.3554081158544262 1.3552157919915593 1.3548953901313041  
    1.354362067570065 1.3535246150845979 1.352263678556115  
    1.3505330660491266 1.3483399162320333 1.345687105405857  
    1.3425752368546688 1.339080871830623 1.3352959778008502  
    1.3312514654942968 1.326990409667405 1.3225703407698701  
    1.3180495182038343 1.313426436928157 1.3086830854000582  
    1.3038042373964758 1.2987774867013542 1.29358278158893  
    1.2882276241823325 1.282743751457174 1.2771636544342901  
    1.271520355846326 1.2658802004763945 1.2603121011071927  
    1.2548517237362649 1.2495325080548094 1.244385344937264  
    1.2394163309063266 1.2346056962108092 1.2299420359313182  
    1.2254122375735716 1.2210017308795131 1.2166815929086496  
    1.2124380304613644 1.20827817632646 1.2042090053485182  
    1.2002372362924445 1.1963857603332841 1.1926752784396506  
    1.1891083044453306 1.1856864554764859 1.182410460233183  
    1.1792727583613236 1.17626426169421 1.1733822012846815  
    1.170623161779919 1.1679831922310293 1.165461856720414  
    1.163060230169688 1.1607757911640175 1.1586054446567513  
    1.1565456315289089 1.1545920045695401 1.1527398952136265  
    1.1509848914502048 1.1493225126826894 1.147748258474536  
    1.1462578531383116 1.144846975711254 1.143511165495877  
    1.1422461055694213 1.1410476383818722 1.139911509245261  
    1.1388338172584302 1.1378111856117745 1.1368404038793267  
    1.1359184297555056 1.1350428022870849 1.1342108492446021  
    1.1334195252712287 1.1326660284297794 1.1319477919923977  
    1.1312611588089065 1.130603651124558 1.1299746195758322  
    1.1293733897854903 1.1287992678643168 1.128253905153384  
    1.12773769752675 1.1272483884877023 1.1267841641554766  
    1.1263436186348075 1.1250506378126293 1.1237970526257708  
    1.1226817367278792 1.1218303328921666 1.121317373655379  
    1.121097156606206 1.1210382870495896 1.121030355156264  
    1.1210300016227621 1.1210300000000006 
  J_OH = 0.0 0.0 0.0 0.0 0.0 0.0 0.0 0.0 0.0 0.0 0.0 0.0 0.0 0.0 0.0  
    0.0 0.0 0.0 0.0 0.0 0.0 0.0 0.0 0.0 0.0 0.0 0.0 0.0 0.0 0.0 0.0 0.0  
    0.0 0.0 0.0 0.0 0.0 0.0 0.0 0.0 0.0 0.0 0.0 0.0 0.0 0.0 0.0 0.0 0.0  
    0.0 0.0 0.0 0.0 0.0 0.0 0.0 0.0 0.0 0.0 0.0 0.0 0.0 0.0 0.0 0.0 0.0  
    0.0 0.0 0.0 0.0 0.0 0.0 0.0 0.0 0.0 0.0 0.0 0.0 0.0 0.0 0.0 0.0 0.0  
    0.0 0.0 0.0 0.0 0.0 0.0 0.0 0.0 0.0 0.0 0.0 0.0 0.0 0.0 0.0 0.0 0.0  
    0.0 
  J_BS = 70810.77328911556 106216.15993367333 176291.7084854004  
    236768.6709686706 283611.60186057835 322846.47024167265  
    357365.9122149195 388641.8003290416 417480.0284710827  
    444352.154803353 469552.527714309 493275.1236242907  
    515646.3645776617 536746.6942577056 556631.779106581  
    575339.3738782834 592883.2799797958 609262.4605081939  
    624478.0593153498 638530.9080838705 651417.1804240105  
    663134.7650735347 673691.460820595 683104.7026480477  
    691396.1814419723 698590.2860647182 704708.1373217781  
    709759.8444073818 713747.9823198469 716677.601094301  
    717921.1794248046 713514.3740660824 699612.9283207937  
    676250.7990421439 644454.6610683581 609785.2884476129  
    581106.2246665108 559270.1932380068 541208.8842490863  
    526662.0641567827 515824.899726288 508187.2123475386  
    502071.9195109554 496590.044404754 491664.564343303  
    486384.2548304128 479985.9773139059 473457.88994984847  
    467644.5554437261 462484.9739829309 458813.51047689136  
    457230.13029751636 456471.29660470784 455549.6715942684  
    454491.7358972811 452294.1299600351 447527.3454932428  
    440643.9893508968 432570.2863933869 423421.89831965306  
    413421.5385518517 403048.37983732444 392649.880747432  
    382274.433196714 371944.63585891214 361739.97482076194  
    351871.51547877706 342485.72890415665 333581.1629094603  
    325145.7618762638 317213.2560242493 309813.8546951884  
    302883.9079126118 296363.10100880417 290239.14606039925  
    284433.2826592441 278974.14850085357 274073.5990560756  
    269830.7343498608 266223.03723399364 263864.1530373093  
    262789.204129293 261498.84215056506 259111.11325058123  
    255685.62174734843 247177.0440140763 232252.46212922424  
    219019.48014227988 212688.94971882593 212958.24293056302  
    432182.7573094812 698785.8209351317 795004.427979115  
    872750.573753249 901688.6093243106 857677.7477322584  
    739121.3702094879 569977.8943231156 384036.8969961582  
    211599.31803257615 52840.46520325653 
  J_NB = 0.0 0.0 0.0 0.0 0.0 0.0 0.0 0.0 0.0 0.0 0.0 0.0 0.0 0.0 0.0  
    0.0 0.0 0.0 0.0 0.0 0.0 0.0 0.0 0.0 0.0 0.0 0.0 0.0 0.0 0.0 0.0 0.0  
    0.0 0.0 0.0 0.0 0.0 0.0 0.0 0.0 0.0 0.0 0.0 0.0 0.0 0.0 0.0 0.0 0.0  
    0.0 0.0 0.0 0.0 0.0 0.0 0.0 0.0 0.0 0.0 0.0 0.0 0.0 0.0 0.0 0.0 0.0  
    0.0 0.0 0.0 0.0 0.0 0.0 0.0 0.0 0.0 0.0 0.0 0.0 0.0 0.0 0.0 0.0 0.0  
    0.0 0.0 0.0 0.0 0.0 0.0 0.0 0.0 0.0 0.0 0.0 0.0 0.0 0.0 0.0 0.0 0.0  
    0.0 
  J_EC = 0.0 0.0 0.0 0.0 0.0 0.0 0.0 0.0 0.0 0.0 0.0 0.0 0.0 0.0 0.0  
    0.0 0.0 0.0 0.0 0.0 0.0 0.0 0.0 0.0 0.0 0.0 0.0 0.0 0.0 0.0 0.0 0.0  
    0.0 0.0 0.0 0.0 0.0 0.0 0.0 0.0 0.0 0.0 0.0 0.0 0.0 0.0 0.0 0.0 0.0  
    0.0 0.0 0.0 0.0 0.0 0.0 0.0 0.0 0.0 0.0 0.0 0.0 0.0 0.0 0.0 0.0 0.0  
    0.0 0.0 0.0 0.0 0.0 0.0 0.0 0.0 0.0 0.0 0.0 0.0 0.0 0.0 0.0 0.0 0.0  
    0.0 0.0 0.0 0.0 0.0 0.0 0.0 0.0 0.0 0.0 0.0 0.0 0.0 0.0 0.0 0.0 0.0  
    0.0 
  J_IC = 0.0 0.0 0.0 0.0 0.0 0.0 0.0 0.0 0.0 0.0 0.0 0.0 0.0 0.0 0.0  
    0.0 0.0 0.0 0.0 0.0 0.0 0.0 0.0 0.0 0.0 0.0 0.0 0.0 0.0 0.0 0.0 0.0  
    0.0 0.0 0.0 0.0 0.0 0.0 0.0 0.0 0.0 0.0 0.0 0.0 0.0 0.0 0.0 0.0 0.0  
    0.0 0.0 0.0 0.0 0.0 0.0 0.0 0.0 0.0 0.0 0.0 0.0 0.0 0.0 0.0 0.0 0.0  
    0.0 0.0 0.0 0.0 0.0 0.0 0.0 0.0 0.0 0.0 0.0 0.0 0.0 0.0 0.0 0.0 0.0  
    0.0 0.0 0.0 0.0 0.0 0.0 0.0 0.0 0.0 0.0 0.0 0.0 0.0 0.0 0.0 0.0 0.0  
    0.0 
  J_LH = 0.0 0.0 0.0 0.0 0.0 0.0 0.0 0.0 0.0 0.0 0.0 0.0 0.0 0.0 0.0  
    0.0 0.0 0.0 0.0 0.0 0.0 0.0 0.0 0.0 0.0 0.0 0.0 0.0 0.0 0.0 0.0 0.0  
    0.0 0.0 0.0 0.0 0.0 0.0 0.0 0.0 0.0 0.0 0.0 0.0 0.0 0.0 0.0 0.0 0.0  
    0.0 0.0 0.0 0.0 0.0 0.0 0.0 0.0 0.0 0.0 0.0 0.0 0.0 0.0 0.0 0.0 0.0  
    0.0 0.0 0.0 0.0 0.0 0.0 0.0 0.0 0.0 0.0 0.0 0.0 0.0 0.0 0.0 0.0 0.0  
    0.0 0.0 0.0 0.0 0.0 0.0 0.0 0.0 0.0 0.0 0.0 0.0 0.0 0.0 0.0 0.0 0.0  
    0.0 
  PE_NB = 0.0 0.0 0.0 0.0 0.0 0.0 0.0 0.0 0.0 0.0 0.0 0.0 0.0 0.0 0.0  
    0.0 0.0 0.0 0.0 0.0 0.0 0.0 0.0 0.0 0.0 0.0 0.0 0.0 0.0 0.0 0.0 0.0  
    0.0 0.0 0.0 0.0 0.0 0.0 0.0 0.0 0.0 0.0 0.0 0.0 0.0 0.0 0.0 0.0 0.0  
    0.0 0.0 0.0 0.0 0.0 0.0 0.0 0.0 0.0 0.0 0.0 0.0 0.0 0.0 0.0 0.0 0.0  
    0.0 0.0 0.0 0.0 0.0 0.0 0.0 0.0 0.0 0.0 0.0 0.0 0.0 0.0 0.0 0.0 0.0  
    0.0 0.0 0.0 0.0 0.0 0.0 0.0 0.0 0.0 0.0 0.0 0.0 0.0 0.0 0.0 0.0 0.0  
    0.0 
  PE_EC = 0.0 0.0 0.0 0.0 0.0 0.0 0.0 0.0 0.0 0.0 0.0 0.0 0.0 0.0 0.0  
    0.0 0.0 0.0 0.0 0.0 0.0 0.0 0.0 0.0 0.0 0.0 0.0 0.0 0.0 0.0 0.0 0.0  
    0.0 0.0 0.0 0.0 0.0 0.0 0.0 0.0 0.0 0.0 0.0 0.0 0.0 0.0 0.0 0.0 0.0  
    0.0 0.0 0.0 0.0 0.0 0.0 0.0 0.0 0.0 0.0 0.0 0.0 0.0 0.0 0.0 0.0 0.0  
    0.0 0.0 0.0 0.0 0.0 0.0 0.0 0.0 0.0 0.0 0.0 0.0 0.0 0.0 0.0 0.0 0.0  
    0.0 0.0 0.0 0.0 0.0 0.0 0.0 0.0 0.0 0.0 0.0 0.0 0.0 0.0 0.0 0.0 0.0  
    0.0 
  PE_IC = 0.0 0.0 0.0 0.0 0.0 0.0 0.0 0.0 0.0 0.0 0.0 0.0 0.0 0.0 0.0  
    0.0 0.0 0.0 0.0 0.0 0.0 0.0 0.0 0.0 0.0 0.0 0.0 0.0 0.0 0.0 0.0 0.0  
    0.0 0.0 0.0 0.0 0.0 0.0 0.0 0.0 0.0 0.0 0.0 0.0 0.0 0.0 0.0 0.0 0.0  
    0.0 0.0 0.0 0.0 0.0 0.0 0.0 0.0 0.0 0.0 0.0 0.0 0.0 0.0 0.0 0.0 0.0  
    0.0 0.0 0.0 0.0 0.0 0.0 0.0 0.0 0.0 0.0 0.0 0.0 0.0 0.0 0.0 0.0 0.0  
    0.0 0.0 0.0 0.0 0.0 0.0 0.0 0.0 0.0 0.0 0.0 0.0 0.0 0.0 0.0 0.0 0.0  
    0.0 
  PE_LH = 0.0 0.0 0.0 0.0 0.0 0.0 0.0 0.0 0.0 0.0 0.0 0.0 0.0 0.0 0.0  
    0.0 0.0 0.0 0.0 0.0 0.0 0.0 0.0 0.0 0.0 0.0 0.0 0.0 0.0 0.0 0.0 0.0  
    0.0 0.0 0.0 0.0 0.0 0.0 0.0 0.0 0.0 0.0 0.0 0.0 0.0 0.0 0.0 0.0 0.0  
    0.0 0.0 0.0 0.0 0.0 0.0 0.0 0.0 0.0 0.0 0.0 0.0 0.0 0.0 0.0 0.0 0.0  
    0.0 0.0 0.0 0.0 0.0 0.0 0.0 0.0 0.0 0.0 0.0 0.0 0.0 0.0 0.0 0.0 0.0  
    0.0 0.0 0.0 0.0 0.0 0.0 0.0 0.0 0.0 0.0 0.0 0.0 0.0 0.0 0.0 0.0 0.0  
    0.0 
  PE_FUS = 2263269.9430367574 2263546.891829308 2264510.3044378594  
    2266359.738573316 2269299.111309903 2273540.1100264494  
    2279087.5530391815 2285075.587389125 2290387.705087948  
    2293850.7426978825 2294204.776124505 2289752.8020451455  
    2279791.331116724 2264423.6273085224 2243719.1899783644  
    2217735.0998526253 2187440.4960193303 2153970.575303699  
    2117718.524751374 2079207.0887624603 2039110.3994516002  
    1997924.8923140182 1955449.1097900693 1911455.3916603096  
    1865744.0611126963 1818145.0066907324 1768462.062415296  
    1716801.7028621428 1663480.4756468763 1608826.2329876535  
    1553175.9077732232 1496956.4164909367 1440852.9897278897  
    1385551.217157581 1331675.1972090309 1279785.6289251947  
    1229896.5851917984 1181571.4649113836 1134638.5428944116  
    1088915.989881857 1044213.9397539658 1000211.6132043124  
    956763.4700105785 913940.3454088299 871815.3121331302  
    830462.3574552392 790128.466139496 751033.9067195595  
    713208.1472978387 676674.3931929504 641449.1127067002  
    607443.2205385222 574567.4344958998 542825.7465670657  
    512213.8425328093 482720.2972704133 454400.8259534625  
    427339.1622175837 401550.1338530935 377035.2776026678  
    353784.7519701703 331772.46193685196 310959.60180872574  
    291306.77421282744 272771.3073748223 255308.14957121207  
    238870.72049229548 223408.28804855075 208868.95763708092  
    195202.0125476359 182358.19008419622 170286.00778647859  
    158936.26116697304 148265.9473696373 138234.2337404545  
    128802.45864875434 119938.08819197456 111605.76391782043  
    103766.83018947838 96385.9687042296 89431.00219662604  
    82855.21278466219 76630.74492280306 70754.14786396049  
    65219.80035196022 60020.18566216315 55201.46897965529  
    50763.47296035558 46638.946755386554 42774.24870465139  
    39127.83050347564 28854.456216008257 19237.58256200143  
    11048.806848851496 5114.196427762256 1742.740429425616  
    384.6627277531209 44.75472177843717 1.8121415062897226  
    0.007867089712796158 3.510760300036059e-09 
  PE_IONIZATION = 0.0 0.0 0.0 0.0 0.0 0.0 0.0 0.0 0.0 0.0 0.0 0.0 0.0  
    0.0 0.0 0.0 0.0 0.0 0.0 0.0 0.0 0.0 0.0 0.0 0.0 0.0 0.0 0.0 0.0 0.0  
    0.0 0.0 0.0 0.0 0.0 0.0 0.0 0.0 0.0 0.0 0.0 0.0 0.0 0.0 0.0 0.0 0.0  
    0.0 0.0 0.0 0.0 0.0 0.0 0.0 0.0 0.0 0.0 0.0 0.0 0.0 0.0 0.0 0.0 0.0  
    0.0 0.0 0.0 0.0 0.0 0.0 0.0 0.0 0.0 0.0 0.0 0.0 0.0 0.0 0.0 0.0 0.0  
    0.0 0.0 0.0 0.0 0.0 0.0 0.0 0.0 0.0 0.0 0.0 0.0 0.0 0.0 0.0 0.0 0.0  
    0.0 0.0 0.0 
  P_RAD = -0.14885407602857378 -0.14883424923512728  
    -0.14877954461027273 -0.14869708799344167 -0.14859401040883494  
    -0.14847749390228476 -0.14834951237820576 -0.14819084214905856  
    -0.14797650017594546 -0.1476805634087862 -0.14727540373229772  
    -0.1467321566780824 -0.14604253552452476 -0.14520656706569868  
    -0.144222804307026 -0.14308863866987784 -0.14181451053303662  
    -0.14042212126361975 -0.13892828404694443 -0.13735499342241006  
    -0.1357303941755041 -0.1340759972802082 -0.13238726512827115  
    -0.1306590018300851 -0.1288868204508741 -0.1270671485105095  
    -0.12519139548508226 -0.12325941577681503 -0.12128129006135346  
    -0.11926814328324017 -0.11723187348804963 -0.11511607357956916  
    -0.11293000143753201 -0.11071126275756198 -0.10838431553933821  
    -0.10631472466144415 -0.10446152304107449 -0.10272186434835356  
    -0.10109095276333134 -0.09956411699599321 -0.09813693962949607  
    -0.09679440946643691 -0.09552426321564805 -0.09432679109385053  
    -0.09320258720442647 -0.09215093826148683 -0.09117217706547652  
    -0.09026402903198284 -0.08942017473725293 -0.08863365597492634  
    -0.08789305756377641 -0.08717468596200127 -0.0864573717982518  
    -0.08572670493826964 -0.08496747045734705 -0.08416047564373752  
    -0.08329003363183196 -0.08234871269254734 -0.08132328930681923  
    -0.08020290929504227 -0.0789812294639384 -0.07766295343364964  
    -0.07625554404806549 -0.0747674193865333 -0.0732076463053643  
    -0.07158574832051894 -0.06991512385995147 -0.06822142291718597  
    -0.0665299130442996 -0.06486227240090772 -0.06323719706824561  
    -0.061669973694970896 -0.06017320329979604 -0.05875968694401192  
    -0.057441835730573126 -0.056231570902854654 -0.05514112880830299  
    -0.05418187870121109 -0.05336574145950621 -0.052701472191534565  
    -0.052184898292351956 -0.051806982083464126 -0.051568015097797175  
    -0.05147741289111886 -0.05154516258468405 -0.051777147242767795  
    -0.052190269498084356 -0.05275949330549496 -0.05341053916965004  
    -0.05406387905197468 -0.0546283102471411 -0.0564311185680864  
    -0.05643656693879305 -0.053741148571459625 -0.04990351574481152  
    -0.04860240575728291 -0.05085427561436184 -0.04392244733406199  
    -0.027101816373750493 -0.0382302035323837 -0.004530385389894997 
  P_RAD_IMP = 0.0 0.0 0.0 0.0 0.0 0.0 0.0 0.0 0.0 0.0 0.0 0.0 0.0 0.0  
    0.0 0.0 0.0 0.0 0.0 0.0 0.0 0.0 0.0 0.0 0.0 0.0 0.0 0.0 0.0 0.0 0.0  
    0.0 0.0 0.0 0.0 0.0 0.0 0.0 0.0 0.0 0.0 0.0 0.0 0.0 0.0 0.0 0.0 0.0  
    0.0 0.0 0.0 0.0 0.0 0.0 0.0 0.0 0.0 0.0 0.0 0.0 0.0 0.0 0.0 0.0 0.0  
    0.0 0.0 0.0 0.0 0.0 0.0 0.0 0.0 0.0 0.0 0.0 0.0 0.0 0.0 0.0 0.0 0.0  
    0.0 0.0 0.0 0.0 0.0 0.0 0.0 0.0 0.0 0.0 0.0 0.0 0.0 0.0 0.0 0.0 0.0  
    0.0 0.0 
  PI_NB = 0.0 0.0 0.0 0.0 0.0 0.0 0.0 0.0 0.0 0.0 0.0 0.0 0.0 0.0 0.0  
    0.0 0.0 0.0 0.0 0.0 0.0 0.0 0.0 0.0 0.0 0.0 0.0 0.0 0.0 0.0 0.0 0.0  
    0.0 0.0 0.0 0.0 0.0 0.0 0.0 0.0 0.0 0.0 0.0 0.0 0.0 0.0 0.0 0.0 0.0  
    0.0 0.0 0.0 0.0 0.0 0.0 0.0 0.0 0.0 0.0 0.0 0.0 0.0 0.0 0.0 0.0 0.0  
    0.0 0.0 0.0 0.0 0.0 0.0 0.0 0.0 0.0 0.0 0.0 0.0 0.0 0.0 0.0 0.0 0.0  
    0.0 0.0 0.0 0.0 0.0 0.0 0.0 0.0 0.0 0.0 0.0 0.0 0.0 0.0 0.0 0.0 0.0  
    0.0 
  PI_IC = 0.0 0.0 0.0 0.0 0.0 0.0 0.0 0.0 0.0 0.0 0.0 0.0 0.0 0.0 0.0  
    0.0 0.0 0.0 0.0 0.0 0.0 0.0 0.0 0.0 0.0 0.0 0.0 0.0 0.0 0.0 0.0 0.0  
    0.0 0.0 0.0 0.0 0.0 0.0 0.0 0.0 0.0 0.0 0.0 0.0 0.0 0.0 0.0 0.0 0.0  
    0.0 0.0 0.0 0.0 0.0 0.0 0.0 0.0 0.0 0.0 0.0 0.0 0.0 0.0 0.0 0.0 0.0  
    0.0 0.0 0.0 0.0 0.0 0.0 0.0 0.0 0.0 0.0 0.0 0.0 0.0 0.0 0.0 0.0 0.0  
    0.0 0.0 0.0 0.0 0.0 0.0 0.0 0.0 0.0 0.0 0.0 0.0 0.0 0.0 0.0 0.0 0.0  
    0.0 
  PI_LH = 0.0 0.0 0.0 0.0 0.0 0.0 0.0 0.0 0.0 0.0 0.0 0.0 0.0 0.0 0.0  
    0.0 0.0 0.0 0.0 0.0 0.0 0.0 0.0 0.0 0.0 0.0 0.0 0.0 0.0 0.0 0.0 0.0  
    0.0 0.0 0.0 0.0 0.0 0.0 0.0 0.0 0.0 0.0 0.0 0.0 0.0 0.0 0.0 0.0 0.0  
    0.0 0.0 0.0 0.0 0.0 0.0 0.0 0.0 0.0 0.0 0.0 0.0 0.0 0.0 0.0 0.0 0.0  
    0.0 0.0 0.0 0.0 0.0 0.0 0.0 0.0 0.0 0.0 0.0 0.0 0.0 0.0 0.0 0.0 0.0  
    0.0 0.0 0.0 0.0 0.0 0.0 0.0 0.0 0.0 0.0 0.0 0.0 0.0 0.0 0.0 0.0 0.0  
    0.0 
  PI_FUS = 1192355.0358396766 1191340.5896439112 1188386.3355139256  
    1183623.011014211 1177177.9068728732 1169174.955732174  
    1159715.6580918024 1148825.859133238 1136517.7751343308  
    1122806.5144522488 1107700.034906085 1091245.613451955  
    1073478.6673589768 1054349.7333747344 1033786.7814360624  
    1011706.7658628209 988185.0878341749 963372.8954882829  
    937333.3178569948 910181.9648006384 882094.4591439525  
    853439.3454045757 824439.9996197917 795111.1313594085  
    765478.6112540863 735578.9695194471 705372.0078292147  
    674905.1061024498 644351.8223144878 613882.1800941859  
    583661.3407140023 553897.2680501938 524872.7857997896  
    496833.6601348158 469989.54848172737 444514.86005990114  
    420379.9553827501 397390.5720478433 375449.6536846368  
    354461.98792530224 334334.91908568057 314929.30266318994  
    296174.008224019 278080.5682510819 260659.8304406314  
    243921.4908008946 227935.21593608824 212758.3113130221  
    198378.69374238033 184781.48562785532 171949.0986973155  
    159829.39325335826 148373.22739521434 137563.19360543846  
    127379.19836852774 117799.02618980678 108820.17511641576  
    100443.74992660656 92649.00280535415 85412.30423020798  
    78707.917898987 72506.55906127795 66775.43142152144  
    61483.106658696255 56599.28869915169 52094.9607622877  
    47942.39261329357 44114.12347625873 40584.056959832065  
    37328.02157985305 34323.685599309385 31549.86987887532  
    28987.570380907586 26620.085086421685 24432.033321175204  
    22409.271956898607 20539.701866466938 18811.23655855318  
    17211.655822876313 15730.00625489928 14356.484557753683  
    13078.695110631406 11888.736225879833 10783.969314190517  
    9761.33120307222 8817.418393000964 7960.2746805562965  
    7188.000869149017 6484.962747289863 5838.924216176747  
    5240.5268095952415 3618.557194289819 2212.8637216114125  
    1131.4736192460869 447.4958060112927 123.51494568228853  
    20.669968980865416 1.6819515278575206 0.042807163175982516  
    9.748928617215427e-05 1.298311887785342e-11 
  PI_IONIZATION = 0.0 0.0 0.0 0.0 0.0 0.0 0.0 0.0 0.0 0.0 0.0 0.0 0.0  
    0.0 0.0 0.0 0.0 0.0 0.0 0.0 0.0 0.0 0.0 0.0 0.0 0.0 0.0 0.0 0.0 0.0  
    0.0 0.0 0.0 0.0 0.0 0.0 0.0 0.0 0.0 0.0 0.0 0.0 0.0 0.0 0.0 0.0 0.0  
    0.0 0.0 0.0 0.0 0.0 0.0 0.0 0.0 0.0 0.0 0.0 0.0 0.0 0.0 0.0 0.0 0.0  
    0.0 0.0 0.0 0.0 0.0 0.0 0.0 0.0 0.0 0.0 0.0 0.0 0.0 0.0 0.0 0.0 0.0  
    0.0 0.0 0.0 0.0 0.0 0.0 0.0 0.0 0.0 0.0 0.0 0.0 0.0 0.0 0.0 0.0 0.0  
    0.0 0.0 0.0 
  PI_CX = 0.0 0.0 0.0 0.0 0.0 0.0 0.0 0.0 0.0 0.0 0.0 0.0 0.0 0.0 0.0  
    0.0 0.0 0.0 0.0 0.0 0.0 0.0 0.0 0.0 0.0 0.0 0.0 0.0 0.0 0.0 0.0 0.0  
    0.0 0.0 0.0 0.0 0.0 0.0 0.0 0.0 0.0 0.0 0.0 0.0 0.0 0.0 0.0 0.0 0.0  
    0.0 0.0 0.0 0.0 0.0 0.0 0.0 0.0 0.0 0.0 0.0 0.0 0.0 0.0 0.0 0.0 0.0  
    0.0 0.0 0.0 0.0 0.0 0.0 0.0 0.0 0.0 0.0 0.0 0.0 0.0 0.0 0.0 0.0 0.0  
    0.0 0.0 0.0 0.0 0.0 0.0 0.0 0.0 0.0 0.0 0.0 0.0 0.0 0.0 0.0 0.0 0.0  
    0.0 
  P_OHM = 0.0 0.0 0.0 0.0 0.0 0.0 0.0 0.0 0.0 0.0 0.0 0.0 0.0 0.0 0.0  
    0.0 0.0 0.0 0.0 0.0 0.0 0.0 0.0 0.0 0.0 0.0 0.0 0.0 0.0 0.0 0.0 0.0  
    0.0 0.0 0.0 0.0 0.0 0.0 0.0 0.0 0.0 0.0 0.0 0.0 0.0 0.0 0.0 0.0 0.0  
    0.0 0.0 0.0 0.0 0.0 0.0 0.0 0.0 0.0 0.0 0.0 0.0 0.0 0.0 0.0 0.0 0.0  
    0.0 0.0 0.0 0.0 0.0 0.0 0.0 0.0 0.0 0.0 0.0 0.0 0.0 0.0 0.0 0.0 0.0  
    0.0 0.0 0.0 0.0 0.0 0.0 0.0 0.0 0.0 0.0 0.0 0.0 0.0 0.0 0.0 0.0 0.0  
    0.0 
  P_EI = 0.0 0.0 0.0 0.0 0.0 0.0 0.0 0.0 0.0 0.0 0.0 0.0 0.0 0.0 0.0  
    0.0 0.0 0.0 0.0 0.0 0.0 0.0 0.0 0.0 0.0 0.0 0.0 0.0 0.0 0.0 0.0 0.0  
    0.0 0.0 0.0 0.0 0.0 0.0 0.0 0.0 0.0 0.0 0.0 0.0 0.0 0.0 0.0 0.0 0.0  
    0.0 0.0 0.0 0.0 0.0 0.0 0.0 0.0 0.0 0.0 0.0 0.0 0.0 0.0 0.0 0.0 0.0  
    0.0 0.0 0.0 0.0 0.0 0.0 0.0 0.0 0.0 0.0 0.0 0.0 0.0 0.0 0.0 0.0 0.0  
    0.0 0.0 0.0 0.0 0.0 0.0 0.0 0.0 0.0 0.0 0.0 0.0 0.0 0.0 0.0 0.0 0.0  
    0.0 
  TORQUE_NB = 0.0 0.0 0.0 0.0 0.0 0.0 0.0 0.0 0.0 0.0 0.0 0.0 0.0 0.0  
    0.0 0.0 0.0 0.0 0.0 0.0 0.0 0.0 0.0 0.0 0.0 0.0 0.0 0.0 0.0 0.0 0.0  
    0.0 0.0 0.0 0.0 0.0 0.0 0.0 0.0 0.0 0.0 0.0 0.0 0.0 0.0 0.0 0.0 0.0  
    0.0 0.0 0.0 0.0 0.0 0.0 0.0 0.0 0.0 0.0 0.0 0.0 0.0 0.0 0.0 0.0 0.0  
    0.0 0.0 0.0 0.0 0.0 0.0 0.0 0.0 0.0 0.0 0.0 0.0 0.0 0.0 0.0 0.0 0.0  
    0.0 0.0 0.0 0.0 0.0 0.0 0.0 0.0 0.0 0.0 0.0 0.0 0.0 0.0 0.0 0.0 0.0  
    0.0 0.0 
  TORQUE_IN = 0.0 0.0 0.0 0.0 0.0 0.0 0.0 0.0 0.0 0.0 0.0 0.0 0.0 0.0  
    0.0 0.0 0.0 0.0 0.0 0.0 0.0 0.0 0.0 0.0 0.0 0.0 0.0 0.0 0.0 0.0 0.0  
    0.0 0.0 0.0 0.0 0.0 0.0 0.0 0.0 0.0 0.0 0.0 0.0 0.0 0.0 0.0 0.0 0.0  
    0.0 0.0 0.0 0.0 0.0 0.0 0.0 0.0 0.0 0.0 0.0 0.0 0.0 0.0 0.0 0.0 0.0  
    0.0 0.0 0.0 0.0 0.0 0.0 0.0 0.0 0.0 0.0 0.0 0.0 0.0 0.0 0.0 0.0 0.0  
    0.0 0.0 0.0 0.0 0.0 0.0 0.0 0.0 0.0 0.0 0.0 0.0 0.0 0.0 0.0 0.0 0.0  
    0.0 0.0 
  SE_NB = 0.0 0.0 0.0 0.0 0.0 0.0 0.0 0.0 0.0 0.0 0.0 0.0 0.0 0.0 0.0  
    0.0 0.0 0.0 0.0 0.0 0.0 0.0 0.0 0.0 0.0 0.0 0.0 0.0 0.0 0.0 0.0 0.0  
    0.0 0.0 0.0 0.0 0.0 0.0 0.0 0.0 0.0 0.0 0.0 0.0 0.0 0.0 0.0 0.0 0.0  
    0.0 0.0 0.0 0.0 0.0 0.0 0.0 0.0 0.0 0.0 0.0 0.0 0.0 0.0 0.0 0.0 0.0  
    0.0 0.0 0.0 0.0 0.0 0.0 0.0 0.0 0.0 0.0 0.0 0.0 0.0 0.0 0.0 0.0 0.0  
    0.0 0.0 0.0 0.0 0.0 0.0 0.0 0.0 0.0 0.0 0.0 0.0 0.0 0.0 0.0 0.0 0.0  
    0.0 
  SE_IONIZATION = 0.0 0.0 0.0 0.0 0.0 0.0 0.0 0.0 0.0 0.0 0.0 0.0 0.0  
    0.0 0.0 0.0 0.0 0.0 0.0 0.0 0.0 0.0 0.0 0.0 0.0 0.0 0.0 0.0 0.0 0.0  
    0.0 0.0 0.0 0.0 0.0 0.0 0.0 0.0 0.0 0.0 0.0 0.0 0.0 0.0 0.0 0.0 0.0  
    0.0 0.0 0.0 0.0 0.0 0.0 0.0 0.0 0.0 0.0 0.0 0.0 0.0 0.0 0.0 0.0 0.0  
    0.0 0.0 0.0 0.0 0.0 0.0 0.0 0.0 0.0 0.0 0.0 0.0 0.0 0.0 0.0 0.0 0.0  
    0.0 0.0 0.0 0.0 0.0 0.0 0.0 0.0 0.0 0.0 0.0 0.0 0.0 0.0 0.0 0.0 0.0  
    0.0 0.0 0.0 
  SI_NB = 0.0 0.0 0.0 0.0 0.0 0.0 0.0 0.0 0.0 0.0 0.0 0.0 0.0 0.0 0.0  
    0.0 0.0 0.0 0.0 0.0 0.0 0.0 0.0 0.0 0.0 0.0 0.0 0.0 0.0 0.0 0.0 0.0  
    0.0 0.0 0.0 0.0 0.0 0.0 0.0 0.0 0.0 0.0 0.0 0.0 0.0 0.0 0.0 0.0 0.0  
    0.0 0.0 0.0 0.0 0.0 0.0 0.0 0.0 0.0 0.0 0.0 0.0 0.0 0.0 0.0 0.0 0.0  
    0.0 0.0 0.0 0.0 0.0 0.0 0.0 0.0 0.0 0.0 0.0 0.0 0.0 0.0 0.0 0.0 0.0  
    0.0 0.0 0.0 0.0 0.0 0.0 0.0 0.0 0.0 0.0 0.0 0.0 0.0 0.0 0.0 0.0 0.0  
    0.0 
  SI_IONIZATION = 0.0 0.0 0.0 0.0 0.0 0.0 0.0 0.0 0.0 0.0 0.0 0.0 0.0  
    0.0 0.0 0.0 0.0 0.0 0.0 0.0 0.0 0.0 0.0 0.0 0.0 0.0 0.0 0.0 0.0 0.0  
    0.0 0.0 0.0 0.0 0.0 0.0 0.0 0.0 0.0 0.0 0.0 0.0 0.0 0.0 0.0 0.0 0.0  
    0.0 0.0 0.0 0.0 0.0 0.0 0.0 0.0 0.0 0.0 0.0 0.0 0.0 0.0 0.0 0.0 0.0  
    0.0 0.0 0.0 0.0 0.0 0.0 0.0 0.0 0.0 0.0 0.0 0.0 0.0 0.0 0.0 0.0 0.0  
    0.0 0.0 0.0 0.0 0.0 0.0 0.0 0.0 0.0 0.0 0.0 0.0 0.0 0.0 0.0 0.0 0.0  
    0.0 0.0 0.0 
  SE_PELLET = 0.0 0.0 0.0 0.0 0.0 0.0 0.0 0.0 0.0 0.0 0.0 0.0 0.0 0.0  
    0.0 0.0 0.0 0.0 0.0 0.0 0.0 0.0 0.0 0.0 0.0 0.0 0.0 0.0 0.0 0.0 0.0  
    0.0 0.0 0.0 0.0 0.0 0.0 0.0 0.0 0.0 0.0 0.0 0.0 0.0 0.0 0.0 0.0 0.0  
    0.0 0.0 0.0 0.0 0.0 0.0 0.0 0.0 0.0 0.0 0.0 0.0 0.0 0.0 0.0 0.0 0.0  
    0.0 0.0 0.0 0.0 0.0 0.0 0.0 0.0 0.0 0.0 0.0 0.0 0.0 0.0 0.0 0.0 0.0  
    0.0 0.0 0.0 0.0 0.0 0.0 0.0 0.0 0.0 0.0 0.0 0.0 0.0 0.0 0.0 0.0 0.0  
    0.0 0.0 
  Q = 0.0 0.0 0.0 0.0 0.0 0.0 0.0 0.0 0.0 0.0 0.0 0.0 0.0 0.0 0.0 0.0  
    0.0 0.0 0.0 0.0 0.0 0.0 0.0 0.0 0.0 0.0 0.0 0.0 0.0 0.0 0.0 0.0 0.0  
    0.0 0.0 0.0 0.0 0.0 0.0 0.0 0.0 0.0 0.0 0.0 0.0 0.0 0.0 0.0 0.0 0.0  
    0.0 0.0 0.0 0.0 0.0 0.0 0.0 0.0 0.0 0.0 0.0 0.0 0.0 0.0 0.0 0.0 0.0  
    0.0 0.0 0.0 0.0 0.0 0.0 0.0 0.0 0.0 0.0 0.0 0.0 0.0 0.0 0.0 0.0 0.0  
    0.0 0.0 0.0 0.0 0.0 0.0 0.0 0.0 0.0 0.0 0.0 0.0 0.0 0.0 0.0 0.0 0.0 
  PSIPOL = 0.0 0.000905683631170468 0.003622405989012632  
    0.00814915753918026 0.014484240618324474 0.0226252264221652  
    0.03256892288065956 0.044311334328074097 0.057847684623100665  
    0.07317229436706636 0.09027871891886254 0.10915988549085225  
    0.12980806867225106 0.15221452060964147 0.17637094144498544  
    0.20226660889822534 0.22989585917266367 0.25924059480261574  
    0.2902941418178309 0.32303720176521533 0.35746061500307813  
    0.39355176335854836 0.431291436047816 0.47066615607842194  
    0.5116613334918058 0.5542608288094782 0.5984468851525471  
    0.644200932670384 0.6915054568944871 0.7403422525958788  
    0.7906923658199385 0.8425361976555639 0.8958536521576121  
    0.9506239483638591 1.0068265195608714 1.064442735540418  
    1.1234530172921555 1.1838359281332442 1.2455683947985425  
    1.3086261077245205 1.3729895389563598 1.438635954610325  
    1.505537741077147 1.5736713666474207 1.6430147291243242  
    1.7135358068016335 1.7852143788012451 1.8580196431475386  
    1.931925224947263 2.0069042311911853 2.0829262400127813  
    2.159964110496575 2.237987799543338 2.3169655514219927  
    2.396871077882207 2.4776667637117744 2.559327254906221  
    2.6418164185839212 2.7251012538395885 2.8091530781498006  
    2.8939336712819554 2.9794091418928494 3.0655480911450086  
    3.1523142331111136 3.239668912013198 3.3275782063775643  
    3.4160072089937406 3.5049170877476654 3.594268075632481  
    3.6840232574401246 3.774144862111031 3.8645941182636467  
    3.95532853003625 4.046307364536266 4.137490385475622  
    4.2288367300720635 4.320304878231772 4.4118509097514185  
    4.503429560745906 4.59499680322153 4.686507857318382  
    4.777917892297406 4.869182409848137 4.960254372284861  
    5.051087563453451 5.141633973618489 5.231841863251212  
    5.3216587377868 5.411029115964392 5.499897696488657  
    5.588209303553218 5.675911683751833 5.762951425184613  
    5.849279486498142 5.93485132773046 6.019616096882242  
    6.103513153186863 6.1864914788204866 6.2684987958355505  
    6.349457133379107 6.42925450414405 
  PSI = 0.0 0.00014086915218346064 0.0005634255086149986  
    0.0012675120473030935 0.002252864715339623 0.003519105738866279  
    0.005065738626409467 0.006892141896002517 0.00899757267126605  
    0.011381147584047624 0.014041864241129721 0.016978622547994014  
    0.020190220901751793 0.02367529866978043 0.027432564900223427  
    0.031460351860056565 0.035757778607843516 0.040322030281352096  
    0.04515206881773283 0.0502448925543386 0.05559907680939878  
    0.06121265896456269 0.06708265099317846 0.07320695669693097  
    0.07958330676783887 0.08620919088709632 0.09308184716700998  
    0.10019838727105249 0.10755608701580707 0.11515211477764377  
    0.12298352247687327 0.13104726171790174 0.13934020679694345  
    0.14785912546332136 0.15660081879040716 0.16556238905371054  
    0.1747407909529823 0.1841326902473979 0.19373449814371121  
    0.2035424335560259 0.2135534591252195 0.22376403884510024  
    0.23416987772170714 0.24476731565581866 0.25555291489321197  
    0.26652169480880783 0.2776705102668691 0.28899457035802995  
    0.3004897727570153 0.3121519345512939 0.3239763239532993  
    0.3359587194914037 0.34809444829113817 0.3603785710969391  
    0.37280699905988723 0.38537388154641655 0.3980752750193008  
    0.41090555940523243 0.42385960177546134 0.4369329408781576  
    0.4501196319754704 0.4634144036408011 0.4768123721294707  
    0.4903078935635933 0.5038949554610153 0.5175682817086702  
    0.531322442872951 0.5451513990445596 0.55904896490188  
    0.5730093986893107 0.587026825532939 0.6010952149697415  
    0.6152079572346681 0.6293587167731767 0.6435412352721073  
    0.6577491569740034 0.6719760238838064 0.6862150046957558  
    0.7004590591091344 0.7147013390525716 0.7289348795101578  
    0.7431527075522899 0.7573479019549855 0.7715131465223023  
    0.7856412528385234 0.7997247535160397 0.8137556010388091  
    0.827725630453214 0.8416262122578365 0.8554487449429221  
    0.8691846465171464 0.8828257895364632 0.8963638663658494  
    0.9097912491608353 0.9231010102190048 0.9362852400697824  
    0.9493345067072353 0.9622408748686044 0.9749962132927102  
    0.9875883944688285 1.0 
  DENSITY_BEAM = 0.0 0.0 0.0 0.0 0.0 0.0 0.0 0.0 0.0 0.0 0.0 0.0 0.0  
    0.0 0.0 0.0 0.0 0.0 0.0 0.0 0.0 0.0 0.0 0.0 0.0 0.0 0.0 0.0 0.0 0.0  
    0.0 0.0 0.0 0.0 0.0 0.0 0.0 0.0 0.0 0.0 0.0 0.0 0.0 0.0 0.0 0.0 0.0  
    0.0 0.0 0.0 0.0 0.0 0.0 0.0 0.0 0.0 0.0 0.0 0.0 0.0 0.0 0.0 0.0 0.0  
    0.0 0.0 0.0 0.0 0.0 0.0 0.0 0.0 0.0 0.0 0.0 0.0 0.0 0.0 0.0 0.0 0.0  
    0.0 0.0 0.0 0.0 0.0 0.0 0.0 0.0 0.0 0.0 0.0 0.0 0.0 0.0 0.0 0.0 0.0  
    0.0 0.0 0.0 
  WBEAM = 0.0 0.0 0.0 0.0 0.0 0.0 0.0 0.0 0.0 0.0 0.0 0.0 0.0 0.0 0.0  
    0.0 0.0 0.0 0.0 0.0 0.0 0.0 0.0 0.0 0.0 0.0 0.0 0.0 0.0 0.0 0.0 0.0  
    0.0 0.0 0.0 0.0 0.0 0.0 0.0 0.0 0.0 0.0 0.0 0.0 0.0 0.0 0.0 0.0 0.0  
    0.0 0.0 0.0 0.0 0.0 0.0 0.0 0.0 0.0 0.0 0.0 0.0 0.0 0.0 0.0 0.0 0.0  
    0.0 0.0 0.0 0.0 0.0 0.0 0.0 0.0 0.0 0.0 0.0 0.0 0.0 0.0 0.0 0.0 0.0  
    0.0 0.0 0.0 0.0 0.0 0.0 0.0 0.0 0.0 0.0 0.0 0.0 0.0 0.0 0.0 0.0 0.0  
    0.0 
  TBEAM = 0.0 0.0 0.0 0.0 0.0 0.0 0.0 0.0 0.0 0.0 0.0 0.0 0.0 0.0 0.0  
    0.0 0.0 0.0 0.0 0.0 0.0 0.0 0.0 0.0 0.0 0.0 0.0 0.0 0.0 0.0 0.0 0.0  
    0.0 0.0 0.0 0.0 0.0 0.0 0.0 0.0 0.0 0.0 0.0 0.0 0.0 0.0 0.0 0.0 0.0  
    0.0 0.0 0.0 0.0 0.0 0.0 0.0 0.0 0.0 0.0 0.0 0.0 0.0 0.0 0.0 0.0 0.0  
    0.0 0.0 0.0 0.0 0.0 0.0 0.0 0.0 0.0 0.0 0.0 0.0 0.0 0.0 0.0 0.0 0.0  
    0.0 0.0 0.0 0.0 0.0 0.0 0.0 0.0 0.0 0.0 0.0 0.0 0.0 0.0 0.0 0.0 0.0  
    0.0 
  DENSITY_ALPHA = 0.0 0.0 0.0 0.0 0.0 0.0 0.0 0.0 0.0 0.0 0.0 0.0 0.0  
    0.0 0.0 0.0 0.0 0.0 0.0 0.0 0.0 0.0 0.0 0.0 0.0 0.0 0.0 0.0 0.0 0.0  
    0.0 0.0 0.0 0.0 0.0 0.0 0.0 0.0 0.0 0.0 0.0 0.0 0.0 0.0 0.0 0.0 0.0  
    0.0 0.0 0.0 0.0 0.0 0.0 0.0 0.0 0.0 0.0 0.0 0.0 0.0 0.0 0.0 0.0 0.0  
    0.0 0.0 0.0 0.0 0.0 0.0 0.0 0.0 0.0 0.0 0.0 0.0 0.0 0.0 0.0 0.0 0.0  
    0.0 0.0 0.0 0.0 0.0 0.0 0.0 0.0 0.0 0.0 0.0 0.0 0.0 0.0 0.0 0.0 0.0  
    0.0 0.0 0.0 
  WALPHA = 0.0 0.0 0.0 0.0 0.0 0.0 0.0 0.0 0.0 0.0 0.0 0.0 0.0 0.0 0.0  
    0.0 0.0 0.0 0.0 0.0 0.0 0.0 0.0 0.0 0.0 0.0 0.0 0.0 0.0 0.0 0.0 0.0  
    0.0 0.0 0.0 0.0 0.0 0.0 0.0 0.0 0.0 0.0 0.0 0.0 0.0 0.0 0.0 0.0 0.0  
    0.0 0.0 0.0 0.0 0.0 0.0 0.0 0.0 0.0 0.0 0.0 0.0 0.0 0.0 0.0 0.0 0.0  
    0.0 0.0 0.0 0.0 0.0 0.0 0.0 0.0 0.0 0.0 0.0 0.0 0.0 0.0 0.0 0.0 0.0  
    0.0 0.0 0.0 0.0 0.0 0.0 0.0 0.0 0.0 0.0 0.0 0.0 0.0 0.0 0.0 0.0 0.0  
    0.0 
  TALPHA = 0.0 0.0 0.0 0.0 0.0 0.0 0.0 0.0 0.0 0.0 0.0 0.0 0.0 0.0 0.0  
    0.0 0.0 0.0 0.0 0.0 0.0 0.0 0.0 0.0 0.0 0.0 0.0 0.0 0.0 0.0 0.0 0.0  
    0.0 0.0 0.0 0.0 0.0 0.0 0.0 0.0 0.0 0.0 0.0 0.0 0.0 0.0 0.0 0.0 0.0  
    0.0 0.0 0.0 0.0 0.0 0.0 0.0 0.0 0.0 0.0 0.0 0.0 0.0 0.0 0.0 0.0 0.0  
    0.0 0.0 0.0 0.0 0.0 0.0 0.0 0.0 0.0 0.0 0.0 0.0 0.0 0.0 0.0 0.0 0.0  
    0.0 0.0 0.0 0.0 0.0 0.0 0.0 0.0 0.0 0.0 0.0 0.0 0.0 0.0 0.0 0.0 0.0  
    0.0 
  CHIE = 0.0 0.0 0.0 0.0 0.0 0.0 0.0 0.0 0.0 0.0 0.0 0.0 0.0 0.0 0.0  
    0.0 0.0 0.0 0.0 0.0 0.0 0.0 0.0 0.0 0.0 0.0 0.0 0.0 0.0 0.0 0.0 0.0  
    0.0 0.0 0.0 0.0 0.0 0.0 0.0 0.0 0.0 0.0 0.0 0.0 0.0 0.0 0.0 0.0 0.0  
    0.0 0.0 0.0 0.0 0.0 0.0 0.0 0.0 0.0 0.0 0.0 0.0 0.0 0.0 0.0 0.0 0.0  
    0.0 0.0 0.0 0.0 0.0 0.0 0.0 0.0 0.0 0.0 0.0 0.0 0.0 0.0 0.0 0.0 0.0  
    0.0 0.0 0.0 0.0 0.0 0.0 0.0 0.0 0.0 0.0 0.0 0.0 0.0 0.0 0.0 0.0 0.0  
    0.0 
  CHII = 0.0 0.0 0.0 0.0 0.0 0.0 0.0 0.0 0.0 0.0 0.0 0.0 0.0 0.0 0.0  
    0.0 0.0 0.0 0.0 0.0 0.0 0.0 0.0 0.0 0.0 0.0 0.0 0.0 0.0 0.0 0.0 0.0  
    0.0 0.0 0.0 0.0 0.0 0.0 0.0 0.0 0.0 0.0 0.0 0.0 0.0 0.0 0.0 0.0 0.0  
    0.0 0.0 0.0 0.0 0.0 0.0 0.0 0.0 0.0 0.0 0.0 0.0 0.0 0.0 0.0 0.0 0.0  
    0.0 0.0 0.0 0.0 0.0 0.0 0.0 0.0 0.0 0.0 0.0 0.0 0.0 0.0 0.0 0.0 0.0  
    0.0 0.0 0.0 0.0 0.0 0.0 0.0 0.0 0.0 0.0 0.0 0.0 0.0 0.0 0.0 0.0 0.0  
    0.0 
  P_EQ = 0.0 0.0 0.0 0.0 0.0 0.0 0.0 0.0 0.0 0.0 0.0 0.0 0.0 0.0 0.0  
    0.0 0.0 0.0 0.0 0.0 0.0 0.0 0.0 0.0 0.0 0.0 0.0 0.0 0.0 0.0 0.0 0.0  
    0.0 0.0 0.0 0.0 0.0 0.0 0.0 0.0 0.0 0.0 0.0 0.0 0.0 0.0 0.0 0.0 0.0  
    0.0 0.0 0.0 0.0 0.0 0.0 0.0 0.0 0.0 0.0 0.0 0.0 0.0 0.0 0.0 0.0 0.0  
    0.0 0.0 0.0 0.0 0.0 0.0 0.0 0.0 0.0 0.0 0.0 0.0 0.0 0.0 0.0 0.0 0.0  
    0.0 0.0 0.0 0.0 0.0 0.0 0.0 0.0 0.0 0.0 0.0 0.0 0.0 0.0 0.0 0.0 0.0  
    0.0 
  J_TOT = 3633802.9324424868 3633802.9324424868 3633251.953796434  
    3631765.143653211 3629502.155409902 3626473.6948300083  
    3622710.2892861096 3618233.225831165 3613054.794397705  
    3607181.2576774177 3600615.232623583 3593357.6430431968  
    3585408.761879269 3576768.6561178146 3567437.338756099  
    3557414.812043624 3546701.0769801955 3535296.133315959  
    3523199.980550874 3510412.6189349224 3496934.0487181563  
    3482764.26990051 3467903.282481923 3452351.086462424  
    3436107.681842088 3419173.0683708526 3401547.246048826  
    3383230.2151259785 3364221.9753522556 3344522.52672767  
    3324131.8695021407 3303050.0034258356 3281276.928498762  
    3258812.645220707 3235657.153341778 3211810.4523618543  
    3187272.5425312147 3162043.424349841 3136123.0978173646  
    3109511.562433855 3082208.8179498776 3054214.864615038  
    3025529.7026791493 2996153.3321426995 2966085.753005325  
    2935326.9650167506 2903876.9681774266 2871735.762737279  
    2838903.348445967 2805379.7253038594 2771164.8938111635  
    2736258.853718032 2700661.6045233915 2664373.1464778436  
    2627393.4798319843 2589722.604584947 2551360.5207371316  
    2512307.2282881304 2472562.7269880823 2432127.0168376346  
    2391000.098086231 2349181.970734003 2306672.6347813145  
    2263472.089977589 2219580.336322966 2174997.3738168958  
    2129723.2024593805 2083757.8225023164 2037101.2339441997  
    1989753.4367842998 1941714.4307746687 1892984.2159138657  
    1843562.7924519826 1793450.1603901417 1742646.3197270418  
    1691151.2702126813 1638965.0118468818 1586087.544880356  
    1532518.869063647 1478258.984396378 1423307.891128574  
    1367665.5892589889 1311332.0787886975 1254307.3594673574  
    1196591.4312946869 1138184.2945213134 1079085.9501475026  
    1019296.4131198678 958815.8257569635 897645.1626827662  
    835789.5193809717 773270.1209424593 710159.319078346  
    646663.1038044922 583277.1722427165 521017.1116772104  
    461684.73077101144 407934.82743983157 363219.53762805986  
    332356.60284785286 309864.3951559533 
  RHO = 0.0 0.01 0.02 0.03 0.04 0.05 0.06 0.07 0.08 0.09 0.1 0.11 0.12  
    0.13 0.14 0.15 0.16 0.17 0.18 0.19 0.2 0.21 0.22 0.23 0.24 0.25  
    0.26 0.27 0.28 0.29 0.3 0.31 0.32 0.33 0.34 0.35 0.36 0.37 0.38  
    0.39 0.4 0.41 0.42 0.43 0.44 0.45 0.46 0.47 0.48 0.49 0.5 0.51 0.52  
    0.53 0.54 0.55 0.56 0.57 0.58 0.59 0.6 0.61 0.62 0.63 0.64 0.65  
    0.66 0.67 0.68 0.69 0.7 0.71 0.72 0.73 0.74 0.75 0.76 0.77 0.78  
    0.79 0.8 0.81 0.82 0.83 0.84 0.85 0.86 0.87 0.88 0.89 0.9 0.91 0.92  
    0.93 0.94 0.95 0.96 0.97 0.98 0.99 1.0 
  MODEL_PROFILE_NE = 'ped' 
  MODEL_PROFILE_TE = 'ped' 
  MODEL_PROFILE_TI = 'ped' 
  MODEL_PROFILE_DENSITY_BEAM = 'parab' 
  MODEL_PROFILE_J_TOT = 'parab' 
  MODEL_PROFILE_OMEGA = 'parab' 
  MODEL_PROFILE_ZEFF = 'const' 
  MODEL_PROFILE_TBEAMI = 'const' 
  MODEL_PROFILE_DENSITY_ALPHA = 'zero' 
  MODEL_PROFILE_WALPHA = 'zero' 
  MODEL_PROFILE_WBEAM = 'derived' 
  J_TOT_AXIS = 1.0 
  J_TOT_SEP = 0.05 
  J_TOT_ALPHA = 2.0 
  J_TOT_BETA = 1.0 
  DENSITY_BEAM_AXIS = 0.0 
  DENSITY_BEAM_SEP = 0.0 
  DENSITY_BEAM_ALPHA = 1.5 
  DENSITY_BEAM_BETA = 1.5 
  TBEAMI_AXIS = 20.0 
  DENSITY_ION_0 = 10.546449671623163 10.54647031433585  
    10.54629408938328 10.545566125181715 10.543931240790517  
    10.541030776950219 10.536752767143973 10.531996868359919  
    10.527941188917232 10.52581328770109 10.52692699491736  
    10.532995789335109 10.544664205303096 10.561799571236053  
    10.584327273792862 10.612201780106638 10.644282426593392  
    10.679211806965439 10.716513615516817 10.755539226095207  
    10.795437392788376 10.835352477450153 10.875283761049193  
    10.91546358378584 10.956081982585046 10.997286488441983  
    11.039329408752032 11.08207338704419 11.125043301838131  
    11.167758366889133 11.20973585415468 11.248239464568835  
    11.281921117436546 11.312453335123623 11.341606593340984  
    11.371249784850711 11.40123269954012 11.42982910509215  
    11.456623108531108 11.481205548342356 11.503171332149758  
    11.522330336356562 11.538487942105139 11.5512315229232  
    11.5601471159608 11.564821143723117 11.564777474646167  
    11.559501753130478 11.54853051181178 11.531408895258705  
    11.507691007412372 11.476537426304091 11.437310827393965  
    11.389884106642562 11.334140563060089 11.269972184410962  
    11.19811605345212 11.119851028241003 11.03590050804419  
    10.947003337095374 10.853911194598673 10.757292824793552  
    10.657601426176665 10.555275609675945 10.450755871925384  
    10.344483602727433 10.236814869699609 10.127966634152688  
    10.018169575511111 9.907651260280133 9.796635971147463  
    9.685269594160447 9.573622174860658 9.461799085559875  
    9.349902268646197 9.23803032432724 9.12632200982674  
    9.014787415058114 8.90332614507208 8.79183333053435  
    8.680199934882321 8.56754047910183 8.453702740977548  
    8.339676714333406 8.226454882913448 8.115031874136973  
    8.012273377483037 7.9210261009539105 7.836244170639651  
    7.752865313894318 7.66581282616222 7.424113903025825  
    7.13444996843278 6.793979778200576 6.4076624670188105  
    5.99103056006369 5.5691919277403805 5.170767446040374  
    4.8195841786072044 4.529030888187833 4.3013792440578555 
  DENSITY_ION_1 = 10.546449671623163 10.54647031433585  
    10.54629408938328 10.545566125181715 10.543931240790517  
    10.541030776950219 10.536752767143973 10.531996868359919  
    10.527941188917232 10.52581328770109 10.52692699491736  
    10.532995789335109 10.544664205303096 10.561799571236053  
    10.584327273792862 10.612201780106638 10.644282426593392  
    10.679211806965439 10.716513615516817 10.755539226095207  
    10.795437392788376 10.835352477450153 10.875283761049193  
    10.91546358378584 10.956081982585046 10.997286488441983  
    11.039329408752032 11.08207338704419 11.125043301838131  
    11.167758366889133 11.20973585415468 11.248239464568835  
    11.281921117436546 11.312453335123623 11.341606593340984  
    11.371249784850711 11.40123269954012 11.42982910509215  
    11.456623108531108 11.481205548342356 11.503171332149758  
    11.522330336356562 11.538487942105139 11.5512315229232  
    11.5601471159608 11.564821143723117 11.564777474646167  
    11.559501753130478 11.54853051181178 11.531408895258705  
    11.507691007412372 11.476537426304091 11.437310827393965  
    11.389884106642562 11.334140563060089 11.269972184410962  
    11.19811605345212 11.119851028241003 11.03590050804419  
    10.947003337095374 10.853911194598673 10.757292824793552  
    10.657601426176665 10.555275609675945 10.450755871925384  
    10.344483602727433 10.236814869699609 10.127966634152688  
    10.018169575511111 9.907651260280133 9.796635971147463  
    9.685269594160447 9.573622174860658 9.461799085559875  
    9.349902268646197 9.23803032432724 9.12632200982674  
    9.014787415058114 8.90332614507208 8.79183333053435  
    8.680199934882321 8.56754047910183 8.453702740977548  
    8.339676714333406 8.226454882913448 8.115031874136973  
    8.012273377483037 7.9210261009539105 7.836244170639651  
    7.752865313894318 7.66581282616222 7.424113903025825  
    7.13444996843278 6.793979778200576 6.4076624670188105  
    5.99103056006369 5.5691919277403805 5.170767446040374  
    4.8195841786072044 4.529030888187833 4.3013792440578555 
  DENSITY_IMP_0 = 0.0004371643091859912 0.00043714020250776536  
    0.00043706789044872395 0.0004369473969313775 0.000436778761811921  
    0.00043656204085826305 0.0004362973057192885 0.0004359846438853816  
    0.00043562415864023736 0.00043521596900399984  
    0.00043476020966777025 0.0004342570309195364 0.0004337065985615797  
    0.00043310909381942287 0.0004324647132423896 0.0004317736685958519  
    0.00043103618674524734 0.00043025250953195607  
    0.00042942289364113174 0.0004285476104615883 0.00042762694593784933  
    0.0004266612004144726 0.00042565068847276883 0.0004245957387600387  
    0.00042349669381145863 0.00042235390986474874 0.0004211677566677653  
    0.0004199386172791617 0.00041866688786226943 0.0004173529774723528  
    0.0004159973078373997 0.00041453401189296484 0.0004129506730966264  
    0.0004113278983292614 0.0004097462944717472 0.0004082864684049606  
    0.0004069428767098981 0.0004056418679013357 0.00040436188676082053  
    0.0004030813780698993 0.0004017787866101189 0.0004004338862254968  
    0.00039903381328750177 0.0003975680563688579 0.000396026104042289  
    0.00039439744488051925 0.0003926767166038274 0.00039085614618708834  
    0.00038892160608492067 0.00038685896875194267 0.0003846541066427729  
    0.00038227633070045896 0.00037970137329633176  
    0.00037692473902743506 0.00037394193249081235  
    0.00037074845828350723 0.00036736889935579315  
    0.00036384575027102604 0.00036020138304587306 0.0003564581696970015  
    0.00035263848224107884 0.00034876150547426027 0.0003448391969745368  
    0.0003408830879313288 0.0003369047095340567 0.0003329155929721408  
    0.00032892459775011354 0.00032493611849801013  
    0.00032095498909350564 0.00031698604341427527  
    0.00031303411533799405 0.0003091015567226658 0.0003051884838104032  
    0.00030129637705504495 0.00029742671691042967  
    0.00029358098383039583 0.00028976216269956855 0.0002859691293414292  
    0.00028219720061810046 0.0002784416933917054 0.0002746979245243667  
    0.0002709364032810197 0.000267151284742703 0.0002633733544956949  
    0.00025963339812627343 0.0002559622012207168 0.000252576195186645  
    0.00024956437691751063 0.00024676638022834045 0.0002440218389341613  
    0.00024117038685000003 0.00023325014490000002 0.00022385562405  
    0.00021292441095000002 0.00020063870909999988  
    0.00018749261879999983 0.00017425091505 0.00016177493145  
    0.00015078640815 0.000141696051555 0.00013457370222 
  DENSITY_IMP_1 = 0.0 0.0 0.0 0.0 0.0 0.0 0.0 0.0 0.0 0.0 0.0 0.0 0.0  
    0.0 0.0 0.0 0.0 0.0 0.0 0.0 0.0 0.0 0.0 0.0 0.0 0.0 0.0 0.0 0.0 0.0  
    0.0 0.0 0.0 0.0 0.0 0.0 0.0 0.0 0.0 0.0 0.0 0.0 0.0 0.0 0.0 0.0 0.0  
    0.0 0.0 0.0 0.0 0.0 0.0 0.0 0.0 0.0 0.0 0.0 0.0 0.0 0.0 0.0 0.0 0.0  
    0.0 0.0 0.0 0.0 0.0 0.0 0.0 0.0 0.0 0.0 0.0 0.0 0.0 0.0 0.0 0.0 0.0  
    0.0 0.0 0.0 0.0 0.0 0.0 0.0 0.0 0.0 0.0 0.0 0.0 0.0 0.0 0.0 0.0 0.0  
    0.0 0.0 0.0 
  DENSITY_IMP_2 = 0.5828857455813216 0.5828536033436871  
    0.5827571872649653 0.5825965292418366 0.5823716824158947  
    0.5820827211443507 0.5817297409590514 0.5813128585138422  
    0.5808322115203165 0.5802879586719998 0.5796802795570271  
    0.579009374559382 0.578275464748773 0.5774787917592304  
    0.5766196176565195 0.5756982247944692 0.5747149156603298  
    0.5736700127092748 0.5725638581881757 0.5713968139487844  
    0.5701692612504657 0.5688816005526302 0.5675342512970251  
    0.5661276516800516 0.5646622584152782 0.5631385464863317  
    0.5615570088903538 0.5599181563722156 0.5582225171496925  
    0.5564706366298038 0.554663077116533 0.5527120158572865  
    0.5506008974621684 0.5484371977723486 0.5463283926289962  
    0.5443819578732808 0.542590502279864 0.5408558238684475  
    0.5391491823477607 0.5374418374265324 0.5357050488134918  
    0.5339118483006624 0.5320450843833358 0.5300907418251438  
    0.5280348053897187 0.5258632598406924 0.5235689554717698  
    0.5211415282494511 0.5185621414465609 0.5158119583359235  
    0.5128721421903639 0.5097017742672786 0.5062684977284423  
    0.5025663187032468 0.4985892433210832 0.49433127771134294  
    0.48982519914105754 0.48512766702803467 0.4802685107278308  
    0.475277559596002 0.4701846429881051 0.465015340632347  
    0.45978559596604907 0.4545107839084384 0.44920627937874225  
    0.4438874572961878 0.43856613033348474 0.4332481579973469  
    0.42793998545800754 0.42264805788570037 0.41737882045065877  
    0.4121354089635544 0.40691797841387095 0.40172850274005995  
    0.3965689558805729 0.3914413117738611 0.3863495502660914  
    0.3812921724552389 0.3762629341574673 0.3712555911889405  
    0.36626389936582227 0.36124853770802623 0.3562017129902707  
    0.3511644726609266 0.3461778641683646 0.34128293496095574  
    0.33676826024886003 0.3327525025566808 0.3290218403044539  
    0.325362451912215 0.32156051580000006 0.3110001932 0.2984741654  
    0.2838992146 0.26751827879999984 0.24999015839999977 0.2323345534  
    0.21569990860000002 0.20104854419999998 0.18892806874 0.17943160296 
  DENSITY_IMP_3 = 3.4266331428886727 3.4258419784198537  
    3.423706893029284 3.4205835229359023 3.4168283230039136  
    3.412801735002442 3.408618015561645 3.403380304148534  
    3.395913793700674 3.384994729573754 3.3693135866935786  
    3.347161689946035 3.3178998045206756 3.2816663945141595  
    3.238542355573638 3.1885799892225775 3.132927210344948  
    3.0729491552044723 3.0091303339346758 2.9421280470885396  
    2.8728026802231015 2.8020194713976347 2.729789194605918  
    2.655890014201276 2.580142841710606 2.5024115325649814  
    2.422455597619751 2.3404246370496558 2.2568064349035857  
    2.1720948520596797 2.0867860962521267 2.0015111575660005  
    1.9172212467509206 1.8348202791745596 1.7551142168594693  
    1.6788106047770424 1.6058824687383506 1.5357019186382428  
    1.467995878004999 1.4024845389058322 1.33888402426947  
    1.2767379690689908 1.2158298320032792 1.1562362627946048  
    1.098035247542881 1.0413043869929204 0.986348418161966  
    0.9334332474474255 0.8825707834805376 0.8337643229596379  
    0.7870082032105769 0.742160931874677 0.6990841672766863  
    0.6577613268913451 0.6181654251437476 0.5802607877047782  
    0.5440960766570959 0.509750687671801 0.47721629825105133  
    0.4464691409298855 0.41747261327292784 0.39017117468022855  
    0.36449382672045555 0.3403705298731181 0.3177293589116681  
    0.296497495441103 0.276602048187271 0.2579665213992095  
    0.24051474088461214 0.22417364537034756 0.2088734574008409  
    0.19454346336612025 0.1811173331712599 0.16853701425052936  
    0.15674788396186645 0.14569866184370173 0.1353459965395708  
    0.12564386608198458 0.11654297828426519 0.10799851534472861  
    0.09996982669001238 0.09239977896940257 0.08525377325347006  
    0.0785258154124918 0.0722074213966295 0.06628796348079834  
    0.06081954926769778 0.05580007846048207 0.051149640598794864  
    0.046804723958279365 0.04271624872433052 0.031260478412874715  
    0.020647343077370355 0.011723168994273257 0.005352591944485602  
    0.0017960146407046585 0.00039007000276904716 4.468789597596691e-05  
    1.7850912454634763e-06 7.66463248531013e-09 3.3910390340018493e-15 
  DENSITY_TH = 25.102855396025507 25.102073350637745 25.099489326951257  
    25.0947492499381 25.087499265762652 25.077382572088087  
    25.064289588114363 25.0491228840261 25.033064007214097  
    25.01734447961694 25.003282616294996 24.992596900206557  
    24.985937386474202 24.983177437839316 24.984248985529124  
    24.989113547898917 24.99663801537881 25.005473034354157  
    25.015150846050126 25.025031860838197 25.03427435399626  
    25.042032688050984 25.048316618689803 25.05336942919177  
    25.05739256198979 25.060545409845144 25.063092591770836  
    25.06490950612753 25.0655342226174 25.064499575445222  
    25.061336878985855 25.051116636572846 25.03207732975928  
    25.008575475092485 24.985065542464906 24.96610041882015  
    24.951345312975164 24.93662159455889 24.920795639301737  
    24.902740554395145 24.881333516169086 24.855710923969  
    24.82524983441018 24.789187618522515 24.746760310958244  
    24.697204331724727 24.639864999642676 24.57396913810402  
    24.498582870156746 24.412780930781725 24.315647014332328  
    24.205319835080836 24.080354021166357 23.940472783618745  
    23.785409736517497 23.614907182696328 23.430520751601748  
    23.234944256932113 23.02964602645031 22.816109832886333  
    22.59583228394062 22.370120926405157 22.13982711423681  
    21.905773416221383 21.668784286850713 21.429685073785127  
    21.189126842517723 20.94747288382043 20.705114832353935  
    20.46244120985973 20.219837254261762 19.97752716220729  
    19.735584849790257 19.494164984487394 19.25341880385174  
    19.013494203255874 18.77462932862184 18.53679683778279  
    18.29974039978651 18.063199209295764 17.826908293745003  
    17.589000211284368 17.349128119483577 17.109307090094724  
    16.871554684790016 16.63789060891692 16.42238714067782  
    16.2308543473019 16.052906588562777 15.878141825498066  
    15.696143587235621 15.190721727809425 14.58824530096698  
    13.883794864406376 13.088396443491204 12.234034785786884  
    11.37128272979858 10.557441263508174 9.840369472913805  
    9.247131548831854 8.782324664777933 
  NI = 21.092899343246327 21.0929406286717 21.09258817876656  
    21.09113225036343 21.087862481581034 21.082061553900438  
    21.073505534287946 21.063993736719837 21.055882377834465  
    21.05162657540218 21.05385398983472 21.065991578670218  
    21.089328410606193 21.123599142472106 21.168654547585724  
    21.224403560213275 21.288564853186784 21.358423613930878  
    21.433027231033634 21.511078452190414 21.59087478557675  
    21.670704954900305 21.750567522098386 21.83092716757168  
    21.91216396517009 21.994572976883966 22.078658817504063  
    22.16414677408838 22.250086603676262 22.335516733778267  
    22.41947170830936 22.49647892913767 22.563842234873093  
    22.624906670247245 22.683213186681968 22.742499569701423  
    22.80246539908024 22.8596582101843 22.913246217062216  
    22.96241109668471 23.006342664299517 23.044660672713125  
    23.076975884210277 23.1024630458464 23.1202942319216  
    23.129642287446234 23.129554949292334 23.119003506260956  
    23.09706102362356 23.06281779051741 23.015382014824745  
    22.953074852608182 22.87462165478793 22.779768213285124  
    22.668281126120178 22.539944368821924 22.39623210690424  
    22.239702056482006 22.07180101608838 21.89400667419075  
    21.707822389197347 21.514585649587104 21.31520285235333  
    21.11055121935189 20.90151174385077 20.688967205454865  
    20.473629739399218 20.255933268305377 20.036339151022222  
    19.815302520560266 19.593271942294926 19.370539188320894  
    19.147244349721316 18.92359817111975 18.699804537292394  
    18.47606064865448 18.25264401965348 18.02957483011623  
    17.80665229014416 17.5836666610687 17.360399869764642  
    17.13508095820366 16.907405481955095 16.67935342866681  
    16.452909765826895 16.230063748273945 16.024546754966075  
    15.842052201907821 15.672488341279301 15.505730627788637  
    15.33162565232444 14.84822780605165 14.26889993686556  
    13.587959556401152 12.815324934037621 11.98206112012738  
    11.138383855480761 10.341534892080748 9.639168357214409  
    9.058061776375666 8.602758488115711 
  NZ = 4.00995605277918 4.009132721966049 4.006901148184698  
    4.00361699957467 3.9996367841816203 3.995321018187651  
    3.990784053826416 3.985129147306262 3.9771816293796305  
    3.965717904214758 3.9494286264602736 3.926605321536336  
    3.89660897586801 3.8595782953672093 3.8155944379433997  
    3.7647099876856425 3.708073162192023 3.6470494204232793  
    3.5821236150164926 3.5139534086477857 3.443399568419505  
    3.3713277331506792 3.297749096591416 3.222442261620088  
    3.145228596819696 3.065972432961178 2.9844337742667726  
    2.9007627320391505 2.8154476189411404 2.728982841666956  
    2.641865170676497 2.55463770743518 2.468235094886186  
    2.3836688048452377 2.3018523557829376 2.223600849118728  
    2.1488799138949246 2.076963384374592 2.0075494222395207  
    1.9403294577104346 1.8749908518695717 1.8110502512558786  
    1.7482739501999025 1.6867245726761175 1.6264660790366419  
    1.5675620442784934 1.5103100503503395 1.4549656318430637  
    1.4015218465331833 1.3499631402643133 1.3002649995075837  
    1.252244982472656 1.205732366378425 1.1607045703336194  
    1.1171286103973217 1.0749628138744045 1.0342886446975093  
    0.9952422004501067 0.957845010361928 0.9221031586955845  
    0.888009894743274 0.8555352768180498 0.8246242618834791  
    0.7952221968694879 0.7672725429999444 0.7407178683302629  
    0.7154971031185059 0.6915396155150544 0.6687756813317132  
    0.6471386892994622 0.6265653119668377 0.6069879738863972  
    0.5883405000689412 0.5705668133676444 0.5536142665593498  
    0.5374335546013933 0.5219853089683617 0.5072220076665649  
    0.4930881096423506 0.4795325482270608 0.466508423980359  
    0.4539192530807098 0.44172263752848345 0.42995366142791414  
    0.4186449189631204 0.4078268606429748 0.39784038571174446  
    0.3888021453940804 0.3804182472834771 0.37241119770942854  
    0.36451793491118056 0.3424939217577747 0.31934536410142034  
    0.2958353080052233 0.27307150945358544 0.25197366565950446  
    0.23289887431781905 0.215906371427426 0.20120111569939544  
    0.1890697724561875 0.17956617666222338 
  DENSITY_HE = 3.4266331428886727 3.4258419784198537 3.423706893029284  
    3.4205835229359023 3.4168283230039136 3.412801735002442  
    3.408618015561645 3.403380304148534 3.395913793700674  
    3.384994729573754 3.3693135866935786 3.347161689946035  
    3.3178998045206756 3.2816663945141595 3.238542355573638  
    3.1885799892225775 3.132927210344948 3.0729491552044723  
    3.0091303339346758 2.9421280470885396 2.8728026802231015  
    2.8020194713976347 2.729789194605918 2.655890014201276  
    2.580142841710606 2.5024115325649814 2.422455597619751  
    2.3404246370496558 2.2568064349035857 2.1720948520596797  
    2.0867860962521267 2.0015111575660005 1.9172212467509206  
    1.8348202791745596 1.7551142168594693 1.6788106047770424  
    1.6058824687383506 1.5357019186382428 1.467995878004999  
    1.4024845389058322 1.33888402426947 1.2767379690689908  
    1.2158298320032792 1.1562362627946048 1.098035247542881  
    1.0413043869929204 0.986348418161966 0.9334332474474255  
    0.8825707834805376 0.8337643229596379 0.7870082032105769  
    0.742160931874677 0.6990841672766863 0.6577613268913451  
    0.6181654251437476 0.5802607877047782 0.5440960766570959  
    0.509750687671801 0.47721629825105133 0.4464691409298855  
    0.41747261327292784 0.39017117468022855 0.36449382672045555  
    0.3403705298731181 0.3177293589116681 0.296497495441103  
    0.276602048187271 0.2579665213992095 0.24051474088461214  
    0.22417364537034756 0.2088734574008409 0.19454346336612025  
    0.1811173331712599 0.16853701425052936 0.15674788396186645  
    0.14569866184370173 0.1353459965395708 0.12564386608198458  
    0.11654297828426519 0.10799851534472861 0.09996982669001238  
    0.09239977896940257 0.08525377325347006 0.0785258154124918  
    0.0722074213966295 0.06628796348079834 0.06081954926769778  
    0.05580007846048207 0.051149640598794864 0.046804723958279365  
    0.04271624872433052 0.031260478412874715 0.020647343077370355  
    0.011723168994273257 0.005352591944485602 0.0017960146407046585  
    0.00039007000276904716 4.468789597596691e-05 1.7850912454634763e-06  
    7.66463248531013e-09 3.3910390340018493e-15 
  _NZ_0 = 0.0004371643091859912 0.00043714020250776536  
    0.00043706789044872395 0.0004369473969313775 0.000436778761811921  
    0.00043656204085826305 0.0004362973057192885 0.0004359846438853816  
    0.00043562415864023736 0.00043521596900399984  
    0.00043476020966777025 0.0004342570309195364 0.0004337065985615797  
    0.00043310909381942287 0.0004324647132423896 0.0004317736685958519  
    0.00043103618674524734 0.00043025250953195607  
    0.00042942289364113174 0.0004285476104615883 0.00042762694593784933  
    0.0004266612004144726 0.00042565068847276883 0.0004245957387600387  
    0.00042349669381145863 0.00042235390986474874 0.0004211677566677653  
    0.0004199386172791617 0.00041866688786226943 0.0004173529774723528  
    0.0004159973078373997 0.00041453401189296484 0.0004129506730966264  
    0.0004113278983292614 0.0004097462944717472 0.0004082864684049606  
    0.0004069428767098981 0.0004056418679013357 0.00040436188676082053  
    0.0004030813780698993 0.0004017787866101189 0.0004004338862254968  
    0.00039903381328750177 0.0003975680563688579 0.000396026104042289  
    0.00039439744488051925 0.0003926767166038274 0.00039085614618708834  
    0.00038892160608492067 0.00038685896875194267 0.0003846541066427729  
    0.00038227633070045896 0.00037970137329633176  
    0.00037692473902743506 0.00037394193249081235  
    0.00037074845828350723 0.00036736889935579315  
    0.00036384575027102604 0.00036020138304587306 0.0003564581696970015  
    0.00035263848224107884 0.00034876150547426027 0.0003448391969745368  
    0.0003408830879313288 0.0003369047095340567 0.0003329155929721408  
    0.00032892459775011354 0.00032493611849801013  
    0.00032095498909350564 0.00031698604341427527  
    0.00031303411533799405 0.0003091015567226658 0.0003051884838104032  
    0.00030129637705504495 0.00029742671691042967  
    0.00029358098383039583 0.00028976216269956855 0.0002859691293414292  
    0.00028219720061810046 0.0002784416933917054 0.0002746979245243667  
    0.0002709364032810197 0.000267151284742703 0.0002633733544956949  
    0.00025963339812627343 0.0002559622012207168 0.000252576195186645  
    0.00024956437691751063 0.00024676638022834045 0.0002440218389341613  
    0.00024117038685000003 0.00023325014490000002 0.00022385562405  
    0.00021292441095000002 0.00020063870909999988  
    0.00018749261879999983 0.00017425091505 0.00016177493145  
    0.00015078640815 0.000141696051555 0.00013457370222 
  _NZ_1 = 0.0 0.0 0.0 0.0 0.0 0.0 0.0 0.0 0.0 0.0 0.0 0.0 0.0 0.0 0.0  
    0.0 0.0 0.0 0.0 0.0 0.0 0.0 0.0 0.0 0.0 0.0 0.0 0.0 0.0 0.0 0.0 0.0  
    0.0 0.0 0.0 0.0 0.0 0.0 0.0 0.0 0.0 0.0 0.0 0.0 0.0 0.0 0.0 0.0 0.0  
    0.0 0.0 0.0 0.0 0.0 0.0 0.0 0.0 0.0 0.0 0.0 0.0 0.0 0.0 0.0 0.0 0.0  
    0.0 0.0 0.0 0.0 0.0 0.0 0.0 0.0 0.0 0.0 0.0 0.0 0.0 0.0 0.0 0.0 0.0  
    0.0 0.0 0.0 0.0 0.0 0.0 0.0 0.0 0.0 0.0 0.0 0.0 0.0 0.0 0.0 0.0 0.0  
    0.0 
  _NZ_2 = 0.5828857455813216 0.5828536033436871 0.5827571872649653  
    0.5825965292418366 0.5823716824158947 0.5820827211443507  
    0.5817297409590514 0.5813128585138422 0.5808322115203165  
    0.5802879586719998 0.5796802795570271 0.579009374559382  
    0.578275464748773 0.5774787917592304 0.5766196176565195  
    0.5756982247944692 0.5747149156603298 0.5736700127092748  
    0.5725638581881757 0.5713968139487844 0.5701692612504657  
    0.5688816005526302 0.5675342512970251 0.5661276516800516  
    0.5646622584152782 0.5631385464863317 0.5615570088903538  
    0.5599181563722156 0.5582225171496925 0.5564706366298038  
    0.554663077116533 0.5527120158572865 0.5506008974621684  
    0.5484371977723486 0.5463283926289962 0.5443819578732808  
    0.542590502279864 0.5408558238684475 0.5391491823477607  
    0.5374418374265324 0.5357050488134918 0.5339118483006624  
    0.5320450843833358 0.5300907418251438 0.5280348053897187  
    0.5258632598406924 0.5235689554717698 0.5211415282494511  
    0.5185621414465609 0.5158119583359235 0.5128721421903639  
    0.5097017742672786 0.5062684977284423 0.5025663187032468  
    0.4985892433210832 0.49433127771134294 0.48982519914105754  
    0.48512766702803467 0.4802685107278308 0.475277559596002  
    0.4701846429881051 0.465015340632347 0.45978559596604907  
    0.4545107839084384 0.44920627937874225 0.4438874572961878  
    0.43856613033348474 0.4332481579973469 0.42793998545800754  
    0.42264805788570037 0.41737882045065877 0.4121354089635544  
    0.40691797841387095 0.40172850274005995 0.3965689558805729  
    0.3914413117738611 0.3863495502660914 0.3812921724552389  
    0.3762629341574673 0.3712555911889405 0.36626389936582227  
    0.36124853770802623 0.3562017129902707 0.3511644726609266  
    0.3461778641683646 0.34128293496095574 0.33676826024886003  
    0.3327525025566808 0.3290218403044539 0.325362451912215  
    0.32156051580000006 0.3110001932 0.2984741654 0.2838992146  
    0.26751827879999984 0.24999015839999977 0.2323345534  
    0.21569990860000002 0.20104854419999998 0.18892806874 0.17943160296 
  PNBE = 0.0 
  PNBI = 0.0 
  PRFE = 5.228487691544544 
  PRFI = 24.780922997249867 
  PFUSE = 70.46404523438673 
  PFUSI = 23.94268174775817 
  PEI = -5.653587476605547 
  PRAD = -23.98646451101508 
  AREA = 243.2643859 
/










