 21-Jul-26 07/09/2014
     1               1
  0.400000000E+01
*   4.000             1               0 MAR   3   2 CLC    40   41
  0.000000000E+00 0.170000000E+03 0.200000000E+01 0.679320679E+06
  0.679320679E+06 0.172224348E+03 0.743892628E+00 0.414551177E+02
  0.135073324E+01-0.370747991E+00-0.306672669E+00 0.781018687E+07
  0.177146248E+03 0.182975473E+01 0.234365127E+01 0.128251382E+01
  0.651188044E+00 0.859974963E+00 0.100000000E+11 0.104963609E+02
  0.100000000E+11 0.100000000E+11 0.203162868E+01-0.121643329E+01
  0.771249261E+02 0.108414228E+03 0.538217055E+02
  0.000000000E+00 0.000000000E+00 0.000000000E+00
  0.827309147E+02 0.797686033E+02
  0.000000000E+00 0.000000000E+00
  0.166150515E+01 0.277052571E+00 0.204514730E+01 0.113960594E+01
  0.767836612E+00 0.222696693E+01-0.500000000E+02-0.500000000E+02
 -0.500000000E+02 0.301818234E+00 0.710758063E+04 0.232993388E+06
  0.926744972E-04 0.130454464E+01 0.954872510E+00 0.503253971E-02
  0.128272457E+01 0.173237458E+03 0.000000000E+00 0.000000000E+00
 -0.999000000E+03-0.999000000E+03-0.999000000E+03-0.999000000E+03
 -0.100000000E+03-0.500000000E+02 0.192389113E+01 0.190713577E+01
  0.908036113E+01 0.396133329E+02 0.100000000E+03 0.104963609E+02
  0.178277816E+03 0.210544638E+01 0.465374575E+00 0.000000000E+00
  0.101172241E+01 0.199258569E+01 0.361991646E+06 0.000000000E+00
  0.000000000E+00 0.000000000E+00 0.909891117E+00 0.100000000E+02
    44   60   18    6
  0.176669586E+00 0.141750429E+00 0.192174251E+00 0.153701904E+00
  0.652536387E-01-0.258658593E-01 0.546803870E+00-0.763639565E-01
 -0.489196345E+00 0.244003201E+00 0.147146352E+00 0.245539734E-01
 -0.396672997E-01-0.736465164E-01-0.925813014E-01 0.561765150E+00
 -0.875459056E-01-0.238209598E-01 0.217959512E+00 0.160036220E+00
  0.169058803E+00 0.170868838E+00 0.101486895E+00 0.176213844E-01
 -0.349203436E+00 0.403814433E+00 0.433703059E+00 0.207431635E-01
  0.730043616E-01 0.204473541E+00 0.884389179E-01-0.610391065E-02
 -0.479837290E-01-0.673783861E-01 0.956841106E-01 0.481164871E+00
  0.471069813E+00-0.508661791E-01 0.211522226E-01-0.368083852E-01
 -0.110282341E-01 0.115387904E-01 0.565512469E-01 0.119365667E+00
  0.107721613E+00 0.237035466E+00 0.224238611E+00-0.166487987E+00
 -0.268507854E+00-0.401313731E-01 0.302149071E+00 0.657186497E+00
  0.302732739E+00-0.159959590E+00-0.338255970E+00-0.878811492E-01
  0.240126944E+00 0.325915538E+00 0.258030041E+00-0.358947932E-01
  0.112713581E+00 0.236640693E+00 0.168320531E+00 0.201916038E+00
  0.226212129E+00 0.219238888E+00 0.296153160E+00-0.103655471E+00
 -0.319357932E+00-0.293968443E+00-0.631704087E-01 0.303785711E+00
  0.363859459E+00 0.280649918E+00 0.406797146E+00 0.787293009E+00
  0.315408101E+00 0.437785032E-01-0.197145778E+00-0.273449349E+00
 -0.694193920E-01 0.917700893E-01 0.324546432E+00 0.255725060E+00
  0.365793751E+00 0.108946757E+00-0.618255949E-01-0.255950826E+00
 -0.311637445E+00-0.104296145E+00 0.292116704E+00 0.220810821E+00
  0.225182119E+00 0.202146203E+00 0.165232008E+00 0.233860773E+00
  0.114712388E+00-0.323988076E-01 0.110402058E+00 0.236897303E+00
  0.226551118E+00-0.151936362E+00-0.273904169E+00-0.379367318E-01
  0.287214800E+05-0.434546639E+05 0.264677565E+06 0.249308599E+06
  0.104670253E+06-0.319851369E+06 0.628090252E+06-0.504797097E+05
 -0.795573231E+06 0.337032737E+06 0.934852258E+05-0.104662101E+06
 -0.110438573E+06-0.106274385E+06-0.418020990E+06 0.575602142E+06
 -0.134512440E+06-0.171006619E+06
  0.000000000E+00 0.000000000E+00 0.000000000E+00 0.000000000E+00
  0.000000000E+00 0.000000000E+00
  0.000000000E+00 0.000000000E+00 0.000000000E+00 0.000000000E+00
  0.000000000E+00 0.000000000E+00 0.000000000E+00 0.000000000E+00
  0.000000000E+00 0.000000000E+00 0.559454453E+02 0.000000000E+00
  0.245004197E+00 0.960901923E+00 0.400000006E+02-0.151369924E+00
 -0.118604753E+01 0.000000000E+00 0.999000000E+03 0.193186861E+01
 -0.100000000E+02 0.954872510E+00 0.000000000E+00 0.614471954E-01
 -0.100000000E+02 0.000000000E+00 0.221974376E+01 0.000000000E+00
  0.153916832E+00 0.279037147E+01 0.130769231E+01 0.213464403E+01
  0.339523626E+02 0.362992117E+01-0.890000000E+02-0.890000000E+02
 -0.890000000E+02-0.890000000E+02-0.890000000E+02-0.890000000E+02
 -0.890000000E+02-0.890000000E+02-0.890000000E+02-0.890000000E+02
 -0.890000000E+02-0.890000000E+02-0.890000000E+02-0.890000000E+02
 -0.890000000E+02 0.000000000E+00 0.699526869E+00 0.940393853E+00
  0.141765715E+03 0.186265625E+03 0.000000000E+00 0.821556839E+00
  0.100000000E+01 0.000000000E+00 0.000000000E+00 0.000000000E+00
                                            EQG
