&IN1
  ICONVR = 3 
  MXITER = -1 
  NXITER = 51 
  ERROR = 0.0001 
  RELAX = 0.5 
  IOUT = 4 
  ICURRT = 2 
  KPPFNC = 6 
  KPPCUR = 3 
  KFFFNC = 6 
  KFFCUR = 3 
  ISHOT = 1 
  ITIME = 1 
  ITIMEU = 0 
  ITEK = 0 
  ITRACE = 1 
  PLASMA = 10000000.0 
  BTOR = 11.0 
  RCENTR = 4.55 
  RZERO = 4.55 
  LIMITR = 5 
  XLIM = 6.0 3.5 3.5 6.0 6.0 
  YLIM = 1.93 1.93 -1.93 -1.93 1.93 
  NBDRY = 15 
  RBDRY = 5.75 5.717889612279765 5.599231274196216 5.333894952548324  
    4.862048988436734 4.215741544340384 3.606248672667517  
    3.3499999999999996 3.606248672667517 4.215741544340384  
    4.862048988436735 5.333894952548324 5.599231274196216  
    5.717889612279765 5.75 
  ZBDRY = 0.0 0.7289246817174976 1.3134768905462901 1.6378788924654637  
    1.6378788924654637 1.3134768905462901 0.7289246817174978  
    2.0574066225675533e-16 -0.7289246817174975 -1.31347689054629  
    -1.6378788924654637 -1.6378788924654637 -1.3134768905462901  
    -0.728924681717498 0.0 
  IERCHK = 0 
  NEXTRA = 0 
  SCRAPE = 0.01 
  PSIBRY = 0.0 
  CFCOIL = -10.0 
  ENP = 1.0 
  EMP = 1.0 
  FCURBD = 0 
  PCURBD = 0 
  FCZERO = 1.0 1.0 1.0 1.0 1.0 1.0 1.0 1.0 1.0 1.0 1.0 1.0 1.0 1.0 1.0  
    1.0 
  FCSUM = 1.0 1.0 1.0 1.0 1.0 1.0 1.0 1.0 1.0 1.0 1.0 1.0 1.0 1.0 1.0  
    1.0 
  IFREF = 2 
  PRBDRY = 5834.435833360928 
  KBETAPR = 1 
  FWTBDRY = 1.0 1.0 1.0 1.0 1.0 1.0 1.0 1.0 1.0 1.0 1.0 1.0 1.0 1.0 1.0 
  FWTBDRY(2) = 10.0 
  FWTBDRY(3) = 10.0 
  FWTBDRY(4) = 10.0 
  FWTBDRY(5) = 10.0 
  FWTBDRY(9) = 10.0 
  FWTBDRY(10) = 10.0 
  FWTBDRY(11) = 10.0 
  FWTBDRY(12) = 10.0 
/

&PROFILE_EXT
  NPSI_EXT = 257 
  PSIN_EXT = 0.0 0.00390625 0.0078125 0.01171875 0.015625 0.01953125  
    0.0234375 0.02734375 0.03125 0.03515625 0.0390625 0.04296875  
    0.046875 0.05078125 0.0546875 0.05859375 0.0625 0.06640625  
    0.0703125 0.07421875 0.078125 0.08203125 0.0859375 0.08984375  
    0.09375 0.09765625 0.1015625 0.10546875 0.109375 0.11328125  
    0.1171875 0.12109375 0.125 0.12890625 0.1328125 0.13671875 0.140625  
    0.14453125 0.1484375 0.15234375 0.15625 0.16015625 0.1640625  
    0.16796875 0.171875 0.17578125 0.1796875 0.18359375 0.1875  
    0.19140625 0.1953125 0.19921875 0.203125 0.20703125 0.2109375  
    0.21484375 0.21875 0.22265625 0.2265625 0.23046875 0.234375  
    0.23828125 0.2421875 0.24609375 0.25 0.25390625 0.2578125  
    0.26171875 0.265625 0.26953125 0.2734375 0.27734375 0.28125  
    0.28515625 0.2890625 0.29296875 0.296875 0.30078125 0.3046875  
    0.30859375 0.3125 0.31640625 0.3203125 0.32421875 0.328125  
    0.33203125 0.3359375 0.33984375 0.34375 0.34765625 0.3515625  
    0.35546875 0.359375 0.36328125 0.3671875 0.37109375 0.375  
    0.37890625 0.3828125 0.38671875 0.390625 0.39453125 0.3984375  
    0.40234375 0.40625 0.41015625 0.4140625 0.41796875 0.421875  
    0.42578125 0.4296875 0.43359375 0.4375 0.44140625 0.4453125  
    0.44921875 0.453125 0.45703125 0.4609375 0.46484375 0.46875  
    0.47265625 0.4765625 0.48046875 0.484375 0.48828125 0.4921875  
    0.49609375 0.5 0.50390625 0.5078125 0.51171875 0.515625 0.51953125  
    0.5234375 0.52734375 0.53125 0.53515625 0.5390625 0.54296875  
    0.546875 0.55078125 0.5546875 0.55859375 0.5625 0.56640625  
    0.5703125 0.57421875 0.578125 0.58203125 0.5859375 0.58984375  
    0.59375 0.59765625 0.6015625 0.60546875 0.609375 0.61328125  
    0.6171875 0.62109375 0.625 0.62890625 0.6328125 0.63671875 0.640625  
    0.64453125 0.6484375 0.65234375 0.65625 0.66015625 0.6640625  
    0.66796875 0.671875 0.67578125 0.6796875 0.68359375 0.6875  
    0.69140625 0.6953125 0.69921875 0.703125 0.70703125 0.7109375  
    0.71484375 0.71875 0.72265625 0.7265625 0.73046875 0.734375  
    0.73828125 0.7421875 0.74609375 0.75 0.75390625 0.7578125  
    0.76171875 0.765625 0.76953125 0.7734375 0.77734375 0.78125  
    0.78515625 0.7890625 0.79296875 0.796875 0.80078125 0.8046875  
    0.80859375 0.8125 0.81640625 0.8203125 0.82421875 0.828125  
    0.83203125 0.8359375 0.83984375 0.84375 0.84765625 0.8515625  
    0.85546875 0.859375 0.86328125 0.8671875 0.87109375 0.875  
    0.87890625 0.8828125 0.88671875 0.890625 0.89453125 0.8984375  
    0.90234375 0.90625 0.91015625 0.9140625 0.91796875 0.921875  
    0.92578125 0.9296875 0.93359375 0.9375 0.94140625 0.9453125  
    0.94921875 0.953125 0.95703125 0.9609375 0.96484375 0.96875  
    0.97265625 0.9765625 0.98046875 0.984375 0.98828125 0.9921875  
    0.99609375 1.0 
  PPRIME_EXT = 611399.0541246526 603417.0110642614 595539.418946802  
    587766.2777722743 580097.5875406786 572533.3482520145  
    565073.5599062823 557718.2225034819 550467.3360436133  
    543320.9005266766 536278.9159526716 529341.3823215984  
    522508.299633457 515779.6678882473 509155.48708596954  
    502635.7572266236 496220.47831020935 489909.650336727  
    483703.2733061764 477601.3472185576 471603.8720738707  
    465710.8478721155 459922.27461329213 454238.15229740064  
    448658.48092444084 443183.26049441285 437636.0431757753  
    432021.6207429896 426624.03505261353 421416.210701068  
    416400.4272004672 411554.5426234659 406854.32994180464  
    402300.5468972157 397895.43258855527 393614.4383244484  
    389441.1168316961 385390.4003256667 381447.2071338451  
    377590.22015778447 373843.89371162176 370180.8388230313  
    366592.98533157597 363102.03013966244 359668.48386640113  
    356320.68824654364 353035.6281198226 349814.7150483759  
    346663.6123485636 343562.3324748355 340528.70843057765  
    337540.918829091 334611.9914434313 331729.9232896646  
    328896.5638418734 326112.4295621786 323366.87305956346  
    320673.5342776632 318009.61261670047 315398.89030350535  
    312813.9832639545 310275.0539990212 307769.44789786753  
    305292.6934666091 302864.101474085 300446.1546711601  
    298084.98827833845 295731.1386917735 293421.23801442876  
    291140.20621258405 288869.6145930142 286655.88479812024  
    284437.61300574883 282258.78228425275 280114.1550209068  
    277966.4803850488 275871.9823655664 273785.80018175195  
    271711.3586444631 269687.9033731981 267657.58965757175  
    265650.003176227 263686.06491803064 261713.35922294648  
    259768.9930766169 257862.13654535095 255943.63045180612  
    254051.27478961291 252195.7141511765 250331.87962093705  
    248488.83946559895 246683.4646819047 244871.44217061362  
    243069.1293682097 241306.9188389597 239549.11047537078  
    237788.87997788598 236062.54302924435 234353.31340695202  
    232636.36997108447 230941.81175645313 229276.8605326516  
    227607.293569108 225940.6877407492 224306.4515538884  
    222687.21298576836 221059.14908499722 219445.19796121924  
    217860.97597948118 216281.6297538444 214697.04026989208  
    213131.80709216231 211590.52914895542 210049.62251058494  
    208507.33449710114 206985.41503472062 205483.20998313196  
    203980.18205109664 202477.2687155032 200993.65566819377  
    199528.13482951754 198062.30133841606 196595.76599608635  
    195146.23762419567 193715.26406831536 192285.6431321315  
    190853.22959369724 189434.35030713148 188035.26845690995  
    186640.44734484056 185241.02712012205 183850.4558809377  
    182479.94245723664 181117.71091341658 179751.09341238285  
    178388.12240880422 177042.5646952613 175709.41609886757  
    174375.41771306214 173041.21894456114 171718.09242353344  
    170409.32115161116 169106.29158371477 167803.26372835066  
    166502.55659628438 165213.53027468803 163937.98292609636  
    162665.86214493436 161391.1910343529 160122.0357083279  
    158868.1736594137 157623.35314967777 156377.91334448152  
    155133.32527088703 153897.80477269314 152674.43621218158  
    151457.87169229917 150243.06138521823 149028.91716335673  
    147823.3262282839 146631.94229206786 145446.9127381412  
    144261.25128702208 143078.90882442298 141908.35475701024  
    140749.4039283734 139596.2674584327 138446.4573081691  
    137300.18510942225 136164.77942760993 135044.5644596014  
    133932.38321635773 132822.15599585063 131718.8378092804  
    130631.4792856056 129558.87070837419 128495.5315503836  
    127440.92117616921 126396.6282943978 125368.73854223882  
    124362.01413597114 123372.01437838259 122393.43721316272  
    121430.58279551705 120494.71161521795 119587.44590468821  
    118702.2129454001 117839.49600068055 117006.1923996118  
    116210.74067610444 115454.70104744882 114737.54058937934  
    114062.1766910478 113433.49867196173 112860.83336382898  
    112353.71783150043 111914.46583373207 111540.077428733  
    111242.09996852814 111043.75365628328 110951.41031250116  
    110957.85119921266 111079.926165265 111345.44963783157  
    111761.23540832587 112332.73569613691 113086.56474769406  
    114043.38489413858 115205.60162503051 116606.18697380795  
    118283.57185286014 120240.36789060888 122483.11814821024  
    125068.01506513043 128036.49924978791 131377.5264081829  
    135110.19466430056 139286.55529161706 143933.62363349472  
    149049.01689996343 154632.32397030783 160692.75515416966  
    167255.40297583077 174291.5482142786 181712.03338960544  
    189491.05265586197 197640.8355473266 205977.5733061303  
    214305.33169975446 222647.77853402233 230821.1637434403  
    238448.55575876008 245405.26924222562 251644.33212803863  
    256754.36781058897 260427.4880989387 262677.3835957013  
    263294.3648686762 262028.97716819483 258821.22429602582  
    253701.545772943 246846.04387813245 238369.07867384737  
    228248.6439757793 216725.0426729505 204072.9213230915  
    190183.93593033426 175842.36111305375 162298.9723077339  
    150048.30659297097 138239.06782528645 124257.74619038147  
    106769.45521779124 85908.63939339353 61515.99760834992  
    33466.34745474624 1759.6889315795852 
  FFPRIM_EXT = 5.155922809979629 5.321540719519653 5.483083148406692  
    5.641413177369545 5.796536128862103 5.948456943098081  
    6.097180481706635 6.242714928959712 6.385062606658096  
    6.524237651427092 6.660236740615822 6.793064208817251  
    6.922724793614938 7.04922272609134 7.172564388731278  
    7.292753346915575 7.409794589722996 7.523691904632428  
    7.634450644056577 7.74207513161754 7.846570146678621  
    7.947937646230658 8.046184695181823 8.141312078309532  
    8.233326168276655 8.322220972040455 8.412962169607583  
    8.505420119096375 8.591612253345257 8.672316325245458  
    8.74748566881643 8.817740692790201 8.883764885609198  
    8.94554002597507 9.00300783420413 9.056856247815777  
    9.107552551008204 9.154679047927141 9.198660988223715  
    9.240097259055357 9.278305865735769 9.314051487879496  
    9.347567190746139 9.378242712317366 9.407185963072497  
    9.433605947022048 9.458145312942928 9.480768917308183  
    9.50131641326113 9.520349089120609 9.53736779853557 9.5529825457036  
    9.56683151912383 9.579248683366396 9.590185837835858  
    9.599625870900706 9.60786815973102 9.61453168590263  
    9.620252920092897 9.624370490614133 9.62764269115003  
    9.629514856856503 9.63033272460587 9.630228480811665  
    9.62865722528312 9.626667256245186 9.622975408469543  
    9.61895250678656 9.613588239230207 9.607291430467168  
    9.600584438959498 9.59217174333314 9.583757035818095  
    9.574125579995318 9.563413828865137 9.552660218624691  
    9.540307780171261 9.527592015943902 9.514427338919049  
    9.499719803648063 9.485069733253159 9.469664760326669  
    9.452918141969652 9.436280401355187 9.418733513286613  
    9.400014062848403 9.381481402885887 9.362095995139018  
    9.341558129085044 9.321111824063273 9.299961330069149  
    9.277632986882274 9.255347530683881 9.232660491779184  
    9.208730526916337 9.184535555831769 9.160269764233291  
    9.134932558966254 9.108980570956394 9.08309849104758  
    9.056460365754727 9.028861408874274 9.00124297013932  
    8.973401110414763 8.944525364445202 8.915086507068953  
    8.885741789384316 8.855864294837026 8.825020451415657  
    8.79388857992364 8.76275115865758 8.730934151319083  
    8.698304523315631 8.66550670908181 8.632593706972717  
    8.598969298578414 8.564645537302209 8.530183386330764  
    8.495561306789444 8.460252731447982 8.424284854275845  
    8.388160535148966 8.351895046394528 8.315002857639538  
    8.277434440569326 8.239658463658559 8.201792362457923  
    8.163390743010376 8.124276869046536 8.084871463654004  
    8.045419088034976 8.005554359185265 7.964966918195923  
    7.923973048642161 7.882919609462773 7.8415904197384165  
    7.799608269267237 7.7571027707336855 7.714433606823782  
    7.67158589274626 7.628253948893715 7.5843438828008  
    7.540085936437169 7.495635117106149 7.450928920292388  
    7.405713139332227 7.359936218795955 7.313866834242127  
    7.267667481870827 7.2211206766242935 7.173958066577429  
    7.126343452050451 7.078538248905982 7.0305043926395765  
    6.982019096497723 6.932993686557211 6.8835687322992065  
    6.833880363499203 6.7839593707015275 6.733592255974548  
    6.682620932568113 6.631253519027237 6.579679100160457  
    6.527791633729146 6.475360002042681 6.422384968229457  
    6.3690207071845535 6.315332368230399 6.2613140660264595  
    6.206768368818795 6.151575070700382 6.095921144132019  
    6.039969860424971 5.983589829648716 5.926535881941553  
    5.868835010705808 5.8106319566384 5.751940848012699  
    5.692719520458345 5.632803486663624 5.572059687110971  
    5.510603144770997 5.448577305297241 5.3858689074078185  
    5.322173363807664 5.257443034258243 5.1918528490899645  
    5.1253892607132805 5.057867647605441 4.989062946233073  
    4.9189311325658895 4.8474826674875064 4.77464202267827  
    4.700283035330132 4.624156181526972 4.546001737916502  
    4.46575876636485 4.383513173905545 4.298961497362998  
    4.211484967463089 4.1209118517596455 4.027438960285011  
    3.9306257485215026 3.82973844833283 3.724596394947996  
    3.615056991201996 3.5004214863863536 3.380151989072566  
    3.254193576706167 3.1216743121978636 2.981580124435872  
    2.8338554354789545 2.6783422949293 2.5135609976285798  
    2.3384178598340544 2.153215831862484 1.9574641728673696  
    1.749798771702437 1.529511956975089 1.2966693386620847  
    1.0512890217258355 0.7931354633859011 0.5215452138510825  
    0.2372700620464686 -0.05734567087813125 -0.3616429261967604  
    -0.6759763575969693 -0.9955278912584886 -1.3151807331285115  
    -1.6356389746435736 -1.9521352803050696 -2.2548303814647745  
    -2.5405640141909984 -2.8082226209823684 -3.047088253860241  
    -3.2492051971150557 -3.41509415254116 -3.539358565197017  
    -3.61555341777256 -3.6422189822866917 -3.6202394765908164  
    -3.554247151340833 -3.447202013816722 -3.2985013618306724  
    -3.114466018968427 -2.9023919830287954 -2.6596368895365416  
    -2.406385877792607 -2.174738905675327 -1.9768841900105512  
    -1.7893880723618953 -1.5419645461567582 -1.1948520145733494  
    -0.7483069575436141 -0.19182763396192026 0.49348200075461446  
    1.3076219466081769 
/

