&INEFIT
  IP = 10000000.0 
  R0 = 4.55 
  B0 = 11.0 
  NRHO = 101 
  RHO = 0.0 0.01 0.02 0.03 0.04 0.05 0.06 0.07 0.08 0.09 0.1 0.11 0.12  
    0.13 0.14 0.15 0.16 0.17 0.18 0.19 0.2 0.21 0.22 0.23 0.24 0.25  
    0.26 0.27 0.28 0.29 0.3 0.31 0.32 0.33 0.34 0.35000000000000003  
    0.36 0.37 0.38 0.39 0.4 0.41000000000000003 0.42 0.43 0.44 0.45  
    0.46 0.47000000000000003 0.48 0.49 0.5 0.51 0.52 0.53 0.54 0.55  
    0.56 0.5700000000000001 0.58 0.59 0.6 0.61 0.62 0.63 0.64 0.65 0.66  
    0.67 0.68 0.6900000000000001 0.7000000000000001 0.71 0.72 0.73 0.74  
    0.75 0.76 0.77 0.78 0.79 0.8 0.81 0.8200000000000001  
    0.8300000000000001 0.84 0.85 0.86 0.87 0.88 0.89 0.9 0.91 0.92 0.93  
    0.9400000000000001 0.9500000000000001 0.96 0.97 0.98 0.99 1.0 
  PRESS = 1673524.5513150475 1671207.0214667981 1664084.1616753347  
    1654135.6875963185 1643515.287025843 1632242.5839916412  
    1620337.440069458 1607819.9308076194 1594710.3225546167  
    1581029.0496897027 1566796.6922564954 1552033.9539996008  
    1536761.6408042475 1521000.6395389268 1504771.8973010539  
    1488096.4010656385 1470995.1577369643 1453489.1746032864  
    1435599.4401945372 1417346.905543045 1398752.465847265  
    1379836.942538523 1360621.065750767 1341125.457193333  
    1321370.6134267182 1301376.8895413664 1281164.483239456  
    1260753.4193196984 1240163.5345651368 1219414.463033945  
    1198525.6217532197 1177516.196815761 1156405.129879829  
    1135211.1050718643 1113952.5362921534 1092647.5549234129  
    1071313.9979422546 1049969.3964334847 1028630.9645071657  
    1007315.5886183451 986039.8172893155 964819.8512342285  
    943671.5338857981 922610.3423237413 901651.3786044637  
    880809.3614913016 860098.6185843664 839533.0788486595  
    819126.2655386081 798891.2895164305 778840.8429607168  
    758987.1934601705 739342.1784854141 719917.2002289182  
    700723.2207990608 681770.7577486198 663069.8799099026  
    644630.203497216 626460.888421016 608570.6347347149  
    590967.6791017478 573659.7911226517 556654.2692932062  
    539957.9362657939 523577.1329434902 507517.7107301745  
    491785.0209612402 476383.90010584646 461318.6487010246  
    446593.0010590943 432210.08144883416 418172.3404908833  
    404481.4626397911 391138.2314247908 378142.332968083  
    365492.06928925426 353183.93973202433 341212.02965519705  
    329567.1177254255 318235.3732769622 307196.4589852848  
    296420.777092317 285865.49723014084 275468.8861385248  
    265142.3521405137 254759.60159598375 244142.57856429092  
    233044.84625159795 221135.5587255266 207992.32958176843  
    193119.99187826493 176022.4164476944 156355.83216078393  
    134162.14522738417 110101.56936837695 85512.84079638786  
    62147.26503542714 41631.52368746949 24959.67555850408  
    12313.302794342944 7024.193052456507 
  JPAR = 999636.8419404668 999505.957443102 999124.1541450771  
    998548.0260198989 997854.8135393653 997082.1573308476  
    996240.1312961291 995335.4341833426 994372.8956780243  
    993356.1660123331 992288.0900407373 991170.9316766874  
    990006.518175341 988796.3377289593 987541.6081213268  
    986243.3265491412 984902.3066977618 983519.2069058405  
    982094.5519255047 980628.7499686097 979122.106209832  
    977574.8335761332 975987.0614221347 974358.8425321865  
    972690.1587780637 970980.9256809609 969230.996067785  
    967440.1629682339 965608.1618663697 963734.67239535  
    961819.3195445616 959861.6744331421 957861.254691697  
    955817.5244841502 953729.8941935354 951597.7197886964  
    949420.3018830086 947196.884491093 944926.6534848616  
    942608.7347459645 940242.1920076418 937826.0243750187  
    935359.1635089404 932840.4704543294 930268.7320897925  
    927642.6571706487 924960.8719325565 922221.9152174618  
    919424.2330774905 916566.1728055364 913645.9763335089  
    910661.7729303391 907611.5711215598 904493.249740513  
    901304.5480075075 898043.054517196 894706.194995754  
    891291.2186673102 887795.1830430093 884214.9369151324  
    880547.1013018063 876788.048043641 872933.8757005238  
    868980.3823326482 864923.0346719146 860756.933094772  
    856476.771690966 852076.7925787255 847550.7334383873  
    842891.7670134113 838092.4310474081 833144.5467708696  
    828039.1235985907 822766.2471167101 817314.9466835472  
    811673.0379807574 805826.934546222 799761.4205770122  
    793459.3749364421 786901.4330793878 780065.5691471688  
    772926.5742061081 765455.3976313572 757618.3055829897  
    749375.7911503958 740681.1413600397 731478.5205671543  
    721700.3567402342 711263.6966575824 700064.9897345828  
    687972.3914080547 674813.9829987978 660358.9148662519  
    644285.469541038 626122.8303409026 605133.5011223637  
    580036.146081353 548137.9365611492 484345.0369814076  
    374444.8750907138 310221.59187513083 
  NLIM = 5 
  RLIM = 6.0 3.5 3.5 6.0 6.0 
  ZLIM = 1.93 1.93 -1.93 -1.93 1.93 
  NBDRY = 15 
  RBDRY = 5.75 5.717889612279765 5.599231274196216 5.333894952548324  
    4.862048988436734 4.215741544340384 3.606248672667517  
    3.3499999999999996 3.606248672667517 4.215741544340384  
    4.862048988436735 5.333894952548324 5.599231274196216  
    5.717889612279765 5.75 
  ZBDRY = 0.0 0.7289246817174976 1.3134768905462901 1.6378788924654637  
    1.6378788924654637 1.3134768905462901 0.7289246817174978  
    2.0574066225675533e-16 -0.7289246817174975 -1.31347689054629  
    -1.6378788924654637 -1.6378788924654637 -1.3134768905462901  
    -0.728924681717498 0.0 
/

