 # generated by zfastran.py Ver+Oct2009
@R INFLAG 1 []
  1.000000000e+00
@R TIME0 1 [s]
  0.000000000e+00
@R IP 1 []
  9.999999995e+00
@R BCENTR 1 []
  1.100000000e+01
@R RMAJOR 1 []
  4.550000000e+00
@R AMINOR 1 []
  1.106361677e+00
@R ELONGB 1 []
  1.341168329e+00
@R TRIANB 1 []
 -3.117835572e-01
@R RHO 101 []
  0.000000000e+00  1.000000000e-02  2.000000000e-02  3.000000000e-02
  4.000000000e-02  5.000000000e-02  6.000000000e-02  7.000000000e-02
  8.000000000e-02  9.000000000e-02  1.000000000e-01  1.100000000e-01
  1.200000000e-01  1.300000000e-01  1.400000000e-01  1.500000000e-01
  1.600000000e-01  1.700000000e-01  1.800000000e-01  1.900000000e-01
  2.000000000e-01  2.100000000e-01  2.200000000e-01  2.300000000e-01
  2.400000000e-01  2.500000000e-01  2.600000000e-01  2.700000000e-01
  2.800000000e-01  2.900000000e-01  3.000000000e-01  3.100000000e-01
  3.200000000e-01  3.300000000e-01  3.400000000e-01  3.500000000e-01
  3.600000000e-01  3.700000000e-01  3.800000000e-01  3.900000000e-01
  4.000000000e-01  4.100000000e-01  4.200000000e-01  4.300000000e-01
  4.400000000e-01  4.500000000e-01  4.600000000e-01  4.700000000e-01
  4.800000000e-01  4.900000000e-01  5.000000000e-01  5.100000000e-01
  5.200000000e-01  5.300000000e-01  5.400000000e-01  5.500000000e-01
  5.600000000e-01  5.700000000e-01  5.800000000e-01  5.900000000e-01
  6.000000000e-01  6.100000000e-01  6.200000000e-01  6.300000000e-01
  6.400000000e-01  6.500000000e-01  6.600000000e-01  6.700000000e-01
  6.800000000e-01  6.900000000e-01  7.000000000e-01  7.100000000e-01
  7.200000000e-01  7.300000000e-01  7.400000000e-01  7.500000000e-01
  7.600000000e-01  7.700000000e-01  7.800000000e-01  7.900000000e-01
  8.000000000e-01  8.100000000e-01  8.200000000e-01  8.300000000e-01
  8.400000000e-01  8.500000000e-01  8.600000000e-01  8.700000000e-01
  8.800000000e-01  8.900000000e-01  9.000000000e-01  9.100000000e-01
  9.200000000e-01  9.300000000e-01  9.400000000e-01  9.500000000e-01
  9.600000000e-01  9.700000000e-01  9.800000000e-01  9.900000000e-01
  1.000000000e+00
@R AMAIN 1 []
  2.500000000e+00
@R ZMAIN 1 []
  1.000000000e+00
@I NIMP 1 []
                3
@R AIMP 3 []
  1.820000000e+02  8.300000000e+01  3.000000000e+00
@R ZIMP 3 []
  7.400000000e+01  3.600000000e+01  2.000000000e+00
@R FIMP 3 []
  1.500000000e-05  7.000000000e-04  2.000000000e-02
@R ENE 101 []
  2.163739562e+01  2.163739562e+01  2.163739576e+01  2.163739598e+01
  2.163739629e+01  2.163739670e+01  2.163739719e+01  2.163739777e+01
  2.163739844e+01  2.163739920e+01  2.163740005e+01  2.163740098e+01
  2.163740201e+01  2.163740313e+01  2.163740433e+01  2.163740563e+01
  2.163740701e+01  2.163740849e+01  2.163741005e+01  2.163741170e+01
  2.163741344e+01  2.163741527e+01  2.163741719e+01  2.163741920e+01
  2.163742130e+01  2.163742349e+01  2.163742577e+01  2.163742814e+01
  2.163743059e+01  2.163743314e+01  2.163743577e+01  2.163743602e+01
  2.163743603e+01  2.163744271e+01  2.163746300e+01  2.163750380e+01
  2.163748922e+01  2.163739819e+01  2.163731992e+01  2.163734360e+01
  2.163755842e+01  2.163408987e+01  2.162471859e+01  2.161201654e+01
  2.159855568e+01  2.158690799e+01  2.157493222e+01  2.155910992e+01
  2.153994721e+01  2.151795018e+01  2.149362497e+01  2.146625009e+01
  2.143382216e+01  2.139492445e+01  2.134814020e+01  2.129205268e+01
  2.122405022e+01  2.113901335e+01  2.103176362e+01  2.089712256e+01
  2.072991171e+01  2.053368919e+01  2.031905182e+01  2.009137915e+01
  1.985605078e+01  1.961844627e+01  1.938090934e+01  1.914291510e+01
  1.890554029e+01  1.866986164e+01  1.843695585e+01  1.820757654e+01
  1.798174943e+01  1.775945946e+01  1.754069158e+01  1.732543071e+01
  1.711370491e+01  1.690533326e+01  1.669998720e+01  1.649733820e+01
  1.629705771e+01  1.609807019e+01  1.590008776e+01  1.570396339e+01
  1.551055003e+01  1.532070064e+01  1.514133228e+01  1.497505350e+01
  1.481625448e+01  1.465932541e+01  1.449865645e+01  1.407535272e+01
  1.358207892e+01  1.301562760e+01  1.238413291e+01  1.171056221e+01
  1.103138998e+01  1.038887851e+01  9.819731030e+00  9.346060347e+00
  8.972965753e+00
@R TE 101 []
  1.722739701e+01  1.722739701e+01  1.720954880e+01  1.717984287e+01
  1.713834068e+01  1.708512802e+01  1.702031465e+01  1.694403394e+01
  1.685644245e+01  1.675771936e+01  1.664806585e+01  1.652770446e+01
  1.639687829e+01  1.625585021e+01  1.610490198e+01  1.594433330e+01
  1.577446083e+01  1.559561713e+01  1.540814962e+01  1.521241941e+01
  1.500880017e+01  1.479767693e+01  1.457944489e+01  1.435450818e+01
  1.412327863e+01  1.388617449e+01  1.364361923e+01  1.339604026e+01
  1.314386770e+01  1.288753314e+01  1.262746847e+01  1.236714719e+01
  1.210973040e+01  1.185518075e+01  1.160346092e+01  1.135453359e+01
  1.110855668e+01  1.086587911e+01  1.062674995e+01  1.039141833e+01
  1.016013333e+01  9.933249376e+00  9.711015083e+00  9.493520878e+00
  9.280857187e+00  9.073114431e+00  8.870282272e+00  8.672207529e+00
  8.478766365e+00  8.289834947e+00  8.105289438e+00  7.924942825e+00
  7.748614592e+00  7.576190654e+00  7.407556923e+00  7.242599313e+00
  7.080987802e+00  6.922748720e+00  6.768302513e+00  6.618069629e+00
  6.472470511e+00  6.332640171e+00  6.199199952e+00  6.071799802e+00
  5.950089669e+00  5.833719501e+00  5.721967551e+00  5.614135750e+00
  5.509909569e+00  5.408974478e+00  5.311015948e+00  5.215709375e+00
  5.122844458e+00  5.032278124e+00  4.943867297e+00  4.857468904e+00
  4.773034049e+00  4.690550922e+00  4.609932079e+00  4.531090077e+00
  4.453937473e+00  4.378373010e+00  4.304265871e+00  4.231484273e+00
  4.159896429e+00  4.089370557e+00  4.019880449e+00  3.951243888e+00
  3.883095066e+00  3.815068180e+00  3.746797423e+00  3.500332288e+00
  3.198284898e+00  2.830947788e+00  2.399573790e+00  1.923139121e+00
  1.438300093e+00  9.885116223e-01  6.078188840e-01  3.107984791e-01
  9.381087106e-02
@R TI 101 []
  2.429450735e+01  2.429450735e+01  2.425566779e+01  2.419107314e+01
  2.410092951e+01  2.398552395e+01  2.384522292e+01  2.368047028e+01
  2.349178507e+01  2.327975867e+01  2.304505179e+01  2.278839100e+01
  2.251056501e+01  2.221242062e+01  2.189485841e+01  2.155882825e+01
  2.120532456e+01  2.083538139e+01  2.045006744e+01  2.005048093e+01
  1.963774439e+01  1.921299948e+01  1.877740177e+01  1.833211555e+01
  1.787830873e+01  1.741714785e+01  1.694979321e+01  1.647739409e+01
  1.600108430e+01  1.552197776e+01  1.504116447e+01  1.457018390e+01
  1.411908539e+01  1.368670338e+01  1.327187231e+01  1.287342660e+01
  1.248984041e+01  1.212025425e+01  1.176450205e+01  1.142241773e+01
  1.109383523e+01  1.077913134e+01  1.047843880e+01  1.019122553e+01
  9.916959411e+00  9.655108358e+00  9.405021332e+00  9.165895203e+00
  8.936969730e+00  8.717484676e+00  8.506679800e+00  8.303650148e+00
  8.107740562e+00  7.918565505e+00  7.735739436e+00  7.558876816e+00
  7.387651252e+00  7.222066714e+00  7.062233204e+00  6.908260725e+00
  6.760259281e+00  6.618730094e+00  6.483741784e+00  6.354755446e+00
  6.231232179e+00  6.112633078e+00  5.998055316e+00  5.886699067e+00
  5.778179930e+00  5.672113503e+00  5.568115384e+00  5.465969781e+00
  5.365625047e+00  5.266942994e+00  5.169785435e+00  5.074014181e+00
  4.979516636e+00  4.886188895e+00  4.793905811e+00  4.702542239e+00
  4.611973030e+00  4.521942017e+00  4.432315003e+00  4.343149804e+00
  4.254504235e+00  4.166436113e+00  4.080049630e+00  3.995799929e+00
  3.912771246e+00  3.830047818e+00  3.746713880e+00  3.500098985e+00
  3.198145301e+00  2.831023133e+00  2.399812948e+00  1.923358188e+00
  1.438325931e+00  9.883266268e-01  6.075777711e-01  3.107215441e-01
  9.406899116e-02
@R ZEFF 101 []
  2.211058504e+00  2.211058504e+00  2.210860665e+00  2.210572246e+00
  2.210227153e+00  2.209859941e+00  2.209482844e+00  2.209014776e+00
  2.208347761e+00  2.207366921e+00  2.205945142e+00  2.203968722e+00
  2.201451995e+00  2.198448265e+00  2.195019597e+00  2.191243903e+00
  2.187153396e+00  2.182737586e+00  2.178035374e+00  2.173099898e+00
  2.168000862e+00  2.162814014e+00  2.157570949e+00  2.152289444e+00
  2.146988115e+00  2.141686188e+00  2.136389814e+00  2.131102792e+00
  2.125841053e+00  2.120620263e+00  2.115455610e+00  2.110356201e+00
  2.105329484e+00  2.100386954e+00  2.095539044e+00  2.090795022e+00
  2.086164756e+00  2.081662904e+00  2.077304107e+00  2.073101635e+00
  2.069067198e+00  2.065203193e+00  2.061511974e+00  2.058001468e+00
  2.054676531e+00  2.051539233e+00  2.048579445e+00  2.045783248e+00
  2.043144298e+00  2.040655355e+00  2.038308509e+00  2.036092138e+00
  2.033995779e+00  2.032012953e+00  2.030137314e+00  2.028362684e+00
  2.026682361e+00  2.025090565e+00  2.023583041e+00  2.022155962e+00
  2.020805799e+00  2.019539029e+00  2.018362071e+00  2.017270998e+00
  2.016261438e+00  2.015328749e+00  2.014464162e+00  2.013658737e+00
  2.012907704e+00  2.012206620e+00  2.011551365e+00  2.010938821e+00
  2.010366527e+00  2.009831728e+00  2.009331848e+00  2.008864490e+00
  2.008427535e+00  2.008018970e+00  2.007636808e+00  2.007279223e+00
  2.006944535e+00  2.006630660e+00  2.006336271e+00  2.006060866e+00
  2.005803874e+00  2.005564663e+00  2.005345698e+00  2.005146677e+00
  2.004963421e+00  2.004792529e+00  2.004631287e+00  2.004217611e+00
  2.003824360e+00  2.003485586e+00  2.003238855e+00  2.003099503e+00
  2.003044647e+00  2.003031574e+00  2.003030056e+00  2.003030000e+00
  2.003030000e+00
@R OMEGA 101 []
  4.992501875e+03  4.992501875e+03  4.978801804e+03  4.961079526e+03
  4.940120160e+03  4.916382264e+03  4.890178959e+03  4.861743180e+03
  4.831258024e+03  4.798873089e+03  4.764714177e+03  4.728889466e+03
  4.691493659e+03  4.652610886e+03  4.612316799e+03  4.570680145e+03
  4.527763951e+03  4.483626454e+03  4.438321832e+03  4.391900796e+03
  4.344411068e+03  4.295897774e+03  4.246403778e+03  4.195969955e+03
  4.144635428e+03  4.092437767e+03  4.039413164e+03  3.985596584e+03
  3.931021896e+03  3.875721988e+03  3.819728870e+03  3.763073767e+03
  3.705787199e+03  3.647899055e+03  3.589438660e+03  3.530434837e+03
  3.470915960e+03  3.410910006e+03  3.350444605e+03  3.289547080e+03
  3.228244492e+03  3.166563674e+03  3.104531273e+03  3.042173783e+03
  2.979517575e+03  2.916588934e+03  2.853414088e+03  2.790019238e+03
  2.726430588e+03  2.662674375e+03  2.598776897e+03  2.534764544e+03
  2.470663824e+03  2.406501396e+03  2.342304099e+03  2.278098979e+03
  2.213913327e+03  2.149774707e+03  2.085710992e+03  2.021750397e+03
  1.957921519e+03  1.894253376e+03  1.830775447e+03  1.767517715e+03
  1.704510722e+03  1.641785608e+03  1.579374179e+03  1.517308956e+03
  1.455623246e+03  1.394351213e+03  1.333527952e+03  1.273189580e+03
  1.213373329e+03  1.154117653e+03  1.095462349e+03  1.037448686e+03
  9.801195629e+02  9.235196753e+02  8.676957162e+02  8.126966008e+02
  7.585737302e+02  7.053812976e+02  6.531766492e+02  6.020207128e+02
  5.519785103e+02  5.031197796e+02  4.555197357e+02  4.092600162e+02
  3.644298727e+02  3.211276991e+02  2.794630303e+02  2.395592200e+02
  2.015571260e+02  1.656203590e+02  1.319430748e+02  1.007621703e+02
  7.237775876e+01  4.719105135e+01  2.578549737e+01  9.151104569e+00
  3.218758593e-12
@R Q 101 []
  0.000000000e+00  0.000000000e+00  0.000000000e+00  0.000000000e+00
  0.000000000e+00  0.000000000e+00  0.000000000e+00  0.000000000e+00
  0.000000000e+00  0.000000000e+00  0.000000000e+00  0.000000000e+00
  0.000000000e+00  0.000000000e+00  0.000000000e+00  0.000000000e+00
  0.000000000e+00  0.000000000e+00  0.000000000e+00  0.000000000e+00
  0.000000000e+00  0.000000000e+00  0.000000000e+00  0.000000000e+00
  0.000000000e+00  0.000000000e+00  0.000000000e+00  0.000000000e+00
  0.000000000e+00  0.000000000e+00  0.000000000e+00  0.000000000e+00
  0.000000000e+00  0.000000000e+00  0.000000000e+00  0.000000000e+00
  0.000000000e+00  0.000000000e+00  0.000000000e+00  0.000000000e+00
  0.000000000e+00  0.000000000e+00  0.000000000e+00  0.000000000e+00
  0.000000000e+00  0.000000000e+00  0.000000000e+00  0.000000000e+00
  0.000000000e+00  0.000000000e+00  0.000000000e+00  0.000000000e+00
  0.000000000e+00  0.000000000e+00  0.000000000e+00  0.000000000e+00
  0.000000000e+00  0.000000000e+00  0.000000000e+00  0.000000000e+00
  0.000000000e+00  0.000000000e+00  0.000000000e+00  0.000000000e+00
  0.000000000e+00  0.000000000e+00  0.000000000e+00  0.000000000e+00
  0.000000000e+00  0.000000000e+00  0.000000000e+00  0.000000000e+00
  0.000000000e+00  0.000000000e+00  0.000000000e+00  0.000000000e+00
  0.000000000e+00  0.000000000e+00  0.000000000e+00  0.000000000e+00
  0.000000000e+00  0.000000000e+00  0.000000000e+00  0.000000000e+00
  0.000000000e+00  0.000000000e+00  0.000000000e+00  0.000000000e+00
  0.000000000e+00  0.000000000e+00  0.000000000e+00  0.000000000e+00
  0.000000000e+00  0.000000000e+00  0.000000000e+00  0.000000000e+00
  0.000000000e+00  0.000000000e+00  0.000000000e+00  0.000000000e+00
  0.000000000e+00
@R FP 101 []
  0.000000000e+00  0.000000000e+00  0.000000000e+00  0.000000000e+00
  0.000000000e+00  0.000000000e+00  0.000000000e+00  0.000000000e+00
  0.000000000e+00  0.000000000e+00  0.000000000e+00  0.000000000e+00
  0.000000000e+00  0.000000000e+00  0.000000000e+00  0.000000000e+00
  0.000000000e+00  0.000000000e+00  0.000000000e+00  0.000000000e+00
  0.000000000e+00  0.000000000e+00  0.000000000e+00  0.000000000e+00
  0.000000000e+00  0.000000000e+00  0.000000000e+00  0.000000000e+00
  0.000000000e+00  0.000000000e+00  0.000000000e+00  0.000000000e+00
  0.000000000e+00  0.000000000e+00  0.000000000e+00  0.000000000e+00
  0.000000000e+00  0.000000000e+00  0.000000000e+00  0.000000000e+00
  0.000000000e+00  0.000000000e+00  0.000000000e+00  0.000000000e+00
  0.000000000e+00  0.000000000e+00  0.000000000e+00  0.000000000e+00
  0.000000000e+00  0.000000000e+00  0.000000000e+00  0.000000000e+00
  0.000000000e+00  0.000000000e+00  0.000000000e+00  0.000000000e+00
  0.000000000e+00  0.000000000e+00  0.000000000e+00  0.000000000e+00
  0.000000000e+00  0.000000000e+00  0.000000000e+00  0.000000000e+00
  0.000000000e+00  0.000000000e+00  0.000000000e+00  0.000000000e+00
  0.000000000e+00  0.000000000e+00  0.000000000e+00  0.000000000e+00
  0.000000000e+00  0.000000000e+00  0.000000000e+00  0.000000000e+00
  0.000000000e+00  0.000000000e+00  0.000000000e+00  0.000000000e+00
  0.000000000e+00  0.000000000e+00  0.000000000e+00  0.000000000e+00
  0.000000000e+00  0.000000000e+00  0.000000000e+00  0.000000000e+00
  0.000000000e+00  0.000000000e+00  0.000000000e+00  0.000000000e+00
  0.000000000e+00  0.000000000e+00  0.000000000e+00  0.000000000e+00
  0.000000000e+00  0.000000000e+00  0.000000000e+00  0.000000000e+00
  0.000000000e+00
@R CURPAR 101 []
  3.715493287e+00  3.715288803e+00  3.714540088e+00  3.713035693e+00
  3.710713205e+00  3.707608571e+00  3.703756088e+00  3.699176049e+00
  3.693880620e+00  3.687875432e+00  3.681162668e+00  3.673743033e+00
  3.665616711e+00  3.656783745e+00  3.647244139e+00  3.636997896e+00
  3.626045015e+00  3.614385497e+00  3.602019341e+00  3.588946548e+00
  3.575167118e+00  3.560681050e+00  3.545488345e+00  3.529589003e+00
  3.512983022e+00  3.495670405e+00  3.477651150e+00  3.458925257e+00
  3.439492727e+00  3.419353560e+00  3.398507755e+00  3.376955312e+00
  3.354696232e+00  3.331730515e+00  3.308058160e+00  3.283679168e+00
  3.258593538e+00  3.232801271e+00  3.206302367e+00  3.179096825e+00
  3.151184645e+00  3.122565829e+00  3.093240374e+00  3.063208282e+00
  3.032469553e+00  3.001024186e+00  2.968872182e+00  2.936013540e+00
  2.902448261e+00  2.868176345e+00  2.833197790e+00  2.797512599e+00
  2.761120770e+00  2.724022304e+00  2.686217200e+00  2.647705459e+00
  2.608487080e+00  2.568562064e+00  2.527930410e+00  2.486592119e+00
  2.444547190e+00  2.401795624e+00  2.358337421e+00  2.314172580e+00
  2.269301102e+00  2.223722986e+00  2.177438233e+00  2.130446842e+00
  2.082748814e+00  2.034344148e+00  1.985232845e+00  1.935414905e+00
  1.884890326e+00  1.833659111e+00  1.781721258e+00  1.729076767e+00
  1.675725639e+00  1.621667874e+00  1.566903471e+00  1.511432431e+00
  1.455254753e+00  1.398370438e+00  1.340779486e+00  1.282481896e+00
  1.223477669e+00  1.163766804e+00  1.103349301e+00  1.042225166e+00
  9.803944494e-01  9.178576258e-01  8.546176814e-01  7.906890061e-01
  7.261266291e-01  6.611019690e-01  5.960595114e-01  5.319659135e-01
  4.705964017e-01  4.148019759e-01  3.679616368e-01  3.345831529e-01
  3.219731070e-01
@R CURBEAM 101 []
  0.000000000e+00  0.000000000e+00  0.000000000e+00  0.000000000e+00
  0.000000000e+00  0.000000000e+00  0.000000000e+00  0.000000000e+00
  0.000000000e+00  0.000000000e+00  0.000000000e+00  0.000000000e+00
  0.000000000e+00  0.000000000e+00  0.000000000e+00  0.000000000e+00
  0.000000000e+00  0.000000000e+00  0.000000000e+00  0.000000000e+00
  0.000000000e+00  0.000000000e+00  0.000000000e+00  0.000000000e+00
  0.000000000e+00  0.000000000e+00  0.000000000e+00  0.000000000e+00
  0.000000000e+00  0.000000000e+00  0.000000000e+00  0.000000000e+00
  0.000000000e+00  0.000000000e+00  0.000000000e+00  0.000000000e+00
  0.000000000e+00  0.000000000e+00  0.000000000e+00  0.000000000e+00
  0.000000000e+00  0.000000000e+00  0.000000000e+00  0.000000000e+00
  0.000000000e+00  0.000000000e+00  0.000000000e+00  0.000000000e+00
  0.000000000e+00  0.000000000e+00  0.000000000e+00  0.000000000e+00
  0.000000000e+00  0.000000000e+00  0.000000000e+00  0.000000000e+00
  0.000000000e+00  0.000000000e+00  0.000000000e+00  0.000000000e+00
  0.000000000e+00  0.000000000e+00  0.000000000e+00  0.000000000e+00
  0.000000000e+00  0.000000000e+00  0.000000000e+00  0.000000000e+00
  0.000000000e+00  0.000000000e+00  0.000000000e+00  0.000000000e+00
  0.000000000e+00  0.000000000e+00  0.000000000e+00  0.000000000e+00
  0.000000000e+00  0.000000000e+00  0.000000000e+00  0.000000000e+00
  0.000000000e+00  0.000000000e+00  0.000000000e+00  0.000000000e+00
  0.000000000e+00  0.000000000e+00  0.000000000e+00  0.000000000e+00
  0.000000000e+00  0.000000000e+00  0.000000000e+00  0.000000000e+00
  0.000000000e+00  0.000000000e+00  0.000000000e+00  0.000000000e+00
  0.000000000e+00  0.000000000e+00  0.000000000e+00  0.000000000e+00
  0.000000000e+00
@R CURRF 101 []
  1.305984234e-01  1.418383839e-01  1.623216583e-01  1.799602038e-01
  1.948873751e-01  2.086328711e-01  2.260767978e-01  2.462049426e-01
  2.577247273e-01  2.518736656e-01  2.393853797e-01  2.313734067e-01
  2.263227130e-01  2.214573886e-01  2.154835670e-01  2.057387130e-01
  1.881718642e-01  1.679471792e-01  1.536976526e-01  1.444427104e-01
  1.333296529e-01  1.182795954e-01  1.049478275e-01  9.720998870e-02
  9.078698696e-02  8.073378599e-02  6.904235027e-02  6.070820494e-02
  5.606464536e-02  5.116357278e-02  4.375391143e-02  3.653401709e-02
  3.189102869e-02  2.813610681e-02  2.326290678e-02  1.811101543e-02
  1.456116259e-02  1.279231527e-02  1.143494904e-02  9.490315953e-03
  7.786205626e-03  7.238565018e-03  7.127228414e-03  6.545570694e-03
  5.754241634e-03  5.324279890e-03  5.163424867e-03  4.760588768e-03
  4.036392220e-03  3.407689002e-03  3.113054272e-03  2.911932587e-03
  2.512329169e-03  1.983603293e-03  1.602147677e-03  1.432594207e-03
  1.256021802e-03  9.540031937e-04  6.261860282e-04  4.124722509e-04
  3.041862705e-04  1.573824289e-04 -1.445983736e-04 -6.816852583e-04
 -2.623424980e-03 -4.643048638e-03 -3.619311099e-03 -1.386928880e-03
 -3.307583002e-04  4.024543517e-05  2.342916367e-04  3.569399668e-04
  4.296294711e-04  4.720893729e-04  4.557869368e-04  4.052669048e-04
  3.940340813e-04  4.347214996e-04  4.802864258e-04  4.963692090e-04
  4.739783694e-04  4.254935220e-04  3.404836165e-04  2.940386051e-04
  3.477927225e-04  4.235918327e-04  4.401680522e-04  3.580055235e-04
  2.160522011e-04  1.222536234e-04  1.005187715e-04  1.013760129e-04
  1.012491168e-04  7.347302879e-05 -1.558314222e-05 -8.272649542e-05
 -7.598499002e-05 -5.774339048e-05 -3.591738837e-05 -5.409181545e-06
  1.381637029e-05
@R CURBOOT 101 []
  0.000000000e+00  0.000000000e+00  0.000000000e+00  0.000000000e+00
  0.000000000e+00  0.000000000e+00  0.000000000e+00  0.000000000e+00
  0.000000000e+00  0.000000000e+00  0.000000000e+00  0.000000000e+00
  0.000000000e+00  0.000000000e+00  0.000000000e+00  0.000000000e+00
  0.000000000e+00  0.000000000e+00  0.000000000e+00  0.000000000e+00
  0.000000000e+00  0.000000000e+00  0.000000000e+00  0.000000000e+00
  0.000000000e+00  0.000000000e+00  0.000000000e+00  0.000000000e+00
  0.000000000e+00  0.000000000e+00  0.000000000e+00  0.000000000e+00
  0.000000000e+00  0.000000000e+00  0.000000000e+00  0.000000000e+00
  0.000000000e+00  0.000000000e+00  0.000000000e+00  0.000000000e+00
  0.000000000e+00  0.000000000e+00  0.000000000e+00  0.000000000e+00
  0.000000000e+00  0.000000000e+00  0.000000000e+00  0.000000000e+00
  0.000000000e+00  0.000000000e+00  0.000000000e+00  0.000000000e+00
  0.000000000e+00  0.000000000e+00  0.000000000e+00  0.000000000e+00
  0.000000000e+00  0.000000000e+00  0.000000000e+00  0.000000000e+00
  0.000000000e+00  0.000000000e+00  0.000000000e+00  0.000000000e+00
  0.000000000e+00  0.000000000e+00  0.000000000e+00  0.000000000e+00
  0.000000000e+00  0.000000000e+00  0.000000000e+00  0.000000000e+00
  0.000000000e+00  0.000000000e+00  0.000000000e+00  0.000000000e+00
  0.000000000e+00  0.000000000e+00  0.000000000e+00  0.000000000e+00
  0.000000000e+00  0.000000000e+00  0.000000000e+00  0.000000000e+00
  0.000000000e+00  0.000000000e+00  0.000000000e+00  0.000000000e+00
  0.000000000e+00  0.000000000e+00  0.000000000e+00  0.000000000e+00
  0.000000000e+00  0.000000000e+00  0.000000000e+00  0.000000000e+00
  0.000000000e+00  0.000000000e+00  0.000000000e+00  0.000000000e+00
  0.000000000e+00
@R ENBEAM 101 []
  0.000000000e+00  0.000000000e+00  0.000000000e+00  0.000000000e+00
  0.000000000e+00  0.000000000e+00  0.000000000e+00  0.000000000e+00
  0.000000000e+00  0.000000000e+00  0.000000000e+00  0.000000000e+00
  0.000000000e+00  0.000000000e+00  0.000000000e+00  0.000000000e+00
  0.000000000e+00  0.000000000e+00  0.000000000e+00  0.000000000e+00
  0.000000000e+00  0.000000000e+00  0.000000000e+00  0.000000000e+00
  0.000000000e+00  0.000000000e+00  0.000000000e+00  0.000000000e+00
  0.000000000e+00  0.000000000e+00  0.000000000e+00  0.000000000e+00
  0.000000000e+00  0.000000000e+00  0.000000000e+00  0.000000000e+00
  0.000000000e+00  0.000000000e+00  0.000000000e+00  0.000000000e+00
  0.000000000e+00  0.000000000e+00  0.000000000e+00  0.000000000e+00
  0.000000000e+00  0.000000000e+00  0.000000000e+00  0.000000000e+00
  0.000000000e+00  0.000000000e+00  0.000000000e+00  0.000000000e+00
  0.000000000e+00  0.000000000e+00  0.000000000e+00  0.000000000e+00
  0.000000000e+00  0.000000000e+00  0.000000000e+00  0.000000000e+00
  0.000000000e+00  0.000000000e+00  0.000000000e+00  0.000000000e+00
  0.000000000e+00  0.000000000e+00  0.000000000e+00  0.000000000e+00
  0.000000000e+00  0.000000000e+00  0.000000000e+00  0.000000000e+00
  0.000000000e+00  0.000000000e+00  0.000000000e+00  0.000000000e+00
  0.000000000e+00  0.000000000e+00  0.000000000e+00  0.000000000e+00
  0.000000000e+00  0.000000000e+00  0.000000000e+00  0.000000000e+00
  0.000000000e+00  0.000000000e+00  0.000000000e+00  0.000000000e+00
  0.000000000e+00  0.000000000e+00  0.000000000e+00  0.000000000e+00
  0.000000000e+00  0.000000000e+00  0.000000000e+00  0.000000000e+00
  0.000000000e+00  0.000000000e+00  0.000000000e+00  0.000000000e+00
  0.000000000e+00
@R WBEAM 101 []
  0.000000000e+00  0.000000000e+00  0.000000000e+00  0.000000000e+00
  0.000000000e+00  0.000000000e+00  0.000000000e+00  0.000000000e+00
  0.000000000e+00  0.000000000e+00  0.000000000e+00  0.000000000e+00
  0.000000000e+00  0.000000000e+00  0.000000000e+00  0.000000000e+00
  0.000000000e+00  0.000000000e+00  0.000000000e+00  0.000000000e+00
  0.000000000e+00  0.000000000e+00  0.000000000e+00  0.000000000e+00
  0.000000000e+00  0.000000000e+00  0.000000000e+00  0.000000000e+00
  0.000000000e+00  0.000000000e+00  0.000000000e+00  0.000000000e+00
  0.000000000e+00  0.000000000e+00  0.000000000e+00  0.000000000e+00
  0.000000000e+00  0.000000000e+00  0.000000000e+00  0.000000000e+00
  0.000000000e+00  0.000000000e+00  0.000000000e+00  0.000000000e+00
  0.000000000e+00  0.000000000e+00  0.000000000e+00  0.000000000e+00
  0.000000000e+00  0.000000000e+00  0.000000000e+00  0.000000000e+00
  0.000000000e+00  0.000000000e+00  0.000000000e+00  0.000000000e+00
  0.000000000e+00  0.000000000e+00  0.000000000e+00  0.000000000e+00
  0.000000000e+00  0.000000000e+00  0.000000000e+00  0.000000000e+00
  0.000000000e+00  0.000000000e+00  0.000000000e+00  0.000000000e+00
  0.000000000e+00  0.000000000e+00  0.000000000e+00  0.000000000e+00
  0.000000000e+00  0.000000000e+00  0.000000000e+00  0.000000000e+00
  0.000000000e+00  0.000000000e+00  0.000000000e+00  0.000000000e+00
  0.000000000e+00  0.000000000e+00  0.000000000e+00  0.000000000e+00
  0.000000000e+00  0.000000000e+00  0.000000000e+00  0.000000000e+00
  0.000000000e+00  0.000000000e+00  0.000000000e+00  0.000000000e+00
  0.000000000e+00  0.000000000e+00  0.000000000e+00  0.000000000e+00
  0.000000000e+00  0.000000000e+00  0.000000000e+00  0.000000000e+00
  0.000000000e+00
@R QBEAME 101 []
  0.000000000e+00  0.000000000e+00  0.000000000e+00  0.000000000e+00
  0.000000000e+00  0.000000000e+00  0.000000000e+00  0.000000000e+00
  0.000000000e+00  0.000000000e+00  0.000000000e+00  0.000000000e+00
  0.000000000e+00  0.000000000e+00  0.000000000e+00  0.000000000e+00
  0.000000000e+00  0.000000000e+00  0.000000000e+00  0.000000000e+00
  0.000000000e+00  0.000000000e+00  0.000000000e+00  0.000000000e+00
  0.000000000e+00  0.000000000e+00  0.000000000e+00  0.000000000e+00
  0.000000000e+00  0.000000000e+00  0.000000000e+00  0.000000000e+00
  0.000000000e+00  0.000000000e+00  0.000000000e+00  0.000000000e+00
  0.000000000e+00  0.000000000e+00  0.000000000e+00  0.000000000e+00
  0.000000000e+00  0.000000000e+00  0.000000000e+00  0.000000000e+00
  0.000000000e+00  0.000000000e+00  0.000000000e+00  0.000000000e+00
  0.000000000e+00  0.000000000e+00  0.000000000e+00  0.000000000e+00
  0.000000000e+00  0.000000000e+00  0.000000000e+00  0.000000000e+00
  0.000000000e+00  0.000000000e+00  0.000000000e+00  0.000000000e+00
  0.000000000e+00  0.000000000e+00  0.000000000e+00  0.000000000e+00
  0.000000000e+00  0.000000000e+00  0.000000000e+00  0.000000000e+00
  0.000000000e+00  0.000000000e+00  0.000000000e+00  0.000000000e+00
  0.000000000e+00  0.000000000e+00  0.000000000e+00  0.000000000e+00
  0.000000000e+00  0.000000000e+00  0.000000000e+00  0.000000000e+00
  0.000000000e+00  0.000000000e+00  0.000000000e+00  0.000000000e+00
  0.000000000e+00  0.000000000e+00  0.000000000e+00  0.000000000e+00
  0.000000000e+00  0.000000000e+00  0.000000000e+00  0.000000000e+00
  0.000000000e+00  0.000000000e+00  0.000000000e+00  0.000000000e+00
  0.000000000e+00  0.000000000e+00  0.000000000e+00  0.000000000e+00
  0.000000000e+00
@R QBEAMI 101 []
  0.000000000e+00  0.000000000e+00  0.000000000e+00  0.000000000e+00
  0.000000000e+00  0.000000000e+00  0.000000000e+00  0.000000000e+00
  0.000000000e+00  0.000000000e+00  0.000000000e+00  0.000000000e+00
  0.000000000e+00  0.000000000e+00  0.000000000e+00  0.000000000e+00
  0.000000000e+00  0.000000000e+00  0.000000000e+00  0.000000000e+00
  0.000000000e+00  0.000000000e+00  0.000000000e+00  0.000000000e+00
  0.000000000e+00  0.000000000e+00  0.000000000e+00  0.000000000e+00
  0.000000000e+00  0.000000000e+00  0.000000000e+00  0.000000000e+00
  0.000000000e+00  0.000000000e+00  0.000000000e+00  0.000000000e+00
  0.000000000e+00  0.000000000e+00  0.000000000e+00  0.000000000e+00
  0.000000000e+00  0.000000000e+00  0.000000000e+00  0.000000000e+00
  0.000000000e+00  0.000000000e+00  0.000000000e+00  0.000000000e+00
  0.000000000e+00  0.000000000e+00  0.000000000e+00  0.000000000e+00
  0.000000000e+00  0.000000000e+00  0.000000000e+00  0.000000000e+00
  0.000000000e+00  0.000000000e+00  0.000000000e+00  0.000000000e+00
  0.000000000e+00  0.000000000e+00  0.000000000e+00  0.000000000e+00
  0.000000000e+00  0.000000000e+00  0.000000000e+00  0.000000000e+00
  0.000000000e+00  0.000000000e+00  0.000000000e+00  0.000000000e+00
  0.000000000e+00  0.000000000e+00  0.000000000e+00  0.000000000e+00
  0.000000000e+00  0.000000000e+00  0.000000000e+00  0.000000000e+00
  0.000000000e+00  0.000000000e+00  0.000000000e+00  0.000000000e+00
  0.000000000e+00  0.000000000e+00  0.000000000e+00  0.000000000e+00
  0.000000000e+00  0.000000000e+00  0.000000000e+00  0.000000000e+00
  0.000000000e+00  0.000000000e+00  0.000000000e+00  0.000000000e+00
  0.000000000e+00  0.000000000e+00  0.000000000e+00  0.000000000e+00
  0.000000000e+00
@R ENALP 101 []
  0.000000000e+00  0.000000000e+00  0.000000000e+00  0.000000000e+00
  0.000000000e+00  0.000000000e+00  0.000000000e+00  0.000000000e+00
  0.000000000e+00  0.000000000e+00  0.000000000e+00  0.000000000e+00
  0.000000000e+00  0.000000000e+00  0.000000000e+00  0.000000000e+00
  0.000000000e+00  0.000000000e+00  0.000000000e+00  0.000000000e+00
  0.000000000e+00  0.000000000e+00  0.000000000e+00  0.000000000e+00
  0.000000000e+00  0.000000000e+00  0.000000000e+00  0.000000000e+00
  0.000000000e+00  0.000000000e+00  0.000000000e+00  0.000000000e+00
  0.000000000e+00  0.000000000e+00  0.000000000e+00  0.000000000e+00
  0.000000000e+00  0.000000000e+00  0.000000000e+00  0.000000000e+00
  0.000000000e+00  0.000000000e+00  0.000000000e+00  0.000000000e+00
  0.000000000e+00  0.000000000e+00  0.000000000e+00  0.000000000e+00
  0.000000000e+00  0.000000000e+00  0.000000000e+00  0.000000000e+00
  0.000000000e+00  0.000000000e+00  0.000000000e+00  0.000000000e+00
  0.000000000e+00  0.000000000e+00  0.000000000e+00  0.000000000e+00
  0.000000000e+00  0.000000000e+00  0.000000000e+00  0.000000000e+00
  0.000000000e+00  0.000000000e+00  0.000000000e+00  0.000000000e+00
  0.000000000e+00  0.000000000e+00  0.000000000e+00  0.000000000e+00
  0.000000000e+00  0.000000000e+00  0.000000000e+00  0.000000000e+00
  0.000000000e+00  0.000000000e+00  0.000000000e+00  0.000000000e+00
  0.000000000e+00  0.000000000e+00  0.000000000e+00  0.000000000e+00
  0.000000000e+00  0.000000000e+00  0.000000000e+00  0.000000000e+00
  0.000000000e+00  0.000000000e+00  0.000000000e+00  0.000000000e+00
  0.000000000e+00  0.000000000e+00  0.000000000e+00  0.000000000e+00
  0.000000000e+00  0.000000000e+00  0.000000000e+00  0.000000000e+00
  0.000000000e+00
@R WALP 101 []
  0.000000000e+00  0.000000000e+00  0.000000000e+00  0.000000000e+00
  0.000000000e+00  0.000000000e+00  0.000000000e+00  0.000000000e+00
  0.000000000e+00  0.000000000e+00  0.000000000e+00  0.000000000e+00
  0.000000000e+00  0.000000000e+00  0.000000000e+00  0.000000000e+00
  0.000000000e+00  0.000000000e+00  0.000000000e+00  0.000000000e+00
  0.000000000e+00  0.000000000e+00  0.000000000e+00  0.000000000e+00
  0.000000000e+00  0.000000000e+00  0.000000000e+00  0.000000000e+00
  0.000000000e+00  0.000000000e+00  0.000000000e+00  0.000000000e+00
  0.000000000e+00  0.000000000e+00  0.000000000e+00  0.000000000e+00
  0.000000000e+00  0.000000000e+00  0.000000000e+00  0.000000000e+00
  0.000000000e+00  0.000000000e+00  0.000000000e+00  0.000000000e+00
  0.000000000e+00  0.000000000e+00  0.000000000e+00  0.000000000e+00
  0.000000000e+00  0.000000000e+00  0.000000000e+00  0.000000000e+00
  0.000000000e+00  0.000000000e+00  0.000000000e+00  0.000000000e+00
  0.000000000e+00  0.000000000e+00  0.000000000e+00  0.000000000e+00
  0.000000000e+00  0.000000000e+00  0.000000000e+00  0.000000000e+00
  0.000000000e+00  0.000000000e+00  0.000000000e+00  0.000000000e+00
  0.000000000e+00  0.000000000e+00  0.000000000e+00  0.000000000e+00
  0.000000000e+00  0.000000000e+00  0.000000000e+00  0.000000000e+00
  0.000000000e+00  0.000000000e+00  0.000000000e+00  0.000000000e+00
  0.000000000e+00  0.000000000e+00  0.000000000e+00  0.000000000e+00
  0.000000000e+00  0.000000000e+00  0.000000000e+00  0.000000000e+00
  0.000000000e+00  0.000000000e+00  0.000000000e+00  0.000000000e+00
  0.000000000e+00  0.000000000e+00  0.000000000e+00  0.000000000e+00
  0.000000000e+00  0.000000000e+00  0.000000000e+00  0.000000000e+00
  0.000000000e+00
@R QTFUSE 101 []
  1.545464205e+00  1.545507083e+00  1.545696621e+00  1.546166983e+00
  1.547067887e+00  1.548511653e+00  1.550344915e+00  1.551951827e+00
  1.552407457e+00  1.550670675e+00  1.545645066e+00  1.536511307e+00
  1.523103641e+00  1.505735381e+00  1.484884740e+00  1.461042730e+00
  1.434500161e+00  1.405391719e+00  1.373960845e+00  1.340621423e+00
  1.305891052e+00  1.270225464e+00  1.233874817e+00  1.196965178e+00
  1.159610913e+00  1.121905980e+00  1.083892966e+00  1.045616621e+00
  1.007176853e+00  9.687006531e-01  9.303047222e-01  8.920831750e-01
  8.541207976e-01  8.165102507e-01  7.793450800e-01  7.427135344e-01
  7.067104043e-01  6.714538876e-01  6.370776034e-01  6.037103544e-01
  5.714289998e-01  5.402329046e-01  5.101508964e-01  4.813027895e-01
  4.538165134e-01  4.277409472e-01  4.030018638e-01  3.794835034e-01
  3.571293647e-01  3.359094073e-01  3.157725878e-01  2.966372059e-01
  2.784163990e-01  2.610468697e-01  2.444783894e-01  2.286609062e-01
  2.135340344e-01  1.990327943e-01  1.851045985e-01  1.717100571e-01
  1.588574364e-01  1.466442005e-01  1.351857296e-01  1.245284762e-01
  1.146713441e-01  1.055878629e-01  9.721509232e-02  8.947844154e-02
  8.232174248e-02  7.570151693e-02  6.957772662e-02  6.391519234e-02
  5.868168479e-02  5.384538858e-02  4.937587152e-02  4.524517534e-02
  4.142767700e-02  3.789931432e-02  3.463723668e-02  3.162031391e-02
  2.882806147e-02  2.624071389e-02  2.384356569e-02  2.162768822e-02
  1.958559497e-02  1.771620177e-02  1.602557403e-02  1.450523192e-02
  1.312545650e-02  1.185412862e-02  1.021184062e-02  7.772418040e-03
  5.129919699e-03  2.949502535e-03  1.404960762e-03  5.208725513e-04
  1.386937567e-04  2.367178212e-05  2.143423122e-06  6.918583151e-08
  5.006981459e-10
@R QTFUSI 101 []
  6.576001910e-01  6.568751240e-01  6.547799748e-01  6.514902341e-01
  6.471968288e-01  6.420775443e-01  6.362300275e-01  6.296178318e-01
  6.221223859e-01  6.136037066e-01  6.039248291e-01  5.930241286e-01
  5.809623008e-01  5.678653269e-01  5.538806710e-01  5.391353193e-01
  5.236544289e-01  5.074171118e-01  4.904762916e-01  4.729570523e-01
  4.550323117e-01  4.368961175e-01  4.187018606e-01  4.005499825e-01
  3.825225256e-01  3.646923040e-01  3.471103226e-01  3.298133882e-01
  3.128407362e-01  2.962340540e-01  2.800267422e-01  2.642373997e-01
  2.488803682e-01  2.339771492e-01  2.195511409e-01  2.056244240e-01
  1.922229115e-01  1.793773280e-01  1.671167557e-01  1.554642895e-01
  1.444267535e-01  1.339886799e-01  1.241399911e-01  1.148915644e-01
  1.062542805e-01  9.821840571e-02  9.074480253e-02  8.378552750e-02
  7.730776614e-02  7.128596654e-02  6.569097390e-02  6.048831314e-02
  5.564399993e-02  5.113062873e-02  4.692482646e-02  4.300408769e-02
  3.934496070e-02  3.592537803e-02  3.272786193e-02  2.973825824e-02
  2.695139692e-02  2.437750967e-02  2.202726304e-02  1.989662857e-02
  1.797313070e-02  1.624096799e-02  1.467944524e-02  1.326759400e-02
  1.198911897e-02  1.083092761e-02  9.781274365e-03  8.829886195e-03
  7.967656205e-03  7.186182223e-03  6.477762531e-03  5.835487915e-03
  5.253196706e-03  4.725280065e-03  4.246548714e-03  3.812287265e-03
  3.418118191e-03  3.059979573e-03  2.734607814e-03  2.439580181e-03
  2.172770294e-03  1.932865603e-03  1.719399866e-03  1.530347882e-03
  1.361509718e-03  1.208674003e-03  1.015305811e-03  7.362140255e-04
  4.500350489e-04  2.346372763e-04  9.871483155e-05  3.130219375e-05
  6.852228178e-06  9.134863801e-07  6.015231507e-08  1.265450289e-09
  4.973039085e-12
@R QRFE 101 []
  1.422852963e-01  1.449282988e-01  1.558953659e-01  1.726260205e-01
  1.883088269e-01  2.043832410e-01  2.254018137e-01  2.492709523e-01
  2.636417972e-01  2.606058309e-01  2.520992650e-01  2.484629080e-01
  2.475920756e-01  2.467830958e-01  2.445039170e-01  2.369941230e-01
  2.201248832e-01  2.006860206e-01  1.881246160e-01  1.804018819e-01
  1.692650588e-01  1.531795114e-01  1.395803775e-01  1.325956094e-01
  1.261189534e-01  1.141488444e-01  1.000592677e-01  9.055026968e-02
  8.681995322e-02  8.250068156e-02  7.350887398e-02  6.722000270e-02
  6.814597854e-02  6.986940254e-02  6.762058686e-02  6.416852410e-02
  6.306485147e-02  6.275353332e-02  5.904045986e-02  5.257664229e-02
  4.664437413e-02  4.182072837e-02  3.687389924e-02  3.080714478e-02
  2.486890527e-02  2.068534615e-02  1.800705888e-02  1.557589590e-02
  1.312702003e-02  1.144372803e-02  1.082687976e-02  1.053790940e-02
  9.765413687e-03  8.723077486e-03  8.158853277e-03  8.136897677e-03
  8.140702609e-03  7.734960929e-03  7.233171838e-03  7.108358988e-03
  7.282053221e-03  7.611231074e-03  8.432131014e-03  1.108023804e-02
  2.255879383e-02  3.108900517e-02  2.252954882e-02  1.124393424e-02
  6.154146519e-03  3.973157349e-03  2.859559217e-03  2.268091446e-03
  1.898924916e-03  1.640185621e-03  1.341358890e-03  1.082097127e-03
  9.612452578e-04  8.812624081e-04  8.642180869e-04  8.683015743e-04
  7.938804658e-04  6.408866874e-04  4.394029635e-04  4.002361845e-04
  6.200661181e-04  8.539634136e-04  8.794953252e-04  6.201340926e-04
  2.594711480e-04  1.066044265e-04  1.921065574e-04  3.376838837e-04
  4.200994512e-04  3.681493088e-04  1.565425629e-04  4.393635268e-06
  1.175944368e-07  1.586882581e-08  1.395358055e-10 -1.844695487e-08
 -3.149384645e-08
@R QRFI 101 []
  1.489799025e+00  1.679404597e+00  2.180462697e+00  2.738646965e+00
  3.110903445e+00  3.360999807e+00  3.806089185e+00  4.683373014e+00
  5.742278843e+00  6.368394681e+00  6.290900945e+00  5.779574983e+00
  5.311194295e+00  5.073893025e+00  4.860761060e+00  4.537540586e+00
  4.112484258e+00  3.622060713e+00  3.120786743e+00  2.653866396e+00
  2.255512252e+00  1.954114428e+00  1.733003734e+00  1.544512622e+00
  1.379528576e+00  1.210097265e+00  1.010895082e+00  7.989827632e-01
  6.002043067e-01  4.383176234e-01  3.132903090e-01  2.177131838e-01
  1.501651599e-01  1.126056426e-01  9.935956655e-02  9.642567343e-02
  9.520575373e-02  9.189458370e-02  7.384841655e-02  5.025050902e-02
  3.912538106e-02  3.581249717e-02  3.543621923e-02  3.559204461e-02
  3.436394130e-02  3.168297558e-02  2.845868429e-02  2.534892715e-02
  2.265451348e-02  2.063939325e-02  1.949412517e-02  1.932351494e-02
  1.986688282e-02  2.010495647e-02  1.903215859e-02  1.624397995e-02
  1.228012622e-02  8.269396247e-03  5.259971524e-03  3.783539223e-03
  3.469662552e-03  3.294961085e-03  2.922254831e-03  2.538971510e-03
  2.691563531e-03  3.563288323e-03  4.120119745e-03  4.001417642e-03
  3.703554720e-03  3.421160890e-03  2.962992537e-03  2.225087240e-03
  1.585176099e-03  1.724575364e-03  2.899149960e-03  4.474543085e-03
  5.385738529e-03  4.995188766e-03  3.691992466e-03  2.357968078e-03
  1.517019041e-03  1.175870380e-03  1.069739322e-03  1.052313452e-03
  1.087702741e-03  1.093808756e-03  9.869027045e-04  8.732026807e-04
  1.055101507e-03  1.722950459e-03  2.654684746e-03  3.323491747e-03
  3.286600080e-03  2.548595356e-03  1.537117004e-03  7.220290675e-04
  3.318999218e-04  3.313945785e-04  7.366133953e-04  1.939826115e-03
  2.818408292e-03
@R QRAD 101 []
 -3.509633684e-01 -3.509394974e-01 -3.508700294e-01 -3.507596337e-01
 -3.506135636e-01 -3.504364953e-01 -3.502275333e-01 -3.499759555e-01
 -3.496646159e-01 -3.492741835e-01 -3.487845384e-01 -3.481813999e-01
 -3.474634287e-01 -3.466385090e-01 -3.457175773e-01 -3.447116235e-01
 -3.436261771e-01 -3.424642803e-01 -3.412319543e-01 -3.399385721e-01
 -3.385571689e-01 -3.370593942e-01 -3.354943800e-01 -3.339105371e-01
 -3.323155488e-01 -3.307164067e-01 -3.291193720e-01 -3.275316827e-01
 -3.259624163e-01 -3.244220580e-01 -3.229236689e-01 -3.214836251e-01
 -3.201171573e-01 -3.188350482e-01 -3.176458844e-01 -3.165580762e-01
 -3.155793403e-01 -3.147186700e-01 -3.139862697e-01 -3.133897606e-01
 -3.129049145e-01 -3.124588349e-01 -3.120074684e-01 -3.115859336e-01
 -3.112552339e-01 -3.110378376e-01 -3.108761899e-01 -3.106862122e-01
 -3.104384237e-01 -3.101393181e-01 -3.097913366e-01 -3.093708978e-01
 -3.088357681e-01 -3.081598540e-01 -3.073397152e-01 -3.063742485e-01
 -3.052271225e-01 -3.038157002e-01 -3.020382320e-01 -2.997869597e-01
 -2.970076440e-01 -2.938069176e-01 -2.903986124e-01 -2.869527775e-01
 -2.835869272e-01 -2.803965461e-01 -2.774250167e-01 -2.746705763e-01
 -2.721253038e-01 -2.697804972e-01 -2.676213926e-01 -2.656250795e-01
 -2.637555396e-01 -2.619713293e-01 -2.602412625e-01 -2.585498252e-01
 -2.568875656e-01 -2.552428942e-01 -2.536034663e-01 -2.519585368e-01
 -2.502961560e-01 -2.486064077e-01 -2.469004921e-01 -2.452157132e-01
 -2.435990953e-01 -2.421452218e-01 -2.410117388e-01 -2.402786182e-01
 -2.398695318e-01 -2.396446705e-01 -2.411242577e-01 -2.477356891e-01
 -2.634126189e-01 -2.941066684e-01 -3.359723836e-01 -3.602486660e-01
 -3.532082896e-01 -3.727139220e-01 -5.738116341e-01 -7.099010060e-01
 -6.739142516e-01
@R QOHM 101 []
  0.000000000e+00  0.000000000e+00  0.000000000e+00  0.000000000e+00
  0.000000000e+00  0.000000000e+00  0.000000000e+00  0.000000000e+00
  0.000000000e+00  0.000000000e+00  0.000000000e+00  0.000000000e+00
  0.000000000e+00  0.000000000e+00  0.000000000e+00  0.000000000e+00
  0.000000000e+00  0.000000000e+00  0.000000000e+00  0.000000000e+00
  0.000000000e+00  0.000000000e+00  0.000000000e+00  0.000000000e+00
  0.000000000e+00  0.000000000e+00  0.000000000e+00  0.000000000e+00
  0.000000000e+00  0.000000000e+00  0.000000000e+00  0.000000000e+00
  0.000000000e+00  0.000000000e+00  0.000000000e+00  0.000000000e+00
  0.000000000e+00  0.000000000e+00  0.000000000e+00  0.000000000e+00
  0.000000000e+00  0.000000000e+00  0.000000000e+00  0.000000000e+00
  0.000000000e+00  0.000000000e+00  0.000000000e+00  0.000000000e+00
  0.000000000e+00  0.000000000e+00  0.000000000e+00  0.000000000e+00
  0.000000000e+00  0.000000000e+00  0.000000000e+00  0.000000000e+00
  0.000000000e+00  0.000000000e+00  0.000000000e+00  0.000000000e+00
  0.000000000e+00  0.000000000e+00  0.000000000e+00  0.000000000e+00
  0.000000000e+00  0.000000000e+00  0.000000000e+00  0.000000000e+00
  0.000000000e+00  0.000000000e+00  0.000000000e+00  0.000000000e+00
  0.000000000e+00  0.000000000e+00  0.000000000e+00  0.000000000e+00
  0.000000000e+00  0.000000000e+00  0.000000000e+00  0.000000000e+00
  0.000000000e+00  0.000000000e+00  0.000000000e+00  0.000000000e+00
  0.000000000e+00  0.000000000e+00  0.000000000e+00  0.000000000e+00
  0.000000000e+00  0.000000000e+00  0.000000000e+00  0.000000000e+00
  0.000000000e+00  0.000000000e+00  0.000000000e+00  0.000000000e+00
  0.000000000e+00  0.000000000e+00  0.000000000e+00  0.000000000e+00
  0.000000000e+00
@R QIONE 101 []
  0.000000000e+00  0.000000000e+00  0.000000000e+00  0.000000000e+00
  0.000000000e+00  0.000000000e+00  0.000000000e+00  0.000000000e+00
  0.000000000e+00  0.000000000e+00  0.000000000e+00  0.000000000e+00
  0.000000000e+00  0.000000000e+00  0.000000000e+00  0.000000000e+00
  0.000000000e+00  0.000000000e+00  0.000000000e+00  0.000000000e+00
  0.000000000e+00  0.000000000e+00  0.000000000e+00  0.000000000e+00
  0.000000000e+00  0.000000000e+00  0.000000000e+00  0.000000000e+00
  0.000000000e+00  0.000000000e+00  0.000000000e+00  0.000000000e+00
  0.000000000e+00  0.000000000e+00  0.000000000e+00  0.000000000e+00
  0.000000000e+00  0.000000000e+00  0.000000000e+00  0.000000000e+00
  0.000000000e+00  0.000000000e+00  0.000000000e+00  0.000000000e+00
  0.000000000e+00  0.000000000e+00  0.000000000e+00  0.000000000e+00
  0.000000000e+00  0.000000000e+00  0.000000000e+00  0.000000000e+00
  0.000000000e+00  0.000000000e+00  0.000000000e+00  0.000000000e+00
  0.000000000e+00  0.000000000e+00  0.000000000e+00  0.000000000e+00
  0.000000000e+00  0.000000000e+00  0.000000000e+00  0.000000000e+00
  0.000000000e+00  0.000000000e+00  0.000000000e+00  0.000000000e+00
  0.000000000e+00  0.000000000e+00  0.000000000e+00  0.000000000e+00
  0.000000000e+00  0.000000000e+00  0.000000000e+00  0.000000000e+00
  0.000000000e+00  0.000000000e+00  0.000000000e+00  0.000000000e+00
  0.000000000e+00  0.000000000e+00  0.000000000e+00  0.000000000e+00
  0.000000000e+00  0.000000000e+00  0.000000000e+00  0.000000000e+00
  0.000000000e+00  0.000000000e+00  0.000000000e+00  0.000000000e+00
  0.000000000e+00  0.000000000e+00  0.000000000e+00  0.000000000e+00
  0.000000000e+00  0.000000000e+00  0.000000000e+00  0.000000000e+00
  0.000000000e+00
@R QIONI 101 []
  0.000000000e+00  0.000000000e+00  0.000000000e+00  0.000000000e+00
  0.000000000e+00  0.000000000e+00  0.000000000e+00  0.000000000e+00
  0.000000000e+00  0.000000000e+00  0.000000000e+00  0.000000000e+00
  0.000000000e+00  0.000000000e+00  0.000000000e+00  0.000000000e+00
  0.000000000e+00  0.000000000e+00  0.000000000e+00  0.000000000e+00
  0.000000000e+00  0.000000000e+00  0.000000000e+00  0.000000000e+00
  0.000000000e+00  0.000000000e+00  0.000000000e+00  0.000000000e+00
  0.000000000e+00  0.000000000e+00  0.000000000e+00  0.000000000e+00
  0.000000000e+00  0.000000000e+00  0.000000000e+00  0.000000000e+00
  0.000000000e+00  0.000000000e+00  0.000000000e+00  0.000000000e+00
  0.000000000e+00  0.000000000e+00  0.000000000e+00  0.000000000e+00
  0.000000000e+00  0.000000000e+00  0.000000000e+00  0.000000000e+00
  0.000000000e+00  0.000000000e+00  0.000000000e+00  0.000000000e+00
  0.000000000e+00  0.000000000e+00  0.000000000e+00  0.000000000e+00
  0.000000000e+00  0.000000000e+00  0.000000000e+00  0.000000000e+00
  0.000000000e+00  0.000000000e+00  0.000000000e+00  0.000000000e+00
  0.000000000e+00  0.000000000e+00  0.000000000e+00  0.000000000e+00
  0.000000000e+00  0.000000000e+00  0.000000000e+00  0.000000000e+00
  0.000000000e+00  0.000000000e+00  0.000000000e+00  0.000000000e+00
  0.000000000e+00  0.000000000e+00  0.000000000e+00  0.000000000e+00
  0.000000000e+00  0.000000000e+00  0.000000000e+00  0.000000000e+00
  0.000000000e+00  0.000000000e+00  0.000000000e+00  0.000000000e+00
  0.000000000e+00  0.000000000e+00  0.000000000e+00  0.000000000e+00
  0.000000000e+00  0.000000000e+00  0.000000000e+00  0.000000000e+00
  0.000000000e+00  0.000000000e+00  0.000000000e+00  0.000000000e+00
  0.000000000e+00
@R QCX 101 []
  0.000000000e+00  0.000000000e+00  0.000000000e+00  0.000000000e+00
  0.000000000e+00  0.000000000e+00  0.000000000e+00  0.000000000e+00
  0.000000000e+00  0.000000000e+00  0.000000000e+00  0.000000000e+00
  0.000000000e+00  0.000000000e+00  0.000000000e+00  0.000000000e+00
  0.000000000e+00  0.000000000e+00  0.000000000e+00  0.000000000e+00
  0.000000000e+00  0.000000000e+00  0.000000000e+00  0.000000000e+00
  0.000000000e+00  0.000000000e+00  0.000000000e+00  0.000000000e+00
  0.000000000e+00  0.000000000e+00  0.000000000e+00  0.000000000e+00
  0.000000000e+00  0.000000000e+00  0.000000000e+00  0.000000000e+00
  0.000000000e+00  0.000000000e+00  0.000000000e+00  0.000000000e+00
  0.000000000e+00  0.000000000e+00  0.000000000e+00  0.000000000e+00
  0.000000000e+00  0.000000000e+00  0.000000000e+00  0.000000000e+00
  0.000000000e+00  0.000000000e+00  0.000000000e+00  0.000000000e+00
  0.000000000e+00  0.000000000e+00  0.000000000e+00  0.000000000e+00
  0.000000000e+00  0.000000000e+00  0.000000000e+00  0.000000000e+00
  0.000000000e+00  0.000000000e+00  0.000000000e+00  0.000000000e+00
  0.000000000e+00  0.000000000e+00  0.000000000e+00  0.000000000e+00
  0.000000000e+00  0.000000000e+00  0.000000000e+00  0.000000000e+00
  0.000000000e+00  0.000000000e+00  0.000000000e+00  0.000000000e+00
  0.000000000e+00  0.000000000e+00  0.000000000e+00  0.000000000e+00
  0.000000000e+00  0.000000000e+00  0.000000000e+00  0.000000000e+00
  0.000000000e+00  0.000000000e+00  0.000000000e+00  0.000000000e+00
  0.000000000e+00  0.000000000e+00  0.000000000e+00  0.000000000e+00
  0.000000000e+00  0.000000000e+00  0.000000000e+00  0.000000000e+00
  0.000000000e+00  0.000000000e+00  0.000000000e+00  0.000000000e+00
  0.000000000e+00
@R STORQUEB 101 []
  0.000000000e+00  0.000000000e+00  0.000000000e+00  0.000000000e+00
  0.000000000e+00  0.000000000e+00  0.000000000e+00  0.000000000e+00
  0.000000000e+00  0.000000000e+00  0.000000000e+00  0.000000000e+00
  0.000000000e+00  0.000000000e+00  0.000000000e+00  0.000000000e+00
  0.000000000e+00  0.000000000e+00  0.000000000e+00  0.000000000e+00
  0.000000000e+00  0.000000000e+00  0.000000000e+00  0.000000000e+00
  0.000000000e+00  0.000000000e+00  0.000000000e+00  0.000000000e+00
  0.000000000e+00  0.000000000e+00  0.000000000e+00  0.000000000e+00
  0.000000000e+00  0.000000000e+00  0.000000000e+00  0.000000000e+00
  0.000000000e+00  0.000000000e+00  0.000000000e+00  0.000000000e+00
  0.000000000e+00  0.000000000e+00  0.000000000e+00  0.000000000e+00
  0.000000000e+00  0.000000000e+00  0.000000000e+00  0.000000000e+00
  0.000000000e+00  0.000000000e+00  0.000000000e+00  0.000000000e+00
  0.000000000e+00  0.000000000e+00  0.000000000e+00  0.000000000e+00
  0.000000000e+00  0.000000000e+00  0.000000000e+00  0.000000000e+00
  0.000000000e+00  0.000000000e+00  0.000000000e+00  0.000000000e+00
  0.000000000e+00  0.000000000e+00  0.000000000e+00  0.000000000e+00
  0.000000000e+00  0.000000000e+00  0.000000000e+00  0.000000000e+00
  0.000000000e+00  0.000000000e+00  0.000000000e+00  0.000000000e+00
  0.000000000e+00  0.000000000e+00  0.000000000e+00  0.000000000e+00
  0.000000000e+00  0.000000000e+00  0.000000000e+00  0.000000000e+00
  0.000000000e+00  0.000000000e+00  0.000000000e+00  0.000000000e+00
  0.000000000e+00  0.000000000e+00  0.000000000e+00  0.000000000e+00
  0.000000000e+00  0.000000000e+00  0.000000000e+00  0.000000000e+00
  0.000000000e+00  0.000000000e+00  0.000000000e+00  0.000000000e+00
  0.000000000e+00
@R STORQUE 101 []
  0.000000000e+00  0.000000000e+00  0.000000000e+00  0.000000000e+00
  0.000000000e+00  0.000000000e+00  0.000000000e+00  0.000000000e+00
  0.000000000e+00  0.000000000e+00  0.000000000e+00  0.000000000e+00
  0.000000000e+00  0.000000000e+00  0.000000000e+00  0.000000000e+00
  0.000000000e+00  0.000000000e+00  0.000000000e+00  0.000000000e+00
  0.000000000e+00  0.000000000e+00  0.000000000e+00  0.000000000e+00
  0.000000000e+00  0.000000000e+00  0.000000000e+00  0.000000000e+00
  0.000000000e+00  0.000000000e+00  0.000000000e+00  0.000000000e+00
  0.000000000e+00  0.000000000e+00  0.000000000e+00  0.000000000e+00
  0.000000000e+00  0.000000000e+00  0.000000000e+00  0.000000000e+00
  0.000000000e+00  0.000000000e+00  0.000000000e+00  0.000000000e+00
  0.000000000e+00  0.000000000e+00  0.000000000e+00  0.000000000e+00
  0.000000000e+00  0.000000000e+00  0.000000000e+00  0.000000000e+00
  0.000000000e+00  0.000000000e+00  0.000000000e+00  0.000000000e+00
  0.000000000e+00  0.000000000e+00  0.000000000e+00  0.000000000e+00
  0.000000000e+00  0.000000000e+00  0.000000000e+00  0.000000000e+00
  0.000000000e+00  0.000000000e+00  0.000000000e+00  0.000000000e+00
  0.000000000e+00  0.000000000e+00  0.000000000e+00  0.000000000e+00
  0.000000000e+00  0.000000000e+00  0.000000000e+00  0.000000000e+00
  0.000000000e+00  0.000000000e+00  0.000000000e+00  0.000000000e+00
  0.000000000e+00  0.000000000e+00  0.000000000e+00  0.000000000e+00
  0.000000000e+00  0.000000000e+00  0.000000000e+00  0.000000000e+00
  0.000000000e+00  0.000000000e+00  0.000000000e+00  0.000000000e+00
  0.000000000e+00  0.000000000e+00  0.000000000e+00  0.000000000e+00
  0.000000000e+00  0.000000000e+00  0.000000000e+00  0.000000000e+00
  0.000000000e+00
@R SION 101 []
  9.526547386e-30  5.438302146e-29  5.463128009e-28  5.274265499e-27
  4.893601631e-26  4.363601784e-25  3.739517397e-24  3.079953076e-23
  2.438007358e-22  1.854781061e-21  1.356192491e-20  9.530708976e-20
  6.437373196e-19  4.179039416e-18  2.607552411e-17  1.563808637e-16
  9.014288624e-16  4.994400347e-15  2.659761762e-14  1.361490794e-13
  6.698933616e-13  3.168246474e-12  1.440323773e-11  6.294113944e-11
  2.643917931e-10  1.067590835e-09  4.143909407e-09  1.546214562e-08
  5.546113232e-08  1.912372397e-07  6.339079003e-07  2.020016327e-06
  6.188189830e-06  1.822457746e-05  5.159903275e-05  1.404500342e-04
  3.675382745e-04  9.246736229e-04  2.236579872e-03  5.201100830e-03
  1.162855799e-02  2.499647016e-02  5.166046486e-02  1.026527654e-01
  1.961180216e-01  3.602501143e-01  6.362597902e-01  1.080467219e+00
  1.764168367e+00  2.769631663e+00  4.180819156e+00  6.068207718e+00
  8.468796279e+00  1.136443446e+01  1.466356945e+01  1.819283547e+01
  2.170351519e+01  2.489598192e+01  2.745999402e+01  2.912346830e+01
  2.970006421e+01  2.912359566e+01  2.746027363e+01  2.489635445e+01
  2.170391128e+01  1.819326770e+01  1.466398403e+01  1.136475664e+01
  8.469036836e+00  6.068370388e+00  4.180920775e+00  2.769685641e+00
  1.764190921e+00  1.080474271e+00  6.362592472e-01  3.602478369e-01
  1.961157049e-01  1.026510725e-01  5.165960312e-02  2.499603246e-02
  1.162838736e-02  5.201062138e-03  2.236577041e-03  9.246778361e-04
  3.675419900e-04  1.404520867e-04  5.159988814e-05  1.822481885e-05
  6.188227916e-06  2.020010709e-06  6.339003593e-07  1.912335727e-07
  5.545978287e-08  1.546171312e-08  4.143782657e-09  1.067557038e-09
  2.643837614e-10  6.293945059e-11  1.440290907e-11  3.168183924e-12
  1.112209213e-12
@R CHIE 101 []
  0.000000000e+00  0.000000000e+00  0.000000000e+00  0.000000000e+00
  0.000000000e+00  0.000000000e+00  0.000000000e+00  0.000000000e+00
  0.000000000e+00  0.000000000e+00  0.000000000e+00  0.000000000e+00
  0.000000000e+00  0.000000000e+00  0.000000000e+00  0.000000000e+00
  0.000000000e+00  0.000000000e+00  0.000000000e+00  0.000000000e+00
  0.000000000e+00  0.000000000e+00  0.000000000e+00  0.000000000e+00
  0.000000000e+00  0.000000000e+00  0.000000000e+00  0.000000000e+00
  0.000000000e+00  0.000000000e+00  0.000000000e+00  0.000000000e+00
  0.000000000e+00  0.000000000e+00  0.000000000e+00  0.000000000e+00
  0.000000000e+00  0.000000000e+00  0.000000000e+00  0.000000000e+00
  0.000000000e+00  0.000000000e+00  0.000000000e+00  0.000000000e+00
  0.000000000e+00  0.000000000e+00  0.000000000e+00  0.000000000e+00
  0.000000000e+00  0.000000000e+00  0.000000000e+00  0.000000000e+00
  0.000000000e+00  0.000000000e+00  0.000000000e+00  0.000000000e+00
  0.000000000e+00  0.000000000e+00  0.000000000e+00  0.000000000e+00
  0.000000000e+00  0.000000000e+00  0.000000000e+00  0.000000000e+00
  0.000000000e+00  0.000000000e+00  0.000000000e+00  0.000000000e+00
  0.000000000e+00  0.000000000e+00  0.000000000e+00  0.000000000e+00
  0.000000000e+00  0.000000000e+00  0.000000000e+00  0.000000000e+00
  0.000000000e+00  0.000000000e+00  0.000000000e+00  0.000000000e+00
  0.000000000e+00  0.000000000e+00  0.000000000e+00  0.000000000e+00
  0.000000000e+00  0.000000000e+00  0.000000000e+00  0.000000000e+00
  0.000000000e+00  0.000000000e+00  0.000000000e+00  0.000000000e+00
  0.000000000e+00  0.000000000e+00  0.000000000e+00  0.000000000e+00
  0.000000000e+00  0.000000000e+00  0.000000000e+00  0.000000000e+00
  0.000000000e+00
@R CHII 101 []
  0.000000000e+00  0.000000000e+00  0.000000000e+00  0.000000000e+00
  0.000000000e+00  0.000000000e+00  0.000000000e+00  0.000000000e+00
  0.000000000e+00  0.000000000e+00  0.000000000e+00  0.000000000e+00
  0.000000000e+00  0.000000000e+00  0.000000000e+00  0.000000000e+00
  0.000000000e+00  0.000000000e+00  0.000000000e+00  0.000000000e+00
  0.000000000e+00  0.000000000e+00  0.000000000e+00  0.000000000e+00
  0.000000000e+00  0.000000000e+00  0.000000000e+00  0.000000000e+00
  0.000000000e+00  0.000000000e+00  0.000000000e+00  0.000000000e+00
  0.000000000e+00  0.000000000e+00  0.000000000e+00  0.000000000e+00
  0.000000000e+00  0.000000000e+00  0.000000000e+00  0.000000000e+00
  0.000000000e+00  0.000000000e+00  0.000000000e+00  0.000000000e+00
  0.000000000e+00  0.000000000e+00  0.000000000e+00  0.000000000e+00
  0.000000000e+00  0.000000000e+00  0.000000000e+00  0.000000000e+00
  0.000000000e+00  0.000000000e+00  0.000000000e+00  0.000000000e+00
  0.000000000e+00  0.000000000e+00  0.000000000e+00  0.000000000e+00
  0.000000000e+00  0.000000000e+00  0.000000000e+00  0.000000000e+00
  0.000000000e+00  0.000000000e+00  0.000000000e+00  0.000000000e+00
  0.000000000e+00  0.000000000e+00  0.000000000e+00  0.000000000e+00
  0.000000000e+00  0.000000000e+00  0.000000000e+00  0.000000000e+00
  0.000000000e+00  0.000000000e+00  0.000000000e+00  0.000000000e+00
  0.000000000e+00  0.000000000e+00  0.000000000e+00  0.000000000e+00
  0.000000000e+00  0.000000000e+00  0.000000000e+00  0.000000000e+00
  0.000000000e+00  0.000000000e+00  0.000000000e+00  0.000000000e+00
  0.000000000e+00  0.000000000e+00  0.000000000e+00  0.000000000e+00
  0.000000000e+00  0.000000000e+00  0.000000000e+00  0.000000000e+00
  0.000000000e+00
