@R IP 1 []
  9.999999995e+06
@R BCENTR 1 []
  1.100000000e+01
@R RMAJOR 1 []
  4.550000000e+00
@R AMINOR 1 []
  1.107513280e+00
@R KAPPA 1 []
  1.343911974e+00
@R DELTA 1 []
 -3.141804423e-01
@I NRHO 1 []
              101
@R RHOB 1 []
  1.262799316e+00
@R RHO 101 []
  0.000000000e+00  1.000000000e-02  2.000000000e-02  3.000000000e-02
  4.000000000e-02  5.000000000e-02  6.000000000e-02  7.000000000e-02
  8.000000000e-02  9.000000000e-02  1.000000000e-01  1.100000000e-01
  1.200000000e-01  1.300000000e-01  1.400000000e-01  1.500000000e-01
  1.600000000e-01  1.700000000e-01  1.800000000e-01  1.900000000e-01
  2.000000000e-01  2.100000000e-01  2.200000000e-01  2.300000000e-01
  2.400000000e-01  2.500000000e-01  2.600000000e-01  2.700000000e-01
  2.800000000e-01  2.900000000e-01  3.000000000e-01  3.100000000e-01
  3.200000000e-01  3.300000000e-01  3.400000000e-01  3.500000000e-01
  3.600000000e-01  3.700000000e-01  3.800000000e-01  3.900000000e-01
  4.000000000e-01  4.100000000e-01  4.200000000e-01  4.300000000e-01
  4.400000000e-01  4.500000000e-01  4.600000000e-01  4.700000000e-01
  4.800000000e-01  4.900000000e-01  5.000000000e-01  5.100000000e-01
  5.200000000e-01  5.300000000e-01  5.400000000e-01  5.500000000e-01
  5.600000000e-01  5.700000000e-01  5.800000000e-01  5.900000000e-01
  6.000000000e-01  6.100000000e-01  6.200000000e-01  6.300000000e-01
  6.400000000e-01  6.500000000e-01  6.600000000e-01  6.700000000e-01
  6.800000000e-01  6.900000000e-01  7.000000000e-01  7.100000000e-01
  7.200000000e-01  7.300000000e-01  7.400000000e-01  7.500000000e-01
  7.600000000e-01  7.700000000e-01  7.800000000e-01  7.900000000e-01
  8.000000000e-01  8.100000000e-01  8.200000000e-01  8.300000000e-01
  8.400000000e-01  8.500000000e-01  8.600000000e-01  8.700000000e-01
  8.800000000e-01  8.900000000e-01  9.000000000e-01  9.100000000e-01
  9.200000000e-01  9.300000000e-01  9.400000000e-01  9.500000000e-01
  9.600000000e-01  9.700000000e-01  9.800000000e-01  9.900000000e-01
  1.000000000e+00
@R VOLP 101 []
  0.000000000e+00  2.423762400e+00  4.847385026e+00  7.270726793e+00
  9.693651247e+00  1.211602249e+01  1.453770115e+01  1.695855730e+01
  1.937846564e+01  2.179729649e+01  2.421492834e+01  2.663124774e+01
  2.904613934e+01  3.145949458e+01  3.387121616e+01  3.628120572e+01
  3.868936819e+01  4.109562440e+01  4.349989827e+01  4.590211210e+01
  4.830220023e+01  5.070010870e+01  5.309578010e+01  5.548916272e+01
  5.788021971e+01  6.026891406e+01  6.265520916e+01  6.503908060e+01
  6.742050493e+01  6.979944421e+01  7.217587795e+01  7.454981175e+01
  7.692124122e+01  7.929014698e+01  8.165651260e+01  8.402032103e+01
  8.638155108e+01  8.874019513e+01  9.109623262e+01  9.344961253e+01
  9.580027464e+01  9.814814281e+01  1.004931392e+02  1.028351945e+02
  1.051742512e+02  1.075102648e+02  1.098431846e+02  1.121729522e+02
  1.144995230e+02  1.168228433e+02  1.191428427e+02  1.214594524e+02
  1.237726041e+02  1.260821892e+02  1.283880960e+02  1.306902114e+02
  1.329884057e+02  1.352825404e+02  1.375724864e+02  1.398581431e+02
  1.421394153e+02  1.444162063e+02  1.466884469e+02  1.489560867e+02
  1.512190619e+02  1.534773145e+02  1.557308110e+02  1.579795105e+02
  1.602233413e+02  1.624622207e+02  1.646960713e+02  1.669248127e+02
  1.691483543e+02  1.713666289e+02  1.735796138e+02  1.757872937e+02
  1.779896832e+02  1.801868532e+02  1.823789133e+02  1.845659861e+02
  1.867481798e+02  1.889255578e+02  1.910980989e+02  1.932656530e+02
  1.954280778e+02  1.975855972e+02  1.997387068e+02  2.018873339e+02
  2.040288867e+02  2.061561158e+02  2.082557619e+02  2.103138520e+02
  2.123254240e+02  2.142944219e+02  2.162309304e+02  2.181461990e+02
  2.200570851e+02  2.220001671e+02  2.240485076e+02  2.262704765e+02
  2.286966894e+02
@R IPOL 101 []
  1.017025397e+00  1.017023149e+00  1.017016398e+00  1.017005116e+00
  1.016989262e+00  1.016968776e+00  1.016943584e+00  1.016913595e+00
  1.016878706e+00  1.016838801e+00  1.016793752e+00  1.016743422e+00
  1.016687661e+00  1.016626312e+00  1.016559205e+00  1.016486169e+00
  1.016407013e+00  1.016321569e+00  1.016229650e+00  1.016131089e+00
  1.016025692e+00  1.015913289e+00  1.015793722e+00  1.015666821e+00
  1.015532435e+00  1.015390426e+00  1.015240674e+00  1.015083066e+00
  1.014917513e+00  1.014744004e+00  1.014562541e+00  1.014373011e+00
  1.014175293e+00  1.013969428e+00  1.013755566e+00  1.013533823e+00
  1.013304268e+00  1.013066997e+00  1.012822226e+00  1.012570253e+00
  1.012311416e+00  1.012046097e+00  1.011774685e+00  1.011497546e+00
  1.011214965e+00  1.010927260e+00  1.010634729e+00  1.010337643e+00
  1.010036374e+00  1.009731227e+00  1.009422585e+00  1.009110795e+00
  1.008796309e+00  1.008479557e+00  1.008161051e+00  1.007841268e+00
  1.007520745e+00  1.007200013e+00  1.006879528e+00  1.006559753e+00
  1.006241124e+00  1.005924028e+00  1.005608833e+00  1.005295924e+00
  1.004985663e+00  1.004678412e+00  1.004374529e+00  1.004074409e+00
  1.003778498e+00  1.003487245e+00  1.003201121e+00  1.002920635e+00
  1.002646271e+00  1.002378486e+00  1.002117705e+00  1.001864357e+00
  1.001618847e+00  1.001381564e+00  1.001152878e+00  1.000933171e+00
  1.000722851e+00  1.000522352e+00  1.000332198e+00  1.000153047e+00
  9.999857316e-01  9.998313187e-01  9.996912019e-01  9.995672924e-01
  9.994619599e-01  9.993786112e-01  9.993292850e-01  9.993271606e-01
  9.993703783e-01  9.994512230e-01  9.995613044e-01  9.996856024e-01
  9.998055357e-01  9.999049873e-01  9.999757555e-01  1.000015299e+00
  1.000000000e+00
@R G11 101 []
  0.000000000e+00  2.439462890e+00  4.878964861e+00  7.318698373e+00
  9.759082387e+00  1.219984139e+01  1.464096867e+01  1.708238360e+01
  1.952415443e+01  2.196701125e+01  2.441114334e+01  2.685561520e+01
  2.930165632e+01  3.174724995e+01  3.419608539e+01  3.663876057e+01
  3.908476206e+01  4.153440628e+01  4.398906727e+01  4.644853671e+01
  4.889714856e+01  5.135979521e+01  5.382390252e+01  5.628235429e+01
  5.874209831e+01  6.120811654e+01  6.367836214e+01  6.614796886e+01
  6.861908256e+01  7.109196551e+01  7.356694375e+01  7.604406362e+01
  7.852358501e+01  8.100578823e+01  8.349181146e+01  8.598092747e+01
  8.846826782e+01  9.095622251e+01  9.344960975e+01  9.595350709e+01
  9.845545782e+01  1.009503275e+02  1.034634516e+02  1.059775342e+02
  1.084831342e+02  1.110105795e+02  1.135294632e+02  1.160581188e+02
  1.185901442e+02  1.211266356e+02  1.236687306e+02  1.262156520e+02
  1.287702445e+02  1.313251296e+02  1.338990260e+02  1.364615281e+02
  1.390467795e+02  1.416348951e+02  1.442224014e+02  1.468344769e+02
  1.494476295e+02  1.520614628e+02  1.546980738e+02  1.573476922e+02
  1.599951902e+02  1.626565590e+02  1.653404312e+02  1.680355772e+02
  1.707382966e+02  1.734516260e+02  1.761874205e+02  1.789457799e+02
  1.817170089e+02  1.845047887e+02  1.873087037e+02  1.901373572e+02
  1.929958802e+02  1.958778160e+02  1.987830353e+02  2.017142493e+02
  2.046718845e+02  2.076669956e+02  2.107044391e+02  2.137780370e+02
  2.168910341e+02  2.200447277e+02  2.232470098e+02  2.265137089e+02
  2.298456594e+02  2.332488211e+02  2.367416710e+02  2.403617348e+02
  2.441233486e+02  2.480055547e+02  2.520043694e+02  2.561481930e+02
  2.604246704e+02  2.647897792e+02  2.692791069e+02  2.739023909e+02
  2.786734167e+02
@R G22 101 []
  0.000000000e+00  1.249693150e-02  2.499420049e-02  3.749293240e-02
  4.999542847e-02  6.250041604e-02  7.500798480e-02  8.751789310e-02
  1.000306582e-01  1.125501488e-01  1.250775039e-01  1.376081193e-01
  1.501484452e-01  1.626883213e-01  1.752468716e-01  1.877760857e-01
  2.003247607e-01  2.128947499e-01  2.254933341e-01  2.381196147e-01
  2.506935297e-01  2.633429626e-01  2.760036515e-01  2.886393392e-01
  3.012859478e-01  3.139692828e-01  3.266790693e-01  3.393906395e-01
  3.521152754e-01  3.648545062e-01  3.776102892e-01  3.903832297e-01
  4.031749190e-01  4.159870139e-01  4.288256453e-01  4.416873181e-01
  4.545471982e-01  4.674178405e-01  4.803242508e-01  4.932926254e-01
  5.062589965e-01  5.191970157e-01  5.322370149e-01  5.452900947e-01
  5.583078246e-01  5.714464929e-01  5.845497147e-01  5.977120081e-01
  6.109005888e-01  6.241213034e-01  6.373799897e-01  6.506727855e-01
  6.640144251e-01  6.773668159e-01  6.908263500e-01  7.042361190e-01
  7.177721574e-01  7.313315959e-01  7.448963317e-01  7.585963472e-01
  7.723102368e-01  7.860358018e-01  7.998872457e-01  8.138141290e-01
  8.277381147e-01  8.417417764e-01  8.558697578e-01  8.700638450e-01
  8.843045154e-01  8.986069916e-01  9.130322107e-01  9.275801212e-01
  9.421996921e-01  9.569092051e-01  9.717058297e-01  9.866334124e-01
  1.001717698e+00  1.016924426e+00  1.032252187e+00  1.047714042e+00
  1.063310730e+00  1.079097599e+00  1.095097052e+00  1.111273414e+00
  1.127640004e+00  1.144201976e+00  1.160999896e+00  1.178111255e+00
  1.195520742e+00  1.213213962e+00  1.231219621e+00  1.249668340e+00
  1.268604330e+00  1.287929275e+00  1.307664038e+00  1.327992320e+00
  1.348907207e+00  1.370333371e+00  1.392753877e+00  1.416434551e+00
  1.441459025e+00
@R G33 101 []
  9.201942188e-01  9.202050003e-01  9.202376434e-01  9.202922452e-01
  9.203684108e-01  9.204660734e-01  9.205854877e-01  9.207263131e-01
  9.208882210e-01  9.210712768e-01  9.212752713e-01  9.214998533e-01
  9.217449101e-01  9.220102239e-01  9.222953930e-01  9.226002018e-01
  9.229244756e-01  9.232677515e-01  9.236296653e-01  9.240099845e-01
  9.244083573e-01  9.248243039e-01  9.252575163e-01  9.257076864e-01
  9.261743371e-01  9.266570821e-01  9.271556008e-01  9.276694594e-01
  9.281982716e-01  9.287418393e-01  9.292997647e-01  9.298714815e-01
  9.304566407e-01  9.310549798e-01  9.316661323e-01  9.322897996e-01
  9.329257962e-01  9.335737858e-01  9.342334822e-01  9.349048413e-01
  9.355878515e-01  9.362825889e-01  9.369891018e-01  9.377073486e-01
  9.384372338e-01  9.391785081e-01  9.399309906e-01  9.406945871e-01
  9.414689838e-01  9.422540046e-01  9.430495236e-01  9.438554251e-01
  9.446714755e-01  9.454977523e-01  9.463342480e-01  9.471809669e-01
  9.480379479e-01  9.489052596e-01  9.497829462e-01  9.506708194e-01
  9.515686698e-01  9.524763305e-01  9.533934654e-01  9.543196022e-01
  9.552543836e-01  9.561974163e-01  9.571481656e-01  9.581061141e-01
  9.590708943e-01  9.600421915e-01  9.610196390e-01  9.620028427e-01
  9.629914866e-01  9.639851438e-01  9.649831682e-01  9.659848794e-01
  9.669894711e-01  9.679958694e-01  9.690028397e-01  9.700091104e-01
  9.710134913e-01  9.720150330e-01  9.730131489e-01  9.740077727e-01
  9.749986033e-01  9.759832774e-01  9.769578316e-01  9.779206437e-01
  9.788817107e-01  9.798716766e-01  9.809397650e-01  9.821352405e-01
  9.834783996e-01  9.849540030e-01  9.865204052e-01  9.881388827e-01
  9.897506857e-01  9.912088468e-01  9.922018236e-01  9.924442738e-01
  9.918490768e-01
@R GRADRHO 101 []
  1.007073466e+00  9.993866072e-01  9.993989998e-01  9.994304172e-01
  9.994950315e-01  9.995648523e-01  9.996387905e-01  9.997149399e-01
  9.997969739e-01  9.999016991e-01  1.000027443e+00  1.000152575e+00
  1.000299068e+00  1.000431477e+00  1.000608187e+00  1.000692554e+00
  1.000823650e+00  1.000997762e+00  1.001224281e+00  1.001492803e+00
  1.001636955e+00  1.001917679e+00  1.002199369e+00  1.002418817e+00
  1.002643371e+00  1.002913189e+00  1.003206740e+00  1.003484729e+00
  1.003764569e+00  1.004047716e+00  1.004336027e+00  1.004629275e+00
  1.004928469e+00  1.005234566e+00  1.005553784e+00  1.005880585e+00
  1.006186411e+00  1.006486068e+00  1.006805932e+00  1.007170946e+00
  1.007513842e+00  1.007810735e+00  1.008188330e+00  1.008558505e+00
  1.008877806e+00  1.009287457e+00  1.009646097e+00  1.010036559e+00
  1.010429417e+00  1.010828923e+00  1.011239006e+00  1.011655729e+00
  1.012089687e+00  1.012511286e+00  1.012991750e+00  1.013414754e+00
  1.013907684e+00  1.014395316e+00  1.014865404e+00  1.015405558e+00
  1.015931852e+00  1.016443008e+00  1.017011800e+00  1.017603123e+00
  1.018166863e+00  1.018753368e+00  1.019387198e+00  1.020031035e+00
  1.020672088e+00  1.021318067e+00  1.022001788e+00  1.022720403e+00
  1.023443366e+00  1.024178752e+00  1.024922751e+00  1.025695863e+00
  1.026507755e+00  1.027336759e+00  1.028178462e+00  1.029035424e+00
  1.029903804e+00  1.030805971e+00  1.031747697e+00  1.032707837e+00
  1.033688402e+00  1.034685163e+00  1.035707694e+00  1.036782682e+00
  1.037906418e+00  1.039095953e+00  1.040412162e+00  1.041961291e+00
  1.043769630e+00  1.045763100e+00  1.047888829e+00  1.050151238e+00
  1.052451524e+00  1.054576766e+00  1.056313111e+00  1.057328720e+00
  1.057454722e+00
@R AREA 101 []
  0.000000000e+00  2.422383734e+00  4.844704065e+00  7.266972521e+00
  9.689085983e+00  1.211097171e+01  1.453262038e+01  1.695400893e+01
  1.937513602e+01  2.179594562e+01  2.421637488e+01  2.663638234e+01
  2.905596169e+01  3.147505046e+01  3.389368985e+01  3.631176527e+01
  3.872960358e+01  4.114676132e+01  4.356345864e+01  4.597923173e+01
  4.839446451e+01  5.080903042e+01  5.322271949e+01  5.563568484e+01
  5.804797551e+01  6.045954883e+01  6.287029258e+01  6.528023675e+01
  6.768939902e+01  7.009778591e+01  7.250539922e+01  7.491224171e+01
  7.731831596e+01  7.972362387e+01  8.212816309e+01  8.453192230e+01
  8.693493775e+01  8.933728486e+01  9.173895709e+01  9.413991709e+01
  9.654011468e+01  9.893972815e+01  1.013387374e+02  1.037370100e+02
  1.061347433e+02  1.085319041e+02  1.109283920e+02  1.133244486e+02
  1.157198518e+02  1.181148722e+02  1.205092994e+02  1.229033970e+02
  1.252969613e+02  1.276902542e+02  1.300831066e+02  1.324756768e+02
  1.348680118e+02  1.372600265e+02  1.396519212e+02  1.420436472e+02
  1.444352136e+02  1.468267780e+02  1.492183737e+02  1.516099701e+02
  1.540017056e+02  1.563937095e+02  1.587859985e+02  1.611786309e+02
  1.635717484e+02  1.659654915e+02  1.683599827e+02  1.707552775e+02
  1.731515283e+02  1.755489075e+02  1.779475977e+02  1.803477924e+02
  1.827496401e+02  1.851533441e+02  1.875591605e+02  1.899673698e+02
  1.923782802e+02  1.947922233e+02  1.972094989e+02  1.996304865e+02
  2.020556184e+02  2.044853737e+02  2.069202962e+02  2.093609390e+02
  2.118078659e+02  2.142616460e+02  2.167226726e+02  2.191910367e+02
  2.216665316e+02  2.241491510e+02  2.266392082e+02  2.291373644e+02
  2.316446242e+02  2.341630430e+02  2.366963786e+02  2.392515525e+02
  2.418384754e+02
@R A 101 []
  0.000000000e+00  1.129224312e-02  2.258451521e-02  3.387653980e-02
  4.516823145e-02  5.645975877e-02  6.775111568e-02  7.904216492e-02
  9.033301607e-02  1.016235669e-01  1.129135891e-01  1.242030932e-01
  1.354921420e-01  1.467804132e-01  1.580682902e-01  1.693553870e-01
  1.806432228e-01  1.919297686e-01  2.032161736e-01  2.145002728e-01
  2.257838421e-01  2.370663804e-01  2.483468693e-01  2.596259500e-01
  2.709038953e-01  2.821804845e-01  2.934550634e-01  3.047277045e-01
  3.159984544e-01  3.272672053e-01  3.385338352e-01  3.497982880e-01
  3.610604446e-01  3.723201175e-01  3.835771359e-01  3.948312768e-01
  4.060824854e-01  4.173308931e-01  4.285762944e-01  4.398183010e-01
  4.510564006e-01  4.622912076e-01  4.735224220e-01  4.847491489e-01
  4.959720488e-01  5.071907332e-01  5.184044405e-01  5.296139738e-01
  5.408179952e-01  5.520174457e-01  5.632109756e-01  5.743994249e-01
  5.855814678e-01  5.967579406e-01  6.079276093e-01  6.190907715e-01
  6.302472230e-01  6.413960824e-01  6.525377722e-01  6.636715807e-01
  6.747970163e-01  6.859142147e-01  6.970227084e-01  7.081217207e-01
  7.192112008e-01  7.302909761e-01  7.413603121e-01  7.524186503e-01
  7.634657272e-01  7.745011924e-01  7.855245918e-01  7.965350963e-01
  8.075322408e-01  8.185155766e-01  8.294846183e-01  8.404388428e-01
  8.513774032e-01  8.622995613e-01  8.732047440e-01  8.840923287e-01
  8.949616222e-01  9.058118633e-01  9.166419232e-01  9.274508972e-01
  9.382379850e-01  9.490023142e-01  9.597431782e-01  9.704596966e-01
  9.811509972e-01  9.918173009e-01  1.002458046e+00  1.013072777e+00
  1.023663168e+00  1.034232216e+00  1.044782373e+00  1.055314831e+00
  1.065829569e+00  1.076319682e+00  1.086773856e+00  1.097177670e+00
  1.107513280e+00
@R RTOR 101 []
  4.743202284e+00  4.743187029e+00  4.743140709e+00  4.743063004e+00
  4.742954380e+00  4.742815120e+00  4.742644920e+00  4.742443857e+00
  4.742212311e+00  4.741950303e+00  4.741657897e+00  4.741335416e+00
  4.740982997e+00  4.740600735e+00  4.740188928e+00  4.739747837e+00
  4.739277538e+00  4.738778388e+00  4.738250657e+00  4.737694664e+00
  4.737110566e+00  4.736498749e+00  4.735859547e+00  4.735193156e+00
  4.734499916e+00  4.733780173e+00  4.733034217e+00  4.732262356e+00
  4.731464950e+00  4.730642277e+00  4.729794585e+00  4.728922228e+00
  4.728025512e+00  4.727104686e+00  4.726160068e+00  4.725191974e+00
  4.724200604e+00  4.723186152e+00  4.722148895e+00  4.721089053e+00
  4.720006812e+00  4.718902241e+00  4.717775433e+00  4.716626499e+00
  4.715455381e+00  4.714262160e+00  4.713046929e+00  4.711809556e+00
  4.710550189e+00  4.709268729e+00  4.707965270e+00  4.706639642e+00
  4.705291975e+00  4.703922076e+00  4.702529965e+00  4.701115473e+00
  4.699678458e+00  4.698218834e+00  4.696736302e+00  4.695230721e+00
  4.693701916e+00  4.692149576e+00  4.690573462e+00  4.688973430e+00
  4.687349192e+00  4.685700435e+00  4.684026948e+00  4.682328509e+00
  4.680604811e+00  4.678855516e+00  4.677080283e+00  4.675278828e+00
  4.673450748e+00  4.671595577e+00  4.669712858e+00  4.667802100e+00
  4.665862812e+00  4.663894454e+00  4.661896479e+00  4.659868324e+00
  4.657809385e+00  4.655718985e+00  4.653596414e+00  4.651440798e+00
  4.649251110e+00  4.647026300e+00  4.644765366e+00  4.642467307e+00
  4.640130926e+00  4.637753853e+00  4.635332258e+00  4.632860399e+00
  4.630330119e+00  4.627732559e+00  4.625060426e+00  4.622308930e+00
  4.619474036e+00  4.616559162e+00  4.613571980e+00  4.610524854e+00
  4.607433887e+00
@R SHIFT 101 []
  1.932022836e-01  1.931870288e-01  1.931407088e-01  1.930630042e-01
  1.929543796e-01  1.928151201e-01  1.926449197e-01  1.924438574e-01
  1.922123107e-01  1.919503026e-01  1.916578972e-01  1.913354157e-01
  1.909829970e-01  1.906007351e-01  1.901889279e-01  1.897478370e-01
  1.892775385e-01  1.887783875e-01  1.882506572e-01  1.876946644e-01
  1.871105662e-01  1.864987489e-01  1.858595473e-01  1.851931557e-01
  1.844999160e-01  1.837801732e-01  1.830342168e-01  1.822623559e-01
  1.814649499e-01  1.806422767e-01  1.797945848e-01  1.789222283e-01
  1.780255124e-01  1.771046856e-01  1.761600684e-01  1.751919741e-01
  1.742006037e-01  1.731861519e-01  1.721488953e-01  1.710890531e-01
  1.700068124e-01  1.689022412e-01  1.677754331e-01  1.666264992e-01
  1.654553807e-01  1.642621601e-01  1.630469291e-01  1.618095564e-01
  1.605501893e-01  1.592687290e-01  1.579652697e-01  1.566396421e-01
  1.552919750e-01  1.539220763e-01  1.525299650e-01  1.511154726e-01
  1.496784584e-01  1.482188338e-01  1.467363015e-01  1.452307208e-01
  1.437019156e-01  1.421495757e-01  1.405734620e-01  1.389734299e-01
  1.373491916e-01  1.357004346e-01  1.340269484e-01  1.323285093e-01
  1.306048112e-01  1.288555161e-01  1.270802835e-01  1.252788281e-01
  1.234507483e-01  1.215955767e-01  1.197128578e-01  1.178021004e-01
  1.158628123e-01  1.138944543e-01  1.118964786e-01  1.098683237e-01
  1.078093847e-01  1.057189849e-01  1.035964140e-01  1.014407980e-01
  9.925111020e-02  9.702630043e-02  9.476536588e-02  9.246730717e-02
  9.013092572e-02  8.775385299e-02  8.533225755e-02  8.286039892e-02
  8.033011935e-02  7.773255932e-02  7.506042620e-02  7.230892987e-02
  6.947403630e-02  6.655916152e-02  6.357198030e-02  6.052485380e-02
  5.743388713e-02
@R ELONG 101 []
  1.282587435e+00  1.282585012e+00  1.282577745e+00  1.282597995e+00
  1.282607815e+00  1.282604002e+00  1.282598181e+00  1.282597502e+00
  1.282602154e+00  1.282607664e+00  1.282615596e+00  1.282625197e+00
  1.282637992e+00  1.282654761e+00  1.282673525e+00  1.282694301e+00
  1.282718168e+00  1.282746169e+00  1.282777390e+00  1.282812194e+00
  1.282851274e+00  1.282894750e+00  1.282943250e+00  1.282996989e+00
  1.283056048e+00  1.283120627e+00  1.283191732e+00  1.283269588e+00
  1.283354167e+00  1.283446094e+00  1.283545844e+00  1.283653705e+00
  1.283769836e+00  1.283894813e+00  1.284028988e+00  1.284172791e+00
  1.284326723e+00  1.284491110e+00  1.284666259e+00  1.284852451e+00
  1.285050244e+00  1.285259867e+00  1.285481520e+00  1.285715584e+00
  1.285962398e+00  1.286222212e+00  1.286495300e+00  1.286782166e+00
  1.287083066e+00  1.287398426e+00  1.287728645e+00  1.288074225e+00
  1.288435572e+00  1.288813093e+00  1.289207296e+00  1.289618665e+00
  1.290047657e+00  1.290494749e+00  1.290960514e+00  1.291445420e+00
  1.291950028e+00  1.292475039e+00  1.293021084e+00  1.293588825e+00
  1.294179044e+00  1.294792678e+00  1.295430619e+00  1.296093740e+00
  1.296783111e+00  1.297499922e+00  1.298245338e+00  1.299020529e+00
  1.299826807e+00  1.300665588e+00  1.301538386e+00  1.302446766e+00
  1.303392412e+00  1.304377297e+00  1.305403508e+00  1.306473292e+00
  1.307589098e+00  1.308753513e+00  1.309969257e+00  1.311239205e+00
  1.312566411e+00  1.313954318e+00  1.315406891e+00  1.316928474e+00
  1.318523793e+00  1.320196831e+00  1.321949998e+00  1.323780463e+00
  1.325682061e+00  1.327648182e+00  1.329674465e+00  1.331762913e+00
  1.333916419e+00  1.336148899e+00  1.338501705e+00  1.341055064e+00
  1.343911974e+00
@R TRIAG 101 []
  0.000000000e+00  3.072705180e-02  2.898905874e-02  2.723548952e-02
  2.548375569e-02  2.373344431e-02  2.197418343e-02  2.020572248e-02
  1.843094826e-02  1.664785852e-02  1.485505927e-02  1.305321477e-02
  1.124123762e-02  9.417899187e-03  7.583395217e-03  5.736820190e-03
  3.876505706e-03  2.002330895e-03  1.139313048e-04 -1.789222392e-03
 -3.708247619e-03 -5.643322447e-03 -7.594914208e-03 -9.563944794e-03
 -1.155084659e-02 -1.355617482e-02 -1.558069267e-02 -1.762506271e-02
 -1.968974158e-02 -2.177543084e-02 -2.388294142e-02 -2.601273186e-02
 -2.816543374e-02 -3.034183474e-02 -3.254241413e-02 -3.476779927e-02
 -3.701889043e-02 -3.929651677e-02 -4.160109062e-02 -4.393313596e-02
 -4.629335913e-02 -4.868273155e-02 -5.110195249e-02 -5.355152646e-02
 -5.603236064e-02 -5.854514090e-02 -6.109058558e-02 -6.366986549e-02
 -6.628364988e-02 -6.893317775e-02 -7.161938328e-02 -7.434366960e-02
 -7.710675035e-02 -7.991010195e-02 -8.275481128e-02 -8.564246051e-02
 -8.857422867e-02 -9.155135515e-02 -9.457552197e-02 -9.764821964e-02
 -1.007711195e-01 -1.039460508e-01 -1.071750140e-01 -1.104602429e-01
 -1.138048707e-01 -1.172112768e-01 -1.206818087e-01 -1.242190212e-01
 -1.278258095e-01 -1.315051106e-01 -1.352598799e-01 -1.390932293e-01
 -1.430087316e-01 -1.470102516e-01 -1.511015866e-01 -1.552870008e-01
 -1.595710798e-01 -1.639589794e-01 -1.684559186e-01 -1.730676632e-01
 -1.778007385e-01 -1.826623517e-01 -1.876601651e-01 -1.928025116e-01
 -1.980991417e-01 -2.035612476e-01 -2.092001971e-01 -2.150256012e-01
 -2.210486108e-01 -2.272807244e-01 -2.337341412e-01 -2.404250296e-01
 -2.473695529e-01 -2.545799536e-01 -2.620528417e-01 -2.697707462e-01
 -2.777526177e-01 -2.860317624e-01 -2.946952810e-01 -3.039822934e-01
 -3.141804423e-01
@R PMHD 101 []
  1.446158837e+06  1.445650116e+06  1.444125360e+06  1.441588794e+06
  1.438047445e+06  1.433511136e+06  1.427992447e+06  1.421506690e+06
  1.414071816e+06  1.405708396e+06  1.396439467e+06  1.386290385e+06
  1.375288613e+06  1.363463942e+06  1.350847553e+06  1.337473288e+06
  1.323374117e+06  1.308588976e+06  1.293154272e+06  1.277111906e+06
  1.260499261e+06  1.243357852e+06  1.225730515e+06  1.207657809e+06
  1.189181201e+06  1.170342837e+06  1.151185167e+06  1.131749867e+06
  1.112077095e+06  1.092200671e+06  1.072154698e+06  1.051984762e+06
  1.031737775e+06  1.011446510e+06  9.911352030e+05  9.708316718e+05
  9.505685141e+05  9.303752953e+05  9.102727872e+05  8.902758776e+05
  8.703958159e+05  8.506372130e+05  8.310068390e+05  8.115177514e+05
  7.921829127e+05  7.730183343e+05  7.540430384e+05  7.352724720e+05
  7.167216322e+05  6.984030749e+05  6.803309255e+05  6.625141015e+05
  6.449612897e+05  6.276732556e+05  6.106526433e+05  5.938982037e+05
  5.774056635e+05  5.611731632e+05  5.452009022e+05  5.294926448e+05
  5.140529413e+05  4.988884720e+05  4.840090371e+05  4.694243625e+05
  4.551421520e+05  4.411708285e+05  4.275195768e+05  4.141931877e+05
  4.011905097e+05  3.885081431e+05  3.761409229e+05  3.640807976e+05
  3.523187485e+05  3.408480791e+05  3.296630353e+05  3.187575159e+05
  3.081262390e+05  2.977647647e+05  2.876678897e+05  2.778277160e+05
  2.682331993e+05  2.588687403e+05  2.497092379e+05  2.407143262e+05
  2.318247687e+05  2.229570805e+05  2.139945119e+05  2.047687914e+05
  1.950642387e+05  1.845632718e+05  1.721192493e+05  1.564728902e+05
  1.377961008e+05  1.168217682e+05  9.435016375e+04  7.181805603e+04
  5.099511853e+04  3.338083099e+04  1.964274644e+04  9.838049750e+03
  5.938075242e+03
@R QMHD 101 []
  9.824885835e-01  9.825419836e-01  9.827029238e-01  9.829735539e-01
  9.833572314e-01  9.838581831e-01  9.844810342e-01  9.852302069e-01
  9.861091954e-01  9.871197089e-01  9.882607091e-01  9.895274359e-01
  9.909155219e-01  9.924256418e-01  9.940592945e-01  9.958174618e-01
  9.977014187e-01  9.997120467e-01  1.001850237e+00  1.004114501e+00
  1.006506949e+00  1.009031469e+00  1.011686304e+00  1.014472272e+00
  1.017392243e+00  1.020447632e+00  1.023639696e+00  1.026969649e+00
  1.030439863e+00  1.034051676e+00  1.037808249e+00  1.041712349e+00
  1.045764395e+00  1.049966813e+00  1.054322888e+00  1.058836500e+00
  1.063509698e+00  1.068345525e+00  1.073348360e+00  1.078521541e+00
  1.083868719e+00  1.089394782e+00  1.095104543e+00  1.101001554e+00
  1.107091713e+00  1.113380345e+00  1.119871772e+00  1.126572550e+00
  1.133487783e+00  1.140624882e+00  1.147989622e+00  1.155589543e+00
  1.163431414e+00  1.171523631e+00  1.179873600e+00  1.188490263e+00
  1.197383577e+00  1.206562099e+00  1.216036388e+00  1.225816982e+00
  1.235914808e+00  1.246341828e+00  1.257109886e+00  1.268232144e+00
  1.279722452e+00  1.291595549e+00  1.303866378e+00  1.316551173e+00
  1.329667482e+00  1.343234108e+00  1.357271075e+00  1.371798618e+00
  1.386839170e+00  1.402416737e+00  1.418556896e+00  1.435286637e+00
  1.452634436e+00  1.470631886e+00  1.489314980e+00  1.508721207e+00
  1.528889845e+00  1.549860565e+00  1.571673680e+00  1.594376444e+00
  1.618026154e+00  1.642690185e+00  1.668447561e+00  1.695367088e+00
  1.723524901e+00  1.753030498e+00  1.783964863e+00  1.816403804e+00
  1.850429895e+00  1.886108478e+00  1.923530321e+00  1.962879915e+00
  2.004355092e+00  2.048063629e+00  2.094429862e+00  2.144569113e+00
  2.199966254e+00
@R ER 101 []
  0.000000000e+00  0.000000000e+00  0.000000000e+00  0.000000000e+00
  0.000000000e+00  0.000000000e+00  0.000000000e+00  0.000000000e+00
  0.000000000e+00  0.000000000e+00  0.000000000e+00  0.000000000e+00
  0.000000000e+00  0.000000000e+00  0.000000000e+00  0.000000000e+00
  0.000000000e+00  0.000000000e+00  0.000000000e+00  0.000000000e+00
  0.000000000e+00  0.000000000e+00  0.000000000e+00  0.000000000e+00
  0.000000000e+00  0.000000000e+00  0.000000000e+00  0.000000000e+00
  0.000000000e+00  0.000000000e+00  0.000000000e+00  0.000000000e+00
  0.000000000e+00  0.000000000e+00  0.000000000e+00  0.000000000e+00
  0.000000000e+00  0.000000000e+00  0.000000000e+00  0.000000000e+00
  0.000000000e+00  0.000000000e+00  0.000000000e+00  0.000000000e+00
  0.000000000e+00  0.000000000e+00  0.000000000e+00  0.000000000e+00
  0.000000000e+00  0.000000000e+00  0.000000000e+00  0.000000000e+00
  0.000000000e+00  0.000000000e+00  0.000000000e+00  0.000000000e+00
  0.000000000e+00  0.000000000e+00  0.000000000e+00  0.000000000e+00
  0.000000000e+00  0.000000000e+00  0.000000000e+00  0.000000000e+00
  0.000000000e+00  0.000000000e+00  0.000000000e+00  0.000000000e+00
  0.000000000e+00  0.000000000e+00  0.000000000e+00  0.000000000e+00
  0.000000000e+00  0.000000000e+00  0.000000000e+00  0.000000000e+00
  0.000000000e+00  0.000000000e+00  0.000000000e+00  0.000000000e+00
  0.000000000e+00  0.000000000e+00  0.000000000e+00  0.000000000e+00
  0.000000000e+00  0.000000000e+00  0.000000000e+00  0.000000000e+00
  0.000000000e+00  0.000000000e+00  0.000000000e+00  0.000000000e+00
  0.000000000e+00  0.000000000e+00  0.000000000e+00  0.000000000e+00
  0.000000000e+00  0.000000000e+00  0.000000000e+00  0.000000000e+00
  0.000000000e+00
@R NC1 101 []
  9.985000475e-01  9.385156758e-01  9.153794686e-01  8.984378088e-01
  8.846644025e-01  8.728940501e-01  8.625327781e-01  8.532283144e-01
  8.447525651e-01  8.369486867e-01  8.297023924e-01  8.229276226e-01
  8.165580551e-01  8.105408136e-01  8.048329699e-01  7.994003256e-01
  7.942130494e-01  7.892474143e-01  7.844820196e-01  7.798998983e-01
  7.754845779e-01  7.712224318e-01  7.671018516e-01  7.631121110e-01
  7.592435211e-01  7.554876463e-01  7.518371359e-01  7.482850525e-01
  7.448251356e-01  7.414519573e-01  7.381603570e-01  7.349454154e-01
  7.318028639e-01  7.287287919e-01  7.257195461e-01  7.227719204e-01
  7.198829070e-01  7.170494923e-01  7.142691145e-01  7.115394834e-01
  7.088585684e-01  7.062244168e-01  7.036351818e-01  7.010891992e-01
  6.985845579e-01  6.961195067e-01  6.936925905e-01  6.913021108e-01
  6.889467765e-01  6.866249605e-01  6.843357355e-01  6.820775467e-01
  6.798495834e-01  6.776506445e-01  6.754799147e-01  6.733364852e-01
  6.712194914e-01  6.691281896e-01  6.670617348e-01  6.650193248e-01
  6.630000830e-01  6.610031512e-01  6.590276553e-01  6.570727989e-01
  6.551377573e-01  6.532216480e-01  6.513237634e-01  6.494433883e-01
  6.475797682e-01  6.457323813e-01  6.439006375e-01  6.420839858e-01
  6.402820021e-01  6.384940736e-01  6.367195484e-01  6.349578872e-01
  6.332084360e-01  6.314705045e-01  6.297433416e-01  6.280261132e-01
  6.263182170e-01  6.246191124e-01  6.229285613e-01  6.212467216e-01
  6.195732613e-01  6.179073029e-01  6.162478483e-01  6.145940228e-01
  6.129510070e-01  6.113290683e-01  6.097432071e-01  6.082157009e-01
  6.067562460e-01  6.053533658e-01  6.039835906e-01  6.026333437e-01
  6.012682220e-01  5.998282841e-01  5.982195642e-01  5.963525884e-01
  5.942111749e-01
@R HFAC1 101 []
  1.000000000e+00  9.976195800e-01  9.952398732e-01  9.928610266e-01
  9.904830415e-01  9.881060099e-01  9.857301028e-01  9.833552611e-01
  9.809814541e-01  9.786088318e-01  9.762374099e-01  9.738671375e-01
  9.714980389e-01  9.691301363e-01  9.667632539e-01  9.643974627e-01
  9.620323933e-01  9.596683399e-01  9.573049568e-01  9.549426684e-01
  9.525809574e-01  9.502197667e-01  9.478592279e-01  9.454990861e-01
  9.431390939e-01  9.407791513e-01  9.384192820e-01  9.360592883e-01
  9.336990005e-01  9.313383865e-01  9.289772949e-01  9.266154707e-01
  9.242527909e-01  9.218891657e-01  9.195244556e-01  9.171586001e-01
  9.147915278e-01  9.124230203e-01  9.100530092e-01  9.076815506e-01
  9.053087455e-01  9.029345302e-01  9.005589699e-01  8.981822039e-01
  8.958039951e-01  8.934242432e-01  8.910429885e-01  8.886599349e-01
  8.862751725e-01  8.838883171e-01  8.814995942e-01  8.791086202e-01
  8.767155779e-01  8.743202311e-01  8.719227678e-01  8.695230737e-01
  8.671211368e-01  8.647170779e-01  8.623107376e-01  8.599020852e-01
  8.574909950e-01  8.550772417e-01  8.526606247e-01  8.502409745e-01
  8.478180157e-01  8.453914395e-01  8.429610458e-01  8.405266076e-01
  8.380878578e-01  8.356446463e-01  8.331967925e-01  8.307441682e-01
  8.282866595e-01  8.258240271e-01  8.233559339e-01  8.208820895e-01
  8.184021677e-01  8.159157170e-01  8.134221903e-01  8.109209877e-01
  8.084116452e-01  8.058938111e-01  8.033674106e-01  8.008326592e-01
  7.982893952e-01  7.957365536e-01  7.931726621e-01  7.905971063e-01
  7.880154814e-01  7.854411077e-01  7.828932762e-01  7.803939417e-01
  7.779513776e-01  7.755541136e-01  7.731777347e-01  7.708039713e-01
  7.684001343e-01  7.659011609e-01  7.631932510e-01  7.601735580e-01
  7.568188104e-01
@R HFAC2 101 []
  1.000000000e+00  9.952476468e-01  9.905136330e-01  9.857981589e-01
  9.811011346e-01  9.764226496e-01  9.717629462e-01  9.671218114e-01
  9.624990905e-01  9.578949839e-01  9.533094245e-01  9.487422177e-01
  9.441933151e-01  9.396626643e-01  9.351498354e-01  9.306548707e-01
  9.261769776e-01  9.217166217e-01  9.172730629e-01  9.128470099e-01
  9.084374020e-01  9.040440468e-01  8.996671039e-01  8.953060183e-01
  8.909602514e-01  8.866295401e-01  8.823138510e-01  8.780127486e-01
  8.737258519e-01  8.694530357e-01  8.651939575e-01  8.609480875e-01
  8.567151435e-01  8.524949056e-01  8.482870670e-01  8.440914674e-01
  8.399079296e-01  8.357360151e-01  8.315755587e-01  8.274266168e-01
  8.232893246e-01  8.191635399e-01  8.150493375e-01  8.109469130e-01
  8.068558138e-01  8.027758214e-01  7.987069602e-01  7.946486835e-01
  7.906011008e-01  7.865635200e-01  7.825362893e-01  7.785187226e-01
  7.745110967e-01  7.705129905e-01  7.665246863e-01  7.625459708e-01
  7.585767990e-01  7.546173410e-01  7.506673088e-01  7.467266191e-01
  7.427950255e-01  7.388721269e-01  7.349575600e-01  7.310510106e-01
  7.271519992e-01  7.232599898e-01  7.193746311e-01  7.154955319e-01
  7.116222355e-01  7.077544877e-01  7.038919863e-01  7.000345097e-01
  6.961818679e-01  6.923336626e-01  6.884893391e-01  6.846484273e-01
  6.808103873e-01  6.769744793e-01  6.731398215e-01  6.693054484e-01
  6.654706203e-01  6.616347821e-01  6.577978282e-01  6.539601568e-01
  6.501215824e-01  6.462804633e-01  6.424344673e-01  6.385825375e-01
  6.347335861e-01  6.309089287e-01  6.271394638e-01  6.234604273e-01
  6.198849458e-01  6.163945295e-01  6.129501195e-01  6.095226449e-01
  6.060598170e-01  6.024570065e-01  5.985309174e-01  5.941192232e-01
  5.891894522e-01
