 21-Jul-26 07/09/2014
     1               1
  0.100000000E+01
*   1.000             1               0 MAR   3   2 CLC    40   41
  0.000000000E+00 0.170000000E+03 0.200000000E+01 0.679320679E+06
  0.679320679E+06 0.172335232E+03 0.668358849E+00 0.415660008E+02
  0.136036969E+01-0.367091327E+00-0.335139131E+00 0.790952503E+07
  0.178449280E+03 0.188643045E+01 0.242245888E+01 0.175475430E+01
  0.902960990E+00 0.859809864E+00 0.100000000E+11 0.102745946E+02
  0.100000000E+11 0.100000000E+11 0.207105228E+01-0.121937301E+01
  0.775951025E+02 0.109938363E+03 0.559253766E+02
  0.000000000E+00 0.000000000E+00 0.000000000E+00
  0.829523670E+02 0.800542389E+02
  0.000000000E+00 0.000000000E+00
  0.171230410E+01 0.275029012E+00 0.208439965E+01 0.161492966E+01
  0.766218880E+00 0.227856150E+01-0.500000000E+02-0.500000000E+02
 -0.500000000E+02 0.298563957E+00 0.719168910E+04 0.322424320E+06
  0.710251970E-04 0.132481931E+01 0.972138852E+00 0.163248537E-02
  0.129429684E+01 0.174428649E+03 0.000000000E+00 0.000000000E+00
 -0.999000000E+03-0.999000000E+03-0.999000000E+03-0.999000000E+03
 -0.100000000E+03-0.500000000E+02 0.190986444E+01 0.190097526E+01
  0.745067428E+01 0.393327217E+02 0.100000000E+03 0.102745946E+02
  0.178855563E+03 0.218521694E+01 0.461620020E+00 0.000000000E+00
  0.102116468E+01 0.198446348E+01 0.364631840E+06 0.000000000E+00
  0.000000000E+00 0.000000000E+00 0.858858277E+00 0.100000000E+02
    44   60   18    6
  0.178464618E+00 0.150790366E+00 0.203386643E+00 0.158689418E+00
  0.612257311E-01-0.408376982E-01 0.554371807E+00-0.926697891E-01
 -0.532397947E+00 0.245158769E+00 0.155871247E+00 0.342697539E-01
 -0.376398521E-01-0.810708381E-01-0.108113761E+00 0.570681363E+00
 -0.105602582E+00-0.593214687E-01 0.218667103E+00 0.165066594E+00
  0.178957198E+00 0.178276554E+00 0.101556302E+00 0.943927063E-02
 -0.384059933E+00 0.405149322E+00 0.436614894E+00 0.744365093E-02
  0.619520527E-01 0.208911703E+00 0.974565658E-01-0.778829262E-03
 -0.505261009E-01-0.779071779E-01 0.732945137E-01 0.484681802E+00
  0.475230283E+00-0.646708009E-01 0.986124807E-02-0.551285227E-01
 -0.371373205E-01-0.148637928E-02 0.393834139E-01 0.102662707E+00
  0.105767350E+00 0.232840085E+00 0.200807263E+00-0.199855661E+00
 -0.297582840E+00-0.451121291E-01 0.326503404E+00 0.697166037E+00
  0.323157711E+00-0.164518554E+00-0.351245091E+00-0.909930307E-01
  0.250437054E+00 0.339201935E+00 0.267734203E+00-0.380417793E-01
  0.887630383E-01 0.205503280E+00 0.144145304E+00 0.203580271E+00
  0.252430553E+00 0.247850570E+00 0.343243791E+00-0.104252248E+00
 -0.331593185E+00-0.307013180E+00-0.666637981E-01 0.314322097E+00
  0.376975916E+00 0.304323604E+00 0.434200308E+00 0.834598669E+00
  0.336624353E+00 0.491020676E-01-0.203319010E+00-0.283887502E+00
 -0.718000698E-01 0.958996743E-01 0.337769990E+00 0.265328868E+00
  0.378974542E+00 0.112206339E+00-0.652487580E-01-0.267312016E+00
 -0.323481242E+00-0.104855331E+00 0.338357649E+00 0.250287310E+00
  0.251331998E+00 0.203710737E+00 0.141028825E+00 0.202920943E+00
  0.909866459E-01-0.347119752E-01 0.108413608E+00 0.232519392E+00
  0.203359712E+00-0.184989615E+00-0.303104761E+00-0.423762954E-01
  0.252291530E+05-0.256861478E+05 0.289765841E+06 0.262841228E+06
  0.105945677E+06-0.333901838E+06 0.652775634E+06-0.606345436E+05
 -0.844964217E+06 0.330912307E+06 0.112717682E+06-0.810302495E+05
 -0.102204879E+06-0.109954905E+06-0.433127872E+06 0.600725202E+06
 -0.148803514E+06-0.209616747E+06
  0.000000000E+00 0.000000000E+00 0.000000000E+00 0.000000000E+00
  0.000000000E+00 0.000000000E+00
  0.000000000E+00 0.000000000E+00 0.000000000E+00 0.000000000E+00
  0.000000000E+00 0.000000000E+00 0.000000000E+00 0.000000000E+00
  0.000000000E+00 0.000000000E+00 0.565755230E+02 0.000000000E+00
  0.241798431E+00 0.862060883E+00 0.400000006E+02-0.164008592E+00
 -0.128439142E+01 0.000000000E+00 0.999000000E+03 0.191550125E+01
 -0.100000000E+02 0.972138852E+00 0.000000000E+00 0.487423883E-01
 -0.100000000E+02 0.000000000E+00 0.229393889E+01 0.000000000E+00
  0.121764917E+00 0.333041308E+01 0.130769231E+01 0.213686330E+01
  0.342372137E+02 0.306705429E+01-0.890000000E+02-0.890000000E+02
 -0.890000000E+02-0.890000000E+02-0.890000000E+02-0.890000000E+02
 -0.890000000E+02-0.890000000E+02-0.890000000E+02-0.890000000E+02
 -0.890000000E+02-0.890000000E+02-0.890000000E+02-0.890000000E+02
 -0.890000000E+02 0.000000000E+00 0.686342962E+00 0.928884203E+00
  0.142745289E+03 0.186265625E+03 0.000000000E+00 0.819212057E+00
  0.100000000E+01 0.000000000E+00 0.000000000E+00 0.000000000E+00
                                            EQG
