&INSTATE
  DENSITY_MODEL = 1 
  MODEL_SHAPE = 0 
  NBDRY = 15 
  USE_INPED = 0 
  R0 = 4.55 
  A0 = 1.2 
  KAPPA = 1.4 
  DELTA = -0.5 
  B0 = 11.0 
  IP = 10.0 
  N_ION = 2 
  Z_ION = 1 1 
  A_ION = 2 3 
  F_ION = 0.5 0.5 
  N_IMP = 4 
  Z_IMP = 74 36 2 2 
  A_IMP = 184 84 3 4 
  F_IMP = 1.5e-05 0.0004 0.02 0.0 
  N_MIN = 0 
  Z_MIN = 1 
  A_MIN = 1 
  N_BEAM = 1 
  Z_BEAM = 1 
  A_BEAM = 2 
  N_FUSION = 1 
  Z_FUSION = 2 
  A_FUSION = 4 
  NRHO = 101 
  NE_AXIS = 30.1 
  NE_PED = 16.0 
  NE_SEP = 9.0 
  NE_ALPHA = 1.5 
  NE_BETA = 1.1 
  NE_FIT = 1 
  NE_XMID = 0.95 
  NE_XWID = 0.1 
  TE_AXIS = 28.0 
  TE_PED = 5.0 
  TE_SEP = 0.08 
  TE_ALPHA = 1.5 
  TE_BETA = 1.5 
  TE_FIT = 1 
  TE_XMID = 0.95 
  TE_XWID = 0.1 
  TI_AXIS = 28.0 
  TI_PED = 5.0 
  TI_SEP = 0.08 
  TI_ALPHA = 1.5 
  TI_BETA = 1.5 
  TI_FIT = 1 
  TI_XMID = 0.95 
  TI_XWID = 0.1 
  ZEFF_AXIS = 2.26 
  OMEGA_AXIS = 5000.0 
  OMEGA_SEP = 0.0 
  OMEGA_ALPHA = 1.5 
  OMEGA_BETA = 1.5 
  JPAR_AXIS = 1.0 
  JPAR_SEP = 0.05 
  JPAR_ALPHA = 2.0 
  JPAR_BETA = 1.0 
  NBEAM_AXIS = 0.0 
  NBEAM_SEP = 0.0 
  NBEAM_ALPHA = 1.5 
  NBEAM_BETA = 1.5 
  TBEAMI = 20.0 20.0 20.0 20.0 20.0 20.0 20.0 20.0 20.0 20.0 20.0 20.0  
    20.0 20.0 20.0 20.0 20.0 20.0 20.0 20.0 20.0 20.0 20.0 20.0 20.0  
    20.0 20.0 20.0 20.0 20.0 20.0 20.0 20.0 20.0 20.0 20.0 20.0 20.0  
    20.0 20.0 20.0 20.0 20.0 20.0 20.0 20.0 20.0 20.0 20.0 20.0 20.0  
    20.0 20.0 20.0 20.0 20.0 20.0 20.0 20.0 20.0 20.0 20.0 20.0 20.0  
    20.0 20.0 20.0 20.0 20.0 20.0 20.0 20.0 20.0 20.0 20.0 20.0 20.0  
    20.0 20.0 20.0 20.0 20.0 20.0 20.0 20.0 20.0 20.0 20.0 20.0 20.0  
    20.0 20.0 20.0 20.0 20.0 20.0 20.0 20.0 20.0 20.0 20.0 
  BETAN_PED = -1.0 
  XMID = 0.95 
  XWID = 0.1 
  PRESSURE_MODEL = 'full' 
  H98_TARGET = 0.8 
  BETAN_TARGET = 1.25 
  BETAN_BEAM_TARGET = 0.0 
  CURRENT_MODEL = 'broad' 
  RHO_JBDRY = 0.85 
  RHO_JPEAK = 0.65 
  JAXIS = 0.6 
  JAXIS_PRIME = 1.0 
  JBDRY_PRIME = -1.0 
  RBDRY = 5.75 5.717889612279765 5.599231274196216 5.333894952548324  
    4.862048988436734 4.215741544340384 3.606248672667517  
    3.3499999999999996 3.606248672667517 4.215741544340384  
    4.862048988436735 5.333894952548324 5.599231274196216  
    5.717889612279765 5.75 
  ZBDRY = 0.0 0.7289246817174976 1.3134768905462901 1.6378788924654637  
    1.6378788924654637 1.3134768905462901 0.7289246817174978  
    2.0574066225675533e-16 -0.7289246817174975 -1.31347689054629  
    -1.6378788924654637 -1.6378788924654637 -1.3134768905462901  
    -0.728924681717498 0.0 
  NLIM = 5 
  RLIM = 6.0 3.5 3.5 6.0 6.0 
  ZLIM = 1.93 1.93 -1.93 -1.93 1.93 
  NE = 33.397979235575875 33.395987861297186 33.39001445085403  
    33.38006114100038 33.36613149157742 33.34823048339164  
    33.32636451524669 33.30054140013135 33.27077036056694  
    33.23706202311795 33.19942841207052 33.15788294228397  
    33.112440411221435 33.0631169901661 33.00993021463048  
    32.95289897396653 32.89204350018542 32.827385355996014  
    32.75894742207214 32.68675388355907 32.61083021583037  
    32.531203169506874 32.44790075475012 32.36095222484314  
    32.27038805907207 32.17623994492265 32.07854075960609  
    31.977324550929474 31.872626517526175 31.764482988462444  
    31.65293140223664 31.543954388723616 31.440799055443133  
    31.339400376538116 31.235693326151484 31.12561287842616  
    31.007247414871422 30.88159137815184 30.748938834143267  
    30.609583848721574 30.463820487762614 30.31337933473759  
    30.15857493125871 29.99757728041336 29.828556385288934  
    29.649682248972816 29.458095591607922 29.251505719425488  
    29.028935514645404 28.78940785948755 28.531945636171816  
    28.25619721632008 27.963545765537607 27.65561635701937  
    27.334034063960342 27.00042395955549 26.65767580803102  
    26.30871288244972 25.955210519261442 25.59884405491606  
    25.241288825863418 24.883972935690604 24.527718205518976  
    24.173290548099814 23.821455876184395 23.472980102523998  
    23.128519322367 22.78833268991853 22.452590706364962  
    22.121463872892686 21.795122690688085 21.473510569988697  
    21.15640223124144 20.84371514094678 20.535366765605186  
    20.231274571717112 19.931394780143755 19.63548216051255  
    19.343152002473346 19.054019595676003 18.76770022977037  
    18.48310964191943 18.19974311531598 17.918085258654568  
    17.638620680629764 17.36183398993612 17.09321662463093  
    16.83497301897896 16.582657275985973 16.331823498657734 16.07802579  
    15.55000966 14.92370827 14.19496073 13.375913939999991  
    12.499507919999989 11.61672767 10.78499543 10.05242721 9.446403437  
    8.971580148 
  TE = 18.576761275009734 18.5701768316685 18.55043750128115  
    18.517585233159135 18.47168977774219 18.4128484398385  
    18.34118573487377 18.25685294984891 18.160027611173064  
    18.05091286199212 17.92973675206937 17.796751443692646  
    17.65223233747759 17.496477122308313 17.329804754001355  
    17.152554367595506 16.96508412845616 16.767770027637297  
    16.56100462716558 16.345195761098022 16.120765198356924  
    15.888147273462119 15.647787491361324 15.40014111260389  
    15.145671725112251 14.884849808778835 14.618151299055258  
    14.346056155605766 14.069046941969658 13.787607422018912  
    13.502221178808982 13.216541521892422 12.934002893814512  
    12.654759626333734 12.378966051208568 12.106776500197494  
    11.83786834773808 11.571958757247183 11.309261743952215  
    11.049991323080583 10.794361509859701 10.543006810395486  
    10.296553150017699 10.055201672789517 9.819153522774121  
    9.588609844034684 9.363461339761272 9.143585084937657  
    8.929161781317587 8.720372130654804 8.51739683470305  
    8.320322903859308 8.129585406242121 7.945887130187575  
    7.769930864031758 7.602419396110759 7.444336211766893  
    7.296103196878051 7.157580740583682 7.028629232023232  
    6.90910906033615 6.798840909377336 6.697088730994513  
    6.602877816316364 6.51523345647157 6.433180942588814  
    6.355712701462116 6.282140863713557 6.211970276213913  
    6.1447057858339615 6.079852239444475 6.016910567416828  
    5.955621547392381 5.895849797146891 5.837459934456115  
    5.780316577095813 5.724422526996845 5.669825588590367  
    5.6164578834025765 5.564251532959671 5.513138658787847  
    5.463133198822145 5.414066377825927 5.3655962475678765  
    5.317380859816669 5.26907826634099 5.218712185272158  
    5.165381367778879 5.11035641518592 5.054907928818039 5.00030651  
    4.667401808 4.263378837 3.773489598 3.1969283009999927  
    2.557196744999993 1.903611773 1.296779938 0.7849530031 0.3886620175  
    0.1022745834 
  TI = 20.224291378018467 20.21565537237568 20.189769475193255  
    20.146699951308936 20.086556928015792 20.009493925876644  
    19.915707205787054 19.805434936173576 19.67895618527318  
    19.53658974446132 19.378692789572156 19.20565938807788  
    19.017918860858142 18.81593400808885 18.600199209506883  
    18.37123840995817 18.129603001707142 17.87586961547209  
    17.610637832550776 17.334527830711554 17.04817797674641  
    16.75224237871249 16.447388410929292 16.134294224749556  
    15.813646257986006 15.486136755654913 15.152461314395044  
    14.813316462540136 14.469397287369326 14.121395120537773  
    13.769995292104474 13.421099920094628 13.080286300894  
    12.747746721846307 12.423673470295247 12.108258833584538  
    11.8015590106411 11.50356719436547 11.21438116306177  
    10.934098695034125 10.66281756858665 10.400677927322103  
    10.147939348452761 9.904878760697036 9.671773092773336  
    9.448899273400073 9.23683317951472 9.035528759619067  
    8.844330049778005 8.66258108605642 8.489625904519205  
    8.324405486691374 8.166060651354204 8.014235190456972  
    7.868572895948953 7.728717559779424 7.594491314370315  
    7.465841768024221 7.3426009265114205 7.224600795602188  
    7.1116733810668 7.003662884418562 6.900374125493799  
    6.801580037547321 6.707053553833939 6.616567607608463  
    6.529908678334724 6.446846185791753 6.367127473707165  
    6.290499885808569 6.216710765823579 6.145491819394876  
    6.076619332909157 6.009907521210066 5.945170599141237  
    5.88222278154631 5.820929014703093 5.761148605732404  
    5.702687310742395 5.645350885841219 5.588945087137026  
    5.533316700224995 5.478195557253711 5.423211984161435  
    5.3679963068864325 5.312178851366966 5.25372943841802  
    5.191845602060182 5.127999238040121 5.063662242104505 5.00030651  
    4.667401808 4.263378837 3.773489598 3.1969283009999927  
    2.557196744999993 1.903611773 1.296779938 0.7849530031 0.3886620175  
    0.1022745834 
  OMEGA = 4992.501875 4992.501875 4978.801804 4961.079526 4940.12016  
    4916.382264 4890.178959 4861.74318 4831.258024 4798.873089  
    4764.714177 4728.889466 4691.493659 4652.610886 4612.316799  
    4570.680145 4527.763951 4483.626454 4438.321832 4391.900796  
    4344.411068 4295.897774 4246.403778 4195.969955 4144.635428  
    4092.437767 4039.413164 3985.596584 3931.021896 3875.721988  
    3819.72887 3763.073767 3705.787199 3647.899055 3589.43866  
    3530.4348369999993 3470.91596 3410.910006 3350.444605 3289.54708  
    3228.244492 3166.5636739999995 3104.531273 3042.173783 2979.517575  
    2916.588934 2853.414088 2790.0192379999994 2726.430588 2662.674375  
    2598.776897 2534.764544 2470.663824 2406.501396 2342.304099  
    2278.098979 2213.913327 2149.774706999999 2085.710992 2021.750397  
    1957.921519 1894.253376 1830.775447 1767.517715 1704.510722  
    1641.785608 1579.374179 1517.308956 1455.623246 1394.3512129999992  
    1333.5279519999992 1273.18958 1213.373329 1154.117653 1095.462349  
    1037.448686 980.1195629 923.5196753 867.6957162 812.6966008  
    758.5737302 705.3812976 653.1766491999995 602.0207127999994  
    551.9785103 503.1197796 455.5197357 409.2600162 364.4298727  
    321.1276991 279.4630303 239.55922 201.557126 165.620359  
    131.94307479999966 100.76217029999968 72.37775876 47.19105135  
    25.78549737 9.151104569 -1.561417662e-12 
  ZEFF = 1.826952973593076 1.8269226241886853 1.826843983673578  
    1.8267355902198625 1.8266159848476082 1.8265038106341769  
    1.8264056795195012 1.8262793155507795 1.826069509504769  
    1.8257197857120582 1.825171643621497 1.824326786145729  
    1.8231540320514346 1.8216930064979362 1.819983910671813  
    1.818068814776526 1.815941908528084 1.8135538059586631  
    1.8108818548630705 1.807901377334813 1.8045855886145883  
    1.8009602963963927 1.7970739444640784 1.7929364716444391  
    1.7885643193283765 1.7839811131571086 1.7791619991442629  
    1.7741038482459548 1.7688685409036415 1.7635175442443094  
    1.7581114158943034 1.7527255753262572 1.7473953093817538  
    1.742121471209084 1.7369068267345458 1.7317559360580963  
    1.7266777034431309 1.721687829487185 1.7168018028065921  
    1.71203427171039 1.707398859220718 1.7029106996070476  
    1.6985849475590462 1.6944335069022523 1.6904669433962265  
    1.6866943059823152 1.6831284519194263 1.6797701698883223  
    1.6766085246863853 1.6736319123809629 1.6708283032206273  
    1.6681792103317246 1.6656714814360827 1.6633003950008456  
    1.6610606768003495 1.6589466448902974 1.6569562222933585  
    1.6550883646362873 1.6533384546735452 1.6517016092407686  
    1.6501727685084648 1.64874668397583 1.6474171962619983  
    1.6461779710274973 1.6450229287021145 1.6439462635707789  
    1.6429424998958895 1.6420060155056042 1.6411312872234858  
    1.6403131660021704 1.6395468617695672 1.6388276618143294  
    1.6381514317985117 1.63751470212121 1.6369142501877123  
    1.63634708691843 1.635810782118078 1.6353029342814727  
    1.634820931954526 1.6343623757132335 1.6339250652030024  
    1.6335068819711849 1.6331055685440958 1.6327190335341841  
    1.6323454105275952 1.631983048020745 1.6316253049897893  
    1.6312703657602052 1.6309234235359422 1.6305889581203603  
    1.6302707630665725 1.6289954400553415 1.6277590177682864  
    1.6266590075190734 1.6258193103883907 1.6253134138188428  
    1.6250962310264745 1.6250381728274281 1.6250303502610315  
    1.6250300016003953 1.6250300000000004 
  J_OH = 0.0 0.0 0.0 0.0 0.0 0.0 0.0 0.0 0.0 0.0 0.0 0.0 0.0 0.0 0.0  
    0.0 0.0 0.0 0.0 0.0 0.0 0.0 0.0 0.0 0.0 0.0 0.0 0.0 0.0 0.0 0.0 0.0  
    0.0 0.0 0.0 0.0 0.0 0.0 0.0 0.0 0.0 0.0 0.0 0.0 0.0 0.0 0.0 0.0 0.0  
    0.0 0.0 0.0 0.0 0.0 0.0 0.0 0.0 0.0 0.0 0.0 0.0 0.0 0.0 0.0 0.0 0.0  
    0.0 0.0 0.0 0.0 0.0 0.0 0.0 0.0 0.0 0.0 0.0 0.0 0.0 0.0 0.0 0.0 0.0  
    0.0 0.0 0.0 0.0 0.0 0.0 0.0 0.0 0.0 0.0 0.0 0.0 0.0 0.0 0.0 0.0 0.0  
    0.0 
  J_BS = 63618.42921910328 95427.64382865492 164494.20292216883  
    230464.1353260386 282535.5419214443 325802.6117625397  
    363250.0729220187 396591.6741620281 426842.5871646593  
    454627.6170466648 480350.6564092928 504283.7007660399  
    526606.4036153188 547433.5641414223 566841.26712319  
    584886.1902919824 601618.6260606775 617084.8656281949  
    631323.9350921632 644369.9128923072 656253.9757652417  
    666995.0533212526 676601.9593059521 685088.1505434803  
    692470.8463276786 698768.5566007798 704004.6627725608  
    708198.9642049511 711359.9661354235 713491.2843723164  
    706853.9099679707 686505.9512847294 664030.4528350313  
    647846.0451943775 637252.5289063442 630571.7957741215  
    624538.5527272691 617392.7835898021 609327.2400685749  
    600401.8484616358 589653.7933695108 576917.9334884782  
    564362.87702552 553238.4278458988 543370.6975773145  
    535170.139445638 528926.226881286 523785.299898973  
    519089.82811485726 514828.5311202121 510897.0809666036  
    506316.18823964143 499940.72972931055 491603.3831033596  
    481494.91611201724 469172.50242048356 454451.9916420957  
    438492.21813669027 422139.61766098026 405465.293983285  
    388621.09903155605 372188.6346419758 356744.3927971393  
    342377.4766932751 329036.71825523855 316713.1740156249  
    305380.7421495758 294922.77859999926 285246.3548925957  
    276313.5044217707 268156.76029897714 260749.7698656376  
    253905.03045080326 247503.86501262695 241529.6233155576  
    235892.22450269363 230544.17383154397 225608.75810113968  
    221167.92357594127 217208.71874588172 213865.1993698318  
    211210.94750149795 208996.9391154376 207034.33665930614  
    205310.65405176193 203445.55046587516 201255.45898611684  
    199399.6378263903 198355.40677761548 198136.78736835616  
    421132.98294496496 692849.5701497459 788583.1128598996  
    866188.892283577 895426.6786817375 852125.9241045198  
    734578.3711485098 566475.4775798558 381155.81595499435  
    208897.83087811517 50215.47340995639 
  J_NB = 0.0 0.0 0.0 0.0 0.0 0.0 0.0 0.0 0.0 0.0 0.0 0.0 0.0 0.0 0.0  
    0.0 0.0 0.0 0.0 0.0 0.0 0.0 0.0 0.0 0.0 0.0 0.0 0.0 0.0 0.0 0.0 0.0  
    0.0 0.0 0.0 0.0 0.0 0.0 0.0 0.0 0.0 0.0 0.0 0.0 0.0 0.0 0.0 0.0 0.0  
    0.0 0.0 0.0 0.0 0.0 0.0 0.0 0.0 0.0 0.0 0.0 0.0 0.0 0.0 0.0 0.0 0.0  
    0.0 0.0 0.0 0.0 0.0 0.0 0.0 0.0 0.0 0.0 0.0 0.0 0.0 0.0 0.0 0.0 0.0  
    0.0 0.0 0.0 0.0 0.0 0.0 0.0 0.0 0.0 0.0 0.0 0.0 0.0 0.0 0.0 0.0 0.0  
    0.0 
  J_EC = 0.0 0.0 0.0 0.0 0.0 0.0 0.0 0.0 0.0 0.0 0.0 0.0 0.0 0.0 0.0  
    0.0 0.0 0.0 0.0 0.0 0.0 0.0 0.0 0.0 0.0 0.0 0.0 0.0 0.0 0.0 0.0 0.0  
    0.0 0.0 0.0 0.0 0.0 0.0 0.0 0.0 0.0 0.0 0.0 0.0 0.0 0.0 0.0 0.0 0.0  
    0.0 0.0 0.0 0.0 0.0 0.0 0.0 0.0 0.0 0.0 0.0 0.0 0.0 0.0 0.0 0.0 0.0  
    0.0 0.0 0.0 0.0 0.0 0.0 0.0 0.0 0.0 0.0 0.0 0.0 0.0 0.0 0.0 0.0 0.0  
    0.0 0.0 0.0 0.0 0.0 0.0 0.0 0.0 0.0 0.0 0.0 0.0 0.0 0.0 0.0 0.0 0.0  
    0.0 
  J_IC = 0.0 0.0 0.0 0.0 0.0 0.0 0.0 0.0 0.0 0.0 0.0 0.0 0.0 0.0 0.0  
    0.0 0.0 0.0 0.0 0.0 0.0 0.0 0.0 0.0 0.0 0.0 0.0 0.0 0.0 0.0 0.0 0.0  
    0.0 0.0 0.0 0.0 0.0 0.0 0.0 0.0 0.0 0.0 0.0 0.0 0.0 0.0 0.0 0.0 0.0  
    0.0 0.0 0.0 0.0 0.0 0.0 0.0 0.0 0.0 0.0 0.0 0.0 0.0 0.0 0.0 0.0 0.0  
    0.0 0.0 0.0 0.0 0.0 0.0 0.0 0.0 0.0 0.0 0.0 0.0 0.0 0.0 0.0 0.0 0.0  
    0.0 0.0 0.0 0.0 0.0 0.0 0.0 0.0 0.0 0.0 0.0 0.0 0.0 0.0 0.0 0.0 0.0  
    0.0 
  J_LH = 0.0 0.0 0.0 0.0 0.0 0.0 0.0 0.0 0.0 0.0 0.0 0.0 0.0 0.0 0.0  
    0.0 0.0 0.0 0.0 0.0 0.0 0.0 0.0 0.0 0.0 0.0 0.0 0.0 0.0 0.0 0.0 0.0  
    0.0 0.0 0.0 0.0 0.0 0.0 0.0 0.0 0.0 0.0 0.0 0.0 0.0 0.0 0.0 0.0 0.0  
    0.0 0.0 0.0 0.0 0.0 0.0 0.0 0.0 0.0 0.0 0.0 0.0 0.0 0.0 0.0 0.0 0.0  
    0.0 0.0 0.0 0.0 0.0 0.0 0.0 0.0 0.0 0.0 0.0 0.0 0.0 0.0 0.0 0.0 0.0  
    0.0 0.0 0.0 0.0 0.0 0.0 0.0 0.0 0.0 0.0 0.0 0.0 0.0 0.0 0.0 0.0 0.0  
    0.0 
  PE_NB = 0.0 0.0 0.0 0.0 0.0 0.0 0.0 0.0 0.0 0.0 0.0 0.0 0.0 0.0 0.0  
    0.0 0.0 0.0 0.0 0.0 0.0 0.0 0.0 0.0 0.0 0.0 0.0 0.0 0.0 0.0 0.0 0.0  
    0.0 0.0 0.0 0.0 0.0 0.0 0.0 0.0 0.0 0.0 0.0 0.0 0.0 0.0 0.0 0.0 0.0  
    0.0 0.0 0.0 0.0 0.0 0.0 0.0 0.0 0.0 0.0 0.0 0.0 0.0 0.0 0.0 0.0 0.0  
    0.0 0.0 0.0 0.0 0.0 0.0 0.0 0.0 0.0 0.0 0.0 0.0 0.0 0.0 0.0 0.0 0.0  
    0.0 0.0 0.0 0.0 0.0 0.0 0.0 0.0 0.0 0.0 0.0 0.0 0.0 0.0 0.0 0.0 0.0  
    0.0 
  PE_EC = 0.0 0.0 0.0 0.0 0.0 0.0 0.0 0.0 0.0 0.0 0.0 0.0 0.0 0.0 0.0  
    0.0 0.0 0.0 0.0 0.0 0.0 0.0 0.0 0.0 0.0 0.0 0.0 0.0 0.0 0.0 0.0 0.0  
    0.0 0.0 0.0 0.0 0.0 0.0 0.0 0.0 0.0 0.0 0.0 0.0 0.0 0.0 0.0 0.0 0.0  
    0.0 0.0 0.0 0.0 0.0 0.0 0.0 0.0 0.0 0.0 0.0 0.0 0.0 0.0 0.0 0.0 0.0  
    0.0 0.0 0.0 0.0 0.0 0.0 0.0 0.0 0.0 0.0 0.0 0.0 0.0 0.0 0.0 0.0 0.0  
    0.0 0.0 0.0 0.0 0.0 0.0 0.0 0.0 0.0 0.0 0.0 0.0 0.0 0.0 0.0 0.0 0.0  
    0.0 
  PE_IC = 0.0 0.0 0.0 0.0 0.0 0.0 0.0 0.0 0.0 0.0 0.0 0.0 0.0 0.0 0.0  
    0.0 0.0 0.0 0.0 0.0 0.0 0.0 0.0 0.0 0.0 0.0 0.0 0.0 0.0 0.0 0.0 0.0  
    0.0 0.0 0.0 0.0 0.0 0.0 0.0 0.0 0.0 0.0 0.0 0.0 0.0 0.0 0.0 0.0 0.0  
    0.0 0.0 0.0 0.0 0.0 0.0 0.0 0.0 0.0 0.0 0.0 0.0 0.0 0.0 0.0 0.0 0.0  
    0.0 0.0 0.0 0.0 0.0 0.0 0.0 0.0 0.0 0.0 0.0 0.0 0.0 0.0 0.0 0.0 0.0  
    0.0 0.0 0.0 0.0 0.0 0.0 0.0 0.0 0.0 0.0 0.0 0.0 0.0 0.0 0.0 0.0 0.0  
    0.0 
  PE_LH = 0.0 0.0 0.0 0.0 0.0 0.0 0.0 0.0 0.0 0.0 0.0 0.0 0.0 0.0 0.0  
    0.0 0.0 0.0 0.0 0.0 0.0 0.0 0.0 0.0 0.0 0.0 0.0 0.0 0.0 0.0 0.0 0.0  
    0.0 0.0 0.0 0.0 0.0 0.0 0.0 0.0 0.0 0.0 0.0 0.0 0.0 0.0 0.0 0.0 0.0  
    0.0 0.0 0.0 0.0 0.0 0.0 0.0 0.0 0.0 0.0 0.0 0.0 0.0 0.0 0.0 0.0 0.0  
    0.0 0.0 0.0 0.0 0.0 0.0 0.0 0.0 0.0 0.0 0.0 0.0 0.0 0.0 0.0 0.0 0.0  
    0.0 0.0 0.0 0.0 0.0 0.0 0.0 0.0 0.0 0.0 0.0 0.0 0.0 0.0 0.0 0.0 0.0  
    0.0 
  PE_FUS = 2293940.8526881514 2293786.8873404497 2293529.124295015  
    2293473.342378703 2293926.483595098 2295198.669496896  
    2297441.3182678265 2300151.94089911 2302653.6772029097  
    2304250.3415719965 2304215.440171329 2301122.960545344  
    2294267.4913352896 2283969.910874756 2270562.87238605  
    2254407.7473152922 2235371.4061020454 2212881.8522853586  
    2186655.7068949593 2156385.9727995154 2121741.2532094964  
    2083055.2952263094 2040940.8409788802 1995520.0204593875  
    1946994.405366918 1895653.26795626 1841192.9604955672  
    1783552.8258663472 1723460.924148731 1661646.8841818236  
    1598835.4971688036 1536219.449884434 1474351.6583419922  
    1413029.7912696025 1352104.358502961 1291477.3008969  
    1231227.1235390683 1171635.9398827099 1112940.9696425186  
    1055367.2757911955 999125.1407936473 944478.9038465441  
    891640.2846110272 840725.289894201 791843.065953095  
    745092.2408036819 700602.2717991123 658378.5236518922  
    618315.3338539015 580298.4932993773 544208.2337191969  
    509861.04342722363 477161.2590332709 446105.2678825503  
    416674.22669884114 388836.7819537453 362610.4440572308  
    338017.86522724206 315019.25739557616 293565.55318143853  
    273600.457687262 255059.02173216 237860.73651829181  
    221922.70330573485 207163.9914765408 193506.25491182655  
    180873.92120596615 169186.42670627506 158364.81203216096  
    148336.08770090187 139032.9399774301 130389.54645221446  
    122346.2730631622 114852.53016606411 107861.96597103063  
    101332.15880494141 95227.21343796019 89511.91363064804  
    84150.4166069583 79110.34839687016 74362.51531480828  
    69877.02341377301 65626.9993784408 61591.85523261897  
    57753.32270873819 54095.27803482306 50580.28674387087  
    47196.15887373426 43962.624396735424 40895.18495375311  
    38005.52567302736 28025.003814431406 18683.06506557861  
    10729.24370795515 4965.669292366413 1691.8888655842568  
    373.3827417445531 43.43602204837639 1.758520751017124  
    0.007633496799248324 3.4062316048101527e-09 
  PE_IONIZATION = 0.0 0.0 0.0 0.0 0.0 0.0 0.0 0.0 0.0 0.0 0.0 0.0 0.0  
    0.0 0.0 0.0 0.0 0.0 0.0 0.0 0.0 0.0 0.0 0.0 0.0 0.0 0.0 0.0 0.0 0.0  
    0.0 0.0 0.0 0.0 0.0 0.0 0.0 0.0 0.0 0.0 0.0 0.0 0.0 0.0 0.0 0.0 0.0  
    0.0 0.0 0.0 0.0 0.0 0.0 0.0 0.0 0.0 0.0 0.0 0.0 0.0 0.0 0.0 0.0 0.0  
    0.0 0.0 0.0 0.0 0.0 0.0 0.0 0.0 0.0 0.0 0.0 0.0 0.0 0.0 0.0 0.0 0.0  
    0.0 0.0 0.0 0.0 0.0 0.0 0.0 0.0 0.0 0.0 0.0 0.0 0.0 0.0 0.0 0.0 0.0  
    0.0 0.0 0.0 
  P_RAD = -0.4825003772401218 -0.4825003772401218 -0.4805715602474321  
    -0.4785047142948529 -0.4763024057121186 -0.4739672519700983  
    -0.47150192246306183 -0.46890913840661225 -0.4661916753509413  
    -0.4633523608654055 -0.46039407375076885 -0.45731974325644176  
    -0.4541323459387753 -0.45083490143282556 -0.44743047072741937  
    -0.4439221412889195 -0.44031298986560424 -0.4366060960688222  
    -0.4328045431046274 -0.42891140918047266 -0.42492975955536344  
    -0.420862637293311 -0.41671305437763845 -0.4124839802102143  
    -0.40817833429328815 -0.40379897373208706 -0.39934870682253176  
    -0.3948304239154415 -0.3902470295712847 -0.3856013656418894  
    -0.3808962064495536 -0.37613424988917865 -0.37131811234311785  
    -0.36645032294341257 -0.36153332376071645 -0.35656976874307245  
    -0.35156270776261267 -0.3465152115251449 -0.3414303397380499  
    -0.3363111416629312 -0.3311606561940706 -0.32598192257264963  
    -0.3207784466614318 -0.3155545059480142 -0.3103145440331873  
    -0.3050631181436144 -0.2998048988512411 -0.2945446752870994  
    -0.2892876445003171 -0.2840397343937474 -0.2788071295023257  
    -0.2735962066488943 -0.268413532881986 -0.26309055314078106  
    -0.25776449498542214 -0.2525072615441966 -0.247327521349895  
    -0.24223414024571024 -0.23723625004155294 -0.23234358629700938  
    -0.2275662677174438 -0.2229146740413002 -0.2183994576834458  
    -0.2140303441322988 -0.20981516987956755 -0.20576162412614282  
    -0.2018774376508901 -0.19816783787935105 -0.19462908164917297  
    -0.19125424347862455 -0.18803465849530884 -0.1849556225624616  
    -0.1819858103621367 -0.17908684982832232 -0.1762164014099677  
    -0.17333997876553142 -0.17044371191951405 -0.16751609519381247  
    -0.16454810358289443 -0.16157650290156544 -0.15867468674188623  
    -0.15591125251673005 -0.15334862000623825 -0.15104889408999142  
    -0.14907403896465218 -0.14749414807261618 -0.14633717988612877  
    -0.14560654371342374 -0.14539325642033563 -0.14582231718274563  
    -0.14685722616073404 -0.14819641724399635 -0.14971231204970523  
    -0.15309971976947281 -0.16539683626323926 -0.20026621958206642  
    -0.2339373885686882 -0.21186983881767527 -0.22230236992352423  
    -0.5695477982107253 -0.21954066257665503 
  P_RAD_IMP = 0.0 0.0 0.0 0.0 0.0 0.0 0.0 0.0 0.0 0.0 0.0 0.0 0.0 0.0  
    0.0 0.0 0.0 0.0 0.0 0.0 0.0 0.0 0.0 0.0 0.0 0.0 0.0 0.0 0.0 0.0 0.0  
    0.0 0.0 0.0 0.0 0.0 0.0 0.0 0.0 0.0 0.0 0.0 0.0 0.0 0.0 0.0 0.0 0.0  
    0.0 0.0 0.0 0.0 0.0 0.0 0.0 0.0 0.0 0.0 0.0 0.0 0.0 0.0 0.0 0.0 0.0  
    0.0 0.0 0.0 0.0 0.0 0.0 0.0 0.0 0.0 0.0 0.0 0.0 0.0 0.0 0.0 0.0 0.0  
    0.0 0.0 0.0 0.0 0.0 0.0 0.0 0.0 0.0 0.0 0.0 0.0 0.0 0.0 0.0 0.0 0.0  
    0.0 0.0 
  PI_NB = 0.0 0.0 0.0 0.0 0.0 0.0 0.0 0.0 0.0 0.0 0.0 0.0 0.0 0.0 0.0  
    0.0 0.0 0.0 0.0 0.0 0.0 0.0 0.0 0.0 0.0 0.0 0.0 0.0 0.0 0.0 0.0 0.0  
    0.0 0.0 0.0 0.0 0.0 0.0 0.0 0.0 0.0 0.0 0.0 0.0 0.0 0.0 0.0 0.0 0.0  
    0.0 0.0 0.0 0.0 0.0 0.0 0.0 0.0 0.0 0.0 0.0 0.0 0.0 0.0 0.0 0.0 0.0  
    0.0 0.0 0.0 0.0 0.0 0.0 0.0 0.0 0.0 0.0 0.0 0.0 0.0 0.0 0.0 0.0 0.0  
    0.0 0.0 0.0 0.0 0.0 0.0 0.0 0.0 0.0 0.0 0.0 0.0 0.0 0.0 0.0 0.0 0.0  
    0.0 
  PI_IC = 0.0 0.0 0.0 0.0 0.0 0.0 0.0 0.0 0.0 0.0 0.0 0.0 0.0 0.0 0.0  
    0.0 0.0 0.0 0.0 0.0 0.0 0.0 0.0 0.0 0.0 0.0 0.0 0.0 0.0 0.0 0.0 0.0  
    0.0 0.0 0.0 0.0 0.0 0.0 0.0 0.0 0.0 0.0 0.0 0.0 0.0 0.0 0.0 0.0 0.0  
    0.0 0.0 0.0 0.0 0.0 0.0 0.0 0.0 0.0 0.0 0.0 0.0 0.0 0.0 0.0 0.0 0.0  
    0.0 0.0 0.0 0.0 0.0 0.0 0.0 0.0 0.0 0.0 0.0 0.0 0.0 0.0 0.0 0.0 0.0  
    0.0 0.0 0.0 0.0 0.0 0.0 0.0 0.0 0.0 0.0 0.0 0.0 0.0 0.0 0.0 0.0 0.0  
    0.0 
  PI_LH = 0.0 0.0 0.0 0.0 0.0 0.0 0.0 0.0 0.0 0.0 0.0 0.0 0.0 0.0 0.0  
    0.0 0.0 0.0 0.0 0.0 0.0 0.0 0.0 0.0 0.0 0.0 0.0 0.0 0.0 0.0 0.0 0.0  
    0.0 0.0 0.0 0.0 0.0 0.0 0.0 0.0 0.0 0.0 0.0 0.0 0.0 0.0 0.0 0.0 0.0  
    0.0 0.0 0.0 0.0 0.0 0.0 0.0 0.0 0.0 0.0 0.0 0.0 0.0 0.0 0.0 0.0 0.0  
    0.0 0.0 0.0 0.0 0.0 0.0 0.0 0.0 0.0 0.0 0.0 0.0 0.0 0.0 0.0 0.0 0.0  
    0.0 0.0 0.0 0.0 0.0 0.0 0.0 0.0 0.0 0.0 0.0 0.0 0.0 0.0 0.0 0.0 0.0  
    0.0 
  PI_FUS = 1059638.7975340013 1059118.1005040237 1057549.5958847264  
    1054923.1902331312 1051227.891471013 1046451.1418870643  
    1040547.5375111401 1033348.6522744372 1024656.6660138232  
    1014275.420937399 1002009.4997146582 987734.2723443584  
    971671.0646987933 954138.3362817946 935452.8898739909  
    915934.1648618681 895639.4775222077 874376.7518813476  
    852092.0788196345 828726.9809381036 804218.3136170995  
    778673.9590441984 752280.7237337471 725108.838323165  
    697255.0449801009 668844.151946711 639823.8965568192  
    610253.8567506305 580438.8916351568 550669.7049915259  
    521220.46460400475 492504.16312952765 464703.1032927498  
    437746.9754898235 411584.7329279967 386182.9387575212  
    361549.0281713688 337749.9080541742 314847.1382764292  
    292893.3681187796 271931.848666745 252022.817589498  
    233204.73690805622 215477.9080426716 198837.94227155196  
    183275.12286517688 168780.20710222112 155313.84107360343  
    142815.69395587043 131224.7609066181 120480.37349536359  
    110508.32456801689 101260.30813149388 92711.20234221495  
    84831.4799138059 77588.39784017585 70961.27463949536  
    64924.22619877583 59435.357396093954 54453.7554798286  
    49939.91807347065 45855.21510978617 42157.61975685424  
    38806.9711580065 35767.08952591272 33005.46063429966  
    30492.71545429271 28202.56282937665 26111.673331385125  
    24199.1844550506 22446.457236755985 20836.224089065214  
    19353.950633213204 17987.583020409525 16726.245013556094  
    15560.128902026363 14481.16230301516 13481.743176317292  
    12554.171357961763 11691.55834221623 10887.747126537992  
    10136.837780337017 9433.280388458996 8772.426685139013  
    8150.216708227046 7563.120898333388 7002.9240293499615  
    6466.885890371629 5959.13665475066 5482.6977861701935  
    5039.609915098443 3479.6676977029347 2127.804912750371  
    1087.900238919402 430.2219151868922 118.73355336883544  
    19.867239889371795 1.6164099013430264 0.04113336895922666  
    9.366442011888292e-05 1.2471819096433509e-11 
  PI_IONIZATION = 0.0 0.0 0.0 0.0 0.0 0.0 0.0 0.0 0.0 0.0 0.0 0.0 0.0  
    0.0 0.0 0.0 0.0 0.0 0.0 0.0 0.0 0.0 0.0 0.0 0.0 0.0 0.0 0.0 0.0 0.0  
    0.0 0.0 0.0 0.0 0.0 0.0 0.0 0.0 0.0 0.0 0.0 0.0 0.0 0.0 0.0 0.0 0.0  
    0.0 0.0 0.0 0.0 0.0 0.0 0.0 0.0 0.0 0.0 0.0 0.0 0.0 0.0 0.0 0.0 0.0  
    0.0 0.0 0.0 0.0 0.0 0.0 0.0 0.0 0.0 0.0 0.0 0.0 0.0 0.0 0.0 0.0 0.0  
    0.0 0.0 0.0 0.0 0.0 0.0 0.0 0.0 0.0 0.0 0.0 0.0 0.0 0.0 0.0 0.0 0.0  
    0.0 0.0 0.0 
  PI_CX = 0.0 0.0 0.0 0.0 0.0 0.0 0.0 0.0 0.0 0.0 0.0 0.0 0.0 0.0 0.0  
    0.0 0.0 0.0 0.0 0.0 0.0 0.0 0.0 0.0 0.0 0.0 0.0 0.0 0.0 0.0 0.0 0.0  
    0.0 0.0 0.0 0.0 0.0 0.0 0.0 0.0 0.0 0.0 0.0 0.0 0.0 0.0 0.0 0.0 0.0  
    0.0 0.0 0.0 0.0 0.0 0.0 0.0 0.0 0.0 0.0 0.0 0.0 0.0 0.0 0.0 0.0 0.0  
    0.0 0.0 0.0 0.0 0.0 0.0 0.0 0.0 0.0 0.0 0.0 0.0 0.0 0.0 0.0 0.0 0.0  
    0.0 0.0 0.0 0.0 0.0 0.0 0.0 0.0 0.0 0.0 0.0 0.0 0.0 0.0 0.0 0.0 0.0  
    0.0 
  P_OHM = 0.0 0.0 0.0 0.0 0.0 0.0 0.0 0.0 0.0 0.0 0.0 0.0 0.0 0.0 0.0  
    0.0 0.0 0.0 0.0 0.0 0.0 0.0 0.0 0.0 0.0 0.0 0.0 0.0 0.0 0.0 0.0 0.0  
    0.0 0.0 0.0 0.0 0.0 0.0 0.0 0.0 0.0 0.0 0.0 0.0 0.0 0.0 0.0 0.0 0.0  
    0.0 0.0 0.0 0.0 0.0 0.0 0.0 0.0 0.0 0.0 0.0 0.0 0.0 0.0 0.0 0.0 0.0  
    0.0 0.0 0.0 0.0 0.0 0.0 0.0 0.0 0.0 0.0 0.0 0.0 0.0 0.0 0.0 0.0 0.0  
    0.0 0.0 0.0 0.0 0.0 0.0 0.0 0.0 0.0 0.0 0.0 0.0 0.0 0.0 0.0 0.0 0.0  
    0.0 
  P_EI = 0.0 0.0 0.0 0.0 0.0 0.0 0.0 0.0 0.0 0.0 0.0 0.0 0.0 0.0 0.0  
    0.0 0.0 0.0 0.0 0.0 0.0 0.0 0.0 0.0 0.0 0.0 0.0 0.0 0.0 0.0 0.0 0.0  
    0.0 0.0 0.0 0.0 0.0 0.0 0.0 0.0 0.0 0.0 0.0 0.0 0.0 0.0 0.0 0.0 0.0  
    0.0 0.0 0.0 0.0 0.0 0.0 0.0 0.0 0.0 0.0 0.0 0.0 0.0 0.0 0.0 0.0 0.0  
    0.0 0.0 0.0 0.0 0.0 0.0 0.0 0.0 0.0 0.0 0.0 0.0 0.0 0.0 0.0 0.0 0.0  
    0.0 0.0 0.0 0.0 0.0 0.0 0.0 0.0 0.0 0.0 0.0 0.0 0.0 0.0 0.0 0.0 0.0  
    0.0 
  TORQUE_NB = 0.0 0.0 0.0 0.0 0.0 0.0 0.0 0.0 0.0 0.0 0.0 0.0 0.0 0.0  
    0.0 0.0 0.0 0.0 0.0 0.0 0.0 0.0 0.0 0.0 0.0 0.0 0.0 0.0 0.0 0.0 0.0  
    0.0 0.0 0.0 0.0 0.0 0.0 0.0 0.0 0.0 0.0 0.0 0.0 0.0 0.0 0.0 0.0 0.0  
    0.0 0.0 0.0 0.0 0.0 0.0 0.0 0.0 0.0 0.0 0.0 0.0 0.0 0.0 0.0 0.0 0.0  
    0.0 0.0 0.0 0.0 0.0 0.0 0.0 0.0 0.0 0.0 0.0 0.0 0.0 0.0 0.0 0.0 0.0  
    0.0 0.0 0.0 0.0 0.0 0.0 0.0 0.0 0.0 0.0 0.0 0.0 0.0 0.0 0.0 0.0 0.0  
    0.0 0.0 
  TORQUE_IN = 0.0 0.0 0.0 0.0 0.0 0.0 0.0 0.0 0.0 0.0 0.0 0.0 0.0 0.0  
    0.0 0.0 0.0 0.0 0.0 0.0 0.0 0.0 0.0 0.0 0.0 0.0 0.0 0.0 0.0 0.0 0.0  
    0.0 0.0 0.0 0.0 0.0 0.0 0.0 0.0 0.0 0.0 0.0 0.0 0.0 0.0 0.0 0.0 0.0  
    0.0 0.0 0.0 0.0 0.0 0.0 0.0 0.0 0.0 0.0 0.0 0.0 0.0 0.0 0.0 0.0 0.0  
    0.0 0.0 0.0 0.0 0.0 0.0 0.0 0.0 0.0 0.0 0.0 0.0 0.0 0.0 0.0 0.0 0.0  
    0.0 0.0 0.0 0.0 0.0 0.0 0.0 0.0 0.0 0.0 0.0 0.0 0.0 0.0 0.0 0.0 0.0  
    0.0 0.0 
  SE_NB = 0.0 0.0 0.0 0.0 0.0 0.0 0.0 0.0 0.0 0.0 0.0 0.0 0.0 0.0 0.0  
    0.0 0.0 0.0 0.0 0.0 0.0 0.0 0.0 0.0 0.0 0.0 0.0 0.0 0.0 0.0 0.0 0.0  
    0.0 0.0 0.0 0.0 0.0 0.0 0.0 0.0 0.0 0.0 0.0 0.0 0.0 0.0 0.0 0.0 0.0  
    0.0 0.0 0.0 0.0 0.0 0.0 0.0 0.0 0.0 0.0 0.0 0.0 0.0 0.0 0.0 0.0 0.0  
    0.0 0.0 0.0 0.0 0.0 0.0 0.0 0.0 0.0 0.0 0.0 0.0 0.0 0.0 0.0 0.0 0.0  
    0.0 0.0 0.0 0.0 0.0 0.0 0.0 0.0 0.0 0.0 0.0 0.0 0.0 0.0 0.0 0.0 0.0  
    0.0 
  SE_IONIZATION = 0.0 0.0 0.0 0.0 0.0 0.0 0.0 0.0 0.0 0.0 0.0 0.0 0.0  
    0.0 0.0 0.0 0.0 0.0 0.0 0.0 0.0 0.0 0.0 0.0 0.0 0.0 0.0 0.0 0.0 0.0  
    0.0 0.0 0.0 0.0 0.0 0.0 0.0 0.0 0.0 0.0 0.0 0.0 0.0 0.0 0.0 0.0 0.0  
    0.0 0.0 0.0 0.0 0.0 0.0 0.0 0.0 0.0 0.0 0.0 0.0 0.0 0.0 0.0 0.0 0.0  
    0.0 0.0 0.0 0.0 0.0 0.0 0.0 0.0 0.0 0.0 0.0 0.0 0.0 0.0 0.0 0.0 0.0  
    0.0 0.0 0.0 0.0 0.0 0.0 0.0 0.0 0.0 0.0 0.0 0.0 0.0 0.0 0.0 0.0 0.0  
    0.0 0.0 0.0 
  SI_NB = 0.0 0.0 0.0 0.0 0.0 0.0 0.0 0.0 0.0 0.0 0.0 0.0 0.0 0.0 0.0  
    0.0 0.0 0.0 0.0 0.0 0.0 0.0 0.0 0.0 0.0 0.0 0.0 0.0 0.0 0.0 0.0 0.0  
    0.0 0.0 0.0 0.0 0.0 0.0 0.0 0.0 0.0 0.0 0.0 0.0 0.0 0.0 0.0 0.0 0.0  
    0.0 0.0 0.0 0.0 0.0 0.0 0.0 0.0 0.0 0.0 0.0 0.0 0.0 0.0 0.0 0.0 0.0  
    0.0 0.0 0.0 0.0 0.0 0.0 0.0 0.0 0.0 0.0 0.0 0.0 0.0 0.0 0.0 0.0 0.0  
    0.0 0.0 0.0 0.0 0.0 0.0 0.0 0.0 0.0 0.0 0.0 0.0 0.0 0.0 0.0 0.0 0.0  
    0.0 
  SI_IONIZATION = 0.0 0.0 0.0 0.0 0.0 0.0 0.0 0.0 0.0 0.0 0.0 0.0 0.0  
    0.0 0.0 0.0 0.0 0.0 0.0 0.0 0.0 0.0 0.0 0.0 0.0 0.0 0.0 0.0 0.0 0.0  
    0.0 0.0 0.0 0.0 0.0 0.0 0.0 0.0 0.0 0.0 0.0 0.0 0.0 0.0 0.0 0.0 0.0  
    0.0 0.0 0.0 0.0 0.0 0.0 0.0 0.0 0.0 0.0 0.0 0.0 0.0 0.0 0.0 0.0 0.0  
    0.0 0.0 0.0 0.0 0.0 0.0 0.0 0.0 0.0 0.0 0.0 0.0 0.0 0.0 0.0 0.0 0.0  
    0.0 0.0 0.0 0.0 0.0 0.0 0.0 0.0 0.0 0.0 0.0 0.0 0.0 0.0 0.0 0.0 0.0  
    0.0 0.0 0.0 
  SE_PELLET = 0.0 0.0 0.0 0.0 0.0 0.0 0.0 0.0 0.0 0.0 0.0 0.0 0.0 0.0  
    0.0 0.0 0.0 0.0 0.0 0.0 0.0 0.0 0.0 0.0 0.0 0.0 0.0 0.0 0.0 0.0 0.0  
    0.0 0.0 0.0 0.0 0.0 0.0 0.0 0.0 0.0 0.0 0.0 0.0 0.0 0.0 0.0 0.0 0.0  
    0.0 0.0 0.0 0.0 0.0 0.0 0.0 0.0 0.0 0.0 0.0 0.0 0.0 0.0 0.0 0.0 0.0  
    0.0 0.0 0.0 0.0 0.0 0.0 0.0 0.0 0.0 0.0 0.0 0.0 0.0 0.0 0.0 0.0 0.0  
    0.0 0.0 0.0 0.0 0.0 0.0 0.0 0.0 0.0 0.0 0.0 0.0 0.0 0.0 0.0 0.0 0.0  
    0.0 0.0 
  Q = 0.0 0.0 0.0 0.0 0.0 0.0 0.0 0.0 0.0 0.0 0.0 0.0 0.0 0.0 0.0 0.0  
    0.0 0.0 0.0 0.0 0.0 0.0 0.0 0.0 0.0 0.0 0.0 0.0 0.0 0.0 0.0 0.0 0.0  
    0.0 0.0 0.0 0.0 0.0 0.0 0.0 0.0 0.0 0.0 0.0 0.0 0.0 0.0 0.0 0.0 0.0  
    0.0 0.0 0.0 0.0 0.0 0.0 0.0 0.0 0.0 0.0 0.0 0.0 0.0 0.0 0.0 0.0 0.0  
    0.0 0.0 0.0 0.0 0.0 0.0 0.0 0.0 0.0 0.0 0.0 0.0 0.0 0.0 0.0 0.0 0.0  
    0.0 0.0 0.0 0.0 0.0 0.0 0.0 0.0 0.0 0.0 0.0 0.0 0.0 0.0 0.0 0.0 0.0 
  PSIPOL = 0.0 0.000907977324434981 0.0036315675333129633  
    0.008169723484934397 0.014520697753916826 0.022682015358730368  
    0.032650460685188926 0.04442205626646352 0.05799210364398652  
    0.07335505322264213 0.09050463812326162 0.10943399847027768  
    0.13013555273854277 0.1526007619585436 0.1768215713970523  
    0.20278759210901456 0.23049368183817315 0.25992159764357087  
    0.2910654982530299 0.3239064758048131 0.35843544866342547  
    0.39464077314125434 0.4325037184249868 0.4720109629525656  
    0.5131485032420628 0.5559007466726588 0.6002509151283144  
    0.6461808579033139 0.6936730915512596 0.742709676753728  
    0.7932719372825088 0.8453405200670345 0.8988954214858488  
    0.9539158985953673 1.010381471187171 1.0682712946155255  
    1.1275632479798379 1.1882341502342542 1.2502594524282664  
    1.3136150048032391 1.3782804184316626 1.4442287425058737  
    1.5114312593183012 1.579867638766539 1.6495089252145845  
    1.7203253380562333 1.7922955883755198 1.865384357224931  
    1.9395703792812344 2.0148175986882855 2.0911031456399956  
    2.1683899980560892 2.2466548266668847 2.325859039166496  
    2.4059774246334578 2.486973862570934 2.5688156620310547  
    2.651474107210372 2.734909519018962 2.8190904409023037  
    2.903985176613226 2.989553560514776 3.0757613564213067  
    3.1625751696498314 3.2499572812396473 3.337867833475633  
    3.4262712622955522 3.515131152975051 3.604408609841937  
    3.6940618945244323 3.7840527033628724 3.874342227478049  
    3.964890984323908 4.055657135125907 4.1465975862585935  
    4.2376713472394325 4.328836822375095 4.420051823278093  
    4.511273135300473 4.6024545267566745 4.693551644109526  
    4.784520128202781 4.875315102844466 4.965891105671719  
    5.056199127497105 5.146190187432623 5.23581582265577  
    5.325025933350016 5.4137685552268495 5.501988290718399  
    5.58963301694217 5.6766508817935435 5.762987589042698  
    5.848583181246727 5.933385012589813 6.017345692344836  
    6.100411845581335 6.182526580848907 6.263625417073266  
    6.3436249668404425 6.422429235700638 
  PSI = 0.0 0.0001413759951433591 0.0005654507663745067  
    0.0012720612692034034 0.0022609354219428356 0.0035316878592677767  
    0.005083817896146428 0.00691670622379655 0.009029621271904917  
    0.011421698944517783 0.01409196346145311 0.01703934671042573  
    0.020262668215190693 0.02376059842127572 0.027531883171891796  
    0.03157490486337636 0.035888862824197086 0.04047091654957182  
    0.04532015652816716 0.05043363872416064 0.055809949087640344  
    0.061447274646102355 0.06734269893092935 0.07349414771731196  
    0.07989944060256855 0.08655614974822128 0.09346166272906106  
    0.10061315340173158 0.1080078995180373 0.11564310784853733  
    0.12351587042375078 0.13162317388691544 0.13996190358768293  
    0.148528829760053 0.15732076354702662 0.1663344593471391  
    0.17556647284052626 0.18501319463812307 0.1946708023621957  
    0.20453553579091072 0.21460422028010134 0.22487265947249  
    0.235336381896844 0.24599222206831953 0.2568356714691985  
    0.26786209313033543 0.2790681722754699 0.29044840959176904  
    0.301999493976463 0.3137158113768589 0.32559380086526907  
    0.3376276979437259 0.34981387014407356 0.3621463084774281  
    0.3746210874943154 0.3872325830772076 0.3999757051041788  
    0.4128459824004766 0.4258372367602435 0.43894457026193495  
    0.4521630476628246 0.46548641499957893 0.4789093415500692  
    0.4924266276177691 0.5060324001974156 0.5197204532704357  
    0.5334852493585742 0.547321118531807 0.5612220045658041  
    0.57518140861562 0.5891933666358351 0.6032518359161629  
    0.6173506688534761 0.6314833509696842 0.645643172400985  
    0.6598237507520214 0.6740186093934988 0.6882211794110797  
    0.7024247320972354 0.7166220689786366 0.7308062840177787  
    0.7449704703022433 0.7591076404149133 0.7732107156693302  
    0.7872720651231141 0.8012840622402301 0.8152391611496802  
    0.8291295610934196 0.8429471710070542 0.8566833652497494  
    0.8703300280633429 0.8838790858509575 0.8973220844548551  
    0.910649688241943 0.9238537000310796 0.9369267408811535  
    0.9498605000847201 0.9626461193969762 0.9752735588358651  
    0.987729834620498 1.0 
  DENSITY_BEAM = 0.0 0.0 0.0 0.0 0.0 0.0 0.0 0.0 0.0 0.0 0.0 0.0 0.0  
    0.0 0.0 0.0 0.0 0.0 0.0 0.0 0.0 0.0 0.0 0.0 0.0 0.0 0.0 0.0 0.0 0.0  
    0.0 0.0 0.0 0.0 0.0 0.0 0.0 0.0 0.0 0.0 0.0 0.0 0.0 0.0 0.0 0.0 0.0  
    0.0 0.0 0.0 0.0 0.0 0.0 0.0 0.0 0.0 0.0 0.0 0.0 0.0 0.0 0.0 0.0 0.0  
    0.0 0.0 0.0 0.0 0.0 0.0 0.0 0.0 0.0 0.0 0.0 0.0 0.0 0.0 0.0 0.0 0.0  
    0.0 0.0 0.0 0.0 0.0 0.0 0.0 0.0 0.0 0.0 0.0 0.0 0.0 0.0 0.0 0.0 0.0  
    0.0 0.0 0.0 
  WBEAM = 0.0 0.0 0.0 0.0 0.0 0.0 0.0 0.0 0.0 0.0 0.0 0.0 0.0 0.0 0.0  
    0.0 0.0 0.0 0.0 0.0 0.0 0.0 0.0 0.0 0.0 0.0 0.0 0.0 0.0 0.0 0.0 0.0  
    0.0 0.0 0.0 0.0 0.0 0.0 0.0 0.0 0.0 0.0 0.0 0.0 0.0 0.0 0.0 0.0 0.0  
    0.0 0.0 0.0 0.0 0.0 0.0 0.0 0.0 0.0 0.0 0.0 0.0 0.0 0.0 0.0 0.0 0.0  
    0.0 0.0 0.0 0.0 0.0 0.0 0.0 0.0 0.0 0.0 0.0 0.0 0.0 0.0 0.0 0.0 0.0  
    0.0 0.0 0.0 0.0 0.0 0.0 0.0 0.0 0.0 0.0 0.0 0.0 0.0 0.0 0.0 0.0 0.0  
    0.0 
  TBEAM = 0.0 0.0 0.0 0.0 0.0 0.0 0.0 0.0 0.0 0.0 0.0 0.0 0.0 0.0 0.0  
    0.0 0.0 0.0 0.0 0.0 0.0 0.0 0.0 0.0 0.0 0.0 0.0 0.0 0.0 0.0 0.0 0.0  
    0.0 0.0 0.0 0.0 0.0 0.0 0.0 0.0 0.0 0.0 0.0 0.0 0.0 0.0 0.0 0.0 0.0  
    0.0 0.0 0.0 0.0 0.0 0.0 0.0 0.0 0.0 0.0 0.0 0.0 0.0 0.0 0.0 0.0 0.0  
    0.0 0.0 0.0 0.0 0.0 0.0 0.0 0.0 0.0 0.0 0.0 0.0 0.0 0.0 0.0 0.0 0.0  
    0.0 0.0 0.0 0.0 0.0 0.0 0.0 0.0 0.0 0.0 0.0 0.0 0.0 0.0 0.0 0.0 0.0  
    0.0 
  DENSITY_ALPHA = 0.0 0.0 0.0 0.0 0.0 0.0 0.0 0.0 0.0 0.0 0.0 0.0 0.0  
    0.0 0.0 0.0 0.0 0.0 0.0 0.0 0.0 0.0 0.0 0.0 0.0 0.0 0.0 0.0 0.0 0.0  
    0.0 0.0 0.0 0.0 0.0 0.0 0.0 0.0 0.0 0.0 0.0 0.0 0.0 0.0 0.0 0.0 0.0  
    0.0 0.0 0.0 0.0 0.0 0.0 0.0 0.0 0.0 0.0 0.0 0.0 0.0 0.0 0.0 0.0 0.0  
    0.0 0.0 0.0 0.0 0.0 0.0 0.0 0.0 0.0 0.0 0.0 0.0 0.0 0.0 0.0 0.0 0.0  
    0.0 0.0 0.0 0.0 0.0 0.0 0.0 0.0 0.0 0.0 0.0 0.0 0.0 0.0 0.0 0.0 0.0  
    0.0 0.0 0.0 
  WALPHA = 0.0 0.0 0.0 0.0 0.0 0.0 0.0 0.0 0.0 0.0 0.0 0.0 0.0 0.0 0.0  
    0.0 0.0 0.0 0.0 0.0 0.0 0.0 0.0 0.0 0.0 0.0 0.0 0.0 0.0 0.0 0.0 0.0  
    0.0 0.0 0.0 0.0 0.0 0.0 0.0 0.0 0.0 0.0 0.0 0.0 0.0 0.0 0.0 0.0 0.0  
    0.0 0.0 0.0 0.0 0.0 0.0 0.0 0.0 0.0 0.0 0.0 0.0 0.0 0.0 0.0 0.0 0.0  
    0.0 0.0 0.0 0.0 0.0 0.0 0.0 0.0 0.0 0.0 0.0 0.0 0.0 0.0 0.0 0.0 0.0  
    0.0 0.0 0.0 0.0 0.0 0.0 0.0 0.0 0.0 0.0 0.0 0.0 0.0 0.0 0.0 0.0 0.0  
    0.0 
  TALPHA = 0.0 0.0 0.0 0.0 0.0 0.0 0.0 0.0 0.0 0.0 0.0 0.0 0.0 0.0 0.0  
    0.0 0.0 0.0 0.0 0.0 0.0 0.0 0.0 0.0 0.0 0.0 0.0 0.0 0.0 0.0 0.0 0.0  
    0.0 0.0 0.0 0.0 0.0 0.0 0.0 0.0 0.0 0.0 0.0 0.0 0.0 0.0 0.0 0.0 0.0  
    0.0 0.0 0.0 0.0 0.0 0.0 0.0 0.0 0.0 0.0 0.0 0.0 0.0 0.0 0.0 0.0 0.0  
    0.0 0.0 0.0 0.0 0.0 0.0 0.0 0.0 0.0 0.0 0.0 0.0 0.0 0.0 0.0 0.0 0.0  
    0.0 0.0 0.0 0.0 0.0 0.0 0.0 0.0 0.0 0.0 0.0 0.0 0.0 0.0 0.0 0.0 0.0  
    0.0 
  CHIE = 0.0 0.0 0.0 0.0 0.0 0.0 0.0 0.0 0.0 0.0 0.0 0.0 0.0 0.0 0.0  
    0.0 0.0 0.0 0.0 0.0 0.0 0.0 0.0 0.0 0.0 0.0 0.0 0.0 0.0 0.0 0.0 0.0  
    0.0 0.0 0.0 0.0 0.0 0.0 0.0 0.0 0.0 0.0 0.0 0.0 0.0 0.0 0.0 0.0 0.0  
    0.0 0.0 0.0 0.0 0.0 0.0 0.0 0.0 0.0 0.0 0.0 0.0 0.0 0.0 0.0 0.0 0.0  
    0.0 0.0 0.0 0.0 0.0 0.0 0.0 0.0 0.0 0.0 0.0 0.0 0.0 0.0 0.0 0.0 0.0  
    0.0 0.0 0.0 0.0 0.0 0.0 0.0 0.0 0.0 0.0 0.0 0.0 0.0 0.0 0.0 0.0 0.0  
    0.0 
  CHII = 0.0 0.0 0.0 0.0 0.0 0.0 0.0 0.0 0.0 0.0 0.0 0.0 0.0 0.0 0.0  
    0.0 0.0 0.0 0.0 0.0 0.0 0.0 0.0 0.0 0.0 0.0 0.0 0.0 0.0 0.0 0.0 0.0  
    0.0 0.0 0.0 0.0 0.0 0.0 0.0 0.0 0.0 0.0 0.0 0.0 0.0 0.0 0.0 0.0 0.0  
    0.0 0.0 0.0 0.0 0.0 0.0 0.0 0.0 0.0 0.0 0.0 0.0 0.0 0.0 0.0 0.0 0.0  
    0.0 0.0 0.0 0.0 0.0 0.0 0.0 0.0 0.0 0.0 0.0 0.0 0.0 0.0 0.0 0.0 0.0  
    0.0 0.0 0.0 0.0 0.0 0.0 0.0 0.0 0.0 0.0 0.0 0.0 0.0 0.0 0.0 0.0 0.0  
    0.0 
  P_EQ = 0.0 0.0 0.0 0.0 0.0 0.0 0.0 0.0 0.0 0.0 0.0 0.0 0.0 0.0 0.0  
    0.0 0.0 0.0 0.0 0.0 0.0 0.0 0.0 0.0 0.0 0.0 0.0 0.0 0.0 0.0 0.0 0.0  
    0.0 0.0 0.0 0.0 0.0 0.0 0.0 0.0 0.0 0.0 0.0 0.0 0.0 0.0 0.0 0.0 0.0  
    0.0 0.0 0.0 0.0 0.0 0.0 0.0 0.0 0.0 0.0 0.0 0.0 0.0 0.0 0.0 0.0 0.0  
    0.0 0.0 0.0 0.0 0.0 0.0 0.0 0.0 0.0 0.0 0.0 0.0 0.0 0.0 0.0 0.0 0.0  
    0.0 0.0 0.0 0.0 0.0 0.0 0.0 0.0 0.0 0.0 0.0 0.0 0.0 0.0 0.0 0.0 0.0  
    0.0 
  J_TOT = 3562160.21476005 3562160.21476005 3561564.84164662  
    3559992.5216965815 3557670.4463818055 3554633.6255339985  
    3550910.538275306 3546508.914029535 3541429.827324334  
    3535673.505458803 3529239.969507032 3522129.2194690346  
    3514341.2550939266 3505876.076381682 3496733.6833323087  
    3486914.0759458407 3476417.254222219 3465243.218161489  
    3453391.967763654 3440863.503028649 3427657.823956566  
    3413774.930798267 3399214.8235536516 3383977.5017211474  
    3368062.965300626 3351471.2147937957 3334202.25020073  
    3316256.071270436 3297632.678003119 3278332.0701479283  
    3258354.247955606 3237699.2119277003 3216366.9615626526  
    3194357.49660985 3171670.817319985 3148306.923692702  
    3124265.815728383 3099547.4934272068 3074151.9570396156  
    3048079.2065659487 3021329.241754849 2993902.0626064725  
    2965797.668870562 2937016.060797434 2907557.2386379438  
    2877421.202141138 2846607.951307397 2815117.4861364765  
    2782949.80687954 2750104.9132856536 2716582.805103128  
    2682383.4825838185 2647506.9457275523 2611953.194785049  
    2575722.2297563143 2538814.05038978 2501228.6566868573  
    2462966.0483958195 2424026.2255163207 2384409.1885513235  
    2344114.9375001155 2303143.4721114184 2261494.792635619  
    2219168.8988238834 2176165.790423893 2132485.467937405  
    2088127.93111467 2043093.1797022752 1997381.2142041717  
    1950992.034620696 1903925.6404490469 1856182.0316895784  
    1807761.2088433085 1758663.1719101802 1708887.920640767  
    1658435.4550345016 1607305.7750905454 1555498.8808095374  
    1503014.7721911727 1449853.4494868054 1396014.912696551  
    1341499.1613184735 1286306.1953513406 1230436.0150479258  
    1173888.6206585455 1116664.012182209 1058762.1891683652  
    1000183.1517917406 940926.9002289493 880993.434328994  
    820382.7541420261 759094.8596427827 697129.7508316663  
    634487.4277346699 571176.1571129642 507303.40703604213  
    443505.7192752157 381755.87731271045 326467.6782916618  
    285916.165150808 255381.3393572749 
  RHO = 0.0 0.01 0.02 0.03 0.04 0.05 0.06 0.07 0.08 0.09 0.1 0.11 0.12  
    0.13 0.14 0.15 0.16 0.17 0.18 0.19 0.2 0.21 0.22 0.23 0.24 0.25  
    0.26 0.27 0.28 0.29 0.3 0.31 0.32 0.33 0.34 0.35 0.36 0.37 0.38  
    0.39 0.4 0.41 0.42 0.43 0.44 0.45 0.46 0.47 0.48 0.49 0.5 0.51 0.52  
    0.53 0.54 0.55 0.56 0.57 0.58 0.59 0.6 0.61 0.62 0.63 0.64 0.65  
    0.66 0.67 0.68 0.69 0.7 0.71 0.72 0.73 0.74 0.75 0.76 0.77 0.78  
    0.79 0.8 0.81 0.82 0.83 0.84 0.85 0.86 0.87 0.88 0.89 0.9 0.91 0.92  
    0.93 0.94 0.95 0.96 0.97 0.98 0.99 1.0 
  MODEL_PROFILE_NE = 'ped' 
  MODEL_PROFILE_TE = 'ped' 
  MODEL_PROFILE_TI = 'ped' 
  MODEL_PROFILE_DENSITY_BEAM = 'parab' 
  MODEL_PROFILE_J_TOT = 'parab' 
  MODEL_PROFILE_OMEGA = 'parab' 
  MODEL_PROFILE_ZEFF = 'const' 
  MODEL_PROFILE_TBEAMI = 'const' 
  MODEL_PROFILE_DENSITY_ALPHA = 'zero' 
  MODEL_PROFILE_WALPHA = 'zero' 
  MODEL_PROFILE_WBEAM = 'derived' 
  J_TOT_AXIS = 1.0 
  J_TOT_SEP = 0.05 
  J_TOT_ALPHA = 2.0 
  J_TOT_BETA = 1.0 
  DENSITY_BEAM_AXIS = 0.0 
  DENSITY_BEAM_SEP = 0.0 
  DENSITY_BEAM_ALPHA = 1.5 
  DENSITY_BEAM_BETA = 1.5 
  TBEAMI_AXIS = 20.0 
  DENSITY_ION_0 = 12.400119064480885 12.399886474212906  
    12.39898145872097 12.397094506521436 12.393916527597767  
    12.389137567931416 12.38264936041648 12.37515859138162  
    12.36758527185885 12.360866927548367 12.355969985615229  
    12.354514677182156 12.35699931933024 12.362745687281455  
    12.371067001035245 12.381247495268275 12.393361682740487  
    12.408196783950308 12.426093554459502 12.447420236096109  
    12.472573107967904 12.501085932912469 12.532126474213895  
    12.565491229857214 12.60087143610503 12.637843854562158  
    12.676765672565773 12.717640218845233 12.75943246324531  
    12.801125647255295 12.841730125941792 12.882463038436146  
    12.924128598123312 12.965086882368558 13.003624869716782  
    13.037959968856379 13.067109810528637 13.091203323514156  
    13.110089844130506 13.123640649581453 13.131751835702586  
    13.134928228911564 13.13308001965012 13.125237351872803  
    13.110441832283122 13.087750654426628 13.055703477475435  
    13.013261122184796 12.960134818582906 12.896043775460388  
    12.820711318094034 12.734231555990233 12.637404706987734  
    12.531030865533129 12.415929043030802 12.292933317118418  
    12.163414670127866 12.028759672706437 11.889842441405204  
    11.747544927889786 11.602754500667873 11.456249137925768  
    11.308538863302346 11.16010757081215 11.011433095792135  
    10.862986949310951 10.715182807414214 10.568248626605115  
    10.422365892190047 10.277707704363989 10.134439323388259  
    9.992615880718741 9.852204027203058 9.713226469419375  
    9.57570056005378 9.439638713721175 9.30506351573192  
    9.171901263981262 9.040013074886888 8.909255849102939  
    8.779482636380799 8.65021654340073 8.521251050986065  
    8.392839793762239 8.265233547614338 8.13868045984727  
    8.015818596450842 7.897703638746913 7.782212673958615  
    7.667228026694544 7.550636727326733 7.312582996303344  
    7.027283079447377 6.69193738105779 6.3114296046817655  
    5.901058851043764 5.48555686462022 5.093116094887121  
    4.747206727299689 4.461016783547078 4.236783866992256 
  DENSITY_ION_1 = 12.400119064480885 12.399886474212906  
    12.39898145872097 12.397094506521436 12.393916527597767  
    12.389137567931416 12.38264936041648 12.37515859138162  
    12.36758527185885 12.360866927548367 12.355969985615229  
    12.354514677182156 12.35699931933024 12.362745687281455  
    12.371067001035245 12.381247495268275 12.393361682740487  
    12.408196783950308 12.426093554459502 12.447420236096109  
    12.472573107967904 12.501085932912469 12.532126474213895  
    12.565491229857214 12.60087143610503 12.637843854562158  
    12.676765672565773 12.717640218845233 12.75943246324531  
    12.801125647255295 12.841730125941792 12.882463038436146  
    12.924128598123312 12.965086882368558 13.003624869716782  
    13.037959968856379 13.067109810528637 13.091203323514156  
    13.110089844130506 13.123640649581453 13.131751835702586  
    13.134928228911564 13.13308001965012 13.125237351872803  
    13.110441832283122 13.087750654426628 13.055703477475435  
    13.013261122184796 12.960134818582906 12.896043775460388  
    12.820711318094034 12.734231555990233 12.637404706987734  
    12.531030865533129 12.415929043030802 12.292933317118418  
    12.163414670127866 12.028759672706437 11.889842441405204  
    11.747544927889786 11.602754500667873 11.456249137925768  
    11.308538863302346 11.16010757081215 11.011433095792135  
    10.862986949310951 10.715182807414214 10.568248626605115  
    10.422365892190047 10.277707704363989 10.134439323388259  
    9.992615880718741 9.852204027203058 9.713226469419375  
    9.57570056005378 9.439638713721175 9.30506351573192  
    9.171901263981262 9.040013074886888 8.909255849102939  
    8.779482636380799 8.65021654340073 8.521251050986065  
    8.392839793762239 8.265233547614338 8.13868045984727  
    8.015818596450842 7.897703638746913 7.782212673958615  
    7.667228026694544 7.550636727326733 7.312582996303344  
    7.027283079447377 6.69193738105779 6.3114296046817655  
    5.901058851043764 5.48555686462022 5.093116094887121  
    4.747206727299689 4.461016783547078 4.236783866992256 
  DENSITY_IMP_0 = 0.0005009696885336382 0.0005009398179194578  
    0.0005008502167628105 0.0005007009171150058 0.0005004919723736613  
    0.0005002234572508746 0.0004998954677287004 0.0004995081210019702  
    0.0004990615554085041 0.0004985559303467693 0.0004979914261810578  
    0.0004973682441342596 0.0004966866061683216 0.0004959467548524915  
    0.0004951489532194572 0.000494293484609498 0.0004933806525027814  
    0.0004924107803399402 0.0004913842113310821 0.0004903013082533861  
    0.0004891624532374555 0.00048796804754260313 0.00048671851132125186  
    0.0004854142833726471 0.00048405582088608106 0.00048264359917383977  
    0.0004811781113940914 0.00047965986826394215 0.0004780893977628926  
    0.00047646724482693667 0.0004747939710335496 0.00047315931583085427  
    0.000471611985831647 0.00047009100564807175 0.00046853539989227225  
    0.0004668841931763924 0.00046510871122307137 0.0004632238706722776  
    0.000461234082512149 0.00045914375773082363 0.00045695730731643925  
    0.0004547006900210639 0.00045237862396888066 0.0004499636592062004  
    0.000447428345779334 0.00044474523373459225 0.00044187143387411885  
    0.00043877258579138234 0.0004354340327196811 0.0004318411178923133  
    0.0004279791845425772 0.0004238429582448012 0.0004194531864830641  
    0.00041483424535529055 0.00041001051095940514 0.0004050063593933324  
    0.00039986513712046527 0.00039463069323674577 0.0003893281577889216  
    0.00038398266082374094 0.00037861933238795127  
    0.00037325959403535907 0.00036791577308278465  
    0.00036259935822149724 0.00035732183814276593 0.00035209470153786  
    0.000346927789835505 0.00034182499034877793 0.0003367888605954744  
    0.0003318219580933903 0.00032692684036032127 0.00032210265854983045  
    0.0003173460334686216 0.0003126557271142017 0.0003080305014840778  
    0.0003034691185757567 0.00029897092170215635 0.0002945322324076882  
    0.0002901472800371002 0.00028581029393514007 0.0002815155034465555  
    0.00027724664462879146 0.0002729961467297397 0.0002687712788798185  
    0.0002645793102094465 0.0002604275098490418 0.00025639824936946396  
    0.0002525245952846844 0.0002487398591397896 0.000244977352479866  
    0.00024117038685000003 0.00023325014490000002 0.00022385562405  
    0.00021292441095000002 0.00020063870909999988  
    0.00018749261879999983 0.00017425091505 0.00016177493145  
    0.00015078640815 0.000141696051555 0.00013457370222 
  DENSITY_IMP_1 = 0.01335919169423035 0.013358395144518875  
    0.013356005780341613 0.013352024456400154 0.013346452596630969  
    0.013339292193356656 0.013330545806098677 0.013320216560052542  
    0.013308308144226778 0.01329482480924718 0.013279771364828207  
    0.013263153176913588 0.013244976164488574 0.013225246796066441  
    0.013203972085852193 0.013181159589586613 0.01315681740007417  
    0.013130954142398406 0.013103578968828857 0.01307470155342363  
    0.013044332086332149 0.01301248126780275 0.01297916030190005  
    0.012944380889937256 0.012908155223628828 0.01287049597796906  
    0.012831416303842437 0.01279092982037179 0.012749050607010471  
    0.012705793195384977 0.012661172560894657 0.012617581755489446  
    0.012576319622177253 0.012535760150615248 0.012494277330460594  
    0.012450245151370465 0.01240289896594857 0.012352636551260737  
    0.012299575533657308 0.01224383353948863 0.012185528195105046  
    0.012125351733895036 0.012063429972503485 0.011999030912165344  
    0.011931422554115573 0.011859872899589128 0.01178323823664317  
    0.011700602287770196 0.011611574205858162 0.011515763143795021  
    0.011412778254468727 0.011302478886528033 0.011185418306215044  
    0.011062246542807748 0.010933613625584137 0.010800169583822197  
    0.010663070323212408 0.010523485152979888 0.010382084207704577  
    0.010239537621966424 0.010096515530345367 0.009953589174276242  
    0.00981108728220759 0.009669316219239926 0.009528582350473758  
    0.0093891920410096 0.0092514077289468 0.009115333075967413  
    0.008981036282545984 0.008848585549157075 0.008718049076275235  
    0.008589404227995479 0.008462560892496576 0.008337486056378712  
    0.008214146706242076 0.008092509828686844 0.007972557912057502  
    0.00785419286420502 0.007737260800989338 0.007621607838270402  
    0.007507080091908148 0.007393243856767772 0.007279897246126392  
    0.007167234103461827 0.007055448272251906 0.006944733595974448  
    0.006837286649852372 0.006733989207591585 0.0066330629103943895  
    0.006532729399463094 0.006431210316000001 0.006220003864000001  
    0.005969483308000001 0.005677984292 0.005350365575999997  
    0.004999803167999996 0.004646691068 0.0043139981720000005  
    0.0040209708839999995 0.0037785613748000007 0.0035886320592 
  DENSITY_IMP_2 = 0.6679595847115175 0.6679197572259438  
    0.6678002890170807 0.6676012228200077 0.6673226298315484  
    0.6669646096678328 0.6665272903049337 0.666010828002627  
    0.6654154072113388 0.664741240462359 0.6639885682414104  
    0.6631576588456793 0.6622488082244287 0.661262339803322  
    0.6601986042926096 0.6590579794793306 0.6578408700037085  
    0.6565477071199203 0.6551789484414429 0.6537350776711814  
    0.6522166043166074 0.6506240633901375 0.6489580150950025  
    0.6472190444968627 0.6454077611814414 0.643524798898453  
    0.6415708151921219 0.6395464910185895 0.6374525303505235  
    0.6352896597692489 0.6330586280447328 0.6308790877744723  
    0.6288159811088627 0.6267880075307624 0.6247138665230297  
    0.6225122575685232 0.6201449482974285 0.6176318275630368  
    0.6149787766828654 0.6121916769744314 0.6092764097552523  
    0.6062675866947518 0.6031714986251742 0.5999515456082672  
    0.5965711277057787 0.5929936449794563 0.5891619118321585  
    0.5850301143885098 0.5805787102929081 0.5757881571897511  
    0.5706389127234364 0.5651239443264016 0.5592709153107521  
    0.5531123271403874 0.5466806812792069 0.5400084791911098  
    0.5331535161606203 0.5261742576489944 0.5191042103852288  
    0.5119768810983212 0.5048257765172683 0.4976794587138121  
    0.49055436411037956 0.4834658109619963 0.4764291175236879  
    0.46945960205048 0.46257038644734005 0.4557666537983706  
    0.4490518141272992 0.44242927745785376 0.4359024538137617  
    0.4294702113997739 0.42312804462482884 0.4168743028189356  
    0.41070733531210374 0.40462549143434223 0.3986278956028751  
    0.392709643210251 0.3868630400494669 0.38108039191352006  
    0.3753540045954074 0.36966219283838864 0.36399486230631956  
    0.35836170517309135 0.35277241361259526 0.3472366797987224  
    0.3418643324926186 0.3366994603795792 0.33165314551971947  
    0.3266364699731547 0.32156051580000006 0.3110001932 0.2984741654  
    0.2838992146 0.26751827879999984 0.24999015839999977 0.2323345534  
    0.21569990860000002 0.20104854419999998 0.18892806874 0.17943160296 
  DENSITY_IMP_3 = 3.371909639623643 3.371201813345386  
    3.3692859156225925 3.3664724670102917 3.3630722386422103  
    3.3593975366978674 3.3555596500861933 3.350855582123411  
    3.344369677067088 3.3351694275589683 3.3222940848430116  
    3.3041297528967393 3.280185102667024 3.2511459957395332  
    3.2177074931729255 3.1805942806925525 3.139741400004579  
    3.0943718134920295 3.0441555708769554 2.9887358516452456  
    2.9277284073069128 2.8616121078713053 2.791232417713077  
    2.716806653563836 2.6386579728514596 2.5572245782278387  
    2.4721648084544072 2.3834914137084553 2.2922560465238377  
    2.1994926216311512 2.10620846410745 2.014011701866637  
    1.9236315518144296 1.8347882484496831 1.7472751250916254  
    1.6609550849159835 1.5759077449073189 1.492473796861161  
    1.41094277559948 1.3315822750580657 1.254635070540869  
    1.1804135950215886 1.1091561987621479 1.0409685309160046  
    0.9759447778876509 0.9141635392395382 0.8557348751834482  
    0.8006161962852929 0.748634833530813 0.6996101391433107  
    0.6533573488599238 0.6096162984308416 0.5682399630585737  
    0.5291956809874838 0.4924318735041492 0.4578818956618633  
    0.42553944183574133 0.3953984424660306 0.36737595026341635  
    0.34138118282404917 0.31731794090199605 0.29508266108944253  
    0.27455342066296523 0.25560802407524735 0.23813033445656437  
    0.22201053920549582 0.20714479997699065 0.1934275445454607  
    0.18075780593727414 0.16904300229021868 0.15819839167573582  
    0.1481421184055703 0.13880114448955772 0.13011378731703713  
    0.12202371816944002 0.11447954639937356 0.10743801221706709  
    0.10085700890998645 0.0946937425211352 0.0889096348570762  
    0.08346995862710774 0.07833956944751184 0.07348663650633179  
    0.06888637921108673 0.06451687570966617 0.06035883273011252  
    0.056367488447991505 0.05252819460080692 0.048864311339381516  
    0.04539396142907867 0.04213056187181731 0.03083131558335607  
    0.020363532518773625 0.011561848881060358 0.005278873913530809  
    0.0017712666366294324 0.00038469389892977694 4.407195322919359e-05  
    1.7604867608227635e-06 7.558988362730722e-09 3.344299239935724e-15 
  DENSITY_TH = 28.853967514679695 28.85275385395958 28.84890597807872  
    28.842115428246686 28.8320748682383 28.81847679787914  
    28.801216102497914 28.781003317570335 28.75876299769576  
    28.73543790385765 28.71200038710589 28.690077287527778  
    28.670174212322593 28.651620903656685 28.633739220575094  
    28.61582270378263 28.59795583354184 28.5809364534353  
    28.56511659141756 28.550876404370324 28.538624722098895  
    28.527908486401728 28.517909260049088 28.508437952948434  
    28.499200817287473 28.48979022582775 28.480579563193313  
    28.471588932106147 28.461800643369756 28.4502158363512  
    28.435863310567694 28.42290760758472 28.413752660777924  
    28.404755871873828 28.392201543778576 28.37230440954181  
    28.34314032193919 28.305328131874443 28.258862050159525  
    28.203758228492624 28.140057637203714 28.069117691963385  
    27.99100354528403 27.90384377484125 27.80577842105957  
    27.694963111205574 27.56852885163699 27.424307929916957  
    27.26153018922811 27.079433451515524 26.877259655210437  
    26.65492967658248 26.413925163837494 26.15584681998229  
    25.882314264981503 25.594962185033022 25.296585233712424  
    24.990010161374116 24.676936455824546 24.35907143998473  
    24.038127853617745 23.7155872444231 23.39236451443333  
    23.069320892239006 22.747311547753135 22.427185326620425  
    22.10967913677154 21.79514860962038 21.48385922958781  
    21.1760680959833 20.87202446818265 20.57175559812937  
    20.27511715044647 19.982091170758217 19.69265435079683  
    19.406778444223328 19.12446446811754 18.84551790517937  
    18.569610340425402 18.29640914310868 18.02557783157947  
    17.756105339588753 17.487536494177636 17.220363677290997  
    16.955076412133398 16.692161593329203 16.436962698741517  
    16.191621446277086 15.951824607545865 15.713264191543265  
    15.471636913028133 14.973450755398943 14.379597195745578  
    13.68522673429959 12.90120736636216 12.059066422910956  
    11.208653918522419 10.406451943430922 9.69963551657829  
    9.114881900819498 8.656722542705934 
  NI = 24.80023812896177 24.79977294842581 24.79796291744194  
    24.79418901304287 24.787833055195534 24.77827513586283  
    24.76529872083296 24.75031718276324 24.7351705437177  
    24.721733855096733 24.711939971230457 24.70902935436431  
    24.71399863866048 24.72549137456291 24.74213400207049  
    24.76249499053655 24.786723365480974 24.816393567900615  
    24.852187108919004 24.894840472192218 24.945146215935807  
    25.002171865824938 25.06425294842779 25.130982459714428  
    25.20174287221006 25.275687709124316 25.353531345131547  
    25.435280437690466 25.51886492649062 25.60225129451059  
    25.683460251883584 25.764926076872293 25.848257196246625  
    25.930173764737116 26.007249739433565 26.075919937712758  
    26.134219621057273 26.182406647028312 26.220179688261013  
    26.247281299162907 26.26350367140517 26.269856457823128  
    26.26616003930024 26.250474703745606 26.220883664566244  
    26.175501308853256 26.11140695495087 26.02652224436959  
    25.920269637165813 25.792087550920776 25.641422636188068  
    25.468463111980466 25.27480941397547 25.062061731066258  
    24.831858086061604 24.585866634236837 24.32682934025573  
    24.057519345412874 23.779684882810407 23.49508985577957  
    23.205509001335745 22.912498275851537 22.61707772660469  
    22.3202151416243 22.02286619158427 21.725973898621902  
    21.43036561482843 21.13649725321023 20.844731784380095  
    20.555415408727978 20.268878646776518 19.985231761437483  
    19.704408054406116 19.42645293883875 19.15140112010756  
    18.87927742744235 18.61012703146384 18.343802527962524  
    18.080026149773776 17.818511698205878 17.558965272761597  
    17.30043308680146 17.04250210197213 16.785679587524477  
    16.530467095228676 16.27736091969454 16.031637192901684  
    15.795407277493826 15.56442534791723 15.334456053389088  
    15.101273454653466 14.625165992606687 14.054566158894755  
    13.38387476211558 12.622859209363531 11.802117702087529  
    10.97111372924044 10.186232189774241 9.494413454599378  
    8.922033567094156 8.473567733984511 
  NZ = 4.053729385717925 4.052980905533768 4.050943060636778  
    4.047926415203815 4.044241813042763 4.040201662016308  
    4.035917381664954 4.030686134807093 4.023592453978062  
    4.013704048760921 4.000060415875431 3.9810479331634667  
    3.95617557366211 3.926129529093774 3.8916052185046066  
    3.8533277132460793 3.8112324680608647 3.764542885534688  
    3.7129294824985584 3.656035932178104 3.59347850616309  
    3.525736620576788 3.453656311621301 3.3774554932340086  
    3.297457945077416 3.2141025167034347 3.127048218061766  
    3.0363084944156804 2.9429357168791346 2.847964541840612  
    2.752403058684111 2.6579815307124295 2.5654954645313013  
    2.4745821071367087 2.384951804345008 2.296384471829054  
    2.208920700881919 2.122921484846131 2.038682361898515  
    1.9564769293297166 1.8765539657985428 1.7992612341402565  
    1.7248435059837943 1.6533690710956432 1.5848947564933245  
    1.519461802352318 1.457121896686124 1.3977856855473643  
    1.3412605520622989 1.2873459005947492 1.2358370190223713  
    1.186466564602016 1.139115749862024 1.093785088916034  
    1.0504561789198996 1.0090955507961887 0.9697558934566946  
    0.9324908159612416 0.8972515730141386 0.8639815842051605  
    0.8326188522819977 0.8030889685715663 0.7752867878286351  
    0.7491057506147051 0.7244453561688687 0.7012114279985233  
    0.679313521943113 0.6586513564101475 0.6391274452077148  
    0.6206526872553229 0.603145821406133 0.5865238366918895  
    0.5707090960403518 0.5556382319194657 0.5412532306892699  
    0.5275010167809784 0.5143374366537018 0.5017153772168501  
    0.48958419065162856 0.4778974449028018 0.4666125588178699  
    0.45567225278729706 0.4450343922055075 0.43468408976651973  
    0.4246093169047228 0.4148006736346584 0.40532550583983196  
    0.39621416878326243 0.3873992596286352 0.37880813815417635  
    0.37036345837466733 0.34828476279225606 0.3250310368508236  
    0.3013519721840104 0.27834815699863064 0.2569487208234292  
    0.23754018928197979 0.22021975365667923 0.2052220619789108  
    0.19284833372534335 0.1831548087214233 
  DENSITY_HE = 3.371909639623643 3.371201813345386 3.3692859156225925  
    3.3664724670102917 3.3630722386422103 3.3593975366978674  
    3.3555596500861933 3.350855582123411 3.344369677067088  
    3.3351694275589683 3.3222940848430116 3.3041297528967393  
    3.280185102667024 3.2511459957395332 3.2177074931729255  
    3.1805942806925525 3.139741400004579 3.0943718134920295  
    3.0441555708769554 2.9887358516452456 2.9277284073069128  
    2.8616121078713053 2.791232417713077 2.716806653563836  
    2.6386579728514596 2.5572245782278387 2.4721648084544072  
    2.3834914137084553 2.2922560465238377 2.1994926216311512  
    2.10620846410745 2.014011701866637 1.9236315518144296  
    1.8347882484496831 1.7472751250916254 1.6609550849159835  
    1.5759077449073189 1.492473796861161 1.41094277559948  
    1.3315822750580657 1.254635070540869 1.1804135950215886  
    1.1091561987621479 1.0409685309160046 0.9759447778876509  
    0.9141635392395382 0.8557348751834482 0.8006161962852929  
    0.748634833530813 0.6996101391433107 0.6533573488599238  
    0.6096162984308416 0.5682399630585737 0.5291956809874838  
    0.4924318735041492 0.4578818956618633 0.42553944183574133  
    0.3953984424660306 0.36737595026341635 0.34138118282404917  
    0.31731794090199605 0.29508266108944253 0.27455342066296523  
    0.25560802407524735 0.23813033445656437 0.22201053920549582  
    0.20714479997699065 0.1934275445454607 0.18075780593727414  
    0.16904300229021868 0.15819839167573582 0.1481421184055703  
    0.13880114448955772 0.13011378731703713 0.12202371816944002  
    0.11447954639937356 0.10743801221706709 0.10085700890998645  
    0.0946937425211352 0.0889096348570762 0.08346995862710774  
    0.07833956944751184 0.07348663650633179 0.06888637921108673  
    0.06451687570966617 0.06035883273011252 0.056367488447991505  
    0.05252819460080692 0.048864311339381516 0.04539396142907867  
    0.04213056187181731 0.03083131558335607 0.020363532518773625  
    0.011561848881060358 0.005278873913530809 0.0017712666366294324  
    0.00038469389892977694 4.407195322919359e-05 1.7604867608227635e-06  
    7.558988362730722e-09 3.344299239935724e-15 
  _NZ_0 = 0.0005009696885336382 0.0005009398179194578  
    0.0005008502167628105 0.0005007009171150058 0.0005004919723736613  
    0.0005002234572508746 0.0004998954677287004 0.0004995081210019702  
    0.0004990615554085041 0.0004985559303467693 0.0004979914261810578  
    0.0004973682441342596 0.0004966866061683216 0.0004959467548524915  
    0.0004951489532194572 0.000494293484609498 0.0004933806525027814  
    0.0004924107803399402 0.0004913842113310821 0.0004903013082533861  
    0.0004891624532374555 0.00048796804754260313 0.00048671851132125186  
    0.0004854142833726471 0.00048405582088608106 0.00048264359917383977  
    0.0004811781113940914 0.00047965986826394215 0.0004780893977628926  
    0.00047646724482693667 0.0004747939710335496 0.00047315931583085427  
    0.000471611985831647 0.00047009100564807175 0.00046853539989227225  
    0.0004668841931763924 0.00046510871122307137 0.0004632238706722776  
    0.000461234082512149 0.00045914375773082363 0.00045695730731643925  
    0.0004547006900210639 0.00045237862396888066 0.0004499636592062004  
    0.000447428345779334 0.00044474523373459225 0.00044187143387411885  
    0.00043877258579138234 0.0004354340327196811 0.0004318411178923133  
    0.0004279791845425772 0.0004238429582448012 0.0004194531864830641  
    0.00041483424535529055 0.00041001051095940514 0.0004050063593933324  
    0.00039986513712046527 0.00039463069323674577 0.0003893281577889216  
    0.00038398266082374094 0.00037861933238795127  
    0.00037325959403535907 0.00036791577308278465  
    0.00036259935822149724 0.00035732183814276593 0.00035209470153786  
    0.000346927789835505 0.00034182499034877793 0.0003367888605954744  
    0.0003318219580933903 0.00032692684036032127 0.00032210265854983045  
    0.0003173460334686216 0.0003126557271142017 0.0003080305014840778  
    0.0003034691185757567 0.00029897092170215635 0.0002945322324076882  
    0.0002901472800371002 0.00028581029393514007 0.0002815155034465555  
    0.00027724664462879146 0.0002729961467297397 0.0002687712788798185  
    0.0002645793102094465 0.0002604275098490418 0.00025639824936946396  
    0.0002525245952846844 0.0002487398591397896 0.000244977352479866  
    0.00024117038685000003 0.00023325014490000002 0.00022385562405  
    0.00021292441095000002 0.00020063870909999988  
    0.00018749261879999983 0.00017425091505 0.00016177493145  
    0.00015078640815 0.000141696051555 0.00013457370222 
  _NZ_1 = 0.01335919169423035 0.013358395144518875 0.013356005780341613  
    0.013352024456400154 0.013346452596630969 0.013339292193356656  
    0.013330545806098677 0.013320216560052542 0.013308308144226778  
    0.01329482480924718 0.013279771364828207 0.013263153176913588  
    0.013244976164488574 0.013225246796066441 0.013203972085852193  
    0.013181159589586613 0.01315681740007417 0.013130954142398406  
    0.013103578968828857 0.01307470155342363 0.013044332086332149  
    0.01301248126780275 0.01297916030190005 0.012944380889937256  
    0.012908155223628828 0.01287049597796906 0.012831416303842437  
    0.01279092982037179 0.012749050607010471 0.012705793195384977  
    0.012661172560894657 0.012617581755489446 0.012576319622177253  
    0.012535760150615248 0.012494277330460594 0.012450245151370465  
    0.01240289896594857 0.012352636551260737 0.012299575533657308  
    0.01224383353948863 0.012185528195105046 0.012125351733895036  
    0.012063429972503485 0.011999030912165344 0.011931422554115573  
    0.011859872899589128 0.01178323823664317 0.011700602287770196  
    0.011611574205858162 0.011515763143795021 0.011412778254468727  
    0.011302478886528033 0.011185418306215044 0.011062246542807748  
    0.010933613625584137 0.010800169583822197 0.010663070323212408  
    0.010523485152979888 0.010382084207704577 0.010239537621966424  
    0.010096515530345367 0.009953589174276242 0.00981108728220759  
    0.009669316219239926 0.009528582350473758 0.0093891920410096  
    0.0092514077289468 0.009115333075967413 0.008981036282545984  
    0.008848585549157075 0.008718049076275235 0.008589404227995479  
    0.008462560892496576 0.008337486056378712 0.008214146706242076  
    0.008092509828686844 0.007972557912057502 0.00785419286420502  
    0.007737260800989338 0.007621607838270402 0.007507080091908148  
    0.007393243856767772 0.007279897246126392 0.007167234103461827  
    0.007055448272251906 0.006944733595974448 0.006837286649852372  
    0.006733989207591585 0.0066330629103943895 0.006532729399463094  
    0.006431210316000001 0.006220003864000001 0.005969483308000001  
    0.005677984292 0.005350365575999997 0.004999803167999996  
    0.004646691068 0.0043139981720000005 0.0040209708839999995  
    0.0037785613748000007 0.0035886320592 
  _NZ_2 = 0.6679595847115175 0.6679197572259438 0.6678002890170807  
    0.6676012228200077 0.6673226298315484 0.6669646096678328  
    0.6665272903049337 0.666010828002627 0.6654154072113388  
    0.664741240462359 0.6639885682414104 0.6631576588456793  
    0.6622488082244287 0.661262339803322 0.6601986042926096  
    0.6590579794793306 0.6578408700037085 0.6565477071199203  
    0.6551789484414429 0.6537350776711814 0.6522166043166074  
    0.6506240633901375 0.6489580150950025 0.6472190444968627  
    0.6454077611814414 0.643524798898453 0.6415708151921219  
    0.6395464910185895 0.6374525303505235 0.6352896597692489  
    0.6330586280447328 0.6308790877744723 0.6288159811088627  
    0.6267880075307624 0.6247138665230297 0.6225122575685232  
    0.6201449482974285 0.6176318275630368 0.6149787766828654  
    0.6121916769744314 0.6092764097552523 0.6062675866947518  
    0.6031714986251742 0.5999515456082672 0.5965711277057787  
    0.5929936449794563 0.5891619118321585 0.5850301143885098  
    0.5805787102929081 0.5757881571897511 0.5706389127234364  
    0.5651239443264016 0.5592709153107521 0.5531123271403874  
    0.5466806812792069 0.5400084791911098 0.5331535161606203  
    0.5261742576489944 0.5191042103852288 0.5119768810983212  
    0.5048257765172683 0.4976794587138121 0.49055436411037956  
    0.4834658109619963 0.4764291175236879 0.46945960205048  
    0.46257038644734005 0.4557666537983706 0.4490518141272992  
    0.44242927745785376 0.4359024538137617 0.4294702113997739  
    0.42312804462482884 0.4168743028189356 0.41070733531210374  
    0.40462549143434223 0.3986278956028751 0.392709643210251  
    0.3868630400494669 0.38108039191352006 0.3753540045954074  
    0.36966219283838864 0.36399486230631956 0.35836170517309135  
    0.35277241361259526 0.3472366797987224 0.3418643324926186  
    0.3366994603795792 0.33165314551971947 0.3266364699731547  
    0.32156051580000006 0.3110001932 0.2984741654 0.2838992146  
    0.26751827879999984 0.24999015839999977 0.2323345534  
    0.21569990860000002 0.20104854419999998 0.18892806874 0.17943160296 
  PNBE = 0.0 
  PNBI = 0.0 
  PRFE = 5.810328406529058 
  PRFI = 14.188992831525999 
  PFUSE = 67.91767838770835 
  PFUSI = 20.50348859395069 
  PEI = 6.097709924733567 
  PRAD = -57.472332890283106 
  AREA = 245.0674021 
/




