&PROFILE_EXT
  NPSI_EXT = 257 
  PSIN_EXT = 0.0 0.00390625 0.0078125 0.01171875 0.015625 0.01953125  
    0.0234375 0.02734375 0.03125 0.03515625 0.0390625 0.04296875  
    0.046875 0.05078125 0.0546875 0.05859375 0.0625 0.06640625  
    0.0703125 0.07421875 0.078125 0.08203125 0.0859375 0.08984375  
    0.09375 0.09765625 0.1015625 0.10546875 0.109375 0.11328125  
    0.1171875 0.12109375 0.125 0.12890625 0.1328125 0.13671875 0.140625  
    0.14453125 0.1484375 0.15234375 0.15625 0.16015625 0.1640625  
    0.16796875 0.171875 0.17578125 0.1796875 0.18359375 0.1875  
    0.19140625 0.1953125 0.19921875 0.203125 0.20703125 0.2109375  
    0.21484375 0.21875 0.22265625 0.2265625 0.23046875 0.234375  
    0.23828125 0.2421875 0.24609375 0.25 0.25390625 0.2578125  
    0.26171875 0.265625 0.26953125 0.2734375 0.27734375 0.28125  
    0.28515625 0.2890625 0.29296875 0.296875 0.30078125 0.3046875  
    0.30859375 0.3125 0.31640625 0.3203125 0.32421875 0.328125  
    0.33203125 0.3359375 0.33984375 0.34375 0.34765625 0.3515625  
    0.35546875 0.359375 0.36328125 0.3671875 0.37109375 0.375  
    0.37890625 0.3828125 0.38671875 0.390625 0.39453125 0.3984375  
    0.40234375 0.40625 0.41015625 0.4140625 0.41796875 0.421875  
    0.42578125 0.4296875 0.43359375 0.4375 0.44140625 0.4453125  
    0.44921875 0.453125 0.45703125 0.4609375 0.46484375 0.46875  
    0.47265625 0.4765625 0.48046875 0.484375 0.48828125 0.4921875  
    0.49609375 0.5 0.50390625 0.5078125 0.51171875 0.515625 0.51953125  
    0.5234375 0.52734375 0.53125 0.53515625 0.5390625 0.54296875  
    0.546875 0.55078125 0.5546875 0.55859375 0.5625 0.56640625  
    0.5703125 0.57421875 0.578125 0.58203125 0.5859375 0.58984375  
    0.59375 0.59765625 0.6015625 0.60546875 0.609375 0.61328125  
    0.6171875 0.62109375 0.625 0.62890625 0.6328125 0.63671875 0.640625  
    0.64453125 0.6484375 0.65234375 0.65625 0.66015625 0.6640625  
    0.66796875 0.671875 0.67578125 0.6796875 0.68359375 0.6875  
    0.69140625 0.6953125 0.69921875 0.703125 0.70703125 0.7109375  
    0.71484375 0.71875 0.72265625 0.7265625 0.73046875 0.734375  
    0.73828125 0.7421875 0.74609375 0.75 0.75390625 0.7578125  
    0.76171875 0.765625 0.76953125 0.7734375 0.77734375 0.78125  
    0.78515625 0.7890625 0.79296875 0.796875 0.80078125 0.8046875  
    0.80859375 0.8125 0.81640625 0.8203125 0.82421875 0.828125  
    0.83203125 0.8359375 0.83984375 0.84375 0.84765625 0.8515625  
    0.85546875 0.859375 0.86328125 0.8671875 0.87109375 0.875  
    0.87890625 0.8828125 0.88671875 0.890625 0.89453125 0.8984375  
    0.90234375 0.90625 0.91015625 0.9140625 0.91796875 0.921875  
    0.92578125 0.9296875 0.93359375 0.9375 0.94140625 0.9453125  
    0.94921875 0.953125 0.95703125 0.9609375 0.96484375 0.96875  
    0.97265625 0.9765625 0.98046875 0.984375 0.98828125 0.9921875  
    0.99609375 1.0 
  PPRIME_EXT = 564939.8827416055 557778.7240373712 550712.1667875487  
    543740.210992138 536862.856651139 530080.1037645519  
    523391.9523323764 516798.40235461283 510299.4538312609  
    503895.10676232073 497585.3611477924 491370.21698767587  
    485249.67428197106 479223.733030678 473292.39323379676  
    467455.65489132726 461713.5180032695 456065.9825696236  
    450513.0485903894 445054.716065567 439690.9849951563  
    434421.8553791574 429247.3272175703 424167.40051039495  
    419182.07525763137 414291.35145927954 409334.2921921422  
    404313.6424934189 399491.8838900472 394843.21926247375  
    390367.39387212193 386045.59268691496 381858.12048930686  
    377804.32798195316 373882.8461433237 370073.36132976634  
    366364.6595021787 362766.5203069127 359262.7117892556  
    355840.221962734 352516.8218815348 349266.17234110687  
    346088.34660121216 342993.57925698184 339953.0221343978  
    336989.93166135316 334081.2080812554 331233.69510335836  
    328445.2654808144 325705.1829515337 323023.0709961843  
    320384.3338050822 317797.00557444873 315252.7885491457  
    312751.6893649639 310294.9606847882 307873.1599358736  
    305497.06311357324 303149.4289471915 300846.15221927024  
    298570.3948339354 296330.67471041135 294125.9582671913  
    291942.5856870978 289804.86443338986 287676.9012246711  
    285595.8715241372 283528.3628585164 281491.1394688642  
    279487.6617705703 277489.39132785145 275539.15761258954  
    273593.6109597583 271672.7166547957 269789.09958896384  
    267903.5110477448 266056.9946410357 264228.4184724467  
    262403.7210990472 260621.49925170536 258843.43784056575  
    257076.57863263838 255348.88433873677 253621.36748347597  
    251909.3283309593 250232.3213867952 248552.64299906214  
    246887.38085379498 245255.34023764267 243623.71537050663  
    242002.4702484351 240413.1637570878 238826.97505733138  
    237244.22162011237 235691.94956315774 234151.46328707936  
    232607.83540478483 231087.00088716933 229586.53160667702  
    228083.08710011982 226592.0494392497 225126.60603951768  
    223664.09485707895 222201.85945031565 220762.31611584057  
    219339.81901535433 217913.57442922282 216494.79784052723  
    215099.56838053535 213713.8102831807 212324.41190123843  
    210946.6605139511 209589.90862829122 208238.47175645875  
    206884.8147138938 205544.16880267957 204222.1075229181  
    202903.66532665593 201583.616593484 200276.17482138728  
    198986.02372925606 197699.43919457297 196410.87571174852  
    195133.22334537125 193872.5044432194 192616.46609804983  
    191357.67766888975 190107.0610443229 188873.12471237697  
    187645.9306159992 186415.81870160624 185190.4591587764  
    183980.36732163624 182779.62889164063 181577.54099205355  
    180376.90417774318 179187.83517389864 178010.17004571977  
    176834.97016402974 175659.6522776969 174490.15332083585  
    173331.71673448104 172180.77428081835 171031.33000490943  
    169881.99338900895 168739.78387435683 167609.37560289592  
    166483.84585113436 165356.59972448854 164231.64392496707  
    163117.0572850986 162010.9364019789 160906.31228455968  
    159801.80927034357 158701.21103471526 157609.09081977868  
    156524.2196594256 155441.587232581 154357.74381742987  
    153277.48704885633 152207.3487079835 151143.2836768143  
    150078.8523161094 149014.35268114693 147955.02630039857  
    146903.52635479398 145857.02300296386 144811.58132076764  
    143764.92835570237 142722.1435563399 141688.6321328265  
    140659.97441068233 139630.0809333175 138599.6621199323  
    137574.20121475164 136556.0479592404 135542.1510799101  
    134528.35228326288 133512.80847431597 132500.91266674257  
    131497.7690541471 130498.58274340534 129497.4111703802  
    128495.4354474695 127498.1536465257 126507.62275583629  
    125520.48825415899 124532.71823181576 123543.1013800533  
    122557.2714150587 121579.6783189061 120604.91673532176  
    119627.59100472351 118649.93627970328 117677.61456779539  
    116711.5935626073 115747.91946485113 114783.48980573114  
    113818.41086282968 112858.66021120024 111907.37807579793  
    110958.5396112428 110008.13998366521 109060.84763854265  
    108122.9598904821 107193.04341226912 106267.73444840834  
    105347.82799765131 104436.05102692032 103539.41962537359  
    102661.94110911888 101799.7586749056 100952.07168941895  
    100135.52774458064 99364.28756718778 98630.89620921486  
    97943.09279803668 97333.04174103274 96817.84261322004  
    96396.08764550362 96114.49342522657 96030.3389592903  
    96143.6841800178 96514.94353358279 97282.10165229475  
    98504.23573832767 100189.33621264674 102607.93820335605  
    106035.36522097541 110433.85355601503 116089.37546922741  
    123653.94811511636 133364.66797428302 145267.83484524302  
    160266.7051018458 179152.7669581299 201924.54142964637  
    228875.58849906392 260377.78643001418 296742.7617133076  
    337254.3457816433 378807.71770542895 419583.3109445478  
    459884.64678422705 493703.0729114729 514853.4140206517  
    523005.16258066753 518421.7134900484 501634.4604984984  
    472396.73269272555 431246.7592989599 380463.63818760344  
    320997.9270123738 252425.87882841966 174540.58125683368  
    86948.07634179806 -10351.635918889311 
  FFPRIM_EXT = 6.330516746391279 6.473013866627385 6.6117423397664705  
    6.747559616315926 6.880470320023294 7.010478713472622  
    7.137589111954654 7.261808813082869 7.383139491357972  
    7.501594494938506 7.617169915215029 7.7298697086783115  
    7.839697657356927 7.946657654283229 8.050755171183777  
    8.151993278601248 8.250376566084004 8.345907907079694  
    8.438592165839697 8.528432986207783 8.615434816050449  
    8.69959915821672 8.780932162828439 8.859434144036127  
    8.935110762741221 9.007956050134617 9.082504603587143  
    9.158683810772281 9.229109830194375 9.294523085465602  
    9.35494594115769 9.410905460624967 9.462958607821324  
    9.511125470363066 9.555449508277967 9.596499674706575  
    9.634596622118176 9.669465376514786 9.701564326478081  
    9.731259815521511 9.758056632908428 9.782690200380507  
    9.805164763652265 9.825190109069107 9.843578433135246  
    9.85967851917211 9.874138201633835 9.886767617483674  
    9.897624444192385 9.907011579869266 9.914659285375205  
    9.920976672155074 9.925739499271879 9.929179729093866  
    9.93129951750317 9.932062266516592 9.931732072660264  
    9.930008208008848 9.927371697714934 9.923381386234398  
    9.918502577413914 9.91250359439985 9.905408306182046  
    9.8976020167424 9.888402729683067 9.878811160245402  
    9.867795429840058 9.856279107992105 9.84380502091724  
    9.830267379738398 9.816466165291883 9.801207780086305  
    9.78569381401319 9.769375639897651 9.751896628018756  
    9.734347757558655 9.715594862929702 9.69621527529485  
    9.676605801058846 9.655693225759634 9.634535800533854  
    9.612943757413662 9.590138023199671 9.567196000214846  
    9.54370246907998 9.519109373832446 9.494457212947033  
    9.469277768228316 9.443048876022806 9.416673643316848  
    9.389882546898264 9.36207578828062 9.334045544272872  
    9.305787629117452 9.276554757522934 9.246856634282041  
    9.217109174883664 9.186598720656887 9.155386701549826  
    9.124115593793494 9.092365708218967 9.059769048256701  
    9.026946777303959 8.993975153242786 8.960239189938356  
    8.92588776657841 8.891492068680147 8.856746805882011  
    8.82120886232041 8.7852596663513 8.7492610069702 8.71279556880863  
    8.675603375722181 8.638110358323434 8.600525296312313  
    8.562432109952578 8.523674697527614 8.484659053342213  
    8.445529946099931 8.40589955451941 8.365637438537577  
    8.325114930961794 8.284484586682158 8.243394992960724  
    8.201679603934803 8.159669321903294 8.117567504636444  
    8.075075974361425 8.031959828891964 7.988488262216361  
    7.944926402651068 7.901064678867943 7.856612112845203  
    7.811726707865164 7.766701330195289 7.721460686060319  
    7.6757275711559405 7.6295024061114445 7.583026964807178  
    7.5363708391685 7.489371657257476 7.441885482006731  
    7.394008294609439 7.345900563535065 7.297599229433862  
    7.24891303829822 7.199712000574767 7.15018055271813  
    7.10049796541904 7.0505564828706175 7.000134846604626  
    6.94927943710147 6.898177117145485 6.846865964750419  
    6.795244182315386 6.743183964357735 6.690713024196954  
    6.637966423272479 6.585039209165613 6.531801062067269  
    6.478069283502363 6.423949918618612 6.3696169339847035  
    6.315061986172154 6.260142107482476 6.204781242293873  
    6.149051332506079 6.093057000708441 6.036860813240454  
    5.980325397994981 5.923298770345413 5.8658953649961365  
    5.808278345046544 5.750428920329631 5.692197590284375  
    5.633516269998518 5.574462328296384 5.5151455108390355  
    5.455616075596231 5.395728044682075 5.335337280454404  
    5.274567825293798 5.213578613801767 5.152337579136064  
    5.090693968282695 5.028587822733746 4.966105145055865  
    4.903350722658118 4.840355877938851 4.7769685490230325  
    4.713064652565851 4.648781969723674 4.584263059744556  
    4.519448085801658 4.454181893206279 4.388432162324268  
    4.322299684510113 4.2558647166632095 4.189123491229506  
    4.121912537850777 4.054139406617177 3.9859611323484567  
    3.9174843284420566 3.848582317231625 3.7790794815956064  
    3.709009408351469 3.638460426038438 3.5674087139901283  
    3.495778593033036 3.423382269655921 3.350111341240287  
    3.27606518374603 3.2012667207370873 3.125277492206652  
    3.047721518191662 2.9687980995966265 2.88830992444424  
    2.805414556059326 2.7196663249458455 2.6311151816024507  
    2.5385427529144806 2.440457796726638 2.336886611495932  
    2.2262564744913975 2.104954730546095 1.9714841743143632  
    1.8257049060188746 1.6605144298554817 1.4687047533220645  
    1.2514072568722217 1.0012046323366157 0.7009951136570648  
    0.3446707578464445 -0.06878411507710573 -0.5630134318090572  
    -1.1586711741985534 -1.8554289056348803 -2.660739429288049  
    -3.5842033930509976 -4.6340666232937195 -5.791645423053269  
    -6.9753694198154115 -8.137749225758716 -9.288025924455628  
    -10.269954444668084 -10.922940737397411 -11.240610657480538  
    -11.231146749164868 -10.908955564826556 -10.26757404075968  
    -9.320212325100098 -8.123908412307632 -6.697688791104426  
    -5.0273711845411135 -3.100570695313742 -0.8877914108921294  
    1.6109666687669488 
  P_EXT = 1635552.7832019678 1595232.6497685956 1570537.7391698426  
    1549800.659180198 1531171.3500568285 1513925.476029622  
    1497687.723157187 1482233.6649987577 1467414.8500216021  
    1453129.6451039654 1439299.4143202836 1425866.4240603498  
    1412784.9854783327 1400018.7345078005 1387537.739136998  
    1375317.3529544005 1363336.4969986994 1351577.51509286  
    1340024.8102178783 1328665.2642069617 1317487.009167234  
    1306479.612978996 1295634.0532770047 1284941.8323759087  
    1274395.7643849836 1263988.9607886015 1253715.3987331348  
    1243569.630696906 1233546.442099772 1223641.2154535875  
    1213849.7261685566 1204167.7347554585 1194591.8084891755  
    1185118.5267036315 1175744.6516771142 1166466.9792025653  
    1157283.0555807762 1148190.1377343265 1139185.6713409838  
    1130267.4818638253 1121433.4362739648 1112681.0909536185  
    1104009.0455242423 1095414.9867348233 1086897.4101540083  
    1078454.6878186492 1070084.9698420446 1061787.1482356093  
    1053559.3539615166 1045400.5835587122 1037309.2611102981  
    1029284.2747023234 1021324.3868013461 1013428.4077622071  
    1005595.3105289352 997823.9622220187 990113.3738406632  
    982462.6256446493 974870.59243105 967336.7061404225  
    959859.5960031379 952439.0510430275 945073.5660288953  
    937763.0062221517 930506.1287086129 923302.3999885323  
    916151.2625386843 909051.5196767878 902003.2791920018  
    895005.0340963576 888056.8751887106 881157.8618297693  
    874307.253597995 867505.0354117376 860750.0532550595  
    854042.0343199924 847380.685144778 840764.8660235547  
    834194.766106027 827669.5663891718 821188.606062684  
    814751.9645110369 808358.8311439252 802008.6183595874  
    795701.4571394199 789436.4106383191 783213.1418550455  
    777031.6706060811 770891.2454145153 764791.38608268  
    758732.2015579994 752712.9708894743 746733.2366185926  
    740793.0634532438 734891.9969237258 729029.3462000764  
    723205.1852960769 717419.2634871148 711670.9270151416  
    705959.9865541696 700286.4644992934 694649.7375527867  
    689049.4465055173 683485.6428860715 677958.0571827935  
    672466.0560783877 667009.5482389719 661588.5522897269  
    656202.6371970668 650851.3061254552 645534.5779718591  
    640252.3844967217 635004.2609749271 629789.8303647446  
    624609.140262907 619462.0682628304 614348.1663861431  
    609267.1248383679 604218.9952555215 599203.6477387953  
    594220.661153052 589269.7457039524 584350.9481797668  
    579464.170735691 574609.0232175039 569785.2009369934  
    564992.7371284028 560231.5873653246 555501.408685891  
    550801.8625232023 546132.949633301 541494.6753971435  
    536886.7753740039 532308.8861507337 527760.9435212525  
    523242.9707626238 518754.8146069958 514296.13532865635  
    509866.77468801907 505466.7168347826 501095.91644577554  
    496754.1355772082 492441.1318632952 488156.7932685666  
    483901.1211869302 479674.0420833699 475475.29367274826  
    471304.6442326703 467162.0798831676 463047.61476530344  
    458961.0883938455 454902.2263408151 450870.9222208421  
    446867.1629288684 442890.91496300464 438942.0108545217  
    435020.24254707375 431125.4883830245 427257.747428157  
    423417.0145042484 419603.1016113602 415815.77861042647  
    412054.993055057 408320.7622804323 404613.0331797609  
    400931.6222202138 397276.36741434433 393647.1911879234  
    390044.1060856634 386467.1006394363 382915.9910533314  
    379390.57979703514 375890.8369324182 372416.7993050947  
    368968.41772317886 365545.5199964253 362147.95877027244  
    358775.67942731606 355428.7139854013 352107.05872110673  
    348810.53819463076 345538.97319326515 342292.35561554134  
    339070.7349954626 335874.0675323824 332702.19214955915  
    329554.978366063 326432.3934887708 323334.4798700865  
    320261.23223831516 317212.47770857177 314188.0601187617  
    311187.9951909824 308212.3340525709 305261.0158168274  
    302333.8755971156 299430.8058370822 296551.7917971121  
    293696.8622048596 290865.97534654744 288058.9335020953  
    285275.59059340414 282515.9580163918 279780.0358856128  
    277067.66181164794 274378.59967827005 271712.7111883889  
    269069.87875581795 266449.9451693254 263852.6407962888  
    261277.52041989786 258724.15467040407 256192.20290175817  
    253681.16511875723 251190.04183938965 248717.78484640192  
    246263.4623791124 243825.57608466913 241401.93474417907  
    238990.22112817428 236587.7590427301 234190.21958553436  
    231792.6655688205 229389.81540598196 226973.5644875422  
    224533.0336473965 222056.97982626187 219531.56847043528  
    216934.17040477233 214239.81781048118 211422.47987725472  
    208442.52547261052 205247.78328279065 201784.88886486238  
    197990.5969846637 193774.19023722067 189038.2409975411  
    183682.97757577908 177598.06799431308 170666.04535469104  
    162768.5118485068 153834.9118897699 143871.81242514844  
    132892.80711766257 120959.48155895548 108335.35934770407  
    95341.85935852201 82303.11179795032 69530.13255173918  
    57329.28487695076 46011.01548912842 35846.81665835848  
    27058.560137851848 19870.43752721101 14512.256518317115  
    11221.941225855759 10245.911588637187 
  F_EXT = 50.728186445234385 50.72596087694188 50.72365171790253  
    50.721260683011934 50.71878951149565 50.71623991076164  
    50.71361353773927 50.71091202184067 50.708137003138816  
    50.70529011841352 50.70237296912954 50.69938726042701  
    50.69633456796814 50.69321658626501 50.690034886292906  
    50.68679112105886 50.68348687003722 50.68012378621452  
    50.67670345946802 50.67322751192809 50.669697554226914  
    50.66611522115602 50.66248211722575 50.65879980604389  
    50.65506973820082 50.651293049330555 50.64747009938301  
    50.64360137204336 50.6396882200132 50.635732609021446  
    50.63173735719073 50.62770533332716 50.62363888514061  
    50.61954017849759 50.61541127542017 50.61125416115481  
    50.607070628050124 50.60286238403445 50.598631022584456  
    50.59437809171596 50.59010501800324 50.585813180192815  
    50.58150384500836 50.57717823513553 50.572837515789345  
    50.568482772457955 50.56411510619452 50.55973554182124  
    50.55534504557394 50.550944518099456 50.54653484580251  
    50.542116887436364 50.537691449809415 50.533259305744515  
    50.52882123914064 50.52437800832398 50.519930310322536  
    50.5154787925022 50.511024116657154 50.50656692842037  
    50.502107840490766 50.497647426940915 50.49318630489748  
    50.48872504362263 50.484264179657615 50.47980417875823  
    50.47534556537056 50.47088881770546 50.46643444150063  
    50.46198294037481 50.457534776421724 50.453090402226834  
    50.448650236553235 50.44421467811529 50.439784141696265  
    50.4353590041001 50.43093968577393 50.426526608026585  
    50.422120136031374 50.41772065287738 50.41332852154338  
    50.40894408449856 50.40456766695095 50.40019956880772  
    50.39584015036281 50.39148981089423 50.38714885528715  
    50.38281754928644 50.37849620404904 50.37418513564216  
    50.369884640319796 50.3655950370711 50.36131660609819  
    50.35704961336259 50.35279434344693 50.34855106787991  
    50.34432004263584 50.340101552051024 50.33589587744605  
    50.33170327156772 50.32752398023066 50.323358264615024  
    50.319206361452494 50.31506849316064 50.310944915706074  
    50.30683591015132 50.3027416967025 50.29866247604891  
    50.29459848019394 50.290549956195946 50.28651711582991  
    50.28250017744878 50.27849937946669 50.27451495344752  
    50.27054709575701 50.26659600601684 50.26266192002859  
    50.25874506185617 50.25484560686505 50.250963725197586  
    50.24709965455365 50.24325363442635 50.23942584011851  
    50.235616431137366 50.23182562569207 50.228053660455096  
    50.22430072325364 50.22056696767321 50.21685255262456  
    50.213157678156655 50.209482580245236 50.20582746819825  
    50.202192495434986 50.19857780896248 50.19498360652632  
    50.19141008662669 50.187857431392914 50.184325820461765  
    50.18081545072502 50.17732649986588 50.17385910870301  
    50.17041341226002 50.16698962532648 50.163587965802996  
    50.160208606662515 50.15685169145585 50.15351738281  
    50.15020585285182 50.146917274929564 50.143651822418704  
    50.140409671801635 50.13719099806674 50.133995954972804  
    50.13082470347702 50.127677424918375 50.124554312869066  
    50.12145549882658 50.11838111997166 50.115331362525986  
    50.11230643485466 50.10930648247923 50.10633163442133  
    50.103382074613805 50.10045798518671 50.09755953060142  
    50.09468687835662 50.091840173294386 50.089019562393744  
    50.08622520809705 50.08345731272743 50.080716037184914  
    50.07800152791282 50.075313946391574 50.07265346255478  
    50.070020240846084 50.06741444808078 50.0648362413621  
    50.0622857776413 50.059763221421576 50.05726876288844  
    50.054802555712406 50.0523647446801 50.04995550850994  
    50.047575025915165 50.04522345782679 50.04290095671489  
    50.0406077129814 50.03834390964186 50.03610970629539  
    50.03390524952528 50.031730722555785 50.02958632507361  
    50.0274722294002 50.025388616062074 50.02333566717408  
    50.02131357360436 50.019322544168155 50.01736279140316  
    50.01543453179529 50.01353799276255 50.01167336751678  
    50.00984088945634 50.00804086707152 50.00627361495962  
    50.00453940063348 50.002838512579686 50.00117137927646  
    49.999538439616835 49.99794011535688 49.996376866256426  
    49.994849347953874 49.99335829562927 49.991904487142236  
    49.99048880537745 49.98911233864074 49.98777640712045  
    49.986482574922086 49.98523267470474 49.98402883039054  
    49.9828736003688 49.98177017319935 49.98072239471079  
    49.97973479213968 49.97881271057197 49.97796257158579  
    49.977192322458954 49.976511607770036 49.975931819950276  
    49.97546608668992 49.975130281803814 49.97494361035129  
    49.97492882593232 49.975112092946546 49.97552362397157  
    49.976197901163005 49.97717359163563 49.97849308853996  
    49.9802017957239 49.98234580517445 49.98496709436971  
    49.98809396204065 49.99173870238352 49.995896489077374  
    50.000538288902746 50.00558766055049 50.01093519710647  
    50.01644335486924 50.021956768113554 50.02732901454223  
    50.03242019927828 50.037097592695254 50.04123903183233  
    50.04473421421649 50.0474746394618 50.04934474234169  
    50.050226004781976 50.05 
/

