&INEFIT
  IP = 10000000.0 
  R0 = 4.55 
  B0 = 11.0 
  NRHO = 101 
  RHO = 0.0 0.01 0.02 0.03 0.04 0.05 0.06 0.07 0.08 0.09 0.1 0.11 0.12  
    0.13 0.14 0.15 0.16 0.17 0.18 0.19 0.2 0.21 0.22 0.23 0.24 0.25  
    0.26 0.27 0.28 0.29 0.3 0.31 0.32 0.33 0.34 0.35000000000000003  
    0.36 0.37 0.38 0.39 0.4 0.41000000000000003 0.42 0.43 0.44 0.45  
    0.46 0.47000000000000003 0.48 0.49 0.5 0.51 0.52 0.53 0.54 0.55  
    0.56 0.5700000000000001 0.58 0.59 0.6 0.61 0.62 0.63 0.64 0.65 0.66  
    0.67 0.68 0.6900000000000001 0.7000000000000001 0.71 0.72 0.73 0.74  
    0.75 0.76 0.77 0.78 0.79 0.8 0.81 0.8200000000000001  
    0.8300000000000001 0.84 0.85 0.86 0.87 0.88 0.89 0.9 0.91 0.92 0.93  
    0.9400000000000001 0.9500000000000001 0.96 0.97 0.98 0.99 1.0 
  PRESS = 852447.2095217106 851552.5017657535 848786.899452853  
    844883.3643092889 840658.1590999967 836118.6335495514  
    831272.3031616254 826126.8454714267 820690.0854770862  
    814969.9799349376 808974.6075656194 802712.1532720267  
    796190.8895316793 789419.1719603814 782405.441552481  
    775158.2233064033 767686.1226843359 759997.8134567378  
    752102.0214732391 744007.5158228762 735723.1029330873  
    727257.6182816989 718619.9172962216 709818.866943677  
    700863.3382478076 691762.1982780446 682524.3016558957  
    673158.4833763906 663673.5519104381 654078.2812422214  
    644385.0693033286 634613.718979335 624784.3210682283  
    614909.8800467061 604999.7187271325 595063.0780057062  
    585108.817596869 575144.7765566977 565177.850507816  
    555214.5872439408 545260.577308365 535320.0815309546  
    525398.3899982228 515503.2206604916 505643.16333676333  
    495828.38401246653 486072.0443144939 476386.2721260005  
    466778.8418924633 457255.4442230645 447820.0891140157  
    438473.6791400574 429217.1149467601 420054.2352930462  
    410990.21650179266 402030.50184313103 393182.20119786676  
    384454.5857118773 375857.63505769294 367400.99743116257  
    359091.81694157294 350933.0002895236 342927.98748406966  
    335084.72020945355 327412.9605287575 319918.74059309915  
    312602.00059125107 305464.37968915934 298515.1304705646  
    291766.4971348705 285222.9313182555 278872.25929914654  
    272697.24468342663 266690.6075401326 260850.65640295413  
    255171.58648277933 249639.61314464573 244239.33789885545  
    238960.27982730747 233793.04279573172 228724.79202245813  
    223737.92694648672 218808.94639773955 213905.84509114022  
    208983.4658033167 203977.9363802402 198800.05683101868  
    193327.2738665932 187396.0447794307 180798.96168462795  
    171346.1022943427 156651.35415434625 137949.33983983175  
    116965.36809069879 94466.73460642957 71907.00148068223  
    51072.55556425207 33460.44612564979 19783.338676313506  
    9910.820832205383 5925.926838924302 
  JPAR = 3735003.439179956 3734861.858332019 3734196.642291326  
    3732709.449913263 3730386.189294544 3727281.231307327  
    3723418.4856982394 3718819.8952815738 3713498.8553165263  
    3707462.41451596 3700713.7645402816 3693254.122900723  
    3685083.884326713 3676203.1568197357 3666611.9652935294  
    3656310.3143919567 3645298.204554326 3633575.6358434437  
    3621142.608510332 3607999.122554936 3594145.177726188  
    3579580.7739613764 3564305.911448829 3548320.5903767953  
    3531624.810745211 3514218.5724285683 3496101.8753641746  
    3477274.719552011 3457737.1049920386 3437489.03168424  
    3416530.499628623 3394861.508888049 3372482.0595880607  
    3349392.151665715 3325591.784869943 3301080.959200934  
    3275859.6749097886 3249927.932059111 3223285.7305232612  
    3195933.070239658 3167869.9512083544 3139096.3734291242  
    3109612.336902096 3079417.841627486 3048512.8876678627  
    3016897.4751486704 2984571.604007226 2951535.274055158  
    2917788.4853552766 2883331.2380331466 2848163.532025923  
    2812285.3672709935 2775696.7437684177 2738397.6615179284  
    2700388.120519565 2661668.120773613 2622237.6623427053  
    2582096.745289393 2541245.369488164 2499683.5348135144  
    2457411.2413283437 2414428.489158391 2370735.2784291985  
    2326331.6091403016 2281217.4811660433 2235392.8944441616  
    2188857.8489744896 2141612.344756771 2093656.381791446  
    2044989.960078454 1995613.0796175483 1945525.7404717263  
    1894727.9427663046 1843219.6864385407 1791000.9712379181  
    1738071.797164012 1684432.1644674079 1630082.0731485279  
    1575021.5230194684 1519250.5141427992 1462769.046643569  
    1405577.1205218097 1347674.7357779418 1289061.8922863542  
    1229738.5899838752 1169704.8293100584 1108960.614651931  
    1047505.9904149924 985341.2841114345 922468.342647657  
    858895.4891726646 794653.5327644129 729838.0425011212  
    664700.848985669 599810.6027994497 536279.6122006087  
    475977.0226002949 421617.2671128125 376894.646224951  
    343763.6139240427 330053.34645124496 
  NLIM = 5 
  RLIM = 6.0 3.5 3.5 6.0 6.0 
  ZLIM = 1.93 1.93 -1.93 -1.93 1.93 
  NBDRY = 15 
  RBDRY = 5.75 5.717889612279765 5.599231274196216 5.333894952548324  
    4.862048988436734 4.215741544340384 3.606248672667517  
    3.3499999999999996 3.606248672667517 4.215741544340384  
    4.862048988436735 5.333894952548324 5.599231274196216  
    5.717889612279765 5.75 
  ZBDRY = 0.0 0.7289246817174976 1.3134768905462901 1.6378788924654637  
    1.6378788924654637 1.3134768905462901 0.7289246817174978  
    2.0574066225675533e-16 -0.7289246817174975 -1.31347689054629  
    -1.6378788924654637 -1.6378788924654637 -1.3134768905462901  
    -0.728924681717498 0.0 
/

