 101
 0.000000000E+00 0.139324415E-03 0.557250990E-03 0.125362727E-02 0.222820589E-02
 0.348063217E-02 0.501045028E-02 0.681709550E-02 0.889990668E-02 0.112581013E-01
 0.138907973E-01 0.167970192E-01 0.199757139E-01 0.234256585E-01 0.271457128E-01
 0.311343864E-01 0.353908812E-01 0.399128606E-01 0.446992201E-01 0.497472823E-01
 0.550560017E-01 0.606233250E-01 0.664466711E-01 0.725242993E-01 0.788541716E-01
 0.854339732E-01 0.922610157E-01 0.993328709E-01 0.106647037E+00 0.114200899E+00
 0.121991730E+00 0.130016705E+00 0.138272906E+00 0.146757324E+00 0.155466827E+00
 0.164398162E+00 0.173548284E+00 0.182913975E+00 0.192491712E+00 0.202277753E+00
 0.212268337E+00 0.222460483E+00 0.232850091E+00 0.243432765E+00 0.254205518E+00
 0.265163760E+00 0.276303220E+00 0.287620434E+00 0.299110106E+00 0.310769037E+00
 0.322591586E+00 0.334574420E+00 0.346711780E+00 0.358999969E+00 0.371433521E+00
 0.384007727E+00 0.396718190E+00 0.409558919E+00 0.422525541E+00 0.435612893E+00
 0.448815027E+00 0.462127148E+00 0.475544055E+00 0.489059514E+00 0.502668185E+00
 0.516364715E+00 0.530143322E+00 0.543997663E+00 0.557922016E+00 0.571910579E+00
 0.585957411E+00 0.600056028E+00 0.614200048E+00 0.628383282E+00 0.642599430E+00
 0.656842093E+00 0.671104625E+00 0.685380056E+00 0.699661691E+00 0.713942754E+00
 0.728216374E+00 0.742475594E+00 0.756713091E+00 0.770921418E+00 0.785093316E+00
 0.799221404E+00 0.813298156E+00 0.827315722E+00 0.841265693E+00 0.855139924E+00
 0.868930231E+00 0.882628593E+00 0.896226266E+00 0.909714911E+00 0.923086721E+00
 0.936333634E+00 0.949446241E+00 0.962415882E+00 0.975233109E+00 0.987884376E+00
 0.100000000E+01
 0.148858746E+09
 0.103468840E-03 0.310356595E-03 0.517128236E-03 0.724040276E-03 0.930827385E-03
 0.113754521E-02 0.134419945E-02 0.155079618E-02 0.175728842E-02 0.196366249E-02
 0.216992367E-02 0.237607810E-02 0.258206227E-02 0.278799662E-02 0.299368466E-02
 0.319970794E-02 0.340499068E-02 0.361051266E-02 0.381514889E-02 0.402019288E-02
 0.422496778E-02 0.442912440E-02 0.463335911E-02 0.483751806E-02 0.504145585E-02
 0.524495140E-02 0.544827239E-02 0.565142343E-02 0.585437844E-02 0.605711779E-02
 0.625963603E-02 0.646192041E-02 0.666394929E-02 0.686570928E-02 0.706716129E-02
 0.726852242E-02 0.746972516E-02 0.767059562E-02 0.787102472E-02 0.807103533E-02
 0.827134078E-02 0.847110974E-02 0.867012353E-02 0.886962511E-02 0.906837232E-02
 0.926667339E-02 0.946524040E-02 0.966265174E-02 0.986071491E-02 0.100574079E-01
 0.102547825E-01 0.104508283E-01 0.106473541E-01 0.108429294E-01 0.110382591E-01
 0.112336673E-01 0.114278527E-01 0.116222762E-01 0.118163112E-01 0.120093339E-01
 0.122024316E-01 0.123953010E-01 0.125870965E-01 0.127786647E-01 0.129700760E-01
 0.131610429E-01 0.133510426E-01 0.135407583E-01 0.137302087E-01 0.139193407E-01
 0.141076613E-01 0.142953602E-01 0.144827595E-01 0.146697748E-01 0.148564241E-01
 0.150425375E-01 0.152279006E-01 0.154128607E-01 0.155974693E-01 0.157817391E-01
 0.159656975E-01 0.161490589E-01 0.163317543E-01 0.165141081E-01 0.166961113E-01
 0.168777041E-01 0.170586025E-01 0.172381510E-01 0.174166487E-01 0.175935939E-01
 0.177682800E-01 0.179391940E-01 0.181066393E-01 0.182717202E-01 0.184354857E-01
 0.185975862E-01 0.187601505E-01 0.189252144E-01 0.190946790E-01 0.187508563E-01
 0.000000000E+00 0.000000000E+00 0.000000000E+00 0.000000000E+00 0.000000000E+00
 0.000000000E+00 0.000000000E+00 0.000000000E+00 0.000000000E+00 0.000000000E+00
 0.000000000E+00 0.000000000E+00 0.000000000E+00 0.000000000E+00 0.000000000E+00
 0.000000000E+00 0.000000000E+00 0.000000000E+00 0.000000000E+00 0.000000000E+00
 0.000000000E+00 0.000000000E+00 0.000000000E+00 0.000000000E+00 0.000000000E+00
 0.000000000E+00 0.000000000E+00 0.000000000E+00 0.000000000E+00 0.000000000E+00
 0.000000000E+00 0.000000000E+00 0.000000000E+00 0.000000000E+00 0.000000000E+00
 0.000000000E+00 0.000000000E+00 0.000000000E+00 0.000000000E+00 0.156455587E-09
 0.282584205E-08 0.620325439E-08 0.137701327E-07 0.210564084E-07 0.345959449E-07
 0.457896917E-07 0.603752331E-07 0.666435064E-07 0.748988899E-07 0.714388138E-07
 0.662021191E-07 0.598672962E-07 0.468138179E-07 0.316270858E-07 0.215735962E-07
 0.145043584E-07 0.961971995E-08 0.630198908E-08 0.407469879E-08 0.260030137E-08
 0.163632068E-08 0.101627387E-08 0.620581511E-09 0.373104876E-09 0.220373284E-09
 0.127755928E-09 0.726239985E-10 0.403838757E-10 0.220018819E-10 0.117184822E-10
 0.607382033E-11 0.307809264E-11 0.151744668E-11 0.729385374E-12 0.340037672E-12
 0.153851987E-12 0.677369332E-13 0.287752670E-13 0.118852467E-13 0.474597737E-14
 0.182782899E-14 0.675621306E-15 0.240328095E-15 0.811781501E-16 0.259586568E-16
 0.766841994E-17 0.204099510E-17 0.459199604E-18 0.758223598E-19 0.452589204E-20
 0.000000000E+00 0.000000000E+00 0.000000000E+00 0.000000000E+00 0.000000000E+00
 0.000000000E+00 0.000000000E+00 0.000000000E+00 0.000000000E+00 0.000000000E+00
 0.000000000E+00 0.000000000E+00 0.000000000E+00 0.000000000E+00 0.000000000E+00
 0.000000000E+00 0.000000000E+00 0.000000000E+00 0.000000000E+00 0.000000000E+00
 0.000000000E+00 0.000000000E+00 0.000000000E+00 0.000000000E+00 0.000000000E+00
 0.000000000E+00 0.000000000E+00 0.000000000E+00 0.000000000E+00 0.000000000E+00
 0.000000000E+00 0.000000000E+00 0.000000000E+00 0.000000000E+00 0.000000000E+00
 0.000000000E+00 0.000000000E+00 0.000000000E+00 0.000000000E+00 0.000000000E+00
 0.000000000E+00 0.000000000E+00 0.000000000E+00 0.000000000E+00 0.000000000E+00
 0.000000000E+00 0.000000000E+00 0.000000000E+00 0.000000000E+00 0.187972658E-03
 0.366732296E-02 0.114896191E-01 0.292616790E-01 0.570629031E-01 0.103764195E+00
 0.166927658E+00 0.251995385E+00 0.347853420E+00 0.457794030E+00 0.564747445E+00
 0.665805911E+00 0.758941296E+00 0.833138940E+00 0.884187108E+00 0.919635578E+00
 0.943890196E+00 0.960254646E+00 0.971157575E+00 0.978324813E+00 0.982973357E+00
 0.985945633E+00 0.987820810E+00 0.988983593E+00 0.989693319E+00 0.990118796E+00
 0.990369087E+00 0.990513421E+00 0.990594822E+00 0.990639790E+00 0.990664071E+00
 0.990676827E+00 0.990683377E+00 0.990686648E+00 0.990688241E+00 0.990688993E+00
 0.990689337E+00 0.990689491E+00 0.990689557E+00 0.990689585E+00 0.990689596E+00
 0.990689600E+00 0.990689602E+00 0.990689602E+00 0.990689602E+00 0.990689603E+00
 0.990689603E+00 0.990689603E+00 0.990689603E+00 0.990689603E+00 0.990689603E+00
 0.990689603E+00 0.990689603E+00 0.990689603E+00 0.990689603E+00 0.990689603E+00
 0.990689603E+00 0.990689603E+00 0.990689603E+00 0.990689603E+00 0.990689603E+00
 0.000000000E+00 0.000000000E+00 0.000000000E+00 0.000000000E+00 0.000000000E+00
 0.000000000E+00 0.000000000E+00 0.000000000E+00 0.000000000E+00 0.000000000E+00
 0.000000000E+00 0.000000000E+00 0.000000000E+00 0.000000000E+00 0.000000000E+00
 0.000000000E+00 0.000000000E+00 0.000000000E+00 0.000000000E+00 0.000000000E+00
 0.000000000E+00 0.000000000E+00 0.000000000E+00 0.000000000E+00 0.000000000E+00
 0.000000000E+00 0.000000000E+00 0.000000000E+00 0.000000000E+00 0.000000000E+00
 0.000000000E+00 0.000000000E+00 0.000000000E+00 0.000000000E+00 0.000000000E+00
 0.000000000E+00 0.000000000E+00 0.000000000E+00 0.000000000E+00 0.114770123E-03
 0.222299655E-02 0.530908667E-02 0.118117493E-01 0.186167754E-01 0.306452753E-01
 0.412890833E-01 0.547632502E-01 0.620349301E-01 0.701827647E-01 0.689632868E-01
 0.655112044E-01 0.594491701E-01 0.490623640E-01 0.359521081E-01 0.259934818E-01
 0.183964218E-01 0.127829233E-01 0.874149426E-02 0.588261723E-02 0.389751461E-02
 0.254118438E-02 0.163236963E-02 0.102935923E-02 0.638186343E-03 0.388250597E-03
 0.231587169E-03 0.135320873E-03 0.772786321E-04 0.432039379E-04 0.235966551E-04
 0.125312307E-04 0.650303147E-05 0.328083058E-05 0.161305722E-05 0.768802021E-06
 0.355369260E-06 0.159794809E-06 0.692968085E-07 0.292072418E-07 0.118969087E-07
 0.467284551E-08 0.176095578E-08 0.638641157E-09 0.219930778E-09 0.717343545E-10
 0.216268250E-10 0.588064899E-11 0.135230017E-11 0.227821849E-12 0.137613649E-13
 0.000000000E+00 0.000000000E+00 0.000000000E+00 0.000000000E+00 0.000000000E+00
 0.000000000E+00 0.000000000E+00 0.000000000E+00 0.000000000E+00 0.000000000E+00
 0.000000000E+00 0.000000000E+00 0.000000000E+00 0.000000000E+00 0.000000000E+00
 0.000000000E+00 0.000000000E+00 0.000000000E+00 0.000000000E+00 0.000000000E+00
 0.000000000E+00 0.000000000E+00 0.000000000E+00 0.000000000E+00 0.000000000E+00
 0.000000000E+00 0.000000000E+00 0.000000000E+00 0.000000000E+00 0.000000000E+00
 0.000000000E+00 0.000000000E+00 0.000000000E+00 0.000000000E+00 0.000000000E+00
 0.000000000E+00 0.000000000E+00 0.000000000E+00 0.000000000E+00 0.000000000E+00
 0.000000000E+00 0.000000000E+00 0.000000000E+00 0.000000000E+00 0.000000000E+00
 0.000000000E+00 0.000000000E+00 0.000000000E+00 0.000000000E+00 0.926313714E-06
 0.193134757E-04 0.642873315E-04 0.166696657E-03 0.331820476E-03 0.609723242E-03
 0.992335691E-03 0.151068302E-02 0.211010494E-02 0.280215718E-02 0.349574908E-02
 0.416755224E-02 0.478884530E-02 0.531122967E-02 0.570105584E-02 0.598797863E-02
 0.619463791E-02 0.634071927E-02 0.644231533E-02 0.651182617E-02 0.655863272E-02
 0.658964135E-02 0.660987507E-02 0.662283171E-02 0.663098688E-02 0.663602252E-02
 0.663907045E-02 0.664087712E-02 0.664192353E-02 0.664251673E-02 0.664284518E-02
 0.664302197E-02 0.664311493E-02 0.664316245E-02 0.664318611E-02 0.664319753E-02
 0.664320288E-02 0.664320531E-02 0.664320638E-02 0.664320683E-02 0.664320702E-02
 0.664320710E-02 0.664320713E-02 0.664320714E-02 0.664320714E-02 0.664320714E-02
 0.664320714E-02 0.664320714E-02 0.664320714E-02 0.664320714E-02 0.664320714E-02
 0.664320714E-02 0.664320714E-02 0.664320714E-02 0.664320714E-02 0.664320714E-02
 0.664320714E-02 0.664320714E-02 0.664320714E-02 0.664320714E-02 0.664320714E-02
 0.000000000E+00 0.000000000E+00 0.000000000E+00 0.000000000E+00 0.000000000E+00
 0.000000000E+00 0.000000000E+00 0.000000000E+00 0.000000000E+00 0.000000000E+00
 0.000000000E+00 0.000000000E+00 0.000000000E+00 0.000000000E+00 0.000000000E+00
 0.000000000E+00 0.000000000E+00 0.000000000E+00 0.000000000E+00 0.000000000E+00
 0.000000000E+00 0.000000000E+00 0.000000000E+00 0.000000000E+00 0.000000000E+00
 0.000000000E+00 0.000000000E+00 0.000000000E+00 0.000000000E+00 0.000000000E+00
 0.000000000E+00 0.000000000E+00 0.000000000E+00 0.000000000E+00 0.000000000E+00
 0.000000000E+00 0.000000000E+00 0.000000000E+00 0.000000000E+00 0.000000000E+00
 0.000000000E+00 0.000000000E+00 0.000000000E+00 0.000000000E+00 0.000000000E+00
 0.000000000E+00 0.000000000E+00 0.000000000E+00 0.000000000E+00 0.000000000E+00
 0.000000000E+00 0.000000000E+00 0.000000000E+00 0.000000000E+00 0.000000000E+00
 0.000000000E+00 0.000000000E+00 0.000000000E+00 0.000000000E+00 0.000000000E+00
 0.000000000E+00 0.000000000E+00 0.000000000E+00 0.000000000E+00 0.000000000E+00
 0.000000000E+00 0.000000000E+00 0.000000000E+00 0.000000000E+00 0.000000000E+00
 0.000000000E+00 0.000000000E+00 0.000000000E+00 0.000000000E+00 0.000000000E+00
 0.000000000E+00 0.000000000E+00 0.000000000E+00 0.000000000E+00 0.000000000E+00
 0.000000000E+00 0.000000000E+00 0.000000000E+00 0.000000000E+00 0.000000000E+00
 0.000000000E+00 0.000000000E+00 0.000000000E+00 0.000000000E+00 0.000000000E+00
 0.000000000E+00 0.000000000E+00 0.000000000E+00 0.000000000E+00 0.000000000E+00
 0.000000000E+00 0.000000000E+00 0.000000000E+00 0.000000000E+00 0.000000000E+00
 0.000000000E+00
 0.946223551E+00 0.946239391E+00 0.946286904E+00 0.946366058E+00 0.946476771E+00
 0.946618856E+00 0.946791964E+00 0.946995493E+00 0.947228505E+00 0.947490055E+00
 0.947779480E+00 0.948096230E+00 0.948439612E+00 0.948808529E+00 0.949201788E+00
 0.949618343E+00 0.950057259E+00 0.950517246E+00 0.950997115E+00 0.951495683E+00
 0.952011790E+00 0.952544080E+00 0.953091436E+00 0.953652674E+00 0.954226596E+00
 0.954812220E+00 0.955408345E+00 0.956013633E+00 0.956626837E+00 0.957246962E+00
 0.957873413E+00 0.958505927E+00 0.959144368E+00 0.959788538E+00 0.960438144E+00
 0.961093002E+00 0.961752987E+00 0.962417841E+00 0.963087376E+00 0.963761492E+00
 0.964439990E+00 0.965122679E+00 0.965809503E+00 0.966500365E+00 0.967195064E+00
 0.967893526E+00 0.968595711E+00 0.969301464E+00 0.970010738E+00 0.970723367E+00
 0.971439453E+00 0.972158775E+00 0.972881325E+00 0.973607063E+00 0.974335993E+00
 0.975067890E+00 0.975802747E+00 0.976540631E+00 0.977281384E+00 0.978024891E+00
 0.978771112E+00 0.979519986E+00 0.980271378E+00 0.981025108E+00 0.981781095E+00
 0.982539218E+00 0.983299201E+00 0.984060797E+00 0.984823824E+00 0.985587953E+00
 0.986352791E+00 0.987117968E+00 0.987883103E+00 0.988647650E+00 0.989410963E+00
 0.990172508E+00 0.990931662E+00 0.991687559E+00 0.992439362E+00 0.993186440E+00
 0.993928413E+00 0.994665267E+00 0.995397185E+00 0.996125040E+00 0.996850708E+00
 0.997577543E+00 0.998312474E+00 0.999066377E+00 0.999855950E+00 0.100071013E+01
 0.100167091E+01 0.100278411E+01 0.100407749E+01 0.100554494E+01 0.100714161E+01
 0.100880391E+01 0.101043551E+01 0.101184832E+01 0.101270294E+01 0.101269410E+01
 0.101170183E+01
 0.972740228E+00 0.972746991E+00 0.972767277E+00 0.972801071E+00 0.972848331E+00
 0.972908963E+00 0.972982786E+00 0.973069484E+00 0.973168567E+00 0.973279535E+00
 0.973402045E+00 0.973535809E+00 0.973680467E+00 0.973835446E+00 0.974000124E+00
 0.974173958E+00 0.974356454E+00 0.974546950E+00 0.974744821E+00 0.974949460E+00
 0.975160256E+00 0.975376509E+00 0.975597643E+00 0.975823039E+00 0.976052073E+00
 0.976284237E+00 0.976518911E+00 0.976755403E+00 0.976993066E+00 0.977231387E+00
 0.977470056E+00 0.977708931E+00 0.977947938E+00 0.978186969E+00 0.978425869E+00
 0.978664540E+00 0.978902910E+00 0.979140837E+00 0.979378219E+00 0.979615005E+00
 0.979851085E+00 0.980086347E+00 0.980320759E+00 0.980554272E+00 0.980786763E+00
 0.981018194E+00 0.981248538E+00 0.981477700E+00 0.981705659E+00 0.981932310E+00
 0.982157709E+00 0.982381720E+00 0.982604344E+00 0.982825540E+00 0.983045311E+00
 0.983263528E+00 0.983480173E+00 0.983695284E+00 0.983908760E+00 0.984120533E+00
 0.984330584E+00 0.984538866E+00 0.984745297E+00 0.984949786E+00 0.985152282E+00
 0.985352714E+00 0.985550930E+00 0.985746808E+00 0.985940248E+00 0.986131079E+00
 0.986319093E+00 0.986504105E+00 0.986685926E+00 0.986864280E+00 0.987038839E+00
 0.987209339E+00 0.987375474E+00 0.987536826E+00 0.987692986E+00 0.987843652E+00
 0.987988653E+00 0.988127998E+00 0.988261797E+00 0.988390500E+00 0.988515046E+00
 0.988637121E+00 0.988760180E+00 0.988889644E+00 0.989033844E+00 0.989207083E+00
 0.989429952E+00 0.989724615E+00 0.990104160E+00 0.990564887E+00 0.991084223E+00
 0.991630580E+00 0.992156908E+00 0.992573208E+00 0.992718527E+00 0.992447795E+00
 0.991711259E+00
 0.958023768E+00 0.958028369E+00 0.958042169E+00 0.958065161E+00 0.958097329E+00
 0.958138636E+00 0.958189019E+00 0.958248373E+00 0.958316535E+00 0.958393343E+00
 0.958478681E+00 0.958572453E+00 0.958674533E+00 0.958784713E+00 0.958902767E+00
 0.959028518E+00 0.959161823E+00 0.959302422E+00 0.959450083E+00 0.959604597E+00
 0.959765751E+00 0.959933262E+00 0.960106946E+00 0.960286569E+00 0.960471890E+00
 0.960662763E+00 0.960858920E+00 0.961060023E+00 0.961265848E+00 0.961476233E+00
 0.961691024E+00 0.961910146E+00 0.962133591E+00 0.962361327E+00 0.962593267E+00
 0.962829371E+00 0.963069617E+00 0.963313910E+00 0.963562193E+00 0.963814454E+00
 0.964070607E+00 0.964330579E+00 0.964594358E+00 0.964861879E+00 0.965133067E+00
 0.965407864E+00 0.965686241E+00 0.965968129E+00 0.966253427E+00 0.966542098E+00
 0.966834087E+00 0.967129314E+00 0.967427667E+00 0.967729132E+00 0.968033623E+00
 0.968340989E+00 0.968651165E+00 0.968964095E+00 0.969279649E+00 0.969597693E+00
 0.969918122E+00 0.970240820E+00 0.970565637E+00 0.970892389E+00 0.971220942E+00
 0.971551142E+00 0.971882747E+00 0.972215530E+00 0.972549299E+00 0.972883784E+00
 0.973218680E+00 0.973553682E+00 0.973888484E+00 0.974222704E+00 0.974555890E+00
 0.974887636E+00 0.975217491E+00 0.975544881E+00 0.975869223E+00 0.976189980E+00
 0.976506687E+00 0.976818953E+00 0.977126367E+00 0.977428673E+00 0.977725878E+00
 0.978018367E+00 0.978307772E+00 0.978596953E+00 0.978890835E+00 0.979199251E+00
 0.979537048E+00 0.979920692E+00 0.980359878E+00 0.980851992E+00 0.981382465E+00
 0.981935351E+00 0.982483037E+00 0.982952892E+00 0.983196423E+00 0.983080132E+00
 0.982575451E+00
 0.000000000E+00 0.000000000E+00 0.000000000E+00 0.000000000E+00 0.000000000E+00
 0.000000000E+00 0.000000000E+00 0.000000000E+00 0.000000000E+00 0.000000000E+00
 0.000000000E+00 0.000000000E+00 0.000000000E+00 0.000000000E+00 0.000000000E+00
 0.000000000E+00 0.000000000E+00 0.000000000E+00 0.000000000E+00 0.000000000E+00
 0.000000000E+00 0.000000000E+00 0.000000000E+00 0.000000000E+00 0.000000000E+00
 0.000000000E+00 0.000000000E+00 0.000000000E+00 0.000000000E+00 0.000000000E+00
 0.000000000E+00 0.000000000E+00 0.000000000E+00 0.000000000E+00 0.000000000E+00
 0.000000000E+00 0.000000000E+00 0.000000000E+00 0.000000000E+00 0.216766006E-08
 0.420412839E-07 0.100489032E-06 0.223661564E-06 0.352704416E-06 0.580903868E-06
 0.782968678E-06 0.103907021E-05 0.117749096E-05 0.133284780E-05 0.131032756E-05
 0.124539556E-05 0.113051175E-05 0.933551843E-06 0.684446071E-06 0.495077754E-06
 0.350544543E-06 0.243695386E-06 0.166716551E-06 0.112242920E-06 0.743996355E-07
 0.485321113E-07 0.311860444E-07 0.196752531E-07 0.122027637E-07 0.742651425E-08
 0.443161051E-08 0.259043780E-08 0.147996309E-08 0.827685325E-09 0.452173994E-09
 0.240247580E-09 0.124713302E-09 0.629406067E-10 0.309519657E-10 0.147572485E-10
 0.682390054E-11 0.306897833E-11 0.133147201E-11 0.561310603E-12 0.228658824E-12
 0.898325333E-13 0.338644466E-13 0.122837188E-13 0.423139281E-14 0.138031848E-14
 0.416231384E-15 0.113207144E-15 0.260445786E-16 0.438985391E-17 0.265352220E-18
 0.000000000E+00 0.000000000E+00 0.000000000E+00 0.000000000E+00 0.000000000E+00
 0.000000000E+00 0.000000000E+00 0.000000000E+00 0.000000000E+00 0.000000000E+00
 0.000000000E+00
 0.000000000E+00 0.000000000E+00 0.000000000E+00 0.000000000E+00 0.000000000E+00
 0.000000000E+00 0.000000000E+00 0.000000000E+00 0.000000000E+00 0.000000000E+00
 0.000000000E+00 0.000000000E+00 0.000000000E+00 0.000000000E+00 0.000000000E+00
 0.000000000E+00 0.000000000E+00 0.000000000E+00 0.000000000E+00 0.000000000E+00
 0.000000000E+00 0.000000000E+00 0.000000000E+00 0.000000000E+00 0.000000000E+00
 0.000000000E+00 0.000000000E+00 0.000000000E+00 0.000000000E+00 0.000000000E+00
 0.000000000E+00 0.000000000E+00 0.000000000E+00 0.000000000E+00 0.000000000E+00
 0.000000000E+00 0.000000000E+00 0.000000000E+00 0.000000000E+00 0.220238953E-08
 0.427013025E-07 0.102023589E-06 0.226970342E-06 0.357749895E-06 0.588937828E-06
 0.793407642E-06 0.105241102E-05 0.119201831E-05 0.134862606E-05 0.132517294E-05
 0.125887823E-05 0.114214896E-05 0.942690474E-06 0.690788371E-06 0.499404924E-06
 0.353422352E-06 0.245565596E-06 0.167906157E-06 0.112982827E-06 0.748493474E-07
 0.487987450E-07 0.313401193E-07 0.197614571E-07 0.122493739E-07 0.745068136E-08
 0.444351102E-08 0.259591205E-08 0.148223769E-08 0.828479534E-09 0.452345493E-09
 0.240197968E-09 0.124614581E-09 0.628537390E-10 0.308910259E-10 0.147194484E-10
 0.680236827E-11 0.305747527E-11 0.132568724E-11 0.558539186E-12 0.227394205E-12
 0.892823911E-13 0.336368957E-13 0.121939038E-13 0.419793810E-14 0.136858741E-14
 0.412445247E-15 0.112109256E-15 0.257760325E-16 0.434190047E-17 0.262296926E-18
 0.000000000E+00 0.000000000E+00 0.000000000E+00 0.000000000E+00 0.000000000E+00
 0.000000000E+00 0.000000000E+00 0.000000000E+00 0.000000000E+00 0.000000000E+00
 0.000000000E+00
