@R IP 1 []
  9.999999995e+06
@R BCENTR 1 []
  1.100000000e+01
@R RMAJOR 1 []
  4.550000000e+00
@R AMINOR 1 []
  1.108879670e+00
@R KAPPA 1 []
  1.348456829e+00
@R DELTA 1 []
 -3.200198545e-01
@I NRHO 1 []
              101
@R RHOB 1 []
  1.265272436e+00
@R RHO 101 []
  0.000000000e+00  1.000000000e-02  2.000000000e-02  3.000000000e-02
  4.000000000e-02  5.000000000e-02  6.000000000e-02  7.000000000e-02
  8.000000000e-02  9.000000000e-02  1.000000000e-01  1.100000000e-01
  1.200000000e-01  1.300000000e-01  1.400000000e-01  1.500000000e-01
  1.600000000e-01  1.700000000e-01  1.800000000e-01  1.900000000e-01
  2.000000000e-01  2.100000000e-01  2.200000000e-01  2.300000000e-01
  2.400000000e-01  2.500000000e-01  2.600000000e-01  2.700000000e-01
  2.800000000e-01  2.900000000e-01  3.000000000e-01  3.100000000e-01
  3.200000000e-01  3.300000000e-01  3.400000000e-01  3.500000000e-01
  3.600000000e-01  3.700000000e-01  3.800000000e-01  3.900000000e-01
  4.000000000e-01  4.100000000e-01  4.200000000e-01  4.300000000e-01
  4.400000000e-01  4.500000000e-01  4.600000000e-01  4.700000000e-01
  4.800000000e-01  4.900000000e-01  5.000000000e-01  5.100000000e-01
  5.200000000e-01  5.300000000e-01  5.400000000e-01  5.500000000e-01
  5.600000000e-01  5.700000000e-01  5.800000000e-01  5.900000000e-01
  6.000000000e-01  6.100000000e-01  6.200000000e-01  6.300000000e-01
  6.400000000e-01  6.500000000e-01  6.600000000e-01  6.700000000e-01
  6.800000000e-01  6.900000000e-01  7.000000000e-01  7.100000000e-01
  7.200000000e-01  7.300000000e-01  7.400000000e-01  7.500000000e-01
  7.600000000e-01  7.700000000e-01  7.800000000e-01  7.900000000e-01
  8.000000000e-01  8.100000000e-01  8.200000000e-01  8.300000000e-01
  8.400000000e-01  8.500000000e-01  8.600000000e-01  8.700000000e-01
  8.800000000e-01  8.900000000e-01  9.000000000e-01  9.100000000e-01
  9.200000000e-01  9.300000000e-01  9.400000000e-01  9.500000000e-01
  9.600000000e-01  9.700000000e-01  9.800000000e-01  9.900000000e-01
  1.000000000e+00
@R VOLP 101 []
  0.000000000e+00  2.450713145e+00  4.901191104e+00  7.351200910e+00
  9.800510298e+00  1.224888893e+01  1.469611219e+01  1.714195996e+01
  1.958621425e+01  2.202866626e+01  2.446911624e+01  2.690736627e+01
  2.934323012e+01  3.177653644e+01  3.420711641e+01  3.663480973e+01
  3.905947718e+01  4.148099078e+01  4.389922411e+01  4.631407795e+01
  4.872546265e+01  5.113328828e+01  5.353749497e+01  5.593805369e+01
  5.833495581e+01  6.072820349e+01  6.311777743e+01  6.550357201e+01
  6.788535409e+01  7.026297305e+01  7.263665037e+01  7.500690074e+01
  7.737422260e+01  7.973887654e+01  8.210085719e+01  8.446010554e+01
  8.681671493e+01  8.917091266e+01  9.152290449e+01  9.387281809e+01
  9.622071707e+01  9.856657913e+01  1.009103248e+02  1.032518896e+02
  1.055912131e+02  1.079282296e+02  1.102628620e+02  1.125950092e+02
  1.149245394e+02  1.172512953e+02  1.195750992e+02  1.218957475e+02
  1.242130157e+02  1.265266245e+02  1.288362856e+02  1.311416975e+02
  1.334425095e+02  1.357383841e+02  1.380289676e+02  1.403138544e+02
  1.425925921e+02  1.448645715e+02  1.471290575e+02  1.493854008e+02
  1.516331720e+02  1.538726016e+02  1.561049788e+02  1.583322155e+02
  1.605559778e+02  1.627775135e+02  1.649976843e+02  1.672167146e+02
  1.694342701e+02  1.716497820e+02  1.738627527e+02  1.760727775e+02
  1.782795963e+02  1.804830639e+02  1.826830250e+02  1.848793690e+02
  1.870720359e+02  1.892611153e+02  1.914468965e+02  1.936296772e+02
  1.958098633e+02  1.979881534e+02  2.001655313e+02  2.023426831e+02
  2.045190207e+02  2.066933187e+02  2.088654925e+02  2.110395303e+02
  2.132197968e+02  2.153938369e+02  2.175080086e+02  2.194707114e+02
  2.212190728e+02  2.227954045e+02  2.243839978e+02  2.262243340e+02
  2.284492425e+02
@R IPOL 101 []
  1.013260500e+00  1.013261062e+00  1.013262733e+00  1.013265462e+00
  1.013269166e+00  1.013273729e+00  1.013279002e+00  1.013284807e+00
  1.013290934e+00  1.013297145e+00  1.013303172e+00  1.013308724e+00
  1.013313479e+00  1.013317090e+00  1.013319182e+00  1.013319359e+00
  1.013317205e+00  1.013312282e+00  1.013304133e+00  1.013292287e+00
  1.013276255e+00  1.013255535e+00  1.013229616e+00  1.013197976e+00
  1.013160080e+00  1.013115393e+00  1.013063369e+00  1.013003643e+00
  1.012937140e+00  1.012864953e+00  1.012785764e+00  1.012696124e+00
  1.012593048e+00  1.012475945e+00  1.012345761e+00  1.012203173e+00
  1.012047857e+00  1.011879098e+00  1.011696682e+00  1.011500849e+00
  1.011291983e+00  1.011070708e+00  1.010837860e+00  1.010594224e+00
  1.010340495e+00  1.010077398e+00  1.009805661e+00  1.009526084e+00
  1.009239508e+00  1.008946798e+00  1.008648842e+00  1.008346518e+00
  1.008040804e+00  1.007732675e+00  1.007423101e+00  1.007113080e+00
  1.006803564e+00  1.006495563e+00  1.006190060e+00  1.005888005e+00
  1.005590486e+00  1.005298718e+00  1.005013807e+00  1.004736578e+00
  1.004467647e+00  1.004206587e+00  1.003950696e+00  1.003696456e+00
  1.003441643e+00  1.003185001e+00  1.002925747e+00  1.002664260e+00
  1.002402022e+00  1.002140673e+00  1.001881674e+00  1.001626379e+00
  1.001375954e+00  1.001131356e+00  1.000893471e+00  1.000663158e+00
  1.000441252e+00  1.000228505e+00  1.000025480e+00  9.998325724e-01
  9.996500992e-01  9.994781520e-01  9.993165400e-01  9.991655004e-01
  9.990259391e-01  9.988994202e-01  9.987924666e-01  9.987116122e-01
  9.986564058e-01  9.986326467e-01  9.986624578e-01  9.987820750e-01
  9.990239290e-01  9.993666902e-01  9.997104330e-01  9.999487072e-01
  1.000000000e+00
@R G11 101 []
  0.000000000e+00  2.454697377e+00  4.909618808e+00  7.364734117e+00
  9.820524100e+00  1.227728632e+01  1.473457273e+01  1.719206617e+01
  1.965048471e+01  2.211048835e+01  2.457194245e+01  2.703436667e+01
  2.949909954e+01  3.196334019e+01  3.443189093e+01  3.689325612e+01
  3.936076379e+01  4.183255076e+01  4.430692307e+01  4.679155954e+01
  4.926223652e+01  5.174601282e+01  5.423598931e+01  5.672029195e+01
  5.920522579e+01  6.169408784e+01  6.418886587e+01  6.668553153e+01
  6.918356549e+01  7.168404728e+01  7.418673481e+01  7.669146438e+01
  7.919783076e+01  8.170620255e+01  8.421624542e+01  8.672431597e+01
  8.923175398e+01  9.174206965e+01  9.425865282e+01  9.677818469e+01
  9.928891385e+01  1.018022819e+02  1.043309820e+02  1.068479014e+02
  1.093706441e+02  1.119034731e+02  1.144266285e+02  1.169666932e+02
  1.195017635e+02  1.220449227e+02  1.245936727e+02  1.271427079e+02
  1.297077227e+02  1.322651659e+02  1.348427446e+02  1.374207615e+02
  1.400043722e+02  1.426125881e+02  1.452106024e+02  1.478271678e+02
  1.504664986e+02  1.531014455e+02  1.557527191e+02  1.584309558e+02
  1.611209536e+02  1.638165665e+02  1.665316298e+02  1.692685669e+02
  1.720121912e+02  1.747609169e+02  1.775163467e+02  1.802903713e+02
  1.830822109e+02  1.858838679e+02  1.887003805e+02  1.915319813e+02
  1.943892581e+02  1.972768343e+02  2.001879357e+02  2.031243315e+02
  2.060884673e+02  2.090826622e+02  2.121193471e+02  2.151997999e+02
  2.183176488e+02  2.214788672e+02  2.246850973e+02  2.279553398e+02
  2.312959179e+02  2.346964323e+02  2.381559136e+02  2.416928206e+02
  2.453309638e+02  2.490881569e+02  2.530206167e+02  2.572489698e+02
  2.618142205e+02  2.666511669e+02  2.716882019e+02  2.767490735e+02
  2.817509360e+02
@R G22 101 []
  0.000000000e+00  1.250725940e-02  2.501578505e-02  3.752554942e-02
  5.003912439e-02  6.255815274e-02  7.508049407e-02  8.760467215e-02
  1.001344747e-01  1.126734253e-01  1.252210116e-01  1.377749293e-01
  1.503421787e-01  1.629087037e-01  1.754991611e-01  1.880551375e-01
  2.006448430e-01  2.132590124e-01  2.258892384e-01  2.385749579e-01
  2.511929809e-01  2.638814924e-01  2.766056405e-01  2.893053319e-01
  3.020131897e-01  3.147464694e-01  3.275155661e-01  3.402997336e-01
  3.530959201e-01  3.659098776e-01  3.787417418e-01  3.915925023e-01
  4.044616375e-01  4.173520201e-01  4.302620199e-01  4.431727262e-01
  4.560911714e-01  4.690360098e-01  4.820252913e-01  4.950424715e-01
  5.080275878e-01  5.210389870e-01  5.341412803e-01  5.471954637e-01
  5.602915286e-01  5.734511328e-01  5.865728941e-01  5.997928427e-01
  6.129983598e-01  6.262562017e-01  6.395530912e-01  6.528613475e-01
  6.662610238e-01  6.796304476e-01  6.931112596e-01  7.066014878e-01
  7.201267414e-01  7.337840034e-01  7.473934365e-01  7.611019738e-01
  7.749301601e-01  7.887363415e-01  8.026245747e-01  8.166474248e-01
  8.307254777e-01  8.448289858e-01  8.590352129e-01  8.733645137e-01
  8.877452393e-01  9.021740446e-01  9.166619502e-01  9.312701084e-01
  9.459919966e-01  9.607826320e-01  9.756646019e-01  9.906361723e-01
  1.005749755e+00  1.021027156e+00  1.036430911e+00  1.051967808e+00
  1.067648234e+00  1.083482708e+00  1.099534736e+00  1.115808998e+00
  1.132269999e+00  1.148945668e+00  1.165841656e+00  1.183053255e+00
  1.200605009e+00  1.218435874e+00  1.236546420e+00  1.255050601e+00
  1.274072005e+00  1.293597488e+00  1.313612080e+00  1.334305750e+00
  1.355652341e+00  1.377563203e+00  1.400505471e+00  1.424563603e+00
  1.449746512e+00
@R G33 101 []
  9.152392205e-01  9.152533902e-01  9.152957997e-01  9.153662655e-01
  9.154648105e-01  9.155914013e-01  9.157457864e-01  9.159277409e-01
  9.161371812e-01  9.163738080e-01  9.166372331e-01  9.169272790e-01
  9.172435934e-01  9.175856370e-01  9.179530869e-01  9.183456209e-01
  9.187626264e-01  9.192035098e-01  9.196678971e-01  9.201550669e-01
  9.206643759e-01  9.211954159e-01  9.217474375e-01  9.223194166e-01
  9.229102705e-01  9.235190139e-01  9.241452138e-01  9.247896356e-01
  9.254535565e-01  9.261367376e-01  9.268363076e-01  9.275482397e-01
  9.282691529e-01  9.289969627e-01  9.297314826e-01  9.304732890e-01
  9.312221185e-01  9.319767278e-01  9.327358236e-01  9.334986197e-01
  9.342648681e-01  9.350349066e-01  9.358093228e-01  9.365884896e-01
  9.373727353e-01  9.381623236e-01  9.389575323e-01  9.397586954e-01
  9.405662746e-01  9.413808184e-01  9.422029085e-01  9.430332346e-01
  9.438724412e-01  9.447214740e-01  9.455812229e-01  9.464525214e-01
  9.473364823e-01  9.482339413e-01  9.491457595e-01  9.500730697e-01
  9.510170677e-01  9.519797281e-01  9.529637674e-01  9.539714115e-01
  9.550035392e-01  9.560578561e-01  9.571278999e-01  9.582047151e-01
  9.592802273e-01  9.603484302e-01  9.614054744e-01  9.624502904e-01
  9.634839551e-01  9.645085802e-01  9.655258731e-01  9.665369797e-01
  9.675423243e-01  9.685418401e-01  9.695355376e-01  9.705231769e-01
  9.715042477e-01  9.724775338e-01  9.734410051e-01  9.743928090e-01
  9.753306871e-01  9.762512341e-01  9.771500583e-01  9.780239688e-01
  9.788753301e-01  9.797087515e-01  9.805183761e-01  9.812793543e-01
  9.819726467e-01  9.826505389e-01  9.835332752e-01  9.849892135e-01
  9.872518468e-01  9.901381999e-01  9.929220380e-01  9.946569768e-01
  9.948679906e-01
@R GRADRHO 101 []
  1.004810100e+00  9.967825926e-01  9.968198244e-01  9.968674368e-01
  9.969515597e-01  9.970666971e-01  9.971876552e-01  9.973071845e-01
  9.974472054e-01  9.976199736e-01  9.978159040e-01  9.980214709e-01
  9.982589702e-01  9.984801178e-01  9.987596717e-01  9.989313875e-01
  9.991861088e-01  9.994881158e-01  9.998114252e-01  1.000235645e+00
  1.000500402e+00  1.000890205e+00  1.001324932e+00  1.001694793e+00
  1.002061258e+00  1.002451188e+00  1.002877348e+00  1.003305773e+00
  1.003733258e+00  1.004168499e+00  1.004608497e+00  1.005049260e+00
  1.005486032e+00  1.005920716e+00  1.006351355e+00  1.006756641e+00
  1.007145505e+00  1.007537554e+00  1.007949616e+00  1.008361994e+00
  1.008714325e+00  1.009067270e+00  1.009481810e+00  1.009825190e+00
  1.010183301e+00  1.010574161e+00  1.010908087e+00  1.011303452e+00
  1.011663611e+00  1.012044923e+00  1.012435978e+00  1.012815165e+00
  1.013244587e+00  1.013631406e+00  1.014082427e+00  1.014521611e+00
  1.014968616e+00  1.015491013e+00  1.015963452e+00  1.016487816e+00
  1.017076254e+00  1.017636075e+00  1.018237084e+00  1.018911993e+00
  1.019609133e+00  1.020307222e+00  1.021045500e+00  1.021823926e+00
  1.022589869e+00  1.023334868e+00  1.024061025e+00  1.024800392e+00
  1.025548728e+00  1.026282359e+00  1.027013999e+00  1.027742480e+00
  1.028493526e+00  1.029275226e+00  1.030065561e+00  1.030864978e+00
  1.031675242e+00  1.032497411e+00  1.033356132e+00  1.034246604e+00
  1.035144261e+00  1.036051341e+00  1.036958532e+00  1.037899006e+00
  1.038880926e+00  1.039880449e+00  1.040889841e+00  1.041920149e+00
  1.042981442e+00  1.044094252e+00  1.045488316e+00  1.047677159e+00
  1.050922842e+00  1.054923902e+00  1.058907528e+00  1.061705921e+00
  1.062708914e+00
@R AREA 101 []
  0.000000000e+00  2.442972102e+00  4.885832368e+00  7.328559162e+00
  9.771044050e+00  1.221315986e+01  1.465484957e+01  1.709608655e+01
  1.953683896e+01  2.197700535e+01  2.441649482e+01  2.685524075e+01
  2.929319727e+01  3.173027847e+01  3.416650987e+01  3.660173903e+01
  3.903632382e+01  4.146965944e+01  4.390208779e+01  4.633305514e+01
  4.876288088e+01  5.119156586e+01  5.361879149e+01  5.604467874e+01
  5.846927952e+01  6.089259065e+01  6.331452658e+01  6.573505109e+01
  6.815417459e+01  7.057188666e+01  7.298817766e+01  7.540305982e+01
  7.781656691e+01  8.022874561e+01  8.263963663e+01  8.504930965e+01
  8.745786823e+01  8.986535637e+01  9.227179947e+01  9.467719503e+01
  9.708167116e+01  9.948538697e+01  1.018882774e+02  1.042903654e+02
  1.066918915e+02  1.090926980e+02  1.114929722e+02  1.138927348e+02
  1.162919481e+02  1.186908020e+02  1.210891681e+02  1.234872464e+02
  1.258849386e+02  1.282823407e+02  1.306795154e+02  1.330763573e+02
  1.354730720e+02  1.378695016e+02  1.402657256e+02  1.426618512e+02
  1.450577288e+02  1.474534216e+02  1.498490069e+02  1.522443752e+02
  1.546394899e+02  1.570344070e+02  1.594291920e+02  1.618238364e+02
  1.642184752e+02  1.666133336e+02  1.690086653e+02  1.714047102e+02
  1.738016520e+02  1.761997573e+02  1.785992936e+02  1.810005278e+02
  1.834037282e+02  1.858091108e+02  1.882169571e+02  1.906275910e+02
  1.930413604e+02  1.954586407e+02  1.978798226e+02  2.003052889e+02
  2.027355430e+02  2.051711664e+02  2.076128259e+02  2.100612507e+02
  2.125171285e+02  2.149812517e+02  2.174544962e+02  2.199379538e+02
  2.224329409e+02  2.249409274e+02  2.274628421e+02  2.299973360e+02
  2.325401724e+02  2.350869123e+02  2.376365451e+02  2.401954749e+02
  2.427776763e+02
@R A 101 []
  0.000000000e+00  1.131515286e-02  2.262989079e-02  3.394451158e-02
  4.525919869e-02  5.657356767e-02  6.788762814e-02  7.920173134e-02
  9.051577625e-02  1.018295315e-01  1.131430305e-01  1.244561674e-01
  1.357688229e-01  1.470809398e-01  1.583929211e-01  1.697041763e-01
  1.810166096e-01  1.923276114e-01  2.036388471e-01  2.149478508e-01
  2.262563038e-01  2.375642483e-01  2.488701635e-01  2.601747827e-01
  2.714783605e-01  2.827806477e-01  2.940810783e-01  3.053795091e-01
  3.166761795e-01  3.279712038e-01  3.392645175e-01  3.505556673e-01
  3.618442429e-01  3.731300811e-01  3.844129878e-01  3.956927978e-01
  4.069695344e-01  4.182430282e-01  4.295129473e-01  4.407787248e-01
  4.520403954e-01  4.632981639e-01  4.745512865e-01  4.857994196e-01
  4.970432313e-01  5.082815620e-01  5.195148293e-01  5.307426846e-01
  5.419645719e-01  5.531809537e-01  5.643908270e-01  5.755947654e-01
  5.867919107e-01  5.979823713e-01  6.091661092e-01  6.203422671e-01
  6.315115013e-01  6.426727662e-01  6.538261207e-01  6.649718235e-01
  6.761089131e-01  6.872374441e-01  6.983575532e-01  7.094684682e-01
  7.205698100e-01  7.316617138e-01  7.427444611e-01  7.538172039e-01
  7.648791563e-01  7.759297839e-01  7.869685592e-01  7.979947190e-01
  8.090072422e-01  8.200055923e-01  8.309890944e-01  8.419570972e-01
  8.529089653e-01  8.638436710e-01  8.747603999e-01  8.856584057e-01
  8.965368805e-01  9.073951142e-01  9.182323558e-01  9.290475722e-01
  9.398400043e-01  9.506086202e-01  9.613517024e-01  9.720673080e-01
  9.827532699e-01  9.934090244e-01  1.004035598e+00  1.014633239e+00
  1.025200110e+00  1.035734604e+00  1.046237175e+00  1.056713161e+00
  1.067169721e+00  1.077611860e+00  1.088047699e+00  1.098482313e+00
  1.108879670e+00
@R RTOR 101 []
  4.756024524e+00  4.756004827e+00  4.755945783e+00  4.755847675e+00
  4.755710462e+00  4.755534096e+00  4.755318816e+00  4.755064857e+00
  4.754772280e+00  4.754441243e+00  4.754072117e+00  4.753665127e+00
  4.753220457e+00  4.752738548e+00  4.752219742e+00  4.751664309e+00
  4.751072606e+00  4.750445256e+00  4.749782516e+00  4.749084991e+00
  4.748353183e+00  4.747587548e+00  4.746788632e+00  4.745957058e+00
  4.745093458e+00  4.744198509e+00  4.743272952e+00  4.742317354e+00
  4.741331882e+00  4.740316725e+00  4.739272530e+00  4.738200248e+00
  4.737100751e+00  4.735975230e+00  4.734825025e+00  4.733651298e+00
  4.732455053e+00  4.731237267e+00  4.729998829e+00  4.728740581e+00
  4.727463313e+00  4.726167738e+00  4.724854441e+00  4.723523855e+00
  4.722176223e+00  4.720811868e+00  4.719430869e+00  4.718033332e+00
  4.716619297e+00  4.715188636e+00  4.713741318e+00  4.712277023e+00
  4.710795596e+00  4.709296647e+00  4.707779724e+00  4.706244451e+00
  4.704690134e+00  4.703116273e+00  4.701522202e+00  4.699907134e+00
  4.698270434e+00  4.696611233e+00  4.694928401e+00  4.693220876e+00
  4.691487465e+00  4.689726920e+00  4.687938400e+00  4.686121855e+00
  4.684277486e+00  4.682405601e+00  4.680506974e+00  4.678582445e+00
  4.676632731e+00  4.674658127e+00  4.672658753e+00  4.670634547e+00
  4.668585285e+00  4.666510731e+00  4.664410443e+00  4.662283877e+00
  4.660130442e+00  4.657949496e+00  4.655740511e+00  4.653502926e+00
  4.651235983e+00  4.648938713e+00  4.646609930e+00  4.644248560e+00
  4.641853445e+00  4.639422599e+00  4.636955506e+00  4.634452667e+00
  4.631915879e+00  4.629346296e+00  4.626731514e+00  4.624045273e+00
  4.621260512e+00  4.618354431e+00  4.615306952e+00  4.612121965e+00
  4.608846717e+00
@R SHIFT 101 []
  2.060245243e-01  2.060048265e-01  2.059457828e-01  2.058476749e-01
  2.057104619e-01  2.055340958e-01  2.053188159e-01  2.050648575e-01
  2.047722804e-01  2.044412431e-01  2.040721171e-01  2.036651272e-01
  2.032204568e-01  2.027385481e-01  2.022197425e-01  2.016643092e-01
  2.010726058e-01  2.004452559e-01  1.997825157e-01  1.990849915e-01
  1.983531830e-01  1.975875475e-01  1.967886323e-01  1.959570577e-01
  1.950934580e-01  1.941985086e-01  1.932729523e-01  1.923173540e-01
  1.913318816e-01  1.903167251e-01  1.892725299e-01  1.882002476e-01
  1.871007509e-01  1.859752304e-01  1.848250251e-01  1.836512985e-01
  1.824550533e-01  1.812372672e-01  1.799988294e-01  1.787405808e-01
  1.774633127e-01  1.761677377e-01  1.748544410e-01  1.735238550e-01
  1.721762228e-01  1.708118684e-01  1.694308688e-01  1.680333322e-01
  1.666192973e-01  1.651886364e-01  1.637413179e-01  1.622770231e-01
  1.607955965e-01  1.592966473e-01  1.577797239e-01  1.562444506e-01
  1.546901337e-01  1.531162730e-01  1.515222020e-01  1.499071342e-01
  1.482704342e-01  1.466112330e-01  1.449284007e-01  1.432208758e-01
  1.414874651e-01  1.397269198e-01  1.379384000e-01  1.361218547e-01
  1.342774855e-01  1.324056009e-01  1.305069742e-01  1.285824446e-01
  1.266327308e-01  1.246581275e-01  1.226587526e-01  1.206345474e-01
  1.185852850e-01  1.165107312e-01  1.144104434e-01  1.122838773e-01
  1.101304417e-01  1.079494965e-01  1.057405109e-01  1.035029258e-01
  1.012359830e-01  9.893871318e-02  9.660992981e-02  9.424856006e-02
  9.185344541e-02  8.942259889e-02  8.695550558e-02  8.445266675e-02
  8.191587937e-02  7.934629590e-02  7.673151436e-02  7.404527272e-02
  7.126051154e-02  6.835443068e-02  6.530695206e-02  6.212196523e-02
  5.884671686e-02
@R ELONG 101 []
  1.290687337e+00  1.290692604e+00  1.290708405e+00  1.290717386e+00
  1.290694750e+00  1.290658410e+00  1.290617272e+00  1.290571138e+00
  1.290524381e+00  1.290473842e+00  1.290417575e+00  1.290357274e+00
  1.290296308e+00  1.290232693e+00  1.290164984e+00  1.290094803e+00
  1.290022630e+00  1.289949153e+00  1.289874571e+00  1.289799415e+00
  1.289723757e+00  1.289649063e+00  1.289576538e+00  1.289505504e+00
  1.289436658e+00  1.289371720e+00  1.289312102e+00  1.289257724e+00
  1.289207846e+00  1.289162001e+00  1.289120734e+00  1.289086522e+00
  1.289061397e+00  1.289046790e+00  1.289043776e+00  1.289053740e+00
  1.289077682e+00  1.289116208e+00  1.289170205e+00  1.289240704e+00
  1.289328714e+00  1.289434899e+00  1.289559678e+00  1.289703447e+00
  1.289866621e+00  1.290049418e+00  1.290252116e+00  1.290475003e+00
  1.290718109e+00  1.290981655e+00  1.291265705e+00  1.291570308e+00
  1.291895561e+00  1.292241435e+00  1.292607882e+00  1.292994911e+00
  1.293402507e+00  1.293830572e+00  1.294279109e+00  1.294747975e+00
  1.295237042e+00  1.295746189e+00  1.296275287e+00  1.296824247e+00
  1.297392936e+00  1.297981149e+00  1.298588291e+00  1.299215322e+00
  1.299864462e+00  1.300538243e+00  1.301239263e+00  1.301970220e+00
  1.302733631e+00  1.303531742e+00  1.304366905e+00  1.305241403e+00
  1.306157437e+00  1.307117316e+00  1.308123360e+00  1.309178003e+00
  1.310283886e+00  1.311443775e+00  1.312660799e+00  1.313938457e+00
  1.315280588e+00  1.316691642e+00  1.318176351e+00  1.319739453e+00
  1.321385913e+00  1.323119487e+00  1.324947011e+00  1.326881538e+00
  1.328939912e+00  1.331140800e+00  1.333476192e+00  1.335900140e+00
  1.338358744e+00  1.340803405e+00  1.343238469e+00  1.345738397e+00
  1.348456829e+00
@R TRIAG 101 []
  0.000000000e+00  3.126367329e-02  2.958354957e-02  2.790417268e-02
  2.621880301e-02  2.452533088e-02  2.282492634e-02  2.111716790e-02
  1.939974582e-02  1.767210411e-02  1.593469489e-02  1.418597626e-02
  1.242448346e-02  1.065081826e-02  8.864498852e-03  7.063791653e-03
  5.247767777e-03  3.416517982e-03  1.568817639e-03 -2.956723669e-04
 -2.177672548e-03 -4.078223184e-03 -5.998094579e-03 -7.937520789e-03
 -9.897022431e-03 -1.187710348e-02 -1.387810208e-02 -1.590096062e-02
 -1.794783191e-02 -2.002052893e-02 -2.211945143e-02 -2.424414192e-02
 -2.639470582e-02 -2.857193502e-02 -3.077675749e-02 -3.301069383e-02
 -3.527564740e-02 -3.757290778e-02 -3.990292908e-02 -4.226625088e-02
 -4.466366074e-02 -4.709608837e-02 -4.956369536e-02 -5.206653642e-02
 -5.460512699e-02 -5.718001413e-02 -5.979203262e-02 -6.244152414e-02
 -6.512893379e-02 -6.785518194e-02 -7.062108096e-02 -7.342742887e-02
 -7.627468337e-02 -7.916366129e-02 -8.209545563e-02 -8.507100296e-02
 -8.809149248e-02 -9.115791934e-02 -9.427159423e-02 -9.743416551e-02
 -1.006462343e-01 -1.039085677e-01 -1.072223946e-01 -1.105888019e-01
 -1.140105723e-01 -1.174911738e-01 -1.210334100e-01 -1.246396700e-01
 -1.283125688e-01 -1.320566801e-01 -1.358770056e-01 -1.397788246e-01
 -1.437678067e-01 -1.478492398e-01 -1.520273113e-01 -1.563067149e-01
 -1.606927909e-01 -1.651909527e-01 -1.698062457e-01 -1.745444774e-01
 -1.794123165e-01 -1.844175247e-01 -1.895697341e-01 -1.948792805e-01
 -2.003570253e-01 -2.060151494e-01 -2.118628918e-01 -2.179108607e-01
 -2.241794058e-01 -2.306915225e-01 -2.374733932e-01 -2.445468339e-01
 -2.519198535e-01 -2.596088068e-01 -2.676567091e-01 -2.760937191e-01
 -2.848137662e-01 -2.935850731e-01 -3.021658456e-01 -3.108064393e-01
 -3.200198545e-01
@R PMHD 101 []
  1.781974369e+06  1.781208398e+06  1.778912601e+06  1.775093341e+06
  1.769761220e+06  1.762931086e+06  1.754622024e+06  1.744857338e+06
  1.733664478e+06  1.721075061e+06  1.707124683e+06  1.691852733e+06
  1.675302257e+06  1.657520238e+06  1.638556270e+06  1.618464732e+06
  1.597298956e+06  1.575123814e+06  1.551998815e+06  1.527994674e+06
  1.503176493e+06  1.477614848e+06  1.451386144e+06  1.424564307e+06
  1.397226003e+06  1.369450101e+06  1.341317966e+06  1.312895741e+06
  1.284132831e+06  1.254964748e+06  1.225546452e+06  1.196227718e+06
  1.167317178e+06  1.138907382e+06  1.110951359e+06  1.083427525e+06
  1.056403697e+06  1.029986194e+06  1.004235917e+06  9.791736288e+05
  9.548056674e+05  9.311161278e+05  9.080742974e+05  8.856522220e+05
  8.638267448e+05  8.425794449e+05  8.218853377e+05  8.017158378e+05
  7.820396237e+05  7.628191823e+05  7.440204450e+05  7.256042234e+05
  7.075275246e+05  6.897443820e+05  6.722087486e+05  6.548759292e+05
  6.376988934e+05  6.206317197e+05  6.036275280e+05  5.866404323e+05
  5.696172977e+05  5.524885415e+05  5.351936798e+05  5.177008695e+05
  4.999945232e+05  4.821538381e+05  4.644687864e+05  4.473055662e+05
  4.309085946e+05  4.154320140e+05  4.009857970e+05  3.875712041e+05
  3.750879156e+05  3.634183101e+05  3.524600966e+05  3.421196223e+05
  3.323206970e+05  3.230048873e+05  3.141193020e+05  3.056114667e+05
  2.974297501e+05  2.895288580e+05  2.818800134e+05  2.744688670e+05
  2.672859481e+05  2.603421596e+05  2.536719941e+05  2.472683373e+05
  2.410580909e+05  2.349028088e+05  2.281912412e+05  2.203073899e+05
  2.112928610e+05  2.005814309e+05  1.860289476e+05  1.641063472e+05
  1.316012693e+05  9.043131808e+04  5.009694747e+04  2.078995378e+04
  1.020868881e+04
@R QMHD 101 []
  9.763351027e-01  9.763927537e-01  9.765665548e-01  9.768589699e-01
  9.772738432e-01  9.778160038e-01  9.784907187e-01  9.793029927e-01
  9.802567250e-01  9.813537136e-01  9.825925404e-01  9.839674974e-01
  9.854737080e-01  9.871116610e-01  9.888827669e-01  9.907889318e-01
  9.928323672e-01  9.950116315e-01  9.973258175e-01  9.997753228e-01
  1.002362130e+00  1.005087919e+00  1.007952990e+00  1.010960792e+00
  1.014111714e+00  1.017401232e+00  1.020828977e+00  1.024397299e+00
  1.028114694e+00  1.031989511e+00  1.036020808e+00  1.040198413e+00
  1.044516669e+00  1.048981868e+00  1.053601491e+00  1.058380055e+00
  1.063317257e+00  1.068412335e+00  1.073666247e+00  1.079082299e+00
  1.084666039e+00  1.090422370e+00  1.096357266e+00  1.102475306e+00
  1.108782251e+00  1.115283258e+00  1.121983983e+00  1.128891270e+00
  1.136011542e+00  1.143351733e+00  1.150918585e+00  1.158720049e+00
  1.166762961e+00  1.175057065e+00  1.183611015e+00  1.192433092e+00
  1.201534827e+00  1.210925715e+00  1.220617835e+00  1.230624671e+00
  1.240958229e+00  1.251631563e+00  1.262658473e+00  1.274052691e+00
  1.285830623e+00  1.298007188e+00  1.310594269e+00  1.323591965e+00
  1.337011115e+00  1.350868543e+00  1.365182173e+00  1.379971834e+00
  1.395261579e+00  1.411078365e+00  1.427448482e+00  1.444403027e+00
  1.461973779e+00  1.480193018e+00  1.499096722e+00  1.518723286e+00
  1.539113320e+00  1.560312688e+00  1.582370857e+00  1.605343319e+00
  1.629291755e+00  1.654275151e+00  1.680334887e+00  1.707513895e+00
  1.735889062e+00  1.765610098e+00  1.796907732e+00  1.829983231e+00
  1.864901764e+00  1.901658405e+00  1.940102473e+00  1.980059096e+00
  2.021696565e+00  2.065294427e+00  2.111613574e+00  2.161651450e+00
  2.216730526e+00
@R ER 101 []
  0.000000000e+00  0.000000000e+00  0.000000000e+00  0.000000000e+00
  0.000000000e+00  0.000000000e+00  0.000000000e+00  0.000000000e+00
  0.000000000e+00  0.000000000e+00  0.000000000e+00  0.000000000e+00
  0.000000000e+00  0.000000000e+00  0.000000000e+00  0.000000000e+00
  0.000000000e+00  0.000000000e+00  0.000000000e+00  0.000000000e+00
  0.000000000e+00  0.000000000e+00  0.000000000e+00  0.000000000e+00
  0.000000000e+00  0.000000000e+00  0.000000000e+00  0.000000000e+00
  0.000000000e+00  0.000000000e+00  0.000000000e+00  0.000000000e+00
  0.000000000e+00  0.000000000e+00  0.000000000e+00  0.000000000e+00
  0.000000000e+00  0.000000000e+00  0.000000000e+00  0.000000000e+00
  0.000000000e+00  0.000000000e+00  0.000000000e+00  0.000000000e+00
  0.000000000e+00  0.000000000e+00  0.000000000e+00  0.000000000e+00
  0.000000000e+00  0.000000000e+00  0.000000000e+00  0.000000000e+00
  0.000000000e+00  0.000000000e+00  0.000000000e+00  0.000000000e+00
  0.000000000e+00  0.000000000e+00  0.000000000e+00  0.000000000e+00
  0.000000000e+00  0.000000000e+00  0.000000000e+00  0.000000000e+00
  0.000000000e+00  0.000000000e+00  0.000000000e+00  0.000000000e+00
  0.000000000e+00  0.000000000e+00  0.000000000e+00  0.000000000e+00
  0.000000000e+00  0.000000000e+00  0.000000000e+00  0.000000000e+00
  0.000000000e+00  0.000000000e+00  0.000000000e+00  0.000000000e+00
  0.000000000e+00  0.000000000e+00  0.000000000e+00  0.000000000e+00
  0.000000000e+00  0.000000000e+00  0.000000000e+00  0.000000000e+00
  0.000000000e+00  0.000000000e+00  0.000000000e+00  0.000000000e+00
  0.000000000e+00  0.000000000e+00  0.000000000e+00  0.000000000e+00
  0.000000000e+00  0.000000000e+00  0.000000000e+00  0.000000000e+00
  0.000000000e+00
@R NC1 101 []
  9.985000475e-01  9.385502016e-01  9.154466365e-01  8.985409577e-01
  8.848073393e-01  8.730800630e-01  8.627639232e-01  8.535067247e-01
  8.450805126e-01  8.373275070e-01  8.301331863e-01  8.234116533e-01
  8.170961745e-01  8.111337871e-01  8.054808424e-01  8.001034181e-01
  7.949710113e-01  7.900601567e-01  7.853491184e-01  7.808205871e-01
  7.764579434e-01  7.722473709e-01  7.681772541e-01  7.642361838e-01
  7.604137165e-01  7.567008795e-01  7.530907672e-01  7.495786126e-01
  7.461600719e-01  7.428288707e-01  7.395764393e-01  7.363949603e-01
  7.332782746e-01  7.302212228e-01  7.272209034e-01  7.242755739e-01
  7.213830335e-01  7.185403912e-01  7.157446909e-01  7.129935247e-01
  7.102849226e-01  7.076179825e-01  7.049921503e-01  7.024061302e-01
  6.998587525e-01  6.973491945e-01  6.948760685e-01  6.924386858e-01
  6.900362120e-01  6.876675743e-01  6.853324882e-01  6.830299156e-01
  6.807593831e-01  6.785205166e-01  6.763125383e-01  6.741351979e-01
  6.719880264e-01  6.698704066e-01  6.677819637e-01  6.657222158e-01
  6.636907804e-01  6.616879888e-01  6.597139740e-01  6.577687746e-01
  6.558521468e-01  6.539623489e-01  6.520933873e-01  6.502382952e-01
  6.483933829e-01  6.465554376e-01  6.447220955e-01  6.428932983e-01
  6.410708088e-01  6.392558686e-01  6.374492246e-01  6.356519680e-01
  6.338641834e-01  6.320859229e-01  6.303173665e-01  6.285581399e-01
  6.268081645e-01  6.250669850e-01  6.233337006e-01  6.216078503e-01
  6.198886579e-01  6.181741004e-01  6.164620536e-01  6.147514265e-01
  6.130460896e-01  6.113493772e-01  6.096568224e-01  6.079576753e-01
  6.062423329e-01  6.045412014e-01  6.029461117e-01  6.015731243e-01
  6.004720767e-01  5.995830876e-01  5.986740909e-01  5.973519633e-01
  5.954268177e-01
@R HFAC1 101 []
  1.000000000e+00  9.976221027e-01  9.952467781e-01  9.928740467e-01
  9.905039947e-01  9.881367848e-01  9.857724396e-01  9.834109149e-01
  9.810522889e-01  9.786965713e-01  9.763437009e-01  9.739937188e-01
  9.716465598e-01  9.693020917e-01  9.669601741e-01  9.646208457e-01
  9.622834656e-01  9.599484213e-01  9.576152170e-01  9.552841127e-01
  9.529545038e-01  9.506262389e-01  9.482993383e-01  9.459731920e-01
  9.436471964e-01  9.413209325e-01  9.389944626e-01  9.366684720e-01
  9.343436873e-01  9.320197962e-01  9.296950275e-01  9.273673934e-01
  9.250354127e-01  9.226981145e-01  9.203555811e-01  9.180083423e-01
  9.156564709e-01  9.132995588e-01  9.109371385e-01  9.085690179e-01
  9.061951374e-01  9.038158713e-01  9.014319235e-01  8.990435925e-01
  8.966509995e-01  8.942546351e-01  8.918545081e-01  8.894509825e-01
  8.870444327e-01  8.846349611e-01  8.822231862e-01  8.798092177e-01
  8.773935415e-01  8.749766309e-01  8.725587623e-01  8.701404954e-01
  8.677221497e-01  8.653041493e-01  8.628868054e-01  8.604704395e-01
  8.580555881e-01  8.556431328e-01  8.532340658e-01  8.508292583e-01
  8.484289836e-01  8.460319073e-01  8.436337256e-01  8.412290436e-01
  8.388141526e-01  8.363862158e-01  8.339433583e-01  8.314855531e-01
  8.290142244e-01  8.265308291e-01  8.240364080e-01  8.215320113e-01
  8.190180337e-01  8.164947414e-01  8.139624617e-01  8.114211491e-01
  8.088708005e-01  8.063110476e-01  8.037410857e-01  8.011604430e-01
  7.985683579e-01  7.959632112e-01  7.933430907e-01  7.907069472e-01
  7.880577000e-01  7.853981559e-01  7.827240895e-01  7.800232564e-01
  7.772870929e-01  7.745462934e-01  7.719038619e-01  7.695040008e-01
  7.674154704e-01  7.655498792e-01  7.636182023e-01  7.612092449e-01
  7.581282382e-01
@R HFAC2 101 []
  1.000000000e+00  9.952526765e-01  9.905273614e-01  9.858239783e-01
  9.811425808e-01  9.764833710e-01  9.718462720e-01  9.672310765e-01
  9.626378168e-01  9.580663920e-01  9.535165625e-01  9.489882866e-01
  9.444813174e-01  9.399952825e-01  9.355297976e-01  9.310848203e-01
  9.266590182e-01  9.222530151e-01  9.178657675e-01  9.134976546e-01
  9.091474349e-01  9.048147250e-01  9.004994627e-01  8.962004173e-01
  8.919163719e-01  8.876464634e-01  8.833907379e-01  8.791504160e-01
  8.749267855e-01  8.707191866e-01  8.665242512e-01  8.623382380e-01
  8.581583908e-01  8.539829261e-01  8.498120104e-01  8.456466228e-01
  8.414869038e-01  8.373321143e-01  8.331814118e-01  8.290344596e-01
  8.248911734e-01  8.207522579e-01  8.166189868e-01  8.124918953e-01
  8.083712156e-01  8.042578102e-01  8.001516956e-01  7.960535113e-01
  7.919639039e-01  7.878830460e-01  7.838119989e-01  7.797509414e-01
  7.757006854e-01  7.716620332e-01  7.676354275e-01  7.636217859e-01
  7.596216294e-01  7.556356211e-01  7.516642474e-01  7.477080113e-01
  7.437677499e-01  7.398449043e-01  7.359410840e-01  7.320576646e-01
  7.281950086e-01  7.243507833e-01  7.205176463e-01  7.166864192e-01
  7.128508719e-01  7.090063261e-01  7.051497508e-01  7.012812187e-01
  6.974032243e-01  6.935182940e-01  6.896282234e-01  6.857348194e-01
  6.818387845e-01  6.779405880e-01  6.740408068e-01  6.701393997e-01
  6.662363981e-01  6.623312493e-01  6.584226913e-01  6.545100059e-01
  6.505920061e-01  6.466660611e-01  6.427290321e-01  6.387792022e-01
  6.348214544e-01  6.308608020e-01  6.268909015e-01  6.228921748e-01
  6.188502828e-01  6.148131113e-01  6.109453851e-01  6.074776400e-01
  6.045189060e-01  6.019259753e-01  5.992344965e-01  5.957909961e-01
  5.912916278e-01
