&IN1
  ICONVR = 3 
  MXITER = -1 
  NXITER = 51 
  ERROR = 0.0001 
  RELAX = 0.5 
  IOUT = 4 
  ICURRT = 2 
  KPPFNC = 6 
  KPPCUR = 3 
  KFFFNC = 6 
  KFFCUR = 3 
  ISHOT = 1 
  ITIME = 1 
  ITIMEU = 0 
  ITEK = 0 
  ITRACE = 1 
  PLASMA = 10000000.0 
  BTOR = 11.0 
  RCENTR = 4.55 
  RZERO = 4.55 
  LIMITR = 5 
  XLIM = 6.0 3.5 3.5 6.0 6.0 
  YLIM = 1.93 1.93 -1.93 -1.93 1.93 
  NBDRY = 15 
  RBDRY = 5.75 5.717889612279765 5.599231274196216 5.333894952548324  
    4.862048988436734 4.215741544340384 3.606248672667517  
    3.3499999999999996 3.606248672667517 4.215741544340384  
    4.862048988436735 5.333894952548324 5.599231274196216  
    5.717889612279765 5.75 
  ZBDRY = 0.0 0.7289246817174976 1.3134768905462901 1.6378788924654637  
    1.6378788924654637 1.3134768905462901 0.7289246817174978  
    2.0574066225675533e-16 -0.7289246817174975 -1.31347689054629  
    -1.6378788924654637 -1.6378788924654637 -1.3134768905462901  
    -0.728924681717498 0.0 
  IERCHK = 0 
  NEXTRA = 0 
  SCRAPE = 0.01 
  PSIBRY = 0.0 
  CFCOIL = -10.0 
  ENP = 1.0 
  EMP = 1.0 
  FCURBD = 0 
  PCURBD = 0 
  FCZERO = 1.0 1.0 1.0 1.0 1.0 1.0 1.0 1.0 1.0 1.0 1.0 1.0 1.0 1.0 1.0  
    1.0 
  FCSUM = 1.0 1.0 1.0 1.0 1.0 1.0 1.0 1.0 1.0 1.0 1.0 1.0 1.0 1.0 1.0  
    1.0 
  IFREF = 2 
  PRBDRY = 5860.882392462476 
  KBETAPR = 1 
  FWTBDRY = 1.0 1.0 1.0 1.0 1.0 1.0 1.0 1.0 1.0 1.0 1.0 1.0 1.0 1.0 1.0 
  FWTBDRY(2) = 10.0 
  FWTBDRY(3) = 10.0 
  FWTBDRY(4) = 10.0 
  FWTBDRY(5) = 10.0 
  FWTBDRY(9) = 10.0 
  FWTBDRY(10) = 10.0 
  FWTBDRY(11) = 10.0 
  FWTBDRY(12) = 10.0 
/

&PROFILE_EXT
  NPSI_EXT = 257 
  PSIN_EXT = 0.0 0.00390625 0.0078125 0.01171875 0.015625 0.01953125  
    0.0234375 0.02734375 0.03125 0.03515625 0.0390625 0.04296875  
    0.046875 0.05078125 0.0546875 0.05859375 0.0625 0.06640625  
    0.0703125 0.07421875 0.078125 0.08203125 0.0859375 0.08984375  
    0.09375 0.09765625 0.1015625 0.10546875 0.109375 0.11328125  
    0.1171875 0.12109375 0.125 0.12890625 0.1328125 0.13671875 0.140625  
    0.14453125 0.1484375 0.15234375 0.15625 0.16015625 0.1640625  
    0.16796875 0.171875 0.17578125 0.1796875 0.18359375 0.1875  
    0.19140625 0.1953125 0.19921875 0.203125 0.20703125 0.2109375  
    0.21484375 0.21875 0.22265625 0.2265625 0.23046875 0.234375  
    0.23828125 0.2421875 0.24609375 0.25 0.25390625 0.2578125  
    0.26171875 0.265625 0.26953125 0.2734375 0.27734375 0.28125  
    0.28515625 0.2890625 0.29296875 0.296875 0.30078125 0.3046875  
    0.30859375 0.3125 0.31640625 0.3203125 0.32421875 0.328125  
    0.33203125 0.3359375 0.33984375 0.34375 0.34765625 0.3515625  
    0.35546875 0.359375 0.36328125 0.3671875 0.37109375 0.375  
    0.37890625 0.3828125 0.38671875 0.390625 0.39453125 0.3984375  
    0.40234375 0.40625 0.41015625 0.4140625 0.41796875 0.421875  
    0.42578125 0.4296875 0.43359375 0.4375 0.44140625 0.4453125  
    0.44921875 0.453125 0.45703125 0.4609375 0.46484375 0.46875  
    0.47265625 0.4765625 0.48046875 0.484375 0.48828125 0.4921875  
    0.49609375 0.5 0.50390625 0.5078125 0.51171875 0.515625 0.51953125  
    0.5234375 0.52734375 0.53125 0.53515625 0.5390625 0.54296875  
    0.546875 0.55078125 0.5546875 0.55859375 0.5625 0.56640625  
    0.5703125 0.57421875 0.578125 0.58203125 0.5859375 0.58984375  
    0.59375 0.59765625 0.6015625 0.60546875 0.609375 0.61328125  
    0.6171875 0.62109375 0.625 0.62890625 0.6328125 0.63671875 0.640625  
    0.64453125 0.6484375 0.65234375 0.65625 0.66015625 0.6640625  
    0.66796875 0.671875 0.67578125 0.6796875 0.68359375 0.6875  
    0.69140625 0.6953125 0.69921875 0.703125 0.70703125 0.7109375  
    0.71484375 0.71875 0.72265625 0.7265625 0.73046875 0.734375  
    0.73828125 0.7421875 0.74609375 0.75 0.75390625 0.7578125  
    0.76171875 0.765625 0.76953125 0.7734375 0.77734375 0.78125  
    0.78515625 0.7890625 0.79296875 0.796875 0.80078125 0.8046875  
    0.80859375 0.8125 0.81640625 0.8203125 0.82421875 0.828125  
    0.83203125 0.8359375 0.83984375 0.84375 0.84765625 0.8515625  
    0.85546875 0.859375 0.86328125 0.8671875 0.87109375 0.875  
    0.87890625 0.8828125 0.88671875 0.890625 0.89453125 0.8984375  
    0.90234375 0.90625 0.91015625 0.9140625 0.91796875 0.921875  
    0.92578125 0.9296875 0.93359375 0.9375 0.94140625 0.9453125  
    0.94921875 0.953125 0.95703125 0.9609375 0.96484375 0.96875  
    0.97265625 0.9765625 0.98046875 0.984375 0.98828125 0.9921875  
    0.99609375 1.0 
  PPRIME_EXT = 614128.0100644316 606110.9742298974 598198.8483579622  
    590391.6324486262 582689.3265018894 575091.9305177517  
    567599.4444962131 560211.8684372737 552929.2023409335  
    545751.4462071924 538678.6000360504 531710.6638275076  
    524847.637581564 518089.52129821957 511436.31497747416  
    504888.018619328 498444.63222378097 492106.15579083306  
    485872.5893204843 479743.93281273474 473720.1862675842  
    467801.34968503297 461987.42306508083 456278.4064077278  
    450674.29971297394 445175.1029808193 439603.59973528935  
    433964.4373672462 428543.3660041031 423312.8293914581  
    418275.0427053338 413407.9232524417 408687.15004311054  
    404113.52956834517 399689.18837423774 395389.3299756122  
    391197.7964452123 387129.65071370953 383168.94373029814  
    379295.0273185269 375532.6013804252 371853.24284073943  
    368249.9152215285 364743.6827680151 361294.99084384844  
    357932.8124916686 354633.08521293703 351398.37842285447  
    348233.24253233976 345118.5348512308 342071.5479480806  
    339070.72333320195 336128.95069399464 333234.2961386199  
    330388.49963682884 327592.2109450982 324834.59933106485  
    322129.4476910823 319453.9344878618 316831.55241374887  
    314235.62093178264 311685.172193403 309168.9835894733  
    306680.9984341895 304242.0067523422 301813.37377506297  
    299441.70853420947 297077.8562980739 294757.32705046464  
    292466.7947800405 290185.85136224853 287962.340456444  
    285734.75067607564 283545.693145177 281392.0869847935  
    279234.93291084724 277130.8419644615 275036.0717585435  
    272952.04294777266 270919.55906964187 268880.83998458355  
    266863.86358064174 264891.3543544315 262910.3706711219  
    260956.85144986506 259041.73637562635 257115.1422998504  
    255213.86685014778 253350.22762682277 251478.59108751512  
    249626.90049512172 247813.4807492888 245993.9272788516  
    244183.29785230116 242413.0501995392 240648.00870875202  
    238879.8351030646 237145.31897362723 235428.88666773043  
    233704.6025016859 232002.0587964793 230329.65670629728  
    228653.1032657038 226978.94920016231 225337.09498129235  
    223710.9236700358 222075.85273566164 220454.3598971228  
    218862.94389050175 217276.96245074616 215685.34835145512  
    214112.71580454358 212564.5854882419 211017.22429214703  
    209467.97003943537 207938.83626295975 206430.01996085132  
    204920.6755577107 203410.9270477355 201920.28442749637  
    200448.30721564294 198976.28157268005 197503.09961233704  
    196046.7181431494 194609.374339639 193173.66782516462  
    191734.83435692044 190309.28506593127 188903.86976401164  
    187503.03552800746 186097.4369665932 184700.4112937436  
    183323.56966966495 181955.3487427213 180582.786334557  
    179213.6174993345 177861.75899948514 176522.58256136155  
    175182.80020341295 173842.70913683332 172513.3828067455  
    171198.513167973 169889.76241240784 168581.07674190257  
    167274.41214955674 165979.30643047753 164697.9955111522  
    163420.2941073298 162139.9489575943 160864.94580003162  
    159605.2371462168 158354.78195821933 157103.86213779863  
    155853.73433096195 154612.4283143825 153383.33091316733  
    152161.33578569692 150941.17498635853 149721.5173510506  
    148510.27145272546 147313.38156005263 146123.03045976016  
    144932.09192209202 143744.37955269852 142568.32124691742  
    141403.97402125434 140245.65378014895 139090.7297491805  
    137939.19090247218 136798.4101509974 135673.00107328902  
    134555.79830333585 133440.58028566674 132332.18493723782  
    131239.66330855494 130162.02872106215 129093.86497858765  
    128034.49572355284 126985.33162898217 125952.51729211435  
    124941.05997380137 123946.51098539468 122963.46261779254  
    121996.09205868433 121055.66255449083 120144.03588488762  
    119254.70794219006 118387.98705988674 117550.62589604208  
    116751.19762453632 115991.47013775003 115270.85335292386  
    114592.196465327 113960.357823403 113384.63797470299  
    112874.78232419053 112433.23574979496 112056.85851628517  
    111756.99180908702 111557.07672145443 111463.82675562304  
    111469.84599027508 111591.86390524008 111857.84338149609  
    112274.7855400292 112848.12975696412 113604.58368408697  
    114564.95164478017 115731.49960319308 117137.33585240359  
    118821.29459509105 120786.082730111 123037.91702091026  
    125633.19232717864 128613.91883865948 131969.0743122697  
    135717.54253256693 139911.54984122337 144578.48114355572  
    149716.0702437664 155323.88487187523 161411.01523210367  
    168002.6007981641 175070.2982040933 182524.66610002192  
    190339.16710963106 198526.37608343275 206902.2816494275  
    215269.70861897094 223651.92031038227 231865.19826791238  
    239530.8703244318 246522.68396434042 252794.24990886377  
    257932.3812174016 261626.85925213562 263891.5195216554  
    264516.0877987591 263249.33622661483 260030.73286993988  
    254890.82271064635 248006.22518938 239492.1069250569  
    229326.2786409215 217750.02820138755 205039.53842846808  
    191085.996788428 176676.0145294974 163066.98067885524  
    150756.84554890616 138891.96620773166 124846.47931460808  
    107276.7730234132 86317.92319728975 61809.788714442606  
    33626.483515209315 1768.0075983534043 
  FFPRIM_EXT = 5.0750420194307 5.241717562688702 5.4043028925409065  
    5.563660973490153 5.719797202406696 5.872716561161224  
    6.022424036851067 6.1689277268324005 6.312229944798559  
    6.452345007118933 6.589269730427388 6.723008394692343  
    6.85356569718967 6.98094592428653 7.105155407856809  
    7.226197887543856 7.344078589319955 7.4588011749067  
    7.570370793650153 7.6787917899325295 7.784069025382865  
    7.88620482379269 7.9852065070382885 8.081074498008903  
    8.173814831489935 8.263421836429975 8.354883456326071  
    8.448073979344345 8.534961963166207 8.6163391163584 8.6921609031845  
    8.763045694034869 8.829679360820641 8.892042588427351  
    8.950080610108625 9.004488459448098 9.055725427120974  
    9.10336979140569 9.147870890402448 9.189809282494572  
    9.228496366359568 9.26472564140234 9.29870102847395  
    9.329829952978034 9.359222581544506 9.386070211754705  
    9.411045011517334 9.43407910998411 9.45504284850291  
    9.474474318868534 9.491889547064954 9.507891693612361  
    9.522122517899632 9.534913926636643 9.54622030616968  
    9.556021623475855 9.564622537430768 9.571637638518778  
    9.577702917200394 9.582165967094587 9.585766199220858  
    9.58798031448623 9.589113637739356 9.589342583301825  
    9.588081336739368 9.586408665113183 9.583028053664123  
    9.579302203344188 9.574252950730319 9.56824002887685  
    9.561840222663351 9.553718516878847 9.545581277093422  
    9.536252371504744 9.52580894778633 9.51533719825359  
    9.50326882015405 9.490809001135485 9.477928633161474  
    9.463489942464143 9.449090139203381 9.433962213721518  
    9.41747125044716 9.40108111053 9.383804354508271 9.365329779453802  
    9.347038186439608 9.327917833973308 9.307621624681667  
    9.287408142489053 9.266512391923644 9.244422337353287  
    9.222362123182688 9.199921985290807 9.176230041672161  
    9.152250825976774 9.128220980773143 9.10312614668143  
    9.077388601868309 9.051724731872824 9.02532357003474  
    8.997947009283386 8.970537250827075 8.942918794892748  
    8.914267996981597 8.885035289671734 8.855899230237258  
    8.826245628327516 8.795616265499431 8.764682841971496  
    8.73375357868501 8.702154824504088 8.669729164181613  
    8.637124466405583 8.604418256313785 8.57100732222754  
    8.536880454254497 8.50260705622668 8.46818767702576  
    8.43308719315693 8.397312048484682 8.36137299521705  
    8.325304181529614 8.288613850450187 8.251235096995508  
    8.213641322352956 8.175966116496571 8.137762210326866  
    8.098837820338872 8.059612609345042 8.020343115128643  
    7.980668022576516 7.940268806348043 7.899454674033432  
    7.858579078654731 7.817433738935823 7.775638371140909  
    7.73331246824328 7.69081622211252 7.64814412479084  
    7.604996133433102 7.561266796084392 7.517178526452245  
    7.472896053890115 7.428368007828517 7.383334363403525  
    7.337729142664404 7.291825584113221 7.245794754498789  
    7.199421694232322 7.152433381037463 7.104987517309319  
    7.057346658151886 7.009477837902599 6.961163215480379  
    6.91230756880803 6.863046091566485 6.813519065617351  
    6.7637622382557065 6.713562395169869 6.662755787826794  
    6.611548099360444 6.560131376518656 6.508404106557516  
    6.456137776641432 6.403324317528577 6.350113516574936  
    6.296577396729305 6.242718156695146 6.1883351771987005  
    6.1332967186852 6.077792483650002 6.021991409141151  
    5.965764685172236 5.908865907819454 5.851316199429  
    5.793258821378826 5.734711090336983 5.675635611163827  
    5.615867262594481 5.555267391914629 5.493950453875485  
    5.4320618804207434 5.369491370958714 5.305934781682464  
    5.241337333815055 5.175871954135797 5.109531390607752  
    5.042136510875176 4.973457563747909 4.9034423879223725  
    4.832103757844562 4.759368567311192 4.685111584428595  
    4.609084581309508 4.531022051432859 4.450859065507172  
    4.368684645917143 4.2842018509501 4.196787042166996  
    4.106259196268066 4.012818056825669 3.9160259314019683  
    3.815146871147908 3.709997281986986 3.600432721223224  
    3.4857503529197693 3.3654090457572963 3.2393590671515398  
    3.1067259147271526 2.966484729001711 2.81857593917102  
    2.662849286617435 2.497820867938037 2.3223839317351196  
    2.136840304361 1.9407043107580546 1.7326068654399376  
    1.5118305042528302 1.2784389450114562 1.0324515584383074  
    0.7736357596960348 0.5013260611420172 0.2162645298806577  
    -0.07919681980954353 -0.3843797922766544 -0.6996483846120379  
    -1.0201776843154151 -1.3408173888771533 -1.6622629319446958  
    -1.9797493585878825 -2.283391699140597 -2.569988331245866  
    -2.838442556077154 -3.077989848840519 -3.2806131995532115  
    -3.4468376725356027 -3.571254143945697 -3.6473730965370885  
    -3.6737203056403067 -3.651182276449327 -3.5844063941388074  
    -3.4763751949857964 -3.3264808071831258 -3.1410687033549425  
    -2.9274747456240053 -2.6830449179515634 -2.42802429741184  
    -2.194682852905143 -1.9952966569861474 -1.806371641863246  
    -1.557309888487627 -1.2081294274872842 -0.7591015945010955  
    -0.19971058700058675 0.488973531400673 1.3069507607070623 
/

