@R RHO 101 []
0.000000e+00 1.000000e-02 2.000000e-02 3.000000e-02 4.000000e-02 
5.000000e-02 6.000000e-02 7.000000e-02 8.000000e-02 9.000000e-02 
1.000000e-01 1.100000e-01 1.200000e-01 1.300000e-01 1.400000e-01 
1.500000e-01 1.600000e-01 1.700000e-01 1.800000e-01 1.900000e-01 
2.000000e-01 2.100000e-01 2.200000e-01 2.300000e-01 2.400000e-01 
2.500000e-01 2.600000e-01 2.700000e-01 2.800000e-01 2.900000e-01 
3.000000e-01 3.100000e-01 3.200000e-01 3.300000e-01 3.400000e-01 
3.500000e-01 3.600000e-01 3.700000e-01 3.800000e-01 3.900000e-01 
4.000000e-01 4.100000e-01 4.200000e-01 4.300000e-01 4.400000e-01 
4.500000e-01 4.600000e-01 4.700000e-01 4.800000e-01 4.900000e-01 
5.000000e-01 5.100000e-01 5.200000e-01 5.300000e-01 5.400000e-01 
5.500000e-01 5.600000e-01 5.700000e-01 5.800000e-01 5.900000e-01 
6.000000e-01 6.100000e-01 6.200000e-01 6.300000e-01 6.400000e-01 
6.500000e-01 6.600000e-01 6.700000e-01 6.800000e-01 6.900000e-01 
7.000000e-01 7.100000e-01 7.200000e-01 7.300000e-01 7.400000e-01 
7.500000e-01 7.600000e-01 7.700000e-01 7.800000e-01 7.900000e-01 
8.000000e-01 8.100000e-01 8.200000e-01 8.300000e-01 8.400000e-01 
8.500000e-01 8.600000e-01 8.700000e-01 8.800000e-01 8.900000e-01 
9.000000e-01 9.100000e-01 9.200000e-01 9.300000e-01 9.400000e-01 
9.500000e-01 9.600000e-01 9.700000e-01 9.800000e-01 9.900000e-01 
1.000000e+00 
@R ENE 101 []
2.762307e+01 2.762307e+01 2.757546e+01 2.752447e+01 2.747012e+01 
2.741246e+01 2.735155e+01 2.728741e+01 2.722011e+01 2.714968e+01 
2.707616e+01 2.699961e+01 2.692007e+01 2.683757e+01 2.675218e+01 
2.666392e+01 2.657285e+01 2.647901e+01 2.638245e+01 2.628320e+01 
2.618132e+01 2.607685e+01 2.596984e+01 2.586032e+01 2.574835e+01 
2.563396e+01 2.551721e+01 2.539814e+01 2.527679e+01 2.515320e+01 
2.502743e+01 2.489951e+01 2.476950e+01 2.463743e+01 2.450335e+01 
2.436731e+01 2.422934e+01 2.408951e+01 2.394784e+01 2.380438e+01 
2.365919e+01 2.351230e+01 2.336375e+01 2.321360e+01 2.306189e+01 
2.290866e+01 2.275396e+01 2.259783e+01 2.244031e+01 2.228146e+01 
2.212132e+01 2.195992e+01 2.179732e+01 2.163356e+01 2.146868e+01 
2.130274e+01 2.113577e+01 2.096781e+01 2.079892e+01 2.062914e+01 
2.045851e+01 2.028708e+01 2.011488e+01 1.994197e+01 1.976839e+01 
1.959418e+01 1.941937e+01 1.924402e+01 1.906815e+01 1.889181e+01 
1.871501e+01 1.853780e+01 1.836017e+01 1.818213e+01 1.800366e+01 
1.782472e+01 1.764521e+01 1.746499e+01 1.728385e+01 1.710142e+01 
1.691722e+01 1.673048e+01 1.654013e+01 1.634462e+01 1.614177e+01 
1.592848e+01 1.570050e+01 1.545207e+01 1.517559e+01 1.486152e+01 
1.449866e+01 1.407535e+01 1.358208e+01 1.301563e+01 1.238413e+01 
1.171056e+01 1.103139e+01 1.038888e+01 9.819731e+00 9.346060e+00 
8.972966e+00 
@R TE 101 []
1.995364e+01 1.994694e+01 1.992687e+01 1.989345e+01 1.984676e+01 
1.978689e+01 1.971397e+01 1.962813e+01 1.952955e+01 1.941842e+01 
1.929497e+01 1.915943e+01 1.901208e+01 1.885320e+01 1.868310e+01 
1.850211e+01 1.831058e+01 1.810887e+01 1.789736e+01 1.767645e+01 
1.744655e+01 1.720809e+01 1.696149e+01 1.670721e+01 1.644569e+01 
1.617740e+01 1.590281e+01 1.562239e+01 1.533662e+01 1.504597e+01 
1.475092e+01 1.445543e+01 1.416277e+01 1.387231e+01 1.358347e+01 
1.329562e+01 1.300907e+01 1.272494e+01 1.244386e+01 1.216649e+01 
1.189345e+01 1.162554e+01 1.136321e+01 1.110662e+01 1.085593e+01 
1.061129e+01 1.037256e+01 1.013945e+01 9.911875e+00 9.689762e+00 
9.473036e+00 9.261770e+00 9.055899e+00 8.855143e+00 8.659219e+00 
8.467849e+00 8.280492e+00 8.096698e+00 7.916312e+00 7.739181e+00 
7.565153e+00 7.394241e+00 7.226640e+00 7.062461e+00 6.901820e+00 
6.744829e+00 6.591703e+00 6.442495e+00 6.297073e+00 6.155309e+00 
6.017072e+00 5.881935e+00 5.749387e+00 5.619173e+00 5.491040e+00 
5.364733e+00 5.240062e+00 5.116948e+00 4.995303e+00 4.875040e+00 
4.756070e+00 4.637875e+00 4.520613e+00 4.405215e+00 4.292609e+00 
4.183727e+00 4.083972e+00 3.995041e+00 3.912293e+00 3.831091e+00 
3.746797e+00 3.500332e+00 3.198285e+00 2.830948e+00 2.399574e+00 
1.923139e+00 1.438300e+00 9.885116e-01 6.078189e-01 3.107985e-01 
9.381087e-02 
@R TI 101 []
2.358060e+01 2.356912e+01 2.353472e+01 2.347750e+01 2.339762e+01 
2.329532e+01 2.317090e+01 2.302471e+01 2.285717e+01 2.266877e+01 
2.246004e+01 2.223158e+01 2.198402e+01 2.171806e+01 2.143444e+01 
2.113393e+01 2.081735e+01 2.048556e+01 2.013944e+01 1.977990e+01 
1.940787e+01 1.902430e+01 1.863016e+01 1.822644e+01 1.781410e+01 
1.739415e+01 1.696757e+01 1.653534e+01 1.609844e+01 1.565783e+01 
1.521446e+01 1.477838e+01 1.435840e+01 1.395357e+01 1.356294e+01 
1.318559e+01 1.282142e+01 1.247075e+01 1.213325e+01 1.180860e+01 
1.149646e+01 1.119664e+01 1.090887e+01 1.063273e+01 1.036781e+01 
1.011366e+01 9.869838e+00 9.635787e+00 9.410987e+00 9.194914e+00 
8.987046e+00 8.786986e+00 8.594236e+00 8.408123e+00 8.227974e+00 
8.053116e+00 7.882578e+00 7.715664e+00 7.552108e+00 7.391644e+00 
7.234006e+00 7.079144e+00 6.927302e+00 6.778650e+00 6.633360e+00 
6.491605e+00 6.353839e+00 6.220213e+00 6.090439e+00 5.964232e+00 
5.841305e+00 5.721028e+00 5.602783e+00 5.486299e+00 5.371305e+00 
5.257532e+00 5.144868e+00 5.033296e+00 4.922690e+00 4.812924e+00 
4.703870e+00 4.594843e+00 4.485814e+00 4.377647e+00 4.271206e+00 
4.167355e+00 4.071617e+00 3.986037e+00 3.906263e+00 3.827940e+00 
3.746714e+00 3.500099e+00 3.198145e+00 2.831023e+00 2.399813e+00 
1.923358e+00 1.438326e+00 9.883266e-01 6.075778e-01 3.107215e-01 
9.406899e-02 
@R FP 102 []
-7.259968e-13 -7.259968e-13 1.124581e-02 3.373338e-02 6.745402e-02 
1.123914e-01 1.685238e-01 2.358272e-01 3.142735e-01 4.038275e-01 
5.044470e-01 6.160857e-01 7.386954e-01 8.722185e-01 1.016607e+00 
1.171785e+00 1.337728e+00 1.514346e+00 1.701550e+00 1.899266e+00 
2.107369e+00 2.325850e+00 2.554574e+00 2.793429e+00 3.042355e+00 
3.301262e+00 3.570046e+00 3.848589e+00 4.136784e+00 4.434529e+00 
4.741714e+00 5.058226e+00 5.383950e+00 5.718769e+00 6.062561e+00 
6.415207e+00 6.776599e+00 7.146617e+00 7.525127e+00 7.911977e+00 
8.307030e+00 8.710192e+00 9.121315e+00 9.540209e+00 9.966786e+00 
1.040088e+01 1.084232e+01 1.129100e+01 1.174671e+01 1.220932e+01 
1.267866e+01 1.315455e+01 1.363684e+01 1.412532e+01 1.461986e+01 
1.512023e+01 1.562628e+01 1.613781e+01 1.665458e+01 1.717646e+01 
1.770322e+01 1.823461e+01 1.877049e+01 1.931063e+01 1.985476e+01 
2.040269e+01 2.095422e+01 2.150910e+01 2.206707e+01 2.262791e+01 
2.319140e+01 2.375729e+01 2.432531e+01 2.489520e+01 2.546672e+01 
2.603960e+01 2.661359e+01 2.718842e+01 2.776377e+01 2.833939e+01 
2.891500e+01 2.949032e+01 3.006506e+01 3.063889e+01 3.121152e+01 
3.178264e+01 3.235195e+01 3.291916e+01 3.348392e+01 3.404589e+01 
3.460473e+01 3.516011e+01 3.571165e+01 3.625895e+01 3.680165e+01 
3.733942e+01 3.787189e+01 3.839869e+01 3.891955e+01 3.943406e+01 
3.994182e+01 4.019215e+01 
@R CURPAR 102 []
3.679613e+00 3.679613e+00 3.679613e+00 3.678514e+00 3.676641e+00 
3.673977e+00 3.670549e+00 3.666385e+00 3.661501e+00 3.655906e+00 
3.649608e+00 3.642608e+00 3.634908e+00 3.626508e+00 3.617407e+00 
3.607606e+00 3.597106e+00 3.585905e+00 3.574004e+00 3.561404e+00 
3.548103e+00 3.534102e+00 3.519401e+00 3.504000e+00 3.487899e+00 
3.471098e+00 3.453597e+00 3.435396e+00 3.416495e+00 3.396893e+00 
3.376592e+00 3.355591e+00 3.333890e+00 3.311488e+00 3.288387e+00 
3.264585e+00 3.240084e+00 3.214882e+00 3.188981e+00 3.162379e+00 
3.135077e+00 3.107076e+00 3.078374e+00 3.048972e+00 3.018870e+00 
2.988068e+00 2.956567e+00 2.924365e+00 2.891463e+00 2.857860e+00 
2.823558e+00 2.788556e+00 2.752854e+00 2.716452e+00 2.679350e+00 
2.641547e+00 2.603045e+00 2.563842e+00 2.523940e+00 2.483338e+00 
2.442035e+00 2.400032e+00 2.357330e+00 2.313927e+00 2.269824e+00 
2.225022e+00 2.179519e+00 2.133316e+00 2.086413e+00 2.038810e+00 
1.990507e+00 1.941504e+00 1.891801e+00 1.841398e+00 1.790295e+00 
1.738492e+00 1.685989e+00 1.632785e+00 1.578882e+00 1.524279e+00 
1.468975e+00 1.412972e+00 1.356269e+00 1.298865e+00 1.240761e+00 
1.181958e+00 1.122454e+00 1.062251e+00 1.001347e+00 9.397464e-01 
8.774552e-01 8.145003e-01 7.509604e-01 6.870377e-01 6.231842e-01 
5.602822e-01 4.998377e-01 4.441364e-01 3.960173e-01 3.588661e-01 
3.377385e-01 3.377385e-01 
