@R IP 1 []
  9.999999995e+06
@R BCENTR 1 []
  1.100000000e+01
@R RMAJOR 1 []
  4.550000000e+00
@R AMINOR 1 []
  1.108423858e+00
@R KAPPA 1 []
  1.347138466e+00
@R DELTA 1 []
 -3.198958217e-01
@I NRHO 1 []
              101
@R RHOB 1 []
  1.264578450e+00
@R RHO 101 []
  0.000000000e+00  1.000000000e-02  2.000000000e-02  3.000000000e-02
  4.000000000e-02  5.000000000e-02  6.000000000e-02  7.000000000e-02
  8.000000000e-02  9.000000000e-02  1.000000000e-01  1.100000000e-01
  1.200000000e-01  1.300000000e-01  1.400000000e-01  1.500000000e-01
  1.600000000e-01  1.700000000e-01  1.800000000e-01  1.900000000e-01
  2.000000000e-01  2.100000000e-01  2.200000000e-01  2.300000000e-01
  2.400000000e-01  2.500000000e-01  2.600000000e-01  2.700000000e-01
  2.800000000e-01  2.900000000e-01  3.000000000e-01  3.100000000e-01
  3.200000000e-01  3.300000000e-01  3.400000000e-01  3.500000000e-01
  3.600000000e-01  3.700000000e-01  3.800000000e-01  3.900000000e-01
  4.000000000e-01  4.100000000e-01  4.200000000e-01  4.300000000e-01
  4.400000000e-01  4.500000000e-01  4.600000000e-01  4.700000000e-01
  4.800000000e-01  4.900000000e-01  5.000000000e-01  5.100000000e-01
  5.200000000e-01  5.300000000e-01  5.400000000e-01  5.500000000e-01
  5.600000000e-01  5.700000000e-01  5.800000000e-01  5.900000000e-01
  6.000000000e-01  6.100000000e-01  6.200000000e-01  6.300000000e-01
  6.400000000e-01  6.500000000e-01  6.600000000e-01  6.700000000e-01
  6.800000000e-01  6.900000000e-01  7.000000000e-01  7.100000000e-01
  7.200000000e-01  7.300000000e-01  7.400000000e-01  7.500000000e-01
  7.600000000e-01  7.700000000e-01  7.800000000e-01  7.900000000e-01
  8.000000000e-01  8.100000000e-01  8.200000000e-01  8.300000000e-01
  8.400000000e-01  8.500000000e-01  8.600000000e-01  8.700000000e-01
  8.800000000e-01  8.900000000e-01  9.000000000e-01  9.100000000e-01
  9.200000000e-01  9.300000000e-01  9.400000000e-01  9.500000000e-01
  9.600000000e-01  9.700000000e-01  9.800000000e-01  9.900000000e-01
  1.000000000e+00
@R VOLP 101 []
  0.000000000e+00  2.443968573e+00  4.887691325e+00  7.330924079e+00
  9.773426432e+00  1.221495918e+01  1.465528828e+01  1.709418940e+01
  1.953144182e+01  2.196683303e+01  2.440016481e+01  2.683124415e+01
  2.925988779e+01  3.168593241e+01  3.410922371e+01  3.652961299e+01
  3.894697521e+01  4.136120509e+01  4.377219793e+01  4.617987292e+01
  4.858416450e+01  5.098501058e+01  5.338237016e+01  5.577624357e+01
  5.816666505e+01  6.055366152e+01  6.293721212e+01  6.531719697e+01
  6.769335588e+01  7.006552400e+01  7.243396430e+01  7.479925416e+01
  7.716191755e+01  7.952220663e+01  8.188009326e+01  8.423544795e+01
  8.658821127e+01  8.893844671e+01  9.128624873e+01  9.363167657e+01
  9.597476614e+01  9.831552075e+01  1.006539248e+02  1.029899798e+02
  1.053236917e+02  1.076550790e+02  1.099841485e+02  1.123108898e+02
  1.146352698e+02  1.169572090e+02  1.192765988e+02  1.215933147e+02
  1.239072197e+02  1.262181457e+02  1.285259398e+02  1.308304371e+02
  1.331314507e+02  1.354288416e+02  1.377225410e+02  1.400125369e+02
  1.422988661e+02  1.445815972e+02  1.468607828e+02  1.491363993e+02
  1.514083168e+02  1.536763479e+02  1.559402571e+02  1.581997927e+02
  1.604547409e+02  1.627049409e+02  1.649502665e+02  1.671906411e+02
  1.694260055e+02  1.716563273e+02  1.738816017e+02  1.761018044e+02
  1.783169328e+02  1.805270020e+02  1.827320157e+02  1.849320165e+02
  1.871270762e+02  1.893174005e+02  1.915033878e+02  1.936854458e+02
  1.958640910e+02  1.980401737e+02  2.002147266e+02  2.023883560e+02
  2.045606400e+02  2.067310404e+02  2.089009962e+02  2.110759282e+02
  2.132597216e+02  2.154387654e+02  2.175578070e+02  2.195239070e+02
  2.212742067e+02  2.228509562e+02  2.244406420e+02  2.262856105e+02
  2.285195124e+02
@R IPOL 101 []
  1.014065482e+00  1.014066370e+00  1.014069009e+00  1.014073330e+00
  1.014079219e+00  1.014086515e+00  1.014095015e+00  1.014104474e+00
  1.014114604e+00  1.014125081e+00  1.014135546e+00  1.014145605e+00
  1.014154833e+00  1.014162770e+00  1.014168933e+00  1.014172812e+00
  1.014173880e+00  1.014171588e+00  1.014165377e+00  1.014154678e+00
  1.014138913e+00  1.014117502e+00  1.014089870e+00  1.014055443e+00
  1.014013655e+00  1.013963956e+00  1.013905807e+00  1.013838898e+00
  1.013764494e+00  1.013684046e+00  1.013596112e+00  1.013496885e+00
  1.013383321e+00  1.013255031e+00  1.013113195e+00  1.012958818e+00
  1.012792229e+00  1.012613391e+00  1.012422434e+00  1.012219694e+00
  1.012005556e+00  1.011780434e+00  1.011544796e+00  1.011299098e+00
  1.011043764e+00  1.010779213e+00  1.010505836e+00  1.010224118e+00
  1.009934695e+00  1.009638193e+00  1.009335366e+00  1.009026947e+00
  1.008713776e+00  1.008396582e+00  1.008076123e+00  1.007753153e+00
  1.007428397e+00  1.007102485e+00  1.006775822e+00  1.006448772e+00
  1.006121628e+00  1.005794527e+00  1.005467730e+00  1.005141774e+00
  1.004817293e+00  1.004494985e+00  1.004175673e+00  1.003860188e+00
  1.003549235e+00  1.003243427e+00  1.002943338e+00  1.002649470e+00
  1.002362256e+00  1.002082141e+00  1.001809584e+00  1.001545019e+00
  1.001288877e+00  1.001041579e+00  1.000803548e+00  1.000575193e+00
  1.000356932e+00  1.000149202e+00  9.999523400e-01  9.997665302e-01
  9.995918886e-01  9.994282339e-01  9.992750569e-01  9.991323540e-01
  9.990010014e-01  9.988825122e-01  9.987815660e-01  9.987029839e-01
  9.986481610e-01  9.986249348e-01  9.986557366e-01  9.987770041e-01
  9.990212352e-01  9.993665467e-01  9.997120284e-01  9.999504726e-01
  1.000000000e+00
@R G11 101 []
  0.000000000e+00  2.450318455e+00  4.900904476e+00  7.351724903e+00
  9.803187199e+00  1.225562107e+01  1.470866399e+01  1.716193984e+01
  1.961611010e+01  2.207192584e+01  2.452922496e+01  2.698741293e+01
  2.944793990e+01  3.190808220e+01  3.437236438e+01  3.682974297e+01
  3.929285375e+01  4.176003256e+01  4.423029144e+01  4.670993309e+01
  4.917592495e+01  5.165528230e+01  5.413996819e+01  5.661877428e+01
  5.909791097e+01  6.158140717e+01  6.407052927e+01  6.656070149e+01
  6.905239486e+01  7.154646019e+01  7.404258519e+01  7.654028504e+01
  7.903932410e+01  8.153981205e+01  8.404273725e+01  8.654415996e+01
  8.904387217e+01  9.154670714e+01  9.405513787e+01  9.656976808e+01
  9.907689405e+01  1.015826854e+02  1.041068241e+02  1.066215561e+02
  1.091364220e+02  1.116669823e+02  1.141857321e+02  1.167197715e+02
  1.192501495e+02  1.217870924e+02  1.243287762e+02  1.268716104e+02
  1.294273358e+02  1.319763217e+02  1.345467367e+02  1.371092614e+02
  1.396841736e+02  1.422767315e+02  1.448574159e+02  1.474595057e+02
  1.500761388e+02  1.526836821e+02  1.553093933e+02  1.579544865e+02
  1.606004256e+02  1.632510938e+02  1.659228617e+02  1.686143694e+02
  1.713131659e+02  1.740221149e+02  1.767486153e+02  1.795009114e+02
  1.822717184e+02  1.850578828e+02  1.878622036e+02  1.906865441e+02
  1.935413906e+02  1.964262254e+02  1.993346811e+02  2.022707172e+02
  2.052348535e+02  2.082331770e+02  2.112753176e+02  2.143581559e+02
  2.174788875e+02  2.206423180e+02  2.238521564e+02  2.271269567e+02
  2.304687976e+02  2.338680900e+02  2.373236453e+02  2.408545389e+02
  2.444820291e+02  2.482211176e+02  2.521332389e+02  2.563384387e+02
  2.608724637e+02  2.656731066e+02  2.706753280e+02  2.757065668e+02
  2.806864108e+02
@R G22 101 []
  0.000000000e+00  1.250259362e-02  2.500667488e-02  3.751220055e-02
  5.002137999e-02  6.253601683e-02  7.505439809e-02  8.757476246e-02
  1.001006237e-01  1.126359712e-01  1.251801715e-01  1.377303580e-01
  1.502941085e-01  1.628577618e-01  1.754446371e-01  1.879985534e-01
  2.005843006e-01  2.131936740e-01  2.258218896e-01  2.385014168e-01
  2.511150069e-01  2.638008696e-01  2.765182751e-01  2.892104955e-01
  3.019098476e-01  3.146373609e-01  3.273996241e-01  3.401728991e-01
  3.529590866e-01  3.657627784e-01  3.785839122e-01  3.914220085e-01
  4.042774289e-01  4.171516472e-01  4.300496975e-01  4.429508324e-01
  4.558536279e-01  4.687830327e-01  4.817521490e-01  4.947643626e-01
  5.077496574e-01  5.207396941e-01  5.338353208e-01  5.468943197e-01
  5.599657757e-01  5.731296867e-01  5.862450165e-01  5.994509700e-01
  6.126502592e-01  6.258952782e-01  6.391763407e-01  6.524747720e-01
  6.658506366e-01  6.792025404e-01  6.926750894e-01  7.061170135e-01
  7.196322940e-01  7.332477356e-01  7.468112653e-01  7.604947038e-01
  7.742630719e-01  7.879948601e-01  8.018311087e-01  8.157781768e-01
  8.297398578e-01  8.437353981e-01  8.578484506e-01  8.720709411e-01
  8.863375344e-01  9.006622519e-01  9.150827421e-01  9.296411448e-01
  9.442990807e-01  9.590396226e-01  9.738767352e-01  9.888192058e-01
  1.003920403e+00  1.019176456e+00  1.034552868e+00  1.050068664e+00
  1.065724940e+00  1.081552451e+00  1.097601039e+00  1.113853263e+00
  1.130292756e+00  1.146942367e+00  1.163818625e+00  1.181014159e+00
  1.198532589e+00  1.216320547e+00  1.234383630e+00  1.252844843e+00
  1.271813989e+00  1.291260975e+00  1.311189826e+00  1.331779657e+00
  1.352978371e+00  1.374714616e+00  1.397494546e+00  1.421429503e+00
  1.446546356e+00
@R G33 101 []
  9.165327914e-01  9.165473644e-01  9.165910759e-01  9.166638019e-01
  9.167653072e-01  9.168955956e-01  9.170545008e-01  9.172415932e-01
  9.174566565e-01  9.176993981e-01  9.179692747e-01  9.182659301e-01
  9.185889892e-01  9.189377808e-01  9.193117427e-01  9.197104775e-01
  9.201332773e-01  9.205793057e-01  9.210480359e-01  9.215387026e-01
  9.220505264e-01  9.225829262e-01  9.231351630e-01  9.237060407e-01
  9.242941065e-01  9.248983248e-01  9.255185893e-01  9.261560873e-01
  9.268123670e-01  9.274871951e-01  9.281773664e-01  9.288785156e-01
  9.295871773e-01  9.303013661e-01  9.310211063e-01  9.317475841e-01
  9.324816240e-01  9.332229865e-01  9.339709876e-01  9.347251637e-01
  9.354852453e-01  9.362512406e-01  9.370232487e-01  9.378011759e-01
  9.385848904e-01  9.393741349e-01  9.401687654e-01  9.409686784e-01
  9.417737869e-01  9.425843474e-01  9.434006623e-01  9.442231060e-01
  9.450519651e-01  9.458877891e-01  9.467309035e-01  9.475816492e-01
  9.484404855e-01  9.493075490e-01  9.501826573e-01  9.510652700e-01
  9.519545987e-01  9.528498264e-01  9.537501608e-01  9.546550703e-01
  9.555645985e-01  9.564790518e-01  9.573988550e-01  9.583244566e-01
  9.592561338e-01  9.601938862e-01  9.611375187e-01  9.620866032e-01
  9.630406741e-01  9.639991067e-01  9.649611213e-01  9.659260798e-01
  9.668932428e-01  9.678617991e-01  9.688310105e-01  9.697999667e-01
  9.707676139e-01  9.717322214e-01  9.726912301e-01  9.736422724e-01
  9.745825960e-01  9.755081973e-01  9.764146702e-01  9.772993670e-01
  9.781637968e-01  9.790092981e-01  9.798247161e-01  9.805804880e-01
  9.812584123e-01  9.819143371e-01  9.827754295e-01  9.842154026e-01
  9.864671577e-01  9.893485801e-01  9.921253945e-01  9.938404676e-01
  9.940165639e-01
@R GRADRHO 101 []
  1.005233651e+00  9.973292535e-01  9.973717534e-01  9.974249267e-01
  9.975115902e-01  9.976293983e-01  9.977561432e-01  9.978819913e-01
  9.980272916e-01  9.982064888e-01  9.984092813e-01  9.986201771e-01
  9.988634608e-01  9.990917590e-01  9.993758805e-01  9.995555902e-01
  9.998125242e-01  1.000114426e+00  1.000443433e+00  1.000863370e+00
  1.001126887e+00  1.001518189e+00  1.001945705e+00  1.002306315e+00
  1.002661200e+00  1.003043400e+00  1.003459309e+00  1.003870805e+00
  1.004282577e+00  1.004701640e+00  1.005124767e+00  1.005546106e+00
  1.005961846e+00  1.006372007e+00  1.006782853e+00  1.007171193e+00
  1.007537450e+00  1.007909481e+00  1.008299488e+00  1.008708639e+00
  1.009065221e+00  1.009403380e+00  1.009819367e+00  1.010175783e+00
  1.010520529e+00  1.010924399e+00  1.011261206e+00  1.011652244e+00
  1.012013378e+00  1.012388670e+00  1.012769594e+00  1.013141339e+00
  1.013550270e+00  1.013918779e+00  1.014355139e+00  1.014746988e+00
  1.015170283e+00  1.015641796e+00  1.016055018e+00  1.016527056e+00
  1.017030732e+00  1.017484597e+00  1.017979512e+00  1.018516552e+00
  1.019034073e+00  1.019544361e+00  1.020097420e+00  1.020686456e+00
  1.021271776e+00  1.021860787e+00  1.022473458e+00  1.023130683e+00
  1.023808179e+00  1.024494281e+00  1.025194066e+00  1.025909548e+00
  1.026665033e+00  1.027454273e+00  1.028255997e+00  1.029075951e+00
  1.029910552e+00  1.030769904e+00  1.031671345e+00  1.032599184e+00
  1.033537462e+00  1.034485619e+00  1.035439231e+00  1.036430762e+00
  1.037458325e+00  1.038498241e+00  1.039538415e+00  1.040587463e+00
  1.041652436e+00  1.042753384e+00  1.044138269e+00  1.046327243e+00
  1.049574986e+00  1.053588181e+00  1.057583914e+00  1.060373924e+00
  1.061347807e+00
@R AREA 101 []
  0.000000000e+00  2.437613878e+00  4.875103505e+00  7.312441451e+00
  9.749522582e+00  1.218622287e+01  1.462248050e+01  1.705826072e+01
  1.949353178e+01  2.192819177e+01  2.436214800e+01  2.679533440e+01
  2.922770671e+01  3.165917686e+01  3.408977170e+01  3.651934284e+01
  3.894824112e+01  4.137589007e+01  4.380261362e+01  4.622787110e+01
  4.865199958e+01  5.107498174e+01  5.349651835e+01  5.591674564e+01
  5.833572186e+01  6.075344846e+01  6.316983151e+01  6.558485874e+01
  6.799854426e+01  7.041088075e+01  7.282186113e+01  7.523150166e+01
  7.763984168e+01  8.004693421e+01  8.245282762e+01  8.485757386e+01
  8.726128547e+01  8.966400528e+01  9.206574763e+01  9.446649728e+01
  9.686631626e+01  9.926539178e+01  1.016636600e+02  1.040610882e+02
  1.064579369e+02  1.088540775e+02  1.112496118e+02  1.136446626e+02
  1.160391194e+02  1.184332438e+02  1.208268626e+02  1.232202443e+02
  1.256132360e+02  1.280060362e+02  1.303986181e+02  1.327909929e+02
  1.351833475e+02  1.375755352e+02  1.399677211e+02  1.423599972e+02
  1.447522773e+02  1.471447251e+02  1.495374750e+02  1.519304829e+02
  1.543238709e+02  1.567177906e+02  1.591123476e+02  1.615075455e+02
  1.639035168e+02  1.663004053e+02  1.686983550e+02  1.710974467e+02
  1.734977871e+02  1.758995537e+02  1.783029355e+02  1.807081357e+02
  1.831153508e+02  1.855247524e+02  1.879365994e+02  1.903511789e+02
  1.927688053e+02  1.951898236e+02  1.976145740e+02  2.000434343e+02
  2.024768919e+02  2.049155075e+02  2.073599284e+02  2.098108459e+02
  2.122689284e+02  2.147349689e+02  2.172098567e+02  2.196947355e+02
  2.221909790e+02  2.247001128e+02  2.272230903e+02  2.297585165e+02
  2.323020986e+02  2.348493368e+02  2.373991136e+02  2.399579349e+02
  2.425399044e+02
@R A 101 []
  0.000000000e+00  1.131210958e-02  2.262379495e-02  3.393530955e-02
  4.524691483e-02  5.655825085e-02  6.786923995e-02  7.918027511e-02
  9.049131757e-02  1.018020658e-01  1.131125388e-01  1.244227041e-01
  1.357324274e-01  1.470415733e-01  1.583506085e-01  1.696589483e-01
  1.809683689e-01  1.922764337e-01  2.035847360e-01  2.148907644e-01
  2.261962623e-01  2.375011914e-01  2.488040469e-01  2.601055668e-01
  2.714060405e-01  2.827052564e-01  2.940025379e-01  3.052978090e-01
  3.165912192e-01  3.278827231e-01  3.391722610e-01  3.504596891e-01
  3.617448306e-01  3.730273581e-01  3.843069206e-01  3.955831715e-01
  4.068562787e-01  4.181261777e-01  4.293926056e-01  4.406550609e-01
  4.519133662e-01  4.631679855e-01  4.744182371e-01  4.856635339e-01
  4.969046967e-01  5.081407191e-01  5.193716157e-01  5.305974934e-01
  5.418174000e-01  5.530320810e-01  5.642402680e-01  5.754427684e-01
  5.866383921e-01  5.978276290e-01  6.090098856e-01  6.201847415e-01
  6.313526232e-01  6.425123522e-01  6.536641848e-01  6.648080461e-01
  6.759429462e-01  6.870689439e-01  6.981859192e-01  7.092929023e-01
  7.203896662e-01  7.314760709e-01  7.425517114e-01  7.536157383e-01
  7.646678458e-01  7.757077163e-01  7.867350240e-01  7.977490643e-01
  8.087491559e-01  8.197348578e-01  8.307057098e-01  8.416612184e-01
  8.526007339e-01  8.635233347e-01  8.744283689e-01  8.853151456e-01
  8.961829167e-01  9.070309594e-01  9.178584563e-01  9.286645200e-01
  9.394484490e-01  9.502093202e-01  9.609454674e-01  9.716548840e-01
  9.823354434e-01  9.929863425e-01  1.003608244e+00  1.014201308e+00
  1.024763519e+00  1.035293378e+00  1.045792713e+00  1.056266608e+00
  1.066721930e+00  1.077163622e+00  1.087598757e+00  1.098030796e+00
  1.108423858e+00
@R RTOR 101 []
  4.752667074e+00  4.752646935e+00  4.752586493e+00  4.752485794e+00
  4.752345134e+00  4.752164569e+00  4.751944114e+00  4.751684146e+00
  4.751384895e+00  4.751046516e+00  4.750669485e+00  4.750254194e+00
  4.749800898e+00  4.749310098e+00  4.748782312e+00  4.748217946e+00
  4.747617414e+00  4.746981516e+00  4.746310700e+00  4.745605644e+00
  4.744866956e+00  4.744095266e+00  4.743291216e+00  4.742455501e+00
  4.741588994e+00  4.740692537e+00  4.739766875e+00  4.738812452e+00
  4.737829434e+00  4.736818001e+00  4.735778923e+00  4.734713183e+00
  4.733621645e+00  4.732505476e+00  4.731366083e+00  4.730204679e+00
  4.729022031e+00  4.727818779e+00  4.726595517e+00  4.725352804e+00
  4.724091151e+00  4.722810984e+00  4.721512713e+00  4.720196679e+00
  4.718863054e+00  4.717512179e+00  4.716144223e+00  4.714759292e+00
  4.713357625e+00  4.711939217e+00  4.710504206e+00  4.709052416e+00
  4.707583911e+00  4.706098429e+00  4.704595810e+00  4.703075852e+00
  4.701538152e+00  4.699982498e+00  4.698408488e+00  4.696815799e+00
  4.695204233e+00  4.693573436e+00  4.691923149e+00  4.690253292e+00
  4.688563603e+00  4.686853755e+00  4.685123423e+00  4.683372247e+00
  4.681599738e+00  4.679805371e+00  4.677988596e+00  4.676148908e+00
  4.674285755e+00  4.672398517e+00  4.670486625e+00  4.668549469e+00
  4.666586418e+00  4.664596848e+00  4.662580023e+00  4.660535166e+00
  4.658461461e+00  4.656358095e+00  4.654224460e+00  4.652059910e+00
  4.649863644e+00  4.647634739e+00  4.645372069e+00  4.643074568e+00
  4.640741048e+00  4.638369481e+00  4.635959378e+00  4.633511698e+00
  4.631028713e+00  4.628512204e+00  4.625951131e+00  4.623319346e+00
  4.620589583e+00  4.617738822e+00  4.614745876e+00  4.611613884e+00
  4.608390415e+00
@R SHIFT 101 []
  2.026670736e-01  2.026469346e-01  2.025864926e-01  2.024857941e-01
  2.023451340e-01  2.021645693e-01  2.019441136e-01  2.016841456e-01
  2.013848945e-01  2.010465159e-01  2.006694846e-01  2.002541945e-01
  1.998008981e-01  1.993100978e-01  1.987823116e-01  1.982179459e-01
  1.976174142e-01  1.969815161e-01  1.963107002e-01  1.956056442e-01
  1.948669558e-01  1.940952660e-01  1.932912161e-01  1.924555009e-01
  1.915889944e-01  1.906925373e-01  1.897668749e-01  1.888124524e-01
  1.878294335e-01  1.868180006e-01  1.857789231e-01  1.847131831e-01
  1.836216451e-01  1.825054759e-01  1.813660834e-01  1.802046793e-01
  1.790220306e-01  1.778187786e-01  1.765955171e-01  1.753528040e-01
  1.740911507e-01  1.728109838e-01  1.715127128e-01  1.701966785e-01
  1.688630541e-01  1.675121789e-01  1.661442226e-01  1.647592915e-01
  1.633576248e-01  1.619392167e-01  1.605042055e-01  1.590524159e-01
  1.575839108e-01  1.560984295e-01  1.545958104e-01  1.530758521e-01
  1.515381517e-01  1.499824980e-01  1.484084877e-01  1.468157989e-01
  1.452042325e-01  1.435734364e-01  1.419231495e-01  1.402532921e-01
  1.385636034e-01  1.368537551e-01  1.351234226e-01  1.333722470e-01
  1.315997376e-01  1.298053710e-01  1.279885961e-01  1.261489076e-01
  1.242857548e-01  1.223985174e-01  1.204866246e-01  1.185494690e-01
  1.165864175e-01  1.145968482e-01  1.125800234e-01  1.105351656e-01
  1.084614612e-01  1.063580954e-01  1.042244600e-01  1.020599101e-01
  9.986364409e-02  9.763473853e-02  9.537206894e-02  9.307456769e-02
  9.074104811e-02  8.836948133e-02  8.595937795e-02  8.351169790e-02
  8.102871306e-02  7.851220394e-02  7.595113058e-02  7.331934643e-02
  7.058958304e-02  6.773882245e-02  6.474587626e-02  6.161388392e-02
  5.839041498e-02
@R ELONG 101 []
  1.288038680e+00  1.288042232e+00  1.288052889e+00  1.288059096e+00
  1.288032336e+00  1.287991319e+00  1.287946287e+00  1.287894973e+00
  1.287841417e+00  1.287783983e+00  1.287721053e+00  1.287653264e+00
  1.287584313e+00  1.287513155e+00  1.287437831e+00  1.287360036e+00
  1.287280878e+00  1.287200664e+00  1.287119502e+00  1.287038556e+00
  1.286957919e+00  1.286878853e+00  1.286802951e+00  1.286729838e+00
  1.286660028e+00  1.286594916e+00  1.286536045e+00  1.286483448e+00
  1.286436760e+00  1.286396108e+00  1.286361800e+00  1.286335035e+00
  1.286316983e+00  1.286309783e+00  1.286315184e+00  1.286334753e+00
  1.286369018e+00  1.286418129e+00  1.286482528e+00  1.286562814e+00
  1.286659728e+00  1.286773613e+00  1.286904786e+00  1.287053670e+00
  1.287220601e+00  1.287405863e+00  1.287609823e+00  1.287832938e+00
  1.288075427e+00  1.288337709e+00  1.288620030e+00  1.288922686e+00
  1.289245975e+00  1.289590102e+00  1.289955315e+00  1.290341851e+00
  1.290749948e+00  1.291179827e+00  1.291631852e+00  1.292106345e+00
  1.292603790e+00  1.293124918e+00  1.293670437e+00  1.294241083e+00
  1.294837650e+00  1.295461024e+00  1.296112112e+00  1.296791706e+00
  1.297500711e+00  1.298240124e+00  1.299010897e+00  1.299814042e+00
  1.300650751e+00  1.301522388e+00  1.302430412e+00  1.303376361e+00
  1.304361913e+00  1.305388964e+00  1.306459532e+00  1.307575795e+00
  1.308740128e+00  1.309955145e+00  1.311223784e+00  1.312549383e+00
  1.313935644e+00  1.315386848e+00  1.316907753e+00  1.318502920e+00
  1.320176951e+00  1.321933344e+00  1.323778353e+00  1.325725529e+00
  1.327792938e+00  1.330001302e+00  1.332344217e+00  1.334770429e+00
  1.337217095e+00  1.339625384e+00  1.342003203e+00  1.344447173e+00
  1.347138466e+00
@R TRIAG 101 []
  0.000000000e+00  3.102481481e-02  2.935832616e-02  2.768488188e-02
  2.601028344e-02  2.433046318e-02  2.264058159e-02  2.094225433e-02
  1.923453465e-02  1.751588881e-02  1.578682329e-02  1.404620033e-02
  1.229211760e-02  1.052483163e-02  8.744307135e-03  6.948818324e-03
  5.136985926e-03  3.309164799e-03  1.464412478e-03 -3.979197672e-04
 -2.278605317e-03 -4.178476704e-03 -6.098450056e-03 -8.038927306e-03
 -9.999750185e-03 -1.198105527e-02 -1.398344289e-02 -1.600846362e-02
 -1.805829310e-02 -2.013460124e-02 -2.223726811e-02 -2.436563613e-02
 -2.651969786e-02 -2.870005649e-02 -3.090724508e-02 -3.314247903e-02
 -3.540807590e-02 -3.770569804e-02 -4.003529699e-02 -4.239681640e-02
 -4.479048233e-02 -4.721676548e-02 -4.967600989e-02 -5.216867724e-02
 -5.469560718e-02 -5.725746917e-02 -5.985519350e-02 -6.248954852e-02
 -6.516104448e-02 -6.787081004e-02 -7.061980595e-02 -7.340912239e-02
 -7.623932324e-02 -7.911152398e-02 -8.202682070e-02 -8.498642131e-02
 -8.799153023e-02 -9.104320890e-02 -9.414291901e-02 -9.729217470e-02
 -1.004925965e-01 -1.037463778e-01 -1.070558586e-01 -1.104232486e-01
 -1.138520247e-01 -1.173446833e-01 -1.209036188e-01 -1.245313340e-01
 -1.282307197e-01 -1.320046326e-01 -1.358559897e-01 -1.397879349e-01
 -1.438039580e-01 -1.479079677e-01 -1.521040768e-01 -1.563968584e-01
 -1.607912899e-01 -1.652926011e-01 -1.699056441e-01 -1.746358568e-01
 -1.794894705e-01 -1.844736101e-01 -1.895975882e-01 -1.948723810e-01
 -2.003095025e-01 -2.059223639e-01 -2.117201015e-01 -2.177069733e-01
 -2.238955241e-01 -2.302997992e-01 -2.369466384e-01 -2.438827501e-01
 -2.511468589e-01 -2.587816123e-01 -2.667907229e-01 -2.751202081e-01
 -2.836449201e-01 -2.922325548e-01 -3.008698316e-01 -3.099480137e-01
 -3.198958217e-01
@R PMHD 101 []
  1.709115998e+06  1.708321532e+06  1.705940831e+06  1.701982000e+06
  1.696458518e+06  1.689389219e+06  1.680798231e+06  1.670714907e+06
  1.659173667e+06  1.646213937e+06  1.631879855e+06  1.616219974e+06
  1.599286976e+06  1.581137861e+06  1.561832445e+06  1.541435411e+06
  1.520010294e+06  1.497631740e+06  1.474368927e+06  1.450301401e+06
  1.425502174e+06  1.400049167e+06  1.374024559e+06  1.347506718e+06
  1.320575336e+06  1.293310625e+06  1.265793406e+06  1.238084427e+06
  1.210101721e+06  1.181747688e+06  1.153188520e+06  1.124806931e+06
  1.096917922e+06  1.069594995e+06  1.042769401e+06  1.016388423e+06
  9.904607302e+05  9.650301572e+05  9.401266224e+05  9.157613022e+05
  8.919410827e+05  8.686677852e+05  8.459432028e+05  8.237697719e+05
  8.021486537e+05  7.810879106e+05  7.605950948e+05  7.406680177e+05
  7.212960224e+05  7.024615669e+05  6.841441615e+05  6.663168427e+05
  6.489506592e+05  6.320197943e+05  6.155006852e+05  5.993686729e+05
  5.835983217e+05  5.681799197e+05  5.531175999e+05  5.384217301e+05
  5.241120282e+05  5.102178176e+05  4.967577151e+05  4.837266870e+05
  4.711073417e+05  4.588754950e+05  4.469952371e+05  4.354302422e+05
  4.241545993e+05  4.131489495e+05  4.023974706e+05  3.918919852e+05
  3.816284581e+05  3.716005392e+05  3.617999025e+05  3.522185604e+05
  3.428489419e+05  3.336826846e+05  3.247099334e+05  3.159204695e+05
  3.073011778e+05  2.988363944e+05  2.905188584e+05  2.823535637e+05
  2.743509107e+05  2.665470617e+05  2.590078806e+05  2.517489813e+05
  2.447003581e+05  2.377283277e+05  2.303936738e+05  2.222415034e+05
  2.131396668e+05  2.023297109e+05  1.876344377e+05  1.654991831e+05
  1.326926270e+05  9.116693585e+04  5.050295475e+04  2.096378141e+04
  1.029957097e+04
@R QMHD 101 []
  9.774460535e-01  9.775046621e-01  9.776813622e-01  9.779786923e-01
  9.784006080e-01  9.789520687e-01  9.796384638e-01  9.804648799e-01
  9.814352177e-01  9.825511500e-01  9.838109546e-01  9.852083822e-01
  9.867380436e-01  9.884003847e-01  9.901966750e-01  9.921275944e-01
  9.941940010e-01  9.963951241e-01  9.987305670e-01  1.001199121e+00
  1.003802382e+00  1.006542465e+00  1.009418208e+00  1.012433418e+00
  1.015589929e+00  1.018882783e+00  1.022309415e+00  1.025871620e+00
  1.029577569e+00  1.033435542e+00  1.037447884e+00  1.041607785e+00
  1.045907467e+00  1.050349195e+00  1.054939887e+00  1.059685758e+00
  1.064589757e+00  1.069652468e+00  1.074875628e+00  1.080262706e+00
  1.085818696e+00  1.091548653e+00  1.097456949e+00  1.103547170e+00
  1.109825229e+00  1.116295806e+00  1.122963602e+00  1.129835240e+00
  1.136916327e+00  1.144213990e+00  1.151734752e+00  1.159486488e+00
  1.167475901e+00  1.175712074e+00  1.184202930e+00  1.192956939e+00
  1.201984701e+00  1.211294385e+00  1.220896832e+00  1.230803480e+00
  1.241025349e+00  1.251573552e+00  1.262460699e+00  1.273699646e+00
  1.285305084e+00  1.297292114e+00  1.309676321e+00  1.322474626e+00
  1.335704733e+00  1.349385793e+00  1.363538315e+00  1.378182995e+00
  1.393342336e+00  1.409041337e+00  1.425306534e+00  1.442165808e+00
  1.459648656e+00  1.477786465e+00  1.496613661e+00  1.516166551e+00
  1.536484089e+00  1.557610228e+00  1.579595322e+00  1.602495179e+00
  1.626369674e+00  1.651277122e+00  1.677257538e+00  1.704353617e+00
  1.732640673e+00  1.762259492e+00  1.793430726e+00  1.826358371e+00
  1.861120870e+00  1.897732017e+00  1.936037506e+00  1.975806890e+00
  2.017151690e+00  2.060291442e+00  2.106064262e+00  2.155614956e+00
  2.210405721e+00
@R ER 101 []
  0.000000000e+00  0.000000000e+00  0.000000000e+00  0.000000000e+00
  0.000000000e+00  0.000000000e+00  0.000000000e+00  0.000000000e+00
  0.000000000e+00  0.000000000e+00  0.000000000e+00  0.000000000e+00
  0.000000000e+00  0.000000000e+00  0.000000000e+00  0.000000000e+00
  0.000000000e+00  0.000000000e+00  0.000000000e+00  0.000000000e+00
  0.000000000e+00  0.000000000e+00  0.000000000e+00  0.000000000e+00
  0.000000000e+00  0.000000000e+00  0.000000000e+00  0.000000000e+00
  0.000000000e+00  0.000000000e+00  0.000000000e+00  0.000000000e+00
  0.000000000e+00  0.000000000e+00  0.000000000e+00  0.000000000e+00
  0.000000000e+00  0.000000000e+00  0.000000000e+00  0.000000000e+00
  0.000000000e+00  0.000000000e+00  0.000000000e+00  0.000000000e+00
  0.000000000e+00  0.000000000e+00  0.000000000e+00  0.000000000e+00
  0.000000000e+00  0.000000000e+00  0.000000000e+00  0.000000000e+00
  0.000000000e+00  0.000000000e+00  0.000000000e+00  0.000000000e+00
  0.000000000e+00  0.000000000e+00  0.000000000e+00  0.000000000e+00
  0.000000000e+00  0.000000000e+00  0.000000000e+00  0.000000000e+00
  0.000000000e+00  0.000000000e+00  0.000000000e+00  0.000000000e+00
  0.000000000e+00  0.000000000e+00  0.000000000e+00  0.000000000e+00
  0.000000000e+00  0.000000000e+00  0.000000000e+00  0.000000000e+00
  0.000000000e+00  0.000000000e+00  0.000000000e+00  0.000000000e+00
  0.000000000e+00  0.000000000e+00  0.000000000e+00  0.000000000e+00
  0.000000000e+00  0.000000000e+00  0.000000000e+00  0.000000000e+00
  0.000000000e+00  0.000000000e+00  0.000000000e+00  0.000000000e+00
  0.000000000e+00  0.000000000e+00  0.000000000e+00  0.000000000e+00
  0.000000000e+00  0.000000000e+00  0.000000000e+00  0.000000000e+00
  0.000000000e+00
@R NC1 101 []
  9.985000475e-01  9.385397101e-01  9.154358211e-01  8.985320006e-01
  8.848009241e-01  8.730769980e-01  8.627649103e-01  8.535118510e-01
  8.450896154e-01  8.373405723e-01  8.301499331e-01  8.234316033e-01
  8.171188945e-01  8.111581020e-01  8.055065812e-01  8.001297966e-01
  7.949972901e-01  7.900853275e-01  7.853721422e-01  7.808405381e-01
  7.764738001e-01  7.722580766e-01  7.681819764e-01  7.642338628e-01
  7.604030748e-01  7.566808405e-01  7.530608774e-01  7.495387018e-01
  7.461100252e-01  7.427686162e-01  7.395061753e-01  7.363149451e-01
  7.331879553e-01  7.301197110e-01  7.271076500e-01  7.241513095e-01
  7.212497453e-01  7.184004508e-01  7.156006537e-01  7.128479653e-01
  7.101403357e-01  7.074761965e-01  7.048542362e-01  7.022728615e-01
  6.997303590e-01  6.972253645e-01  6.947564040e-01  6.923222086e-01
  6.899216510e-01  6.875536319e-01  6.852177572e-01  6.829127883e-01
  6.806382980e-01  6.783935668e-01  6.761777140e-01  6.739902886e-01
  6.718305229e-01  6.696976618e-01  6.675906665e-01  6.655083714e-01
  6.634495989e-01  6.614129738e-01  6.593972829e-01  6.574019191e-01
  6.554264314e-01  6.534702268e-01  6.515331984e-01  6.496152970e-01
  6.477158972e-01  6.458345645e-01  6.439707388e-01  6.421237092e-01
  6.402928957e-01  6.384774917e-01  6.366767396e-01  6.348900565e-01
  6.331167066e-01  6.313561116e-01  6.296076908e-01  6.278706999e-01
  6.261445386e-01  6.244282748e-01  6.227207968e-01  6.210212916e-01
  6.193287302e-01  6.176407407e-01  6.159550252e-01  6.142708491e-01
  6.125914948e-01  6.109190416e-01  6.092472805e-01  6.075638429e-01
  6.058592493e-01  6.041661778e-01  6.025789539e-01  6.012151871e-01
  6.001249550e-01  5.992487939e-01  5.983513747e-01  5.970361737e-01
  5.951133401e-01
@R HFAC1 101 []
  1.000000000e+00  9.976211859e-01  9.952452289e-01  9.928721425e-01
  9.905019236e-01  9.881347744e-01  9.857707352e-01  9.834096659e-01
  9.810515941e-01  9.786965446e-01  9.763443916e-01  9.739950969e-01
  9.716485949e-01  9.693047059e-01  9.669631782e-01  9.646240288e-01
  9.622866011e-01  9.599511453e-01  9.576171274e-01  9.552848120e-01
  9.529535271e-01  9.506230698e-01  9.482934894e-01  9.459640798e-01
  9.436340771e-01  9.413030908e-01  9.389714317e-01  9.366399570e-01
  9.343094824e-01  9.319797044e-01  9.296488265e-01  9.273147785e-01
  9.249758520e-01  9.226310194e-01  9.202805081e-01  9.179253960e-01
  9.155664356e-01  9.132036275e-01  9.108367278e-01  9.084656388e-01
  9.060903063e-01  9.037107711e-01  9.013273406e-01  8.989401124e-01
  8.965488756e-01  8.941537577e-01  8.917546811e-01  8.893516113e-01
  8.869447138e-01  8.845339510e-01  8.821198696e-01  8.797023700e-01
  8.772819120e-01  8.748586528e-01  8.724327765e-01  8.700045556e-01
  8.675740502e-01  8.651414621e-01  8.627065259e-01  8.602688713e-01
  8.578281902e-01  8.553838859e-01  8.529354402e-01  8.504828004e-01
  8.480260253e-01  8.455651497e-01  8.431004646e-01  8.406323824e-01
  8.381609142e-01  8.356860420e-01  8.332076181e-01  8.307254207e-01
  8.282392684e-01  8.257487805e-01  8.232535386e-01  8.207532518e-01
  8.182475503e-01  8.157361511e-01  8.132187410e-01  8.106948636e-01
  8.081640856e-01  8.056256241e-01  8.030784040e-01  8.005215899e-01
  7.979541289e-01  7.953740441e-01  7.927793086e-01  7.901691605e-01
  7.875459659e-01  7.849110192e-01  7.822579691e-01  7.795727514e-01
  7.768471427e-01  7.741139600e-01  7.714793598e-01  7.690896014e-01
  7.670134628e-01  7.651631516e-01  7.632462037e-01  7.608467262e-01
  7.577689341e-01
@R HFAC2 101 []
  1.000000000e+00  9.952508497e-01  9.905242876e-01  9.858202188e-01
  9.811385162e-01  9.764794573e-01  9.718429963e-01  9.672287342e-01
  9.626366021e-01  9.580665264e-01  9.535181399e-01  9.489912466e-01
  9.444855987e-01  9.400007318e-01  9.355360489e-01  9.310914672e-01
  9.266656271e-01  9.222588943e-01  9.178701563e-01  9.134998060e-01
  9.091464807e-01  9.048097058e-01  9.004894796e-01  8.961843971e-01
  8.918929510e-01  8.876143421e-01  8.833490913e-01  8.790987454e-01
  8.748647594e-01  8.706464907e-01  8.664405325e-01  8.622430041e-01
  8.580507301e-01  8.538618214e-01  8.496767159e-01  8.454974063e-01
  8.413252769e-01  8.371603211e-01  8.330020855e-01  8.288503847e-01
  8.247051202e-01  8.205663777e-01  8.164347006e-01  8.123102505e-01
  8.081926604e-01  8.040821439e-01  7.999785596e-01  7.958818483e-01
  7.917922885e-01  7.877098230e-01  7.836353937e-01  7.795688293e-01
  7.755109083e-01  7.714619015e-01  7.674221023e-01  7.633919601e-01
  7.593715666e-01  7.553612247e-01  7.513604588e-01  7.473686117e-01
  7.433851169e-01  7.394089394e-01  7.354391911e-01  7.314757671e-01
  7.275187664e-01  7.235682430e-01  7.196246823e-01  7.156887622e-01
  7.117604823e-01  7.078397967e-01  7.039264462e-01  7.000200379e-01
  6.961202481e-01  6.922264310e-01  6.883378870e-01  6.844541336e-01
  6.805745511e-01  6.766986595e-01  6.728259424e-01  6.689556541e-01
  6.650870945e-01  6.612190097e-01  6.573496844e-01  6.534778003e-01
  6.496016866e-01  6.457181284e-01  6.418238049e-01  6.379174802e-01
  6.340031534e-01  6.300833870e-01  6.261483886e-01  6.221756700e-01
  6.181515502e-01  6.141273655e-01  6.102728451e-01  6.068218545e-01
  6.038833706e-01  6.013150613e-01  5.986469065e-01  5.952179230e-01
  5.907228806e-01
