&IN1
  ICONVR = 3 
  MXITER = -1 
  NXITER = 51 
  ERROR = 0.0001 
  RELAX = 0.5 
  IOUT = 4 
  ICURRT = 2 
  KPPFNC = 6 
  KPPCUR = 3 
  KFFFNC = 6 
  KFFCUR = 3 
  ISHOT = 1 
  ITIME = 3 
  ITIMEU = 0 
  ITEK = 0 
  ITRACE = 1 
  PLASMA = 10000000.0 
  BTOR = 11.0 
  RCENTR = 4.55 
  RZERO = 4.55 
  LIMITR = 5 
  XLIM = 6.0 3.5 3.5 6.0 6.0 
  YLIM = 1.93 1.93 -1.93 -1.93 1.93 
  NBDRY = 15 
  RBDRY = 5.75 5.717889612279765 5.599231274196216 5.333894952548324  
    4.862048988436734 4.215741544340384 3.606248672667517  
    3.3499999999999996 3.606248672667517 4.215741544340384  
    4.862048988436735 5.333894952548324 5.599231274196216  
    5.717889612279765 5.75 
  ZBDRY = 0.0 0.7289246817174976 1.3134768905462901 1.6378788924654637  
    1.6378788924654637 1.3134768905462901 0.7289246817174978  
    2.0574066225675533e-16 -0.7289246817174975 -1.31347689054629  
    -1.6378788924654637 -1.6378788924654637 -1.3134768905462901  
    -0.728924681717498 0.0 
  IERCHK = 0 
  NEXTRA = 0 
  SCRAPE = 0.01 
  PSIBRY = 0.0 
  CFCOIL = -10.0 
  ENP = 1.0 
  EMP = 1.0 
  FCURBD = 0 
  PCURBD = 0 
  FCZERO = 1.0 1.0 1.0 1.0 1.0 1.0 1.0 1.0 1.0 1.0 1.0 1.0 1.0 1.0 1.0  
    1.0 
  FCSUM = 1.0 1.0 1.0 1.0 1.0 1.0 1.0 1.0 1.0 1.0 1.0 1.0 1.0 1.0 1.0  
    1.0 
  IFREF = 2 
  PRBDRY = 7014.203044421267 
  KBETAPR = 1 
  FWTBDRY = 1.0 1.0 1.0 1.0 1.0 1.0 1.0 1.0 1.0 1.0 1.0 1.0 1.0 1.0 1.0 
  FWTBDRY(2) = 10.0 
  FWTBDRY(3) = 10.0 
  FWTBDRY(4) = 10.0 
  FWTBDRY(5) = 10.0 
  FWTBDRY(9) = 10.0 
  FWTBDRY(10) = 10.0 
  FWTBDRY(11) = 10.0 
  FWTBDRY(12) = 10.0 
/

&PROFILE_EXT
  NPSI_EXT = 257 
  PSIN_EXT = 0.0 0.00390625 0.0078125 0.01171875 0.015625 0.01953125  
    0.0234375 0.02734375 0.03125 0.03515625 0.0390625 0.04296875  
    0.046875 0.05078125 0.0546875 0.05859375 0.0625 0.06640625  
    0.0703125 0.07421875 0.078125 0.08203125 0.0859375 0.08984375  
    0.09375 0.09765625 0.1015625 0.10546875 0.109375 0.11328125  
    0.1171875 0.12109375 0.125 0.12890625 0.1328125 0.13671875 0.140625  
    0.14453125 0.1484375 0.15234375 0.15625 0.16015625 0.1640625  
    0.16796875 0.171875 0.17578125 0.1796875 0.18359375 0.1875  
    0.19140625 0.1953125 0.19921875 0.203125 0.20703125 0.2109375  
    0.21484375 0.21875 0.22265625 0.2265625 0.23046875 0.234375  
    0.23828125 0.2421875 0.24609375 0.25 0.25390625 0.2578125  
    0.26171875 0.265625 0.26953125 0.2734375 0.27734375 0.28125  
    0.28515625 0.2890625 0.29296875 0.296875 0.30078125 0.3046875  
    0.30859375 0.3125 0.31640625 0.3203125 0.32421875 0.328125  
    0.33203125 0.3359375 0.33984375 0.34375 0.34765625 0.3515625  
    0.35546875 0.359375 0.36328125 0.3671875 0.37109375 0.375  
    0.37890625 0.3828125 0.38671875 0.390625 0.39453125 0.3984375  
    0.40234375 0.40625 0.41015625 0.4140625 0.41796875 0.421875  
    0.42578125 0.4296875 0.43359375 0.4375 0.44140625 0.4453125  
    0.44921875 0.453125 0.45703125 0.4609375 0.46484375 0.46875  
    0.47265625 0.4765625 0.48046875 0.484375 0.48828125 0.4921875  
    0.49609375 0.5 0.50390625 0.5078125 0.51171875 0.515625 0.51953125  
    0.5234375 0.52734375 0.53125 0.53515625 0.5390625 0.54296875  
    0.546875 0.55078125 0.5546875 0.55859375 0.5625 0.56640625  
    0.5703125 0.57421875 0.578125 0.58203125 0.5859375 0.58984375  
    0.59375 0.59765625 0.6015625 0.60546875 0.609375 0.61328125  
    0.6171875 0.62109375 0.625 0.62890625 0.6328125 0.63671875 0.640625  
    0.64453125 0.6484375 0.65234375 0.65625 0.66015625 0.6640625  
    0.66796875 0.671875 0.67578125 0.6796875 0.68359375 0.6875  
    0.69140625 0.6953125 0.69921875 0.703125 0.70703125 0.7109375  
    0.71484375 0.71875 0.72265625 0.7265625 0.73046875 0.734375  
    0.73828125 0.7421875 0.74609375 0.75 0.75390625 0.7578125  
    0.76171875 0.765625 0.76953125 0.7734375 0.77734375 0.78125  
    0.78515625 0.7890625 0.79296875 0.796875 0.80078125 0.8046875  
    0.80859375 0.8125 0.81640625 0.8203125 0.82421875 0.828125  
    0.83203125 0.8359375 0.83984375 0.84375 0.84765625 0.8515625  
    0.85546875 0.859375 0.86328125 0.8671875 0.87109375 0.875  
    0.87890625 0.8828125 0.88671875 0.890625 0.89453125 0.8984375  
    0.90234375 0.90625 0.91015625 0.9140625 0.91796875 0.921875  
    0.92578125 0.9296875 0.93359375 0.9375 0.94140625 0.9453125  
    0.94921875 0.953125 0.95703125 0.9609375 0.96484375 0.96875  
    0.97265625 0.9765625 0.98046875 0.984375 0.98828125 0.9921875  
    0.99609375 1.0 
  PPRIME_EXT = 1281780.6137679724 1261104.5754784537 1240616.9769030388  
    1220317.8180417274 1200207.0988945197 1180284.8194614155  
    1160550.979742415 1141005.579737518 1121648.619446725  
    1102480.0988700353 1083500.0180074493 1064708.376858967  
    1046105.1754245881 1027690.4137043131 1009464.0916981415  
    991426.2094060737 973576.7668281095 955915.7639642489  
    938443.2008144918 921159.0773788387 904063.393657289  
    887156.1496498429 870437.3453565005 853906.9807772615  
    837565.0559121263 821411.5707610948 807734.816171974  
    797769.4609067154 788033.4825058895 778117.4127825708  
    767305.4112866689 754402.3673813378 739090.4872812715  
    721694.6204742487 702743.7566645646 683578.4823456295  
    664933.4806381073 646949.2680976882 629783.6044998714  
    613364.9074133558 597559.778489838 582410.4672956802  
    568054.473606608 554394.6266760924 541482.155320646  
    529273.2404927686 517656.91188012814 506620.13427020307  
    496064.6565823197 485993.91047471156 476340.21118791966  
    467128.27653765096 458320.22301461 449910.1368086488  
    441875.12590156426 434191.3202309932 426811.5027312944  
    419687.3950076869 412812.2461420697 406102.1462218912  
    399583.26343093894 393195.9761958736 386989.90438851144  
    380900.67655931803 374955.9861403672 369126.3308821471  
    363378.911065974 357735.1173656907 352087.41495690367  
    346540.61550146947 341039.0112500623 335590.7928261442  
    330272.7720639598 325030.47752823704 319953.9036420946  
    314997.0132983215 310139.3306915605 305460.129790891  
    300866.17498832825 296393.7742280062 292081.8421783884  
    287854.1756566708 283787.19851083774 279884.2998580541  
    276064.3827264455 272397.20065947017 268878.59320434905  
    265425.9861216695 262089.63892434753 258866.5428255898  
    255683.48368027614 252590.08818156982 249603.17477375886  
    246656.28281747655 243781.31348017137 241014.67254969952  
    238295.99204365083 235622.80871261586 233047.81512062097  
    230534.57189180606 228031.98703027976 225579.8877419234  
    223190.93385715343 220805.6247469837 218423.15298737996  
    216084.43902729833 213765.69449773803 211437.39216091318  
    209133.128552016 206866.48973437026 204595.55809959455  
    202312.68661698065 200053.87930337357 197806.51042411363  
    195527.21528458226 193222.5516273132 190931.39236907824  
    188654.68599262479 186362.3452907292 184068.98382778716  
    181823.63340739429 179627.42831094287 177450.83787507628  
    175305.05433175404 173218.19118489843 171183.1618887608  
    169175.8767528665 167200.90592355753 165280.46167732636  
    163413.4583913284 161587.57080495165 159807.05203345657  
    158087.11956478347 156434.82008761464 154836.71032054126  
    153281.13783968706 151773.586659 150320.7219875224 148912.350701807  
    147531.56640173687 146173.08487790477 144849.8611269836  
    143569.6486827983 142317.26825431525 141080.05970236097  
    139867.18265855242 138693.2031175141 137550.51002439053  
    136420.2540843265 135299.34098193594 134197.0184519784  
    133118.16803781607 132054.7145505335 130996.27643910272  
    129941.19431531447 128903.47906244374 127892.62610056502  
    126896.29936090168 125905.07762862527 124925.8333818905  
    123970.09655012918 123035.51250251106 122114.83910911062  
    121208.27536032686 120317.80661074432 119453.05703425134  
    118620.91601057485 117813.18918185914 117024.07152105687  
    116256.4096216655 115510.87553072405 114779.28634095402  
    114053.47275759884 113322.02327949197 112576.54426018137  
    111823.71654720584 111063.71257949474 110288.54575518338  
    109494.27548922965 108688.75823781261 107878.18636371486  
    107051.1023011971 106198.01822525452 105320.0894308582  
    104410.87142016274 103466.23883236418 102482.76338866167  
    101460.34431028906 100421.86664642749 99388.92838004816  
    98363.77084919215 97367.27513515028 96433.1095783586  
    95570.5534317084 94784.6350286947 94089.4115485182  
    93489.93188451158 92979.26082779578 92562.54550930625  
    92263.32390047958 92094.88720772153 92046.08939010583  
    92150.10386382366 92458.91809153272 92988.5607751209  
    93728.16514715497 94616.34216494786 95619.73690272479  
    96735.39248708257 98046.03788300729 99681.16475649054  
    101673.4580214675 103980.5498814772 106029.86972045759  
    107397.10211462995 107894.97365210415 108577.20590945339  
    111912.55461022307 118802.74236779471 129100.19100562579  
    143716.69755747047 163383.92980729314 188555.88051817013  
    217395.45231055614 244965.4925373332 269234.27127290174  
    290566.42770990357 308999.5582873875 324709.4619018422  
    337495.1575982085 347980.5645618633 357709.6536794985  
    367248.3194825713 376364.46055489447 383943.8464357256  
    389024.4214009269 391634.63699386484 391556.2212318434  
    388574.0830823583 382628.7168318319 373749.85182041116  
    362208.6147707247 348200.7914497907 331682.21800690977  
    313112.812314696 293033.36654455075 271298.457176068  
    248989.54701798846 227924.45493208594 208833.97885112144  
    190646.66008791886 169942.94120479398 144931.121665066  
    115805.23305185421 82364.79745277634 44458.4565430078  
    2086.210321083665 
  FFPRIM_EXT = -13.996073014596218 -13.44991031807664  
    -12.916789235679328 -12.390233398807444 -11.869958902622422  
    -11.355922876485494 -10.84810061159364 -10.346466871985314  
    -9.851005780676598 -9.361688220563028 -8.87850272945753  
    -8.401429519482658 -7.930451852657038 -7.465549747409207  
    -7.006704448454784 -6.553895878940819 -6.107107346111968  
    -5.6663224059072625 -5.23152245339935 -4.802690084896593  
    -4.379810259176461 -3.962864613454449 -3.551838916308334  
    -3.1467153879991283 -2.7474796722912433 -2.353975750320284  
    -2.030566440243236 -1.8119701161294288 -1.599951984381597  
    -1.3832136701869482 -1.1418578192930635 -0.8423816069770207  
    -0.4760237686822393 -0.05194201104391763 0.41499803223724097  
    0.8872485850282181 1.3443578303063448 1.7824636625193548  
    2.197229849542186 2.590698362035134 2.9666326071338984  
    3.3238866724760494 3.658639949575328 3.973650288405703  
    4.267524602112665 4.541498786153603 4.798698628245699  
    5.039493759411574 5.266641237172058 5.480057384657318  
    5.6816396190445255 5.8707165396792504 6.048351703075054  
    6.2147280763262565 6.37048391028382 6.516299332228082  
    6.653484189238879 6.783392151810608 6.906199985857033  
    7.0242503109001895 7.1368081014137825 7.245536703515669  
    7.349060172792748 7.449166024925136 7.545096501380042  
    7.637656264335584 7.727766799042512 7.8148213525212356  
    7.901810349732738 7.985824414014456 8.068400482219502  
    8.149330305107668 8.226482629477063 8.301380056150325  
    8.3715403953127 8.438235793731081 8.50205143596578  
    8.560786707236542 8.617019617827562 8.669759208498341  
    8.71792213909913 8.763622532571954 8.80475990842686  
    8.841236174634295 8.875303108860436 8.905037354482111  
    8.930538142876827 8.954093538682228 8.974325141963053  
    8.99130220373849 9.00704633839971 9.020195381598512  
    9.030275628787056 9.03912082375487 9.04586252853495  
    9.049491892401704 9.051668844658522 9.052470173629434  
    9.050442013845759 9.04657724255029 9.04228628339378  
    9.036474067729355 9.028777639171668 9.020829364828533  
    9.01265844229778 9.00313357286082 8.992896785502513  
    8.98276513871092 8.971823534117327 8.959689584608626  
    8.947506599917443 8.935489138859266 8.922648712497164  
    8.909318083097777 8.896681954381776 8.884566921644357  
    8.871907478326783 8.85867205194052 8.845688671243193  
    8.832567640811273 8.817970286638989 8.801863474957312  
    8.785060214704032 8.767263700552633 8.747706070579138  
    8.726571697831197 8.704518083588724 8.681427965191721  
    8.656697295302376 8.630348208879182 8.602716447320562  
    8.57369499504248 8.542875538672256 8.51006046150361  
    8.475609763557063 8.439842701958618 8.40261324807586  
    8.363736169592316 8.323478960101227 8.282297666984888  
    8.240338984011409 8.197252420874541 8.152820820841264  
    8.107449473286302 8.061484656022824 8.01468213487357  
    7.966643664268744 7.917566632002215 7.867959816925611  
    7.817908371110741 7.767160314559414 7.715579346537897  
    7.663379290485832 7.6108389226941195 7.558005002018614  
    7.50449906955345 7.450058120985878 7.395011262560921  
    7.339616276330104 7.283690302378739 7.226917670862623  
    7.169356583535372 7.111201531753547 7.052446977612332  
    6.993039655581994 6.9327207777814674 6.871300940057809  
    6.80899643887385 6.745965563880352 6.682133131846436  
    6.617474189389949 6.552197169750691 6.4865171724167245  
    6.4207398834990626 6.355088554731408 6.2893783874797755  
    6.223596311240728 6.157952380864615 6.092553785419218  
    6.027190060811137 5.9616874651090415 5.896345114821128  
    5.831414881757979 5.766862597128224 5.702855228157336  
    5.639495820712895 5.576868978910072 5.514977417088961  
    5.453214884550751 5.391010705419337 5.328305723076177  
    5.26454154776293 5.19882656193775 5.130924179437386  
    5.060706719211195 4.987791171646602 4.912035345002387  
    4.833630441747552 4.752447635129554 4.667860382919505  
    4.579506772597754 4.487691891055393 4.391548138864558  
    4.2897075563783 4.181753164792542 4.067956430802122  
    3.949934813936989 3.8285684932957857 3.7039344773796814  
    3.573868352758287 3.434964623893744 3.2863384561261437  
    3.1290482845936536 2.978092895830468 2.844481008409582  
    2.7334926103209067 2.617583391126054 2.4317166966521135  
    2.15265545869068 1.78482925632562 1.3043722595549807  
    0.6921373678698131 -0.0638022541159976 -0.915737892162144  
    -1.7340597692328181 -2.4657684067420464 -3.1212782147668072  
    -3.701703506828814 -4.2114464442260395 -4.645038840075466  
    -5.018799224311581 -5.373096098720721 -5.72247072430374  
    -6.0609414658431735 -6.359287517543355 -6.592438397784896  
    -6.7614472389955305 -6.860599504072065 -6.884181862992035  
    -6.830532755348793 -6.700280063889089 -6.500313891108433  
    -6.235503249372128 -5.904362551615693 -5.518463069276601  
    -5.091233504904141 -4.617937561047883 -4.12561591294104  
    -3.6610217522805537 -3.2432357601222046 -2.844321971537024  
    -2.3753286940433007 -1.7882153058657062 -1.0876766009781789  
    -0.2661816207661855 0.6886691173928425 1.776875613501943 
/

