@R RHO 101 []
0.000000e+00 1.000000e-02 2.000000e-02 3.000000e-02 4.000000e-02 
5.000000e-02 6.000000e-02 7.000000e-02 8.000000e-02 9.000000e-02 
1.000000e-01 1.100000e-01 1.200000e-01 1.300000e-01 1.400000e-01 
1.500000e-01 1.600000e-01 1.700000e-01 1.800000e-01 1.900000e-01 
2.000000e-01 2.100000e-01 2.200000e-01 2.300000e-01 2.400000e-01 
2.500000e-01 2.600000e-01 2.700000e-01 2.800000e-01 2.900000e-01 
3.000000e-01 3.100000e-01 3.200000e-01 3.300000e-01 3.400000e-01 
3.500000e-01 3.600000e-01 3.700000e-01 3.800000e-01 3.900000e-01 
4.000000e-01 4.100000e-01 4.200000e-01 4.300000e-01 4.400000e-01 
4.500000e-01 4.600000e-01 4.700000e-01 4.800000e-01 4.900000e-01 
5.000000e-01 5.100000e-01 5.200000e-01 5.300000e-01 5.400000e-01 
5.500000e-01 5.600000e-01 5.700000e-01 5.800000e-01 5.900000e-01 
6.000000e-01 6.100000e-01 6.200000e-01 6.300000e-01 6.400000e-01 
6.500000e-01 6.600000e-01 6.700000e-01 6.800000e-01 6.900000e-01 
7.000000e-01 7.100000e-01 7.200000e-01 7.300000e-01 7.400000e-01 
7.500000e-01 7.600000e-01 7.700000e-01 7.800000e-01 7.900000e-01 
8.000000e-01 8.100000e-01 8.200000e-01 8.300000e-01 8.400000e-01 
8.500000e-01 8.600000e-01 8.700000e-01 8.800000e-01 8.900000e-01 
9.000000e-01 9.100000e-01 9.200000e-01 9.300000e-01 9.400000e-01 
9.500000e-01 9.600000e-01 9.700000e-01 9.800000e-01 9.900000e-01 
1.000000e+00 
@R ENE 101 []
2.762277e+01 2.762277e+01 2.757847e+01 2.753107e+01 2.748063e+01 
2.742717e+01 2.737074e+01 2.731138e+01 2.724912e+01 2.718401e+01 
2.711607e+01 2.704537e+01 2.697192e+01 2.689577e+01 2.681697e+01 
2.673554e+01 2.665153e+01 2.656498e+01 2.647592e+01 2.638440e+01 
2.629045e+01 2.619412e+01 2.609544e+01 2.599445e+01 2.589119e+01 
2.578570e+01 2.567801e+01 2.556818e+01 2.545623e+01 2.534221e+01 
2.522615e+01 2.510810e+01 2.498809e+01 2.486616e+01 2.474235e+01 
2.461670e+01 2.448925e+01 2.436004e+01 2.422911e+01 2.409649e+01 
2.396223e+01 2.382636e+01 2.368893e+01 2.354997e+01 2.340952e+01 
2.326762e+01 2.312431e+01 2.297963e+01 2.283362e+01 2.268631e+01 
2.253776e+01 2.238798e+01 2.223703e+01 2.208495e+01 2.193176e+01 
2.177752e+01 2.162226e+01 2.146601e+01 2.130883e+01 2.115074e+01 
2.099179e+01 2.083202e+01 2.067146e+01 2.051015e+01 2.034814e+01 
2.018546e+01 2.002215e+01 1.985825e+01 1.969380e+01 1.952884e+01 
1.936340e+01 1.919754e+01 1.903127e+01 1.886465e+01 1.869772e+01 
1.853051e+01 1.836306e+01 1.819541e+01 1.802760e+01 1.785966e+01 
1.769165e+01 1.752358e+01 1.735551e+01 1.718744e+01 1.701941e+01 
1.685139e+01 1.668330e+01 1.651493e+01 1.634576e+01 1.617461e+01 
1.599888e+01 1.581291e+01 1.560459e+01 1.534857e+01 1.499458e+01 
1.445394e+01 1.360891e+01 1.240519e+01 1.101627e+01 9.804787e+00 
8.995343e+00 
@R TE 101 []
1.823599e+01 1.823008e+01 1.821234e+01 1.818283e+01 1.814159e+01 
1.808870e+01 1.802427e+01 1.794842e+01 1.786129e+01 1.776306e+01 
1.765392e+01 1.753406e+01 1.740373e+01 1.726315e+01 1.711261e+01 
1.695238e+01 1.678276e+01 1.660406e+01 1.641660e+01 1.622074e+01 
1.601682e+01 1.580520e+01 1.558626e+01 1.536039e+01 1.512797e+01 
1.488941e+01 1.464510e+01 1.439546e+01 1.414090e+01 1.388183e+01 
1.361867e+01 1.335505e+01 1.309450e+01 1.283732e+01 1.258378e+01 
1.233415e+01 1.208926e+01 1.184966e+01 1.161527e+01 1.138598e+01 
1.116170e+01 1.094154e+01 1.072477e+01 1.051147e+01 1.030174e+01 
1.009566e+01 9.894150e+00 9.697938e+00 9.506811e+00 9.320562e+00 
9.138980e+00 8.961287e+00 8.786745e+00 8.615206e+00 8.446521e+00 
8.280544e+00 8.117520e+00 7.957922e+00 7.801945e+00 7.649786e+00 
7.501639e+00 7.357802e+00 7.218303e+00 7.082927e+00 6.951463e+00 
6.823698e+00 6.699197e+00 6.577515e+00 6.458421e+00 6.341686e+00 
6.227080e+00 6.114504e+00 6.003924e+00 5.895207e+00 5.788220e+00 
5.682831e+00 5.578903e+00 5.476282e+00 5.374807e+00 5.274319e+00 
5.174656e+00 5.075591e+00 4.976959e+00 4.878698e+00 4.780744e+00 
4.683032e+00 4.585567e+00 4.488476e+00 4.391879e+00 4.295895e+00 
4.200643e+00 4.106918e+00 4.014939e+00 3.923957e+00 3.833224e+00 
3.741993e+00 3.221570e+00 2.406971e+00 1.426273e+00 5.996588e-01 
9.664111e-02 
@R TI 101 []
1.779317e+01 1.778668e+01 1.776722e+01 1.773483e+01 1.768958e+01 
1.763158e+01 1.756094e+01 1.747783e+01 1.738242e+01 1.727492e+01 
1.715555e+01 1.702459e+01 1.688229e+01 1.672897e+01 1.656495e+01 
1.639057e+01 1.620619e+01 1.601220e+01 1.580899e+01 1.559697e+01 
1.537656e+01 1.514821e+01 1.491236e+01 1.466947e+01 1.442002e+01 
1.416446e+01 1.390328e+01 1.363696e+01 1.336598e+01 1.309083e+01 
1.281199e+01 1.253533e+01 1.226631e+01 1.200476e+01 1.175053e+01 
1.150346e+01 1.126418e+01 1.103308e+01 1.080968e+01 1.059348e+01 
1.038401e+01 1.018010e+01 9.980876e+00 9.786286e+00 9.596270e+00 
9.410771e+00 9.230517e+00 9.056052e+00 8.887042e+00 8.723156e+00 
8.564059e+00 8.408871e+00 8.256776e+00 8.107537e+00 7.960919e+00 
7.816684e+00 7.674714e+00 7.535232e+00 7.398514e+00 7.264838e+00 
7.134482e+00 7.008027e+00 6.885707e+00 6.767271e+00 6.652470e+00 
6.541052e+00 6.432445e+00 6.326074e+00 6.221690e+00 6.119042e+00 
6.017880e+00 5.918106e+00 5.819726e+00 5.722653e+00 5.626800e+00 
5.532077e+00 5.438414e+00 5.345722e+00 5.253889e+00 5.162804e+00 
5.072355e+00 4.982376e+00 4.892711e+00 4.803262e+00 4.713933e+00 
4.624624e+00 4.535226e+00 4.445744e+00 4.356255e+00 4.266840e+00 
4.177574e+00 4.089134e+00 4.001818e+00 3.915144e+00 3.828631e+00 
3.741797e+00 3.221728e+00 2.407294e+00 1.426164e+00 5.993649e-01 
9.685720e-02 
@R FP 102 []
-3.792522e-13 -3.792522e-13 1.107915e-02 3.323381e-02 6.645675e-02 
1.107349e-01 1.660506e-01 2.323832e-01 3.097092e-01 3.980002e-01 
4.972200e-01 6.073294e-01 7.282889e-01 8.600494e-01 1.002569e+00 
1.155784e+00 1.319672e+00 1.494160e+00 1.679173e+00 1.874631e+00 
2.080440e+00 2.296587e+00 2.522941e+00 2.759413e+00 3.005952e+00 
3.262475e+00 3.528875e+00 3.805044e+00 4.090895e+00 4.386330e+00 
4.691245e+00 5.005533e+00 5.329087e+00 5.661794e+00 6.003538e+00 
6.354195e+00 6.713649e+00 7.081797e+00 7.458512e+00 7.843651e+00 
8.237055e+00 8.638618e+00 9.048234e+00 9.465693e+00 9.890879e+00 
1.032368e+01 1.076387e+01 1.121135e+01 1.166594e+01 1.212748e+01 
1.259580e+01 1.307073e+01 1.355211e+01 1.403973e+01 1.453346e+01 
1.503304e+01 1.553836e+01 1.604918e+01 1.656529e+01 1.708655e+01 
1.761270e+01 1.814353e+01 1.867888e+01 1.921850e+01 1.976214e+01 
2.030963e+01 2.086074e+01 2.141521e+01 2.197279e+01 2.253328e+01 
2.309644e+01 2.366201e+01 2.422971e+01 2.479930e+01 2.537052e+01 
2.594314e+01 2.651687e+01 2.709143e+01 2.766652e+01 2.824190e+01 
2.881726e+01 2.939234e+01 2.996684e+01 3.054043e+01 3.111281e+01 
3.168370e+01 3.225278e+01 3.281973e+01 3.338421e+01 3.394587e+01 
3.450439e+01 3.505947e+01 3.561075e+01 3.615783e+01 3.670034e+01 
3.723792e+01 3.777014e+01 3.829663e+01 3.881710e+01 3.933112e+01 
3.983831e+01 4.008836e+01 
@R CURPAR 102 []
3.669453e+00 3.669453e+00 3.669453e+00 3.668357e+00 3.666490e+00 
3.663833e+00 3.660415e+00 3.656262e+00 3.651391e+00 3.645812e+00 
3.639531e+00 3.632551e+00 3.624872e+00 3.616495e+00 3.607419e+00 
3.597646e+00 3.587174e+00 3.576004e+00 3.564136e+00 3.551570e+00 
3.538306e+00 3.524344e+00 3.509684e+00 3.494325e+00 3.478269e+00 
3.461514e+00 3.444061e+00 3.425911e+00 3.407062e+00 3.387515e+00 
3.367269e+00 3.346326e+00 3.324685e+00 3.302345e+00 3.279308e+00 
3.255572e+00 3.231138e+00 3.206006e+00 3.180176e+00 3.153648e+00 
3.126421e+00 3.098497e+00 3.069875e+00 3.040554e+00 3.010535e+00 
2.979818e+00 2.948403e+00 2.916290e+00 2.883479e+00 2.849970e+00 
2.815762e+00 2.780857e+00 2.745253e+00 2.708952e+00 2.671952e+00 
2.634254e+00 2.595858e+00 2.556764e+00 2.516971e+00 2.476481e+00 
2.435293e+00 2.393406e+00 2.350821e+00 2.307538e+00 2.263557e+00 
2.218878e+00 2.173501e+00 2.127426e+00 2.080653e+00 2.033181e+00 
1.985012e+00 1.936144e+00 1.886578e+00 1.836314e+00 1.785352e+00 
1.733692e+00 1.681334e+00 1.628277e+00 1.574523e+00 1.520070e+00 
1.464920e+00 1.409071e+00 1.352524e+00 1.295279e+00 1.237336e+00 
1.178694e+00 1.119355e+00 1.059318e+00 9.985827e-01 9.371518e-01 
8.750326e-01 8.122515e-01 7.488870e-01 6.851408e-01 6.214636e-01 
5.587352e-01 4.984576e-01 4.429101e-01 3.949238e-01 3.578753e-01 
3.368060e-01 3.368060e-01 
