@R RHO 101 []
0.000000e+00 1.000000e-02 2.000000e-02 3.000000e-02 4.000000e-02 
5.000000e-02 6.000000e-02 7.000000e-02 8.000000e-02 9.000000e-02 
1.000000e-01 1.100000e-01 1.200000e-01 1.300000e-01 1.400000e-01 
1.500000e-01 1.600000e-01 1.700000e-01 1.800000e-01 1.900000e-01 
2.000000e-01 2.100000e-01 2.200000e-01 2.300000e-01 2.400000e-01 
2.500000e-01 2.600000e-01 2.700000e-01 2.800000e-01 2.900000e-01 
3.000000e-01 3.100000e-01 3.200000e-01 3.300000e-01 3.400000e-01 
3.500000e-01 3.600000e-01 3.700000e-01 3.800000e-01 3.900000e-01 
4.000000e-01 4.100000e-01 4.200000e-01 4.300000e-01 4.400000e-01 
4.500000e-01 4.600000e-01 4.700000e-01 4.800000e-01 4.900000e-01 
5.000000e-01 5.100000e-01 5.200000e-01 5.300000e-01 5.400000e-01 
5.500000e-01 5.600000e-01 5.700000e-01 5.800000e-01 5.900000e-01 
6.000000e-01 6.100000e-01 6.200000e-01 6.300000e-01 6.400000e-01 
6.500000e-01 6.600000e-01 6.700000e-01 6.800000e-01 6.900000e-01 
7.000000e-01 7.100000e-01 7.200000e-01 7.300000e-01 7.400000e-01 
7.500000e-01 7.600000e-01 7.700000e-01 7.800000e-01 7.900000e-01 
8.000000e-01 8.100000e-01 8.200000e-01 8.300000e-01 8.400000e-01 
8.500000e-01 8.600000e-01 8.700000e-01 8.800000e-01 8.900000e-01 
9.000000e-01 9.100000e-01 9.200000e-01 9.300000e-01 9.400000e-01 
9.500000e-01 9.600000e-01 9.700000e-01 9.800000e-01 9.900000e-01 
1.000000e+00 
@R ENE 101 []
2.766314e+01 2.766187e+01 2.765807e+01 2.765173e+01 2.764286e+01 
2.763146e+01 2.761753e+01 2.760108e+01 2.758211e+01 2.756063e+01 
2.753664e+01 2.751015e+01 2.748117e+01 2.744970e+01 2.741575e+01 
2.737934e+01 2.734046e+01 2.729914e+01 2.725539e+01 2.720921e+01 
2.716061e+01 2.710962e+01 2.705625e+01 2.700050e+01 2.694240e+01 
2.688197e+01 2.681920e+01 2.675414e+01 2.668678e+01 2.661715e+01 
2.654527e+01 2.647041e+01 2.639209e+01 2.631071e+01 2.622666e+01 
2.614034e+01 2.605261e+01 2.596401e+01 2.587447e+01 2.578394e+01 
2.569233e+01 2.559891e+01 2.550391e+01 2.540868e+01 2.531457e+01 
2.522296e+01 2.513575e+01 2.505280e+01 2.497238e+01 2.489275e+01 
2.481220e+01 2.472875e+01 2.464074e+01 2.454683e+01 2.444572e+01 
2.433609e+01 2.421682e+01 2.408712e+01 2.394619e+01 2.379325e+01 
2.362750e+01 2.344834e+01 2.325631e+01 2.305227e+01 2.283712e+01 
2.261174e+01 2.237856e+01 2.214004e+01 2.189714e+01 2.165082e+01 
2.140204e+01 2.115081e+01 2.089661e+01 2.063960e+01 2.037993e+01 
2.011778e+01 1.985343e+01 1.958725e+01 1.931944e+01 1.905020e+01 
1.877975e+01 1.850834e+01 1.823597e+01 1.796256e+01 1.768797e+01 
1.741210e+01 1.713336e+01 1.685120e+01 1.656709e+01 1.628250e+01 
1.599888e+01 1.581291e+01 1.560459e+01 1.534857e+01 1.499458e+01 
1.445394e+01 1.360891e+01 1.240519e+01 1.101627e+01 9.804787e+00 
8.995343e+00 
@R TE 101 []
2.199732e+01 2.199057e+01 2.197033e+01 2.193664e+01 2.188956e+01 
2.182919e+01 2.175562e+01 2.166899e+01 2.156946e+01 2.145722e+01 
2.133246e+01 2.119542e+01 2.104633e+01 2.088547e+01 2.071312e+01 
2.052959e+01 2.033519e+01 2.013028e+01 1.991521e+01 1.969034e+01 
1.945607e+01 1.921278e+01 1.896090e+01 1.870084e+01 1.843302e+01 
1.815790e+01 1.787590e+01 1.758748e+01 1.729310e+01 1.699322e+01 
1.668828e+01 1.638136e+01 1.607537e+01 1.577058e+01 1.546727e+01 
1.516570e+01 1.486620e+01 1.456913e+01 1.427480e+01 1.398354e+01 
1.369566e+01 1.341162e+01 1.313182e+01 1.285651e+01 1.258592e+01 
1.232032e+01 1.206016e+01 1.180562e+01 1.155653e+01 1.131272e+01 
1.107399e+01 1.083984e+01 1.060978e+01 1.038363e+01 1.016122e+01 
9.942388e+00 9.727108e+00 9.515443e+00 9.307344e+00 9.102760e+00 
8.901643e+00 8.703707e+00 8.508877e+00 8.317420e+00 8.129601e+00 
7.945688e+00 7.766408e+00 7.592295e+00 7.423332e+00 7.259500e+00 
7.100779e+00 6.946839e+00 6.797201e+00 6.651625e+00 6.509867e+00 
6.371689e+00 6.236908e+00 6.105368e+00 5.976863e+00 5.851185e+00 
5.728127e+00 5.607417e+00 5.488845e+00 5.372300e+00 5.257669e+00 
5.144840e+00 5.034482e+00 4.926621e+00 4.820189e+00 4.714113e+00 
4.607324e+00 4.492640e+00 4.372549e+00 4.233518e+00 4.044663e+00 
3.741993e+00 3.221570e+00 2.406971e+00 1.426273e+00 5.996588e-01 
9.664111e-02 
@R TI 101 []
2.887688e+01 2.886286e+01 2.882085e+01 2.875096e+01 2.865340e+01 
2.852845e+01 2.837648e+01 2.819792e+01 2.799329e+01 2.776316e+01 
2.750820e+01 2.722913e+01 2.692672e+01 2.660183e+01 2.625534e+01 
2.588822e+01 2.550145e+01 2.509608e+01 2.467317e+01 2.423385e+01 
2.377925e+01 2.331052e+01 2.282886e+01 2.233544e+01 2.183148e+01 
2.131818e+01 2.079673e+01 2.026835e+01 1.973423e+01 1.919552e+01 
1.865340e+01 1.811649e+01 1.759290e+01 1.708302e+01 1.658722e+01 
1.610587e+01 1.563949e+01 1.518824e+01 1.475195e+01 1.433046e+01 
1.392361e+01 1.353125e+01 1.315327e+01 1.278958e+01 1.244007e+01 
1.210463e+01 1.178352e+01 1.147649e+01 1.118268e+01 1.090122e+01 
1.063125e+01 1.037135e+01 1.012043e+01 9.878088e+00 9.643927e+00 
9.417556e+00 9.198973e+00 8.988176e+00 8.784770e+00 8.588361e+00 
8.398552e+00 8.214634e+00 8.036155e+00 7.863110e+00 7.695490e+00 
7.533291e+00 7.376962e+00 7.226696e+00 7.082096e+00 6.942767e+00 
6.808314e+00 6.678024e+00 6.551228e+00 6.427598e+00 6.306803e+00 
6.188514e+00 6.072525e+00 5.958732e+00 5.846956e+00 5.737019e+00 
5.628740e+00 5.521900e+00 5.416343e+00 5.311986e+00 5.208750e+00 
5.106551e+00 5.005817e+00 4.906593e+00 4.808233e+00 4.710088e+00 
4.611512e+00 4.495427e+00 4.374086e+00 4.234044e+00 4.044561e+00 
3.741797e+00 3.221728e+00 2.407294e+00 1.426164e+00 5.993649e-01 
9.685720e-02 
@R FP 102 []
-1.378453e-12 -1.378453e-12 1.121307e-02 3.363608e-02 6.726150e-02 
1.120749e-01 1.680578e-01 2.351895e-01 3.134455e-01 4.027953e-01 
5.032014e-01 6.146225e-01 7.370161e-01 8.703305e-01 1.014522e+00 
1.169522e+00 1.335311e+00 1.511803e+00 1.698917e+00 1.896581e+00 
2.104677e+00 2.323198e+00 2.552012e+00 2.791011e+00 3.040137e+00 
3.299300e+00 3.568396e+00 3.847308e+00 4.135930e+00 4.434159e+00 
4.741884e+00 5.058993e+00 5.385366e+00 5.720884e+00 6.065417e+00 
6.418844e+00 6.781052e+00 7.151918e+00 7.531305e+00 7.919057e+00 
8.315043e+00 8.719166e+00 9.131262e+00 9.551145e+00 9.978726e+00 
1.041382e+01 1.085628e+01 1.130596e+01 1.176268e+01 1.222630e+01 
1.269664e+01 1.317352e+01 1.365679e+01 1.414623e+01 1.464170e+01 
1.514298e+01 1.564987e+01 1.616222e+01 1.667975e+01 1.720233e+01 
1.772973e+01 1.826170e+01 1.879806e+01 1.933861e+01 1.988307e+01 
2.043123e+01 2.098289e+01 2.153782e+01 2.209574e+01 2.265643e+01 
2.321964e+01 2.378516e+01 2.435272e+01 2.492203e+01 2.549285e+01 
2.606493e+01 2.663801e+01 2.721181e+01 2.778604e+01 2.836043e+01 
2.893468e+01 2.950853e+01 3.008170e+01 3.065387e+01 3.122473e+01 
3.179398e+01 3.236131e+01 3.292642e+01 3.348897e+01 3.404861e+01 
3.460503e+01 3.515791e+01 3.570693e+01 3.625168e+01 3.679177e+01 
3.732684e+01 3.785646e+01 3.838023e+01 3.889783e+01 3.940887e+01 
3.991304e+01 4.016158e+01 
@R CURPAR 102 []
3.628987e+00 3.628987e+00 3.628987e+00 3.627903e+00 3.626057e+00 
3.623429e+00 3.620049e+00 3.615942e+00 3.611124e+00 3.605607e+00 
3.599396e+00 3.592492e+00 3.584898e+00 3.576613e+00 3.567637e+00 
3.557972e+00 3.547616e+00 3.536569e+00 3.524832e+00 3.512405e+00 
3.499287e+00 3.485478e+00 3.470980e+00 3.455791e+00 3.439911e+00 
3.423341e+00 3.406081e+00 3.388130e+00 3.369489e+00 3.350158e+00 
3.330136e+00 3.309424e+00 3.288021e+00 3.265928e+00 3.243144e+00 
3.219670e+00 3.195506e+00 3.170651e+00 3.145106e+00 3.118870e+00 
3.091944e+00 3.064328e+00 3.036021e+00 3.007023e+00 2.977336e+00 
2.946958e+00 2.915889e+00 2.884130e+00 2.851681e+00 2.818541e+00 
2.784711e+00 2.750190e+00 2.714979e+00 2.679078e+00 2.642486e+00 
2.605204e+00 2.567231e+00 2.528568e+00 2.489215e+00 2.449171e+00 
2.408437e+00 2.367012e+00 2.324897e+00 2.282091e+00 2.238595e+00 
2.194409e+00 2.149532e+00 2.103965e+00 2.057708e+00 2.010760e+00 
1.963121e+00 1.914792e+00 1.865773e+00 1.816064e+00 1.765664e+00 
1.714573e+00 1.662792e+00 1.610321e+00 1.557159e+00 1.503307e+00 
1.448765e+00 1.393532e+00 1.337609e+00 1.280995e+00 1.223691e+00 
1.165696e+00 1.107011e+00 1.047636e+00 9.875705e-01 9.268171e-01 
8.653829e-01 8.032941e-01 7.406285e-01 6.775852e-01 6.146102e-01 
5.525736e-01 4.929608e-01 4.380258e-01 3.905687e-01 3.539287e-01 
3.330917e-01 3.330917e-01 
