@I NRHO 1 []
101
@R RHOB 1 []
1.260500e+00
@R RHO 101 []
0.000000e+00 1.000000e-02 2.000000e-02 3.000000e-02 4.000000e-02 
5.000000e-02 6.000000e-02 7.000000e-02 8.000000e-02 9.000000e-02 
1.000000e-01 1.100000e-01 1.200000e-01 1.300000e-01 1.400000e-01 
1.500000e-01 1.600000e-01 1.700000e-01 1.800000e-01 1.900000e-01 
2.000000e-01 2.100000e-01 2.200000e-01 2.300000e-01 2.400000e-01 
2.500000e-01 2.600000e-01 2.700000e-01 2.800000e-01 2.900000e-01 
3.000000e-01 3.100000e-01 3.200000e-01 3.300000e-01 3.400000e-01 
3.500000e-01 3.600000e-01 3.700000e-01 3.800000e-01 3.900000e-01 
4.000000e-01 4.100000e-01 4.200000e-01 4.300000e-01 4.400000e-01 
4.500000e-01 4.600000e-01 4.700000e-01 4.800000e-01 4.900000e-01 
5.000000e-01 5.100000e-01 5.200000e-01 5.300000e-01 5.400000e-01 
5.500000e-01 5.600000e-01 5.700000e-01 5.800000e-01 5.900000e-01 
6.000000e-01 6.100000e-01 6.200000e-01 6.300000e-01 6.400000e-01 
6.500000e-01 6.600000e-01 6.700000e-01 6.800000e-01 6.900000e-01 
7.000000e-01 7.100000e-01 7.200000e-01 7.300000e-01 7.400000e-01 
7.500000e-01 7.600000e-01 7.700000e-01 7.800000e-01 7.900000e-01 
8.000000e-01 8.100000e-01 8.200000e-01 8.300000e-01 8.400000e-01 
8.500000e-01 8.600000e-01 8.700000e-01 8.800000e-01 8.900000e-01 
9.000000e-01 9.100000e-01 9.200000e-01 9.300000e-01 9.400000e-01 
9.500000e-01 9.600000e-01 9.700000e-01 9.800000e-01 9.900000e-01 
1.000000e+00 
@R VOLP 101 []
0.000000e+00 2.425899e+00 4.851564e+00 7.276763e+00 9.701267e+00 
1.212485e+01 1.454729e+01 1.696837e+01 1.938788e+01 2.180562e+01 
2.422141e+01 2.663505e+01 2.904638e+01 3.145524e+01 3.386148e+01 
3.626497e+01 3.866559e+01 4.106322e+01 4.345779e+01 4.584922e+01 
4.823743e+01 5.062239e+01 5.300406e+01 5.538242e+01 5.775751e+01 
6.012934e+01 6.249792e+01 6.486324e+01 6.722525e+01 6.958391e+01 
7.193932e+01 7.429179e+01 7.664159e+01 7.898893e+01 8.133392e+01 
8.367662e+01 8.601710e+01 8.835544e+01 9.069169e+01 9.302587e+01 
9.535800e+01 9.768803e+01 1.000159e+02 1.023417e+02 1.046652e+02 
1.069864e+02 1.093052e+02 1.116216e+02 1.139354e+02 1.162467e+02 
1.185551e+02 1.208608e+02 1.231635e+02 1.254631e+02 1.277595e+02 
1.300525e+02 1.323420e+02 1.346279e+02 1.369098e+02 1.391878e+02 
1.414617e+02 1.437313e+02 1.459966e+02 1.482575e+02 1.505139e+02 
1.527656e+02 1.550128e+02 1.572552e+02 1.594929e+02 1.617257e+02 
1.639534e+02 1.661760e+02 1.683934e+02 1.706054e+02 1.728120e+02 
1.750130e+02 1.772085e+02 1.793984e+02 1.815829e+02 1.837618e+02 
1.859353e+02 1.881033e+02 1.902659e+02 1.924233e+02 1.945757e+02 
1.967235e+02 1.988676e+02 2.010086e+02 2.031465e+02 2.052800e+02 
2.074064e+02 2.095224e+02 2.116267e+02 2.137197e+02 2.158014e+02 
2.178701e+02 2.199333e+02 2.220232e+02 2.242005e+02 2.265181e+02 
2.289973e+02 
@R IPOL 101 []
1.016084e+00 1.016084e+00 1.016085e+00 1.016087e+00 1.016091e+00 
1.016095e+00 1.016099e+00 1.016104e+00 1.016110e+00 1.016115e+00 
1.016120e+00 1.016124e+00 1.016127e+00 1.016128e+00 1.016127e+00 
1.016124e+00 1.016118e+00 1.016108e+00 1.016094e+00 1.016075e+00 
1.016052e+00 1.016022e+00 1.015986e+00 1.015943e+00 1.015893e+00 
1.015835e+00 1.015768e+00 1.015693e+00 1.015608e+00 1.015514e+00 
1.015411e+00 1.015297e+00 1.015172e+00 1.015034e+00 1.014883e+00 
1.014719e+00 1.014541e+00 1.014351e+00 1.014148e+00 1.013933e+00 
1.013705e+00 1.013467e+00 1.013217e+00 1.012958e+00 1.012689e+00 
1.012411e+00 1.012125e+00 1.011831e+00 1.011530e+00 1.011223e+00 
1.010910e+00 1.010593e+00 1.010270e+00 1.009945e+00 1.009616e+00 
1.009284e+00 1.008951e+00 1.008617e+00 1.008282e+00 1.007947e+00 
1.007613e+00 1.007280e+00 1.006949e+00 1.006620e+00 1.006294e+00 
1.005970e+00 1.005650e+00 1.005333e+00 1.005021e+00 1.004714e+00 
1.004411e+00 1.004115e+00 1.003824e+00 1.003541e+00 1.003264e+00 
1.002996e+00 1.002735e+00 1.002483e+00 1.002241e+00 1.002007e+00 
1.001784e+00 1.001571e+00 1.001368e+00 1.001177e+00 1.000997e+00 
1.000828e+00 1.000672e+00 1.000528e+00 1.000397e+00 1.000281e+00 
1.000180e+00 1.000099e+00 1.000041e+00 1.000006e+00 9.999949e-01 
1.000003e+00 1.000024e+00 1.000045e+00 1.000055e+00 1.000049e+00 
1.000021e+00 
@R G11 101 []
0.000000e+00 2.436694e+00 4.873580e+00 7.310740e+00 9.748590e+00 
1.218725e+01 1.462652e+01 1.706608e+01 1.950632e+01 2.194816e+01 
2.439160e+01 2.683575e+01 2.928207e+01 3.172810e+01 3.417802e+01 
3.662135e+01 3.906974e+01 4.152206e+01 4.397818e+01 4.644231e+01 
4.889357e+01 5.135851e+01 5.382752e+01 5.629068e+01 5.875432e+01 
6.122307e+01 6.369696e+01 6.617081e+01 6.864585e+01 7.112266e+01 
7.360127e+01 7.608135e+01 7.856297e+01 8.104615e+01 8.353237e+01 
8.601804e+01 8.850077e+01 9.098530e+01 9.347418e+01 9.597115e+01 
9.846203e+01 1.009474e+02 1.034518e+02 1.059505e+02 1.084436e+02 
1.109567e+02 1.134581e+02 1.159720e+02 1.184854e+02 1.210040e+02 
1.235276e+02 1.260540e+02 1.285902e+02 1.311231e+02 1.336768e+02 
1.362185e+02 1.387795e+02 1.413493e+02 1.439126e+02 1.465001e+02 
1.490938e+02 1.516834e+02 1.542951e+02 1.569224e+02 1.595475e+02 
1.621836e+02 1.648420e+02 1.675141e+02 1.701926e+02 1.728808e+02 
1.755904e+02 1.783232e+02 1.810691e+02 1.838309e+02 1.866085e+02 
1.894098e+02 1.922408e+02 1.950955e+02 1.979728e+02 2.008758e+02 
2.038046e+02 2.067702e+02 2.097774e+02 2.128191e+02 2.158981e+02 
2.190153e+02 2.221789e+02 2.254033e+02 2.286861e+02 2.320267e+02 
2.354313e+02 2.389275e+02 2.425263e+02 2.462121e+02 2.499962e+02 
2.539240e+02 2.579953e+02 2.621668e+02 2.664776e+02 2.709559e+02 
2.756199e+02 
@R G22 101 []
0.000000e+00 1.246049e-02 2.492210e-02 3.738535e-02 4.985253e-02 
6.232435e-02 7.479997e-02 8.727787e-02 9.976019e-02 1.122519e-01 
1.247530e-01 1.372592e-01 1.497782e-01 1.622976e-01 1.748390e-01 
1.873491e-01 1.998876e-01 2.124491e-01 2.250331e-01 2.376617e-01 
2.502281e-01 2.628686e-01 2.755344e-01 2.881751e-01 3.008234e-01 
3.135038e-01 3.262165e-01 3.389352e-01 3.516663e-01 3.644129e-01 
3.771760e-01 3.899552e-01 4.027517e-01 4.155663e-01 4.284072e-01 
4.412560e-01 4.541007e-01 4.669657e-01 4.798646e-01 4.928164e-01 
5.057485e-01 5.186639e-01 5.316882e-01 5.446947e-01 5.576836e-01 
5.707868e-01 5.838406e-01 5.969693e-01 6.101067e-01 6.232819e-01 
6.364928e-01 6.497295e-01 6.630261e-01 6.763166e-01 6.897239e-01 
7.030792e-01 7.165435e-01 7.300622e-01 7.435565e-01 7.571842e-01 
7.708522e-01 7.845072e-01 7.982849e-01 8.121512e-01 8.260143e-01 
8.399416e-01 8.539928e-01 8.681215e-01 8.822912e-01 8.965179e-01 
9.108614e-01 9.253309e-01 9.398725e-01 9.545005e-01 9.692132e-01 
9.840510e-01 9.990442e-01 1.014160e+00 1.029393e+00 1.044757e+00 
1.060251e+00 1.075931e+00 1.091819e+00 1.107877e+00 1.124117e+00 
1.140543e+00 1.157197e+00 1.174153e+00 1.191390e+00 1.208893e+00 
1.226674e+00 1.244855e+00 1.263482e+00 1.282466e+00 1.301849e+00 
1.321835e+00 1.342435e+00 1.363552e+00 1.385644e+00 1.409013e+00 
1.433741e+00 
@R G33 101 []
9.185540e-01 9.185682e-01 9.186109e-01 9.186821e-01 9.187814e-01 
9.189087e-01 9.190642e-01 9.192473e-01 9.194576e-01 9.196950e-01 
9.199591e-01 9.202493e-01 9.205653e-01 9.209066e-01 9.212725e-01 
9.216625e-01 9.220762e-01 9.225127e-01 9.229713e-01 9.234515e-01 
9.239524e-01 9.244732e-01 9.250132e-01 9.255717e-01 9.261473e-01 
9.267392e-01 9.273468e-01 9.279698e-01 9.286083e-01 9.292621e-01 
9.299295e-01 9.306081e-01 9.312959e-01 9.319912e-01 9.326933e-01 
9.334019e-01 9.341167e-01 9.348375e-01 9.355638e-01 9.362956e-01 
9.370329e-01 9.377760e-01 9.385249e-01 9.392800e-01 9.400414e-01 
9.408093e-01 9.415838e-01 9.423654e-01 9.431541e-01 9.439501e-01 
9.447536e-01 9.455647e-01 9.463837e-01 9.472107e-01 9.480460e-01 
9.488898e-01 9.497424e-01 9.506041e-01 9.514751e-01 9.523552e-01 
9.532446e-01 9.541431e-01 9.550507e-01 9.559670e-01 9.568917e-01 
9.578245e-01 9.587652e-01 9.597130e-01 9.606678e-01 9.616293e-01 
9.625973e-01 9.635716e-01 9.645521e-01 9.655384e-01 9.665302e-01 
9.675269e-01 9.685278e-01 9.695322e-01 9.705393e-01 9.715480e-01 
9.725575e-01 9.735671e-01 9.745757e-01 9.755819e-01 9.765841e-01 
9.775793e-01 9.785634e-01 9.795326e-01 9.804864e-01 9.814297e-01 
9.823719e-01 9.833242e-01 9.842906e-01 9.852680e-01 9.862561e-01 
9.872671e-01 9.882765e-01 9.891541e-01 9.896433e-01 9.895277e-01 
9.887429e-01 
@R GRADRHO 101 []
1.006018e+00 9.984014e-01 9.984358e-01 9.984876e-01 9.985754e-01 
9.986872e-01 9.988090e-01 9.989313e-01 9.990677e-01 9.992384e-01 
9.994355e-01 9.996375e-01 9.998698e-01 1.000089e+00 1.000361e+00 
1.000533e+00 1.000773e+00 1.001058e+00 1.001380e+00 1.001778e+00 
1.002028e+00 1.002409e+00 1.002816e+00 1.003156e+00 1.003492e+00 
1.003863e+00 1.004264e+00 1.004652e+00 1.005038e+00 1.005426e+00 
1.005816e+00 1.006205e+00 1.006591e+00 1.006974e+00 1.007363e+00 
1.007735e+00 1.008077e+00 1.008418e+00 1.008771e+00 1.009154e+00 
1.009491e+00 1.009789e+00 1.010170e+00 1.010510e+00 1.010812e+00 
1.011195e+00 1.011512e+00 1.011872e+00 1.012219e+00 1.012575e+00 
1.012940e+00 1.013303e+00 1.013693e+00 1.014057e+00 1.014488e+00 
1.014860e+00 1.015290e+00 1.015738e+00 1.016149e+00 1.016629e+00 
1.017115e+00 1.017570e+00 1.018083e+00 1.018629e+00 1.019148e+00 
1.019683e+00 1.020266e+00 1.020869e+00 1.021467e+00 1.022069e+00 
1.022708e+00 1.023386e+00 1.024072e+00 1.024770e+00 1.025479e+00 
1.026217e+00 1.026996e+00 1.027796e+00 1.028611e+00 1.029443e+00 
1.030290e+00 1.031173e+00 1.032099e+00 1.033043e+00 1.034006e+00 
1.034981e+00 1.035979e+00 1.037020e+00 1.038089e+00 1.039176e+00 
1.040289e+00 1.041490e+00 1.042791e+00 1.044143e+00 1.045547e+00 
1.047072e+00 1.048663e+00 1.050115e+00 1.051281e+00 1.051923e+00 
1.051894e+00 
@R AREA 101 []
0.000000e+00 2.422168e+00 4.844233e+00 7.266165e+00 9.687846e+00 
1.210916e+01 1.453005e+01 1.695048e+01 1.937044e+01 2.178981e+01 
2.420852e+01 2.662649e+01 2.904368e+01 3.146002e+01 3.387553e+01 
3.629006e+01 3.870396e+01 4.111669e+01 4.352853e+01 4.593896e+01 
4.834835e+01 5.075663e+01 5.316353e+01 5.556919e+01 5.797367e+01 
6.037697e+01 6.277897e+01 6.517968e+01 6.757914e+01 6.997735e+01 
7.237432e+01 7.477008e+01 7.716464e+01 7.955804e+01 8.195033e+01 
8.434153e+01 8.673175e+01 8.912106e+01 9.150949e+01 9.389703e+01 
9.628369e+01 9.866970e+01 1.010550e+02 1.034395e+02 1.058235e+02 
1.082069e+02 1.105897e+02 1.129721e+02 1.153539e+02 1.177354e+02 
1.201164e+02 1.224972e+02 1.248775e+02 1.272576e+02 1.296374e+02 
1.320170e+02 1.343965e+02 1.367758e+02 1.391550e+02 1.415342e+02 
1.439133e+02 1.462925e+02 1.486718e+02 1.510512e+02 1.534308e+02 
1.558107e+02 1.581909e+02 1.605715e+02 1.629527e+02 1.653345e+02 
1.677170e+02 1.701004e+02 1.724847e+02 1.748700e+02 1.772567e+02 
1.796448e+02 1.820344e+02 1.844258e+02 1.868192e+02 1.892148e+02 
1.916129e+02 1.940138e+02 1.964178e+02 1.988252e+02 2.012364e+02 
2.036519e+02 2.060722e+02 2.084978e+02 2.109294e+02 2.133676e+02 
2.158132e+02 2.182669e+02 2.207293e+02 2.232014e+02 2.256840e+02 
2.281784e+02 2.306857e+02 2.332081e+02 2.357489e+02 2.383138e+02 
2.409114e+02 
@R A 101 []
0.000000e+00 1.128709e-02 2.257390e-02 3.386046e-02 4.514698e-02 
5.643333e-02 6.771941e-02 7.900539e-02 9.029136e-02 1.015771e-01 
1.128624e-01 1.241474e-01 1.354320e-01 1.467159e-01 1.579996e-01 
1.692827e-01 1.805668e-01 1.918495e-01 2.031324e-01 2.144130e-01 
2.256932e-01 2.369726e-01 2.482500e-01 2.595260e-01 2.708009e-01 
2.820747e-01 2.933465e-01 3.046165e-01 3.158845e-01 3.271504e-01 
3.384140e-01 3.496755e-01 3.609349e-01 3.721916e-01 3.834455e-01 
3.946962e-01 4.059439e-01 4.171884e-01 4.284296e-01 4.396669e-01 
4.509001e-01 4.621297e-01 4.733552e-01 4.845758e-01 4.957924e-01 
5.070041e-01 5.182107e-01 5.294127e-01 5.406088e-01 5.518000e-01 
5.629851e-01 5.741647e-01 5.853377e-01 5.965049e-01 6.076652e-01 
6.188186e-01 6.299653e-01 6.411042e-01 6.522358e-01 6.633595e-01 
6.744747e-01 6.855816e-01 6.966798e-01 7.077686e-01 7.188478e-01 
7.299174e-01 7.409766e-01 7.520249e-01 7.630621e-01 7.740877e-01 
7.851015e-01 7.961026e-01 8.070905e-01 8.180648e-01 8.290251e-01 
8.399708e-01 8.509013e-01 8.618157e-01 8.727136e-01 8.835942e-01 
8.944571e-01 9.053013e-01 9.161261e-01 9.269304e-01 9.377137e-01 
9.484751e-01 9.592136e-01 9.699282e-01 9.806174e-01 9.912804e-01 
1.001916e+00 1.012523e+00 1.023102e+00 1.033651e+00 1.044172e+00 
1.054664e+00 1.065128e+00 1.075554e+00 1.085933e+00 1.096251e+00 
1.106497e+00 
@R RTOR 101 []
4.747435e+00 4.747416e+00 4.747357e+00 4.747259e+00 4.747123e+00 
4.746947e+00 4.746733e+00 4.746480e+00 4.746190e+00 4.745861e+00 
4.745494e+00 4.745091e+00 4.744650e+00 4.744174e+00 4.743661e+00 
4.743112e+00 4.742529e+00 4.741911e+00 4.741259e+00 4.740574e+00 
4.739856e+00 4.739106e+00 4.738324e+00 4.737512e+00 4.736670e+00 
4.735799e+00 4.734899e+00 4.733972e+00 4.733017e+00 4.732036e+00 
4.731028e+00 4.729995e+00 4.728938e+00 4.727857e+00 4.726754e+00 
4.725630e+00 4.724485e+00 4.723320e+00 4.722136e+00 4.720933e+00 
4.719713e+00 4.718475e+00 4.717219e+00 4.715947e+00 4.714658e+00 
4.713352e+00 4.712030e+00 4.710691e+00 4.709335e+00 4.707963e+00 
4.706574e+00 4.705168e+00 4.703744e+00 4.702304e+00 4.700846e+00 
4.699370e+00 4.697876e+00 4.696364e+00 4.694832e+00 4.693282e+00 
4.691712e+00 4.690123e+00 4.688513e+00 4.686882e+00 4.685230e+00 
4.683557e+00 4.681861e+00 4.680144e+00 4.678404e+00 4.676640e+00 
4.674853e+00 4.673042e+00 4.671207e+00 4.669346e+00 4.667460e+00 
4.665547e+00 4.663608e+00 4.661641e+00 4.659645e+00 4.657621e+00 
4.655567e+00 4.653482e+00 4.651366e+00 4.649218e+00 4.647037e+00 
4.644821e+00 4.642571e+00 4.640284e+00 4.637960e+00 4.635598e+00 
4.633195e+00 4.630750e+00 4.628261e+00 4.625724e+00 4.623135e+00 
4.620489e+00 4.617780e+00 4.615011e+00 4.612189e+00 4.609320e+00 
4.606415e+00 
@R SHIFT 101 []
1.974352e-01 1.974157e-01 1.973572e-01 1.972593e-01 1.971226e-01 
1.969473e-01 1.967331e-01 1.964804e-01 1.961896e-01 1.958609e-01 
1.954945e-01 1.950909e-01 1.946505e-01 1.941735e-01 1.936606e-01 
1.931122e-01 1.925286e-01 1.919106e-01 1.912587e-01 1.905735e-01 
1.898556e-01 1.891057e-01 1.883244e-01 1.875123e-01 1.866702e-01 
1.857990e-01 1.848993e-01 1.839718e-01 1.830171e-01 1.820356e-01 
1.810281e-01 1.799952e-01 1.789380e-01 1.778572e-01 1.767541e-01 
1.756297e-01 1.744847e-01 1.733198e-01 1.721358e-01 1.709333e-01 
1.697129e-01 1.684748e-01 1.672195e-01 1.659472e-01 1.646580e-01 
1.633522e-01 1.620299e-01 1.606908e-01 1.593352e-01 1.579628e-01 
1.565737e-01 1.551676e-01 1.537444e-01 1.523039e-01 1.508459e-01 
1.493700e-01 1.478760e-01 1.463637e-01 1.448325e-01 1.432822e-01 
1.417123e-01 1.401226e-01 1.385125e-01 1.368818e-01 1.352300e-01 
1.335566e-01 1.318614e-01 1.301439e-01 1.284037e-01 1.266404e-01 
1.248534e-01 1.230424e-01 1.212069e-01 1.193463e-01 1.174600e-01 
1.155473e-01 1.136078e-01 1.116406e-01 1.096453e-01 1.076209e-01 
1.055669e-01 1.034823e-01 1.013664e-01 9.921826e-02 9.703696e-02 
9.482146e-02 9.257077e-02 9.028395e-02 8.796000e-02 8.559753e-02 
8.319496e-02 8.075024e-02 7.826076e-02 7.572359e-02 7.313473e-02 
7.048852e-02 6.777986e-02 6.501141e-02 6.218890e-02 5.932035e-02 
5.641483e-02 
@R ELONG 101 []
1.281452e+00 1.281455e+00 1.281464e+00 1.281476e+00 1.281459e+00 
1.281421e+00 1.281378e+00 1.281332e+00 1.281285e+00 1.281234e+00 
1.281180e+00 1.281121e+00 1.281060e+00 1.280999e+00 1.280935e+00 
1.280868e+00 1.280800e+00 1.280732e+00 1.280663e+00 1.280595e+00 
1.280528e+00 1.280462e+00 1.280400e+00 1.280341e+00 1.280286e+00 
1.280235e+00 1.280190e+00 1.280151e+00 1.280119e+00 1.280095e+00 
1.280079e+00 1.280071e+00 1.280073e+00 1.280085e+00 1.280109e+00 
1.280147e+00 1.280198e+00 1.280264e+00 1.280345e+00 1.280442e+00 
1.280555e+00 1.280685e+00 1.280832e+00 1.280996e+00 1.281178e+00 
1.281377e+00 1.281595e+00 1.281830e+00 1.282084e+00 1.282356e+00 
1.282647e+00 1.282957e+00 1.283286e+00 1.283634e+00 1.284001e+00 
1.284388e+00 1.284796e+00 1.285223e+00 1.285671e+00 1.286140e+00 
1.286631e+00 1.287143e+00 1.287677e+00 1.288234e+00 1.288815e+00 
1.289419e+00 1.290048e+00 1.290703e+00 1.291384e+00 1.292093e+00 
1.292831e+00 1.293598e+00 1.294396e+00 1.295226e+00 1.296089e+00 
1.296987e+00 1.297922e+00 1.298894e+00 1.299907e+00 1.300961e+00 
1.302060e+00 1.303205e+00 1.304400e+00 1.305646e+00 1.306947e+00 
1.308307e+00 1.309728e+00 1.311216e+00 1.312776e+00 1.314413e+00 
1.316132e+00 1.317937e+00 1.319832e+00 1.321821e+00 1.323907e+00 
1.326097e+00 1.328395e+00 1.330821e+00 1.333402e+00 1.336200e+00 
1.339292e+00 
@R TRIAG 101 []
0.000000e+00 3.135483e-02 2.972679e-02 2.808159e-02 2.643863e-02 
2.479515e-02 2.314036e-02 2.147553e-02 1.980259e-02 1.811966e-02 
1.642589e-02 1.472124e-02 1.300420e-02 1.127376e-02 9.530464e-03 
7.773326e-03 6.000377e-03 4.211653e-03 2.406782e-03 5.850323e-04 
-1.254794e-03 -3.112995e-03 -4.990264e-03 -6.887576e-03 -8.804872e-03 
-1.074251e-02 -1.270128e-02 -1.468201e-02 -1.668564e-02 -1.871335e-02 
-2.076599e-02 -2.284372e-02 -2.494689e-02 -2.707593e-02 -2.923142e-02 
-3.141429e-02 -3.362615e-02 -3.586841e-02 -3.814115e-02 -4.044432e-02 
-4.277825e-02 -4.514377e-02 -4.754134e-02 -4.997104e-02 -5.243346e-02 
-5.492911e-02 -5.745867e-02 -6.002290e-02 -6.262216e-02 -6.525734e-02 
-6.792914e-02 -7.063878e-02 -7.338676e-02 -7.617429e-02 -7.900226e-02 
-8.187202e-02 -8.478477e-02 -8.774152e-02 -9.074379e-02 -9.379299e-02 
-9.689061e-02 -1.000383e-01 -1.032381e-01 -1.064916e-01 -1.098012e-01 
-1.131700e-01 -1.166007e-01 -1.200956e-01 -1.236575e-01 -1.272892e-01 
-1.309937e-01 -1.347739e-01 -1.386330e-01 -1.425749e-01 -1.466032e-01 
-1.507220e-01 -1.549355e-01 -1.592485e-01 -1.636661e-01 -1.681933e-01 
-1.728360e-01 -1.776007e-01 -1.824945e-01 -1.875256e-01 -1.927030e-01 
-1.980370e-01 -2.035389e-01 -2.092180e-01 -2.150855e-01 -2.211567e-01 
-2.274485e-01 -2.339833e-01 -2.407866e-01 -2.478828e-01 -2.552957e-01 
-2.630283e-01 -2.710958e-01 -2.795371e-01 -2.884342e-01 -2.979397e-01 
-3.082426e-01 
