&INSTATE
  DENSITY_MODEL = 1 
  MODEL_SHAPE = 0 
  NBDRY = 15 
  USE_INPED = 0 
  R0 = 4.55 
  A0 = 1.2 
  KAPPA = 1.4 
  DELTA = -0.5 
  B0 = 11.0 
  IP = 10.0 
  N_ION = 2 
  Z_ION = 1 1 
  A_ION = 2 3 
  F_ION = 0.5 0.5 
  N_IMP = 2 
  Z_IMP = 74 2 
  A_IMP = 184 3 
  F_IMP = 1.5e-05 0.015 
  N_MIN = 0 
  Z_MIN = 1 
  A_MIN = 1 
  N_BEAM = 1 
  Z_BEAM = 1 
  A_BEAM = 2 
  N_FUSION = 1 
  Z_FUSION = 2 
  A_FUSION = 4 
  NRHO = 101 
  NE_AXIS = 27.6 
  NE_PED = 14.424 
  NE_SEP = 9.0 
  NE_ALPHA = 1.5 
  NE_BETA = 1.1 
  NE_FIT = 1 
  NE_XMID = 0.95 
  NE_XWID = 0.1 
  TE_AXIS = 18.8 
  TE_PED = 3.7455 
  TE_SEP = 0.08 
  TE_ALPHA = 1.5 
  TE_BETA = 1.5 
  TE_FIT = 1 
  TE_XMID = 0.95 
  TE_XWID = 0.1 
  TI_AXIS = 19.0 
  TI_PED = 3.7455 
  TI_SEP = 0.08 
  TI_ALPHA = 1.5 
  TI_BETA = 1.5 
  TI_FIT = 1 
  TI_XMID = 0.95 
  TI_XWID = 0.1 
  ZEFF_AXIS = 2.0 
  OMEGA_AXIS = 5000.0 
  OMEGA_SEP = 0.0 
  OMEGA_ALPHA = 1.5 
  OMEGA_BETA = 1.5 
  JPAR_AXIS = 1.0 
  JPAR_SEP = 0.05 
  JPAR_ALPHA = 2.0 
  JPAR_BETA = 1.0 
  NBEAM_AXIS = 0.0 
  NBEAM_SEP = 0.0 
  NBEAM_ALPHA = 1.5 
  NBEAM_BETA = 1.5 
  TBEAMI = 20.0 20.0 20.0 20.0 20.0 20.0 20.0 20.0 20.0 20.0 20.0 20.0  
    20.0 20.0 20.0 20.0 20.0 20.0 20.0 20.0 20.0 20.0 20.0 20.0 20.0  
    20.0 20.0 20.0 20.0 20.0 20.0 20.0 20.0 20.0 20.0 20.0 20.0 20.0  
    20.0 20.0 20.0 20.0 20.0 20.0 20.0 20.0 20.0 20.0 20.0 20.0 20.0  
    20.0 20.0 20.0 20.0 20.0 20.0 20.0 20.0 20.0 20.0 20.0 20.0 20.0  
    20.0 20.0 20.0 20.0 20.0 20.0 20.0 20.0 20.0 20.0 20.0 20.0 20.0  
    20.0 20.0 20.0 20.0 20.0 20.0 20.0 20.0 20.0 20.0 20.0 20.0 20.0  
    20.0 20.0 20.0 20.0 20.0 20.0 20.0 20.0 20.0 20.0 20.0 
  BETAN_PED = -1.0 
  XMID = 0.95 
  XWID = 0.1 
  PRESSURE_MODEL = 'full' 
  H98_TARGET = 0.8 
  BETAN_TARGET = 1.25 
  BETAN_BEAM_TARGET = 0.0 
  CURRENT_MODEL = 'broad' 
  RHO_JBDRY = 0.85 
  RHO_JPEAK = 0.65 
  JAXIS = 0.6 
  JAXIS_PRIME = 1.0 
  JBDRY_PRIME = -1.0 
  RBDRY = 5.75 5.717889612279765 5.599231274196216 5.333894952548324  
    4.862048988436734 4.215741544340384 3.606248672667517  
    3.3499999999999996 3.606248672667517 4.215741544340384  
    4.862048988436735 5.333894952548324 5.599231274196216  
    5.717889612279765 5.75 
  ZBDRY = 0.0 0.7289246817174976 1.3134768905462901 1.6378788924654637  
    1.6378788924654637 1.3134768905462901 0.7289246817174978  
    2.0574066225675533e-16 -0.7289246817174975 -1.31347689054629  
    -1.6378788924654637 -1.6378788924654637 -1.3134768905462901  
    -0.728924681717498 0.0 
  NLIM = 5 
  RLIM = 6.0 3.5 3.5 6.0 6.0 
  ZLIM = 1.93 1.93 -1.93 -1.93 1.93 
  NE = 27.62306735 27.62306735 27.57546442 27.52446609 27.47011707  
    27.41246207 27.3515458 27.28741298 27.22010832 27.14967653  
    27.07616232 26.99961042 26.92006552 26.83757235 26.75217561  
    26.66392003 26.5728503 26.47901115 26.38244728 26.28320342  
    26.18132427 26.07685454 25.96983895 25.86032222 25.74834904  
    25.63396415 25.51721224 25.39813803 25.27678624 25.15320158  
    25.02742875 24.89951248 24.76949748 24.63742845 24.50335012  
    24.36730718 24.22934437 24.08950638 23.94783794 23.80438375  
    23.65918852 23.51229698 23.36375383 23.21360378 23.06189155  
    22.90866184 22.75395937 22.59782885 22.44031499 22.28146248  
    22.12131604 21.95992037 21.79732015 21.63356007 21.4686848  
    21.302739 21.13576729 20.967814259999997 20.79892444 20.62914227  
    20.4585121 20.28707809 20.11488415 19.94197386 19.76839027  
    19.59417572 19.41937148 19.2440173 19.06815074 18.891806199999998  
    18.715013559999996 18.53779614 18.36016787 18.18212917 18.00366107  
    17.82471671 17.64520933 17.46499491 17.28384757 17.10142452  
    16.91721648 16.73047789 16.540129599999997 16.344624839999998  
    16.14176854 15.92848087 15.70050384 15.45206898 15.17558875  
    14.86151692 14.49865645 14.07535272 13.58207892 13.0156276  
    12.384132909999993 11.710562209999994 11.03138998 10.38887851  
    9.81973103 9.346060347 8.972965753 
  TE = 21.22362484675485 21.21654509050404 21.195319988550146  
    21.159991994052277 21.110631705041218 21.047337629338095  
    20.97023585697625 20.87947964165108 20.775248893142496  
    20.657749583062927 20.52721306667823 20.383895323926698  
    20.228076123120907 20.06005811115607 19.880165834364874  
    19.688744694451145 19.48615984420107 19.27279502790988  
    19.04905137167306 18.81534612887241 18.57211138633891  
    18.31979273679496 18.058847923268022 17.78974546122623  
    17.51296324421333 17.228987138756676 16.938309574287395  
    16.641428133747734 16.33884415046716 16.031061316767556  
    15.71858430960963 15.405911103650054 15.09681666329362  
    14.79072107472338 14.487044424122395 14.185206797673711  
    13.885159080128483 13.587464408882997 13.292461249088007  
    13.000488065894265 12.711883324452527 12.42684751138558  
    12.145668575120984 11.868816173516665 11.596759964430547  
    11.329969605720551 11.068956691393273 10.813952003586856  
    10.565003982356552 10.322161067757607 10.085471699845268  
    9.854752020674237 9.629629279060168 9.409868575199745  
    9.195235009289648 8.985493681526552 8.780398064425553  
    8.579681667259914 8.383079645363582 8.1903271540705  
    8.00115934871461 7.815141074356955 7.6320686891591825  
    7.452024618106147 7.275091286182707 7.10135111837371  
    6.931346210253832 6.765469066950477 6.603577727777611  
    6.445530232049197 6.2911846190792 6.140105054687296  
    5.9917422281310895 5.845783963881436 5.701918086409189  
    5.559832420185202 5.419281065024244 5.280126435784471  
    5.142218829501823 5.005408543212243 4.86954587395167  
    4.733628586666125 4.597867201728925 4.463931149316949  
    4.333489859607072 4.208212762776173 4.096822203166188  
    4.002150698754109 3.917032940169406 3.834303618041547 3.746797423  
    3.500332288 3.198284898 2.830947788 2.3995737899999945  
    1.9231391209999946 1.438300093 0.9885116223 0.607818884  
    0.3107984791 0.09381087106 
  TI = 25.92914158654261 25.916110907805308 25.877058149802476  
    25.81210094990106 25.721434714231595 25.605331638306772  
    25.464139345522668 25.298279153073587 25.108243977386707  
    24.89459589364931 24.657963366337867 24.39903816984389  
    24.118572020308154 23.81737294160547 23.496301390052  
    23.156266163823616 22.798220124266297 22.423155757240533  
    22.03210060336501 21.62611258650756 21.20627527011293  
    20.77369307095856 20.329486459695822 19.87478717707099  
    19.410733494036293 18.93846554306711 18.459120746909186  
    17.973829369703815 17.483710213994495 16.989866485523166  
    16.493381845994957 16.00613708218772 15.53825251190495  
    15.088154168966762 14.654268087193273 14.235020300404605  
    13.830370230584867 13.440813057797042 13.065578452979565  
    12.703896087070873 12.354995631009398 12.01754481177738  
    11.690913186480634 11.375383171242964 11.07123718218817  
    10.778757635440055 10.499002218247526 10.232278676351804  
    9.977744513615168 9.734557233899894 9.501874341068252  
    9.278677320948626 9.064066372959642 8.857377071348937  
    8.657944990364161 8.46510570425295 8.278344258367323  
    8.097230720460871 7.921228198383602 7.749799799985528  
    7.582408633116656 7.418188779180566 7.256711826145141  
    7.098097141706853 6.942464093562172 6.789932049407568  
    6.6413374237785 6.497271527189451 6.3574860713054235  
    6.221732767791424 6.089763328312456 5.960885470812739  
    5.834353270080108 5.709837973044989 5.587010826637808  
    5.465543077788994 5.34523163457657 5.226040482262374  
    5.107891483552559 4.990706501153276 4.874407397770674  
    4.758992583001179 4.644464852637969 4.53075264868233  
    4.417784413135541 4.3054885879988865 4.193587386560358  
    4.081814162480737 3.9701140683204916 3.8584322566400897 3.74671388  
    3.500098985 3.198145301 2.831023133 2.399812947999995  
    1.9233581879999946 1.438325931 0.9883266268 0.6075777711  
    0.3107215441 0.09406899116 
  OMEGA = 4992.501875 4992.501875 4978.801804 4961.079526 4940.12016  
    4916.382264 4890.178959 4861.74318 4831.258024 4798.873089  
    4764.714177 4728.889466 4691.493659 4652.610886 4612.316799  
    4570.680145 4527.763951 4483.626454 4438.321832 4391.900796  
    4344.411068 4295.897774 4246.403778 4195.969955 4144.635428  
    4092.437767 4039.413164 3985.596584 3931.021896 3875.721988  
    3819.72887 3763.073767 3705.787199 3647.899055 3589.43866  
    3530.4348369999993 3470.91596 3410.910006 3350.444605 3289.54708  
    3228.244492 3166.5636739999995 3104.531273 3042.173783 2979.517575  
    2916.588934 2853.414088 2790.0192379999994 2726.430588 2662.674375  
    2598.776897 2534.764544 2470.663824 2406.501396 2342.304099  
    2278.098979 2213.913327 2149.774706999999 2085.710992 2021.750397  
    1957.921519 1894.253376 1830.775447 1767.517715 1704.510722  
    1641.785608 1579.374179 1517.308956 1455.623246 1394.3512129999992  
    1333.5279519999992 1273.18958 1213.373329 1154.117653 1095.462349  
    1037.448686 980.1195629 923.5196753 867.6957162 812.6966008  
    758.5737302 705.3812976 653.1766491999995 602.0207127999994  
    551.9785103 503.1197796 455.5197357 409.2600162 364.4298727  
    321.1276991 279.4630303 239.55922 201.557126 165.620359  
    131.94307479999966 100.76217029999968 72.37775876 47.19105135  
    25.78549737 9.151104569 3.197442311e-14 
  ZEFF = 1.11103 1.11103 1.11103 1.11103 1.1110300000000002 1.11103  
    1.11103 1.11103 1.1110300000000002 1.11103 1.11103 1.11103 1.11103  
    1.11103 1.11103 1.11103 1.1110300000000002 1.11103  
    1.1110300000000002 1.11103 1.1110300000000002 1.11103 1.11103  
    1.1110300000000002 1.11103 1.11103 1.1110300000000002  
    1.1110300000000002 1.11103 1.11103 1.11103 1.11103 1.11103 1.11103  
    1.1110299999999997 1.11103 1.11103 1.11103 1.11103 1.11103  
    1.1110299999999997 1.1110300000000002 1.1110300000000002 1.11103  
    1.11103 1.11103 1.11103 1.1110300000000002 1.11103 1.11103 1.11103  
    1.1110300000000002 1.1110300000000002 1.11103 1.11103  
    1.1110300000000002 1.1110300000000002 1.11103 1.11103 1.11103  
    1.11103 1.1110300000000002 1.11103 1.1110300000000002  
    1.1110299999999997 1.11103 1.1110300000000002 1.11103  
    1.1110300000000002 1.11103 1.1110300000000002 1.11103 1.11103  
    1.11103 1.11103 1.1110299999999997 1.11103 1.11103  
    1.1110300000000002 1.1110299999999997 1.1110300000000002 1.11103  
    1.11103 1.11103 1.1110300000000002 1.11103 1.11103 1.11103 1.11103  
    1.1110300000000002 1.11103 1.11103 1.11103 1.11103 1.11103 1.11103  
    1.11103 1.1110299999999997 1.11103 1.11103 1.11103 
  J_OH = 0.0 0.0 0.0 0.0 0.0 0.0 0.0 0.0 0.0 0.0 0.0 0.0 0.0 0.0 0.0  
    0.0 0.0 0.0 0.0 0.0 0.0 0.0 0.0 0.0 0.0 0.0 0.0 0.0 0.0 0.0 0.0 0.0  
    0.0 0.0 0.0 0.0 0.0 0.0 0.0 0.0 0.0 0.0 0.0 0.0 0.0 0.0 0.0 0.0 0.0  
    0.0 0.0 0.0 0.0 0.0 0.0 0.0 0.0 0.0 0.0 0.0 0.0 0.0 0.0 0.0 0.0 0.0  
    0.0 0.0 0.0 0.0 0.0 0.0 0.0 0.0 0.0 0.0 0.0 0.0 0.0 0.0 0.0 0.0 0.0  
    0.0 0.0 0.0 0.0 0.0 0.0 0.0 0.0 0.0 0.0 0.0 0.0 0.0 0.0 0.0 0.0 0.0  
    0.0 
  J_BS = 158218.54628045508 237327.81942068264 350562.13086717285  
    404814.40104369976 439233.5974171082 464954.26891850843  
    486204.81615799613 504832.8660998513 521728.4654844788  
    537352.2308983818 551986.4304910564 565847.2341045497  
    579057.8847038827 591628.1577423161 603509.3823244128  
    614639.2059718238 624973.3248972722 634495.4401067414  
    643190.3453388775 651031.0793908909 657997.0107316657  
    664087.3644623932 669308.6850363861 673661.2673658311  
    677142.2650889329 679741.2495613437 681434.6826058475  
    682204.3170759903 682053.5618882042 681000.9397252471  
    675547.2157666453 662875.803674265 647551.4398114728  
    633425.9258986473 620462.6973865186 608149.292733694  
    595618.1915516213 582797.7981930092 569995.1856262446  
    557222.4021688806 544639.9212550905 532257.6339791074  
    519711.7255743396 506788.7027463964 493500.1017048084  
    479714.70292419475 465540.93684326904 451492.0264272655  
    437838.26890226343 424584.45007549715 411856.6163695833  
    399831.6028708207 388463.80121943104 377651.270279646  
    367387.4254456836 357644.823840269 348388.98088513815  
    339623.14005298243 331356.7307897277 323581.6056171459  
    316408.19817026955 309785.00120187044 303345.7658084469  
    296891.66333269945 290425.61284938356 283664.30610975367  
    276426.43634341867 269153.86690022075 262183.64104426594  
    255513.33363114926 249319.31235085087 243823.30884583323  
    238911.8857196791 234427.3599034657 230371.5547147126  
    226706.31347704423 223334.65834169294 220225.00545372575  
    217422.6810536753 214975.52824719794 213223.25840342807  
    212116.88205836387 210897.29256876718 209281.14835334945  
    207533.89129104355 203703.86166307036 197962.0294017168  
    196148.8932910692 202022.07303327767 215831.51610535904  
    305950.95617506286 417508.39402996644 477570.77989438386  
    527925.3765390127 550403.8853685298 529529.3444852156  
    461875.30141716124 358750.38464544027 240166.0843678981  
    128474.12901855986 25878.85913910515 
  J_NB = 0.0 0.0 0.0 0.0 0.0 0.0 0.0 0.0 0.0 0.0 0.0 0.0 0.0 0.0 0.0  
    0.0 0.0 0.0 0.0 0.0 0.0 0.0 0.0 0.0 0.0 0.0 0.0 0.0 0.0 0.0 0.0 0.0  
    0.0 0.0 0.0 0.0 0.0 0.0 0.0 0.0 0.0 0.0 0.0 0.0 0.0 0.0 0.0 0.0 0.0  
    0.0 0.0 0.0 0.0 0.0 0.0 0.0 0.0 0.0 0.0 0.0 0.0 0.0 0.0 0.0 0.0 0.0  
    0.0 0.0 0.0 0.0 0.0 0.0 0.0 0.0 0.0 0.0 0.0 0.0 0.0 0.0 0.0 0.0 0.0  
    0.0 0.0 0.0 0.0 0.0 0.0 0.0 0.0 0.0 0.0 0.0 0.0 0.0 0.0 0.0 0.0 0.0  
    0.0 
  J_EC = 0.0 0.0 0.0 0.0 0.0 0.0 0.0 0.0 0.0 0.0 0.0 0.0 0.0 0.0 0.0  
    0.0 0.0 0.0 0.0 0.0 0.0 0.0 0.0 0.0 0.0 0.0 0.0 0.0 0.0 0.0 0.0 0.0  
    0.0 0.0 0.0 0.0 0.0 0.0 0.0 0.0 0.0 0.0 0.0 0.0 0.0 0.0 0.0 0.0 0.0  
    0.0 0.0 0.0 0.0 0.0 0.0 0.0 0.0 0.0 0.0 0.0 0.0 0.0 0.0 0.0 0.0 0.0  
    0.0 0.0 0.0 0.0 0.0 0.0 0.0 0.0 0.0 0.0 0.0 0.0 0.0 0.0 0.0 0.0 0.0  
    0.0 0.0 0.0 0.0 0.0 0.0 0.0 0.0 0.0 0.0 0.0 0.0 0.0 0.0 0.0 0.0 0.0  
    0.0 
  J_IC = 0.0 0.0 0.0 0.0 0.0 0.0 0.0 0.0 0.0 0.0 0.0 0.0 0.0 0.0 0.0  
    0.0 0.0 0.0 0.0 0.0 0.0 0.0 0.0 0.0 0.0 0.0 0.0 0.0 0.0 0.0 0.0 0.0  
    0.0 0.0 0.0 0.0 0.0 0.0 0.0 0.0 0.0 0.0 0.0 0.0 0.0 0.0 0.0 0.0 0.0  
    0.0 0.0 0.0 0.0 0.0 0.0 0.0 0.0 0.0 0.0 0.0 0.0 0.0 0.0 0.0 0.0 0.0  
    0.0 0.0 0.0 0.0 0.0 0.0 0.0 0.0 0.0 0.0 0.0 0.0 0.0 0.0 0.0 0.0 0.0  
    0.0 0.0 0.0 0.0 0.0 0.0 0.0 0.0 0.0 0.0 0.0 0.0 0.0 0.0 0.0 0.0 0.0  
    0.0 
  J_LH = 0.0 0.0 0.0 0.0 0.0 0.0 0.0 0.0 0.0 0.0 0.0 0.0 0.0 0.0 0.0  
    0.0 0.0 0.0 0.0 0.0 0.0 0.0 0.0 0.0 0.0 0.0 0.0 0.0 0.0 0.0 0.0 0.0  
    0.0 0.0 0.0 0.0 0.0 0.0 0.0 0.0 0.0 0.0 0.0 0.0 0.0 0.0 0.0 0.0 0.0  
    0.0 0.0 0.0 0.0 0.0 0.0 0.0 0.0 0.0 0.0 0.0 0.0 0.0 0.0 0.0 0.0 0.0  
    0.0 0.0 0.0 0.0 0.0 0.0 0.0 0.0 0.0 0.0 0.0 0.0 0.0 0.0 0.0 0.0 0.0  
    0.0 0.0 0.0 0.0 0.0 0.0 0.0 0.0 0.0 0.0 0.0 0.0 0.0 0.0 0.0 0.0 0.0  
    0.0 
  PE_NB = 0.0 0.0 0.0 0.0 0.0 0.0 0.0 0.0 0.0 0.0 0.0 0.0 0.0 0.0 0.0  
    0.0 0.0 0.0 0.0 0.0 0.0 0.0 0.0 0.0 0.0 0.0 0.0 0.0 0.0 0.0 0.0 0.0  
    0.0 0.0 0.0 0.0 0.0 0.0 0.0 0.0 0.0 0.0 0.0 0.0 0.0 0.0 0.0 0.0 0.0  
    0.0 0.0 0.0 0.0 0.0 0.0 0.0 0.0 0.0 0.0 0.0 0.0 0.0 0.0 0.0 0.0 0.0  
    0.0 0.0 0.0 0.0 0.0 0.0 0.0 0.0 0.0 0.0 0.0 0.0 0.0 0.0 0.0 0.0 0.0  
    0.0 0.0 0.0 0.0 0.0 0.0 0.0 0.0 0.0 0.0 0.0 0.0 0.0 0.0 0.0 0.0 0.0  
    0.0 
  PE_EC = 0.0 0.0 0.0 0.0 0.0 0.0 0.0 0.0 0.0 0.0 0.0 0.0 0.0 0.0 0.0  
    0.0 0.0 0.0 0.0 0.0 0.0 0.0 0.0 0.0 0.0 0.0 0.0 0.0 0.0 0.0 0.0 0.0  
    0.0 0.0 0.0 0.0 0.0 0.0 0.0 0.0 0.0 0.0 0.0 0.0 0.0 0.0 0.0 0.0 0.0  
    0.0 0.0 0.0 0.0 0.0 0.0 0.0 0.0 0.0 0.0 0.0 0.0 0.0 0.0 0.0 0.0 0.0  
    0.0 0.0 0.0 0.0 0.0 0.0 0.0 0.0 0.0 0.0 0.0 0.0 0.0 0.0 0.0 0.0 0.0  
    0.0 0.0 0.0 0.0 0.0 0.0 0.0 0.0 0.0 0.0 0.0 0.0 0.0 0.0 0.0 0.0 0.0  
    0.0 
  PE_IC = 0.0 0.0 0.0 0.0 0.0 0.0 0.0 0.0 0.0 0.0 0.0 0.0 0.0 0.0 0.0  
    0.0 0.0 0.0 0.0 0.0 0.0 0.0 0.0 0.0 0.0 0.0 0.0 0.0 0.0 0.0 0.0 0.0  
    0.0 0.0 0.0 0.0 0.0 0.0 0.0 0.0 0.0 0.0 0.0 0.0 0.0 0.0 0.0 0.0 0.0  
    0.0 0.0 0.0 0.0 0.0 0.0 0.0 0.0 0.0 0.0 0.0 0.0 0.0 0.0 0.0 0.0 0.0  
    0.0 0.0 0.0 0.0 0.0 0.0 0.0 0.0 0.0 0.0 0.0 0.0 0.0 0.0 0.0 0.0 0.0  
    0.0 0.0 0.0 0.0 0.0 0.0 0.0 0.0 0.0 0.0 0.0 0.0 0.0 0.0 0.0 0.0 0.0  
    0.0 
  PE_LH = 0.0 0.0 0.0 0.0 0.0 0.0 0.0 0.0 0.0 0.0 0.0 0.0 0.0 0.0 0.0  
    0.0 0.0 0.0 0.0 0.0 0.0 0.0 0.0 0.0 0.0 0.0 0.0 0.0 0.0 0.0 0.0 0.0  
    0.0 0.0 0.0 0.0 0.0 0.0 0.0 0.0 0.0 0.0 0.0 0.0 0.0 0.0 0.0 0.0 0.0  
    0.0 0.0 0.0 0.0 0.0 0.0 0.0 0.0 0.0 0.0 0.0 0.0 0.0 0.0 0.0 0.0 0.0  
    0.0 0.0 0.0 0.0 0.0 0.0 0.0 0.0 0.0 0.0 0.0 0.0 0.0 0.0 0.0 0.0 0.0  
    0.0 0.0 0.0 0.0 0.0 0.0 0.0 0.0 0.0 0.0 0.0 0.0 0.0 0.0 0.0 0.0 0.0  
    0.0 
  PE_FUS = 1668454.2223488404 1668877.0491859661 1666083.8123514021  
    1663840.474836483 1662151.6252109096 1661025.7537540875  
    1660392.0266086762 1659840.064162007 1658850.7889292962  
    1656860.8184469293 1653233.992649716 1645728.4279518225  
    1632804.8105161556 1614829.036361738 1592412.4415340147  
    1566643.8572008102 1538388.92917427 1507649.4720403317  
    1474777.45232942 1440248.7946972917 1404674.341074025  
    1368101.481449133 1330198.1987298357 1291128.9909682805  
    1251082.1114075023 1210270.086963848 1169264.102603722  
    1128570.496989876 1088285.9210222922 1048457.4212414655  
    1009082.5095141294 969954.8662377856 930934.8408876546  
    892073.4136437335 853408.2492815371 814964.078041741  
    776912.8507145678 739475.8358041787 702737.0899206753  
    666772.8898410188 631651.1037058131 597372.7725350574  
    563983.6711035636 531606.9990423665 500357.30512328923  
    470338.46226046205 441710.08003120456 414550.5696523591  
    388823.63239860913 364482.2180482866 341470.55770352  
    319713.4653908732 299141.71389497933 279700.03091077897  
    261330.12226680308 243971.95734640904 227574.157136597  
    212092.3268386256 197476.25403960055 183676.2007193501  
    170643.5186435592 158313.6886968152 146651.43366425775  
    135650.59666083372 125301.8189008426 115592.75436179775  
    106541.05872492648 98144.18705369097 90358.56339100795  
    83142.33745888455 76455.55020109772 70243.91481720112  
    64457.00153777391 59063.860841777205 54035.81827355293  
    49346.41018002439 44974.86013706191 40905.99323423185  
    37123.59434162388 33611.76104821311 30354.892238758875  
    27339.73274642676 24552.102462219846 21975.715287290408  
    19594.86816771974 17394.39301144155 15354.55430566858  
    13460.2900779054 11703.498583124017 10076.409877201604  
    8572.883845355736 6206.65475600056 4033.136786805635  
    2234.9845434320164 984.4229867520364 313.17163626538013  
    62.87473219676748 6.432164745254009 0.2201049951402007  
    0.0008017961499904579 8.402468863566011e-10 
  PE_IONIZATION = 0.0 0.0 0.0 0.0 0.0 0.0 0.0 0.0 0.0 0.0 0.0 0.0 0.0  
    0.0 0.0 0.0 0.0 0.0 0.0 0.0 0.0 0.0 0.0 0.0 0.0 0.0 0.0 0.0 0.0 0.0  
    0.0 0.0 0.0 0.0 0.0 0.0 0.0 0.0 0.0 0.0 0.0 0.0 0.0 0.0 0.0 0.0 0.0  
    0.0 0.0 0.0 0.0 0.0 0.0 0.0 0.0 0.0 0.0 0.0 0.0 0.0 0.0 0.0 0.0 0.0  
    0.0 0.0 0.0 0.0 0.0 0.0 0.0 0.0 0.0 0.0 0.0 0.0 0.0 0.0 0.0 0.0 0.0  
    0.0 0.0 0.0 0.0 0.0 0.0 0.0 0.0 0.0 0.0 0.0 0.0 0.0 0.0 0.0 0.0 0.0  
    0.0 0.0 0.0 
  P_RAD = 0.0 0.0 0.0 0.0 0.0 0.0 0.0 0.0 0.0 0.0 0.0 0.0 0.0 0.0 0.0  
    0.0 0.0 0.0 0.0 0.0 0.0 0.0 0.0 0.0 0.0 0.0 0.0 0.0 0.0 0.0 0.0 0.0  
    0.0 0.0 0.0 0.0 0.0 0.0 0.0 0.0 0.0 0.0 0.0 0.0 0.0 0.0 0.0 0.0 0.0  
    0.0 0.0 0.0 0.0 0.0 0.0 0.0 0.0 0.0 0.0 0.0 0.0 0.0 0.0 0.0 0.0 0.0  
    0.0 0.0 0.0 0.0 0.0 0.0 0.0 0.0 0.0 0.0 0.0 0.0 0.0 0.0 0.0 0.0 0.0  
    0.0 0.0 0.0 0.0 0.0 0.0 0.0 0.0 0.0 0.0 0.0 0.0 0.0 0.0 0.0 0.0 0.0  
    0.0 
  P_RAD_IMP = 0.0 0.0 0.0 0.0 0.0 0.0 0.0 0.0 0.0 0.0 0.0 0.0 0.0 0.0  
    0.0 0.0 0.0 0.0 0.0 0.0 0.0 0.0 0.0 0.0 0.0 0.0 0.0 0.0 0.0 0.0 0.0  
    0.0 0.0 0.0 0.0 0.0 0.0 0.0 0.0 0.0 0.0 0.0 0.0 0.0 0.0 0.0 0.0 0.0  
    0.0 0.0 0.0 0.0 0.0 0.0 0.0 0.0 0.0 0.0 0.0 0.0 0.0 0.0 0.0 0.0 0.0  
    0.0 0.0 0.0 0.0 0.0 0.0 0.0 0.0 0.0 0.0 0.0 0.0 0.0 0.0 0.0 0.0 0.0  
    0.0 0.0 0.0 0.0 0.0 0.0 0.0 0.0 0.0 0.0 0.0 0.0 0.0 0.0 0.0 0.0 0.0  
    0.0 0.0 
  PI_NB = 0.0 0.0 0.0 0.0 0.0 0.0 0.0 0.0 0.0 0.0 0.0 0.0 0.0 0.0 0.0  
    0.0 0.0 0.0 0.0 0.0 0.0 0.0 0.0 0.0 0.0 0.0 0.0 0.0 0.0 0.0 0.0 0.0  
    0.0 0.0 0.0 0.0 0.0 0.0 0.0 0.0 0.0 0.0 0.0 0.0 0.0 0.0 0.0 0.0 0.0  
    0.0 0.0 0.0 0.0 0.0 0.0 0.0 0.0 0.0 0.0 0.0 0.0 0.0 0.0 0.0 0.0 0.0  
    0.0 0.0 0.0 0.0 0.0 0.0 0.0 0.0 0.0 0.0 0.0 0.0 0.0 0.0 0.0 0.0 0.0  
    0.0 0.0 0.0 0.0 0.0 0.0 0.0 0.0 0.0 0.0 0.0 0.0 0.0 0.0 0.0 0.0 0.0  
    0.0 
  PI_IC = 0.0 0.0 0.0 0.0 0.0 0.0 0.0 0.0 0.0 0.0 0.0 0.0 0.0 0.0 0.0  
    0.0 0.0 0.0 0.0 0.0 0.0 0.0 0.0 0.0 0.0 0.0 0.0 0.0 0.0 0.0 0.0 0.0  
    0.0 0.0 0.0 0.0 0.0 0.0 0.0 0.0 0.0 0.0 0.0 0.0 0.0 0.0 0.0 0.0 0.0  
    0.0 0.0 0.0 0.0 0.0 0.0 0.0 0.0 0.0 0.0 0.0 0.0 0.0 0.0 0.0 0.0 0.0  
    0.0 0.0 0.0 0.0 0.0 0.0 0.0 0.0 0.0 0.0 0.0 0.0 0.0 0.0 0.0 0.0 0.0  
    0.0 0.0 0.0 0.0 0.0 0.0 0.0 0.0 0.0 0.0 0.0 0.0 0.0 0.0 0.0 0.0 0.0  
    0.0 
  PI_LH = 0.0 0.0 0.0 0.0 0.0 0.0 0.0 0.0 0.0 0.0 0.0 0.0 0.0 0.0 0.0  
    0.0 0.0 0.0 0.0 0.0 0.0 0.0 0.0 0.0 0.0 0.0 0.0 0.0 0.0 0.0 0.0 0.0  
    0.0 0.0 0.0 0.0 0.0 0.0 0.0 0.0 0.0 0.0 0.0 0.0 0.0 0.0 0.0 0.0 0.0  
    0.0 0.0 0.0 0.0 0.0 0.0 0.0 0.0 0.0 0.0 0.0 0.0 0.0 0.0 0.0 0.0 0.0  
    0.0 0.0 0.0 0.0 0.0 0.0 0.0 0.0 0.0 0.0 0.0 0.0 0.0 0.0 0.0 0.0 0.0  
    0.0 0.0 0.0 0.0 0.0 0.0 0.0 0.0 0.0 0.0 0.0 0.0 0.0 0.0 0.0 0.0 0.0  
    0.0 
  PI_FUS = 786217.8833955068 785571.7519333635 782009.4652157802  
    777170.6403047272 771137.2726689001 763990.6911064566  
    755806.749071767 746637.7297736714 736523.9469534273  
    725494.41121656 713558.5730802865 700464.1674200373  
    685986.848217325 670168.1648896926 653139.1307891811  
    635195.8745403241 616577.6394071962 597269.4368521336  
    577371.9521094603 557024.7776886417 536408.9957583204  
    515610.1031637273 494641.6348948941 473610.42449342145  
    452625.74263711704 431799.0732255931 411382.4258672232  
    391564.658292649 372352.57240914175 353738.17297229485  
    335699.3094861945 318123.7715625737 300926.85701116844  
    284115.263027622 267692.68055591674 251660.07583148975  
    236072.26045900566 221005.95556248954 206489.4198221973  
    192545.76824896972 179192.8903198662 166425.93391718267  
    154250.27290359573 142691.1388018121 131767.99671990937  
    121494.2585447397 111893.83216739554 102964.92509054465  
    94675.63954258652 86991.92016696592 79878.3511402279  
    73294.45295653093 67201.38963586159 61566.02869329161  
    56356.06110778337 51540.31326270427 47090.72010927922  
    42981.92821558278 39188.808259907826 35687.60565687279  
    32456.011823021006 29469.48173490978 26711.004703065744  
    24170.311131038932 21836.72387592534 19699.27167256649  
    17753.256332526526 15989.908335292232 14392.931505209917  
    12947.252012569255 11638.977465775419 10452.472436709726  
    9373.633765180894 8392.500261990086 7500.0810508065715  
    6688.276405340059 5950.3379168998745 5280.750127329624  
    4674.141538098722 4125.4692171081815 3630.00156465501  
    3183.0048176309974 2780.7666720731713 2420.198735260346  
    2098.1111717107087 1811.2679975113404 1558.4213342095566  
    1335.7658718651965 1137.4294474714454 959.0291438602349  
    797.565295589711 541.2369577118413 322.83935672236544  
    159.40896058987857 60.0900313423001 15.534775472888171  
    2.3788152396259137 0.17187235165232936 0.0037561338253352308  
    7.403511674625665e-06 2.6265062380754497e-12 
  PI_IONIZATION = 0.0 0.0 0.0 0.0 0.0 0.0 0.0 0.0 0.0 0.0 0.0 0.0 0.0  
    0.0 0.0 0.0 0.0 0.0 0.0 0.0 0.0 0.0 0.0 0.0 0.0 0.0 0.0 0.0 0.0 0.0  
    0.0 0.0 0.0 0.0 0.0 0.0 0.0 0.0 0.0 0.0 0.0 0.0 0.0 0.0 0.0 0.0 0.0  
    0.0 0.0 0.0 0.0 0.0 0.0 0.0 0.0 0.0 0.0 0.0 0.0 0.0 0.0 0.0 0.0 0.0  
    0.0 0.0 0.0 0.0 0.0 0.0 0.0 0.0 0.0 0.0 0.0 0.0 0.0 0.0 0.0 0.0 0.0  
    0.0 0.0 0.0 0.0 0.0 0.0 0.0 0.0 0.0 0.0 0.0 0.0 0.0 0.0 0.0 0.0 0.0  
    0.0 0.0 0.0 
  PI_CX = 0.0 0.0 0.0 0.0 0.0 0.0 0.0 0.0 0.0 0.0 0.0 0.0 0.0 0.0 0.0  
    0.0 0.0 0.0 0.0 0.0 0.0 0.0 0.0 0.0 0.0 0.0 0.0 0.0 0.0 0.0 0.0 0.0  
    0.0 0.0 0.0 0.0 0.0 0.0 0.0 0.0 0.0 0.0 0.0 0.0 0.0 0.0 0.0 0.0 0.0  
    0.0 0.0 0.0 0.0 0.0 0.0 0.0 0.0 0.0 0.0 0.0 0.0 0.0 0.0 0.0 0.0 0.0  
    0.0 0.0 0.0 0.0 0.0 0.0 0.0 0.0 0.0 0.0 0.0 0.0 0.0 0.0 0.0 0.0 0.0  
    0.0 0.0 0.0 0.0 0.0 0.0 0.0 0.0 0.0 0.0 0.0 0.0 0.0 0.0 0.0 0.0 0.0  
    0.0 
  P_OHM = 0.0 0.0 0.0 0.0 0.0 0.0 0.0 0.0 0.0 0.0 0.0 0.0 0.0 0.0 0.0  
    0.0 0.0 0.0 0.0 0.0 0.0 0.0 0.0 0.0 0.0 0.0 0.0 0.0 0.0 0.0 0.0 0.0  
    0.0 0.0 0.0 0.0 0.0 0.0 0.0 0.0 0.0 0.0 0.0 0.0 0.0 0.0 0.0 0.0 0.0  
    0.0 0.0 0.0 0.0 0.0 0.0 0.0 0.0 0.0 0.0 0.0 0.0 0.0 0.0 0.0 0.0 0.0  
    0.0 0.0 0.0 0.0 0.0 0.0 0.0 0.0 0.0 0.0 0.0 0.0 0.0 0.0 0.0 0.0 0.0  
    0.0 0.0 0.0 0.0 0.0 0.0 0.0 0.0 0.0 0.0 0.0 0.0 0.0 0.0 0.0 0.0 0.0  
    0.0 
  P_EI = 0.0 0.0 0.0 0.0 0.0 0.0 0.0 0.0 0.0 0.0 0.0 0.0 0.0 0.0 0.0  
    0.0 0.0 0.0 0.0 0.0 0.0 0.0 0.0 0.0 0.0 0.0 0.0 0.0 0.0 0.0 0.0 0.0  
    0.0 0.0 0.0 0.0 0.0 0.0 0.0 0.0 0.0 0.0 0.0 0.0 0.0 0.0 0.0 0.0 0.0  
    0.0 0.0 0.0 0.0 0.0 0.0 0.0 0.0 0.0 0.0 0.0 0.0 0.0 0.0 0.0 0.0 0.0  
    0.0 0.0 0.0 0.0 0.0 0.0 0.0 0.0 0.0 0.0 0.0 0.0 0.0 0.0 0.0 0.0 0.0  
    0.0 0.0 0.0 0.0 0.0 0.0 0.0 0.0 0.0 0.0 0.0 0.0 0.0 0.0 0.0 0.0 0.0  
    0.0 
  TORQUE_NB = 0.0 0.0 0.0 0.0 0.0 0.0 0.0 0.0 0.0 0.0 0.0 0.0 0.0 0.0  
    0.0 0.0 0.0 0.0 0.0 0.0 0.0 0.0 0.0 0.0 0.0 0.0 0.0 0.0 0.0 0.0 0.0  
    0.0 0.0 0.0 0.0 0.0 0.0 0.0 0.0 0.0 0.0 0.0 0.0 0.0 0.0 0.0 0.0 0.0  
    0.0 0.0 0.0 0.0 0.0 0.0 0.0 0.0 0.0 0.0 0.0 0.0 0.0 0.0 0.0 0.0 0.0  
    0.0 0.0 0.0 0.0 0.0 0.0 0.0 0.0 0.0 0.0 0.0 0.0 0.0 0.0 0.0 0.0 0.0  
    0.0 0.0 0.0 0.0 0.0 0.0 0.0 0.0 0.0 0.0 0.0 0.0 0.0 0.0 0.0 0.0 0.0  
    0.0 0.0 
  TORQUE_IN = 0.0 0.0 0.0 0.0 0.0 0.0 0.0 0.0 0.0 0.0 0.0 0.0 0.0 0.0  
    0.0 0.0 0.0 0.0 0.0 0.0 0.0 0.0 0.0 0.0 0.0 0.0 0.0 0.0 0.0 0.0 0.0  
    0.0 0.0 0.0 0.0 0.0 0.0 0.0 0.0 0.0 0.0 0.0 0.0 0.0 0.0 0.0 0.0 0.0  
    0.0 0.0 0.0 0.0 0.0 0.0 0.0 0.0 0.0 0.0 0.0 0.0 0.0 0.0 0.0 0.0 0.0  
    0.0 0.0 0.0 0.0 0.0 0.0 0.0 0.0 0.0 0.0 0.0 0.0 0.0 0.0 0.0 0.0 0.0  
    0.0 0.0 0.0 0.0 0.0 0.0 0.0 0.0 0.0 0.0 0.0 0.0 0.0 0.0 0.0 0.0 0.0  
    0.0 0.0 
  SE_NB = 0.0 0.0 0.0 0.0 0.0 0.0 0.0 0.0 0.0 0.0 0.0 0.0 0.0 0.0 0.0  
    0.0 0.0 0.0 0.0 0.0 0.0 0.0 0.0 0.0 0.0 0.0 0.0 0.0 0.0 0.0 0.0 0.0  
    0.0 0.0 0.0 0.0 0.0 0.0 0.0 0.0 0.0 0.0 0.0 0.0 0.0 0.0 0.0 0.0 0.0  
    0.0 0.0 0.0 0.0 0.0 0.0 0.0 0.0 0.0 0.0 0.0 0.0 0.0 0.0 0.0 0.0 0.0  
    0.0 0.0 0.0 0.0 0.0 0.0 0.0 0.0 0.0 0.0 0.0 0.0 0.0 0.0 0.0 0.0 0.0  
    0.0 0.0 0.0 0.0 0.0 0.0 0.0 0.0 0.0 0.0 0.0 0.0 0.0 0.0 0.0 0.0 0.0  
    0.0 
  SE_IONIZATION = 0.0 0.0 0.0 0.0 0.0 0.0 0.0 0.0 0.0 0.0 0.0 0.0 0.0  
    0.0 0.0 0.0 0.0 0.0 0.0 0.0 0.0 0.0 0.0 0.0 0.0 0.0 0.0 0.0 0.0 0.0  
    0.0 0.0 0.0 0.0 0.0 0.0 0.0 0.0 0.0 0.0 0.0 0.0 0.0 0.0 0.0 0.0 0.0  
    0.0 0.0 0.0 0.0 0.0 0.0 0.0 0.0 0.0 0.0 0.0 0.0 0.0 0.0 0.0 0.0 0.0  
    0.0 0.0 0.0 0.0 0.0 0.0 0.0 0.0 0.0 0.0 0.0 0.0 0.0 0.0 0.0 0.0 0.0  
    0.0 0.0 0.0 0.0 0.0 0.0 0.0 0.0 0.0 0.0 0.0 0.0 0.0 0.0 0.0 0.0 0.0  
    0.0 0.0 0.0 
  SI_NB = 0.0 0.0 0.0 0.0 0.0 0.0 0.0 0.0 0.0 0.0 0.0 0.0 0.0 0.0 0.0  
    0.0 0.0 0.0 0.0 0.0 0.0 0.0 0.0 0.0 0.0 0.0 0.0 0.0 0.0 0.0 0.0 0.0  
    0.0 0.0 0.0 0.0 0.0 0.0 0.0 0.0 0.0 0.0 0.0 0.0 0.0 0.0 0.0 0.0 0.0  
    0.0 0.0 0.0 0.0 0.0 0.0 0.0 0.0 0.0 0.0 0.0 0.0 0.0 0.0 0.0 0.0 0.0  
    0.0 0.0 0.0 0.0 0.0 0.0 0.0 0.0 0.0 0.0 0.0 0.0 0.0 0.0 0.0 0.0 0.0  
    0.0 0.0 0.0 0.0 0.0 0.0 0.0 0.0 0.0 0.0 0.0 0.0 0.0 0.0 0.0 0.0 0.0  
    0.0 
  SI_IONIZATION = 0.0 0.0 0.0 0.0 0.0 0.0 0.0 0.0 0.0 0.0 0.0 0.0 0.0  
    0.0 0.0 0.0 0.0 0.0 0.0 0.0 0.0 0.0 0.0 0.0 0.0 0.0 0.0 0.0 0.0 0.0  
    0.0 0.0 0.0 0.0 0.0 0.0 0.0 0.0 0.0 0.0 0.0 0.0 0.0 0.0 0.0 0.0 0.0  
    0.0 0.0 0.0 0.0 0.0 0.0 0.0 0.0 0.0 0.0 0.0 0.0 0.0 0.0 0.0 0.0 0.0  
    0.0 0.0 0.0 0.0 0.0 0.0 0.0 0.0 0.0 0.0 0.0 0.0 0.0 0.0 0.0 0.0 0.0  
    0.0 0.0 0.0 0.0 0.0 0.0 0.0 0.0 0.0 0.0 0.0 0.0 0.0 0.0 0.0 0.0 0.0  
    0.0 0.0 0.0 
  SE_PELLET = 0.0 0.0 0.0 0.0 0.0 0.0 0.0 0.0 0.0 0.0 0.0 0.0 0.0 0.0  
    0.0 0.0 0.0 0.0 0.0 0.0 0.0 0.0 0.0 0.0 0.0 0.0 0.0 0.0 0.0 0.0 0.0  
    0.0 0.0 0.0 0.0 0.0 0.0 0.0 0.0 0.0 0.0 0.0 0.0 0.0 0.0 0.0 0.0 0.0  
    0.0 0.0 0.0 0.0 0.0 0.0 0.0 0.0 0.0 0.0 0.0 0.0 0.0 0.0 0.0 0.0 0.0  
    0.0 0.0 0.0 0.0 0.0 0.0 0.0 0.0 0.0 0.0 0.0 0.0 0.0 0.0 0.0 0.0 0.0  
    0.0 0.0 0.0 0.0 0.0 0.0 0.0 0.0 0.0 0.0 0.0 0.0 0.0 0.0 0.0 0.0 0.0  
    0.0 0.0 
  Q = 0.0 0.0 0.0 0.0 0.0 0.0 0.0 0.0 0.0 0.0 0.0 0.0 0.0 0.0 0.0 0.0  
    0.0 0.0 0.0 0.0 0.0 0.0 0.0 0.0 0.0 0.0 0.0 0.0 0.0 0.0 0.0 0.0 0.0  
    0.0 0.0 0.0 0.0 0.0 0.0 0.0 0.0 0.0 0.0 0.0 0.0 0.0 0.0 0.0 0.0 0.0  
    0.0 0.0 0.0 0.0 0.0 0.0 0.0 0.0 0.0 0.0 0.0 0.0 0.0 0.0 0.0 0.0 0.0  
    0.0 0.0 0.0 0.0 0.0 0.0 0.0 0.0 0.0 0.0 0.0 0.0 0.0 0.0 0.0 0.0 0.0  
    0.0 0.0 0.0 0.0 0.0 0.0 0.0 0.0 0.0 0.0 0.0 0.0 0.0 0.0 0.0 0.0 0.0 
  PSIPOL = 0.0 0.0009326686257017886 0.0037301565215825147  
    0.008390887452633866 0.014912230295000358 0.02329047439277035  
    0.03352081206320135 0.04559732754825018 0.05951306362432311  
    0.07525988434080005 0.09282865020752973 0.11220952687496398  
    0.13339152098795487 0.15636285425067634 0.1811117548302737  
    0.2076244333743978 0.23589259430570025 0.26589222125966494  
    0.2976149428475934 0.33103895434309905 0.3661491282752244  
    0.4029316219133185 0.44136602863614005 0.48143298946551993  
    0.5231156334602265 0.5663956590006263 0.6112539518358051  
    0.6576709518237442 0.7056266478035895 0.7551005788228207  
    0.8060722241550271 0.8585207654748983 0.9124256797858409  
    0.9677667118917584 1.0245232266551916 1.0826739570751125  
    1.1421969706636186 1.2030695775544866 1.265268380821794  
    1.328774226547584 1.3935644192942132 1.4596129989960291  
    1.5268962411622313 1.595395103895332 1.6650799643588128  
    1.7359282011263777 1.8079166230211139 1.8810140449760648  
    1.9552014916459308 2.03044428884926 2.1067229024352407  
    2.1840014630713918 2.2622590790330133 2.3414593334603997  
    2.42157793713162 2.502582155772437 2.5844394544948575  
    2.6671235244033418 2.750595999520858 2.834826818701873  
    2.919785737255286 3.005433476673067 3.0917373976049385  
    3.178665385732673 3.2661794100787658 3.35424159236213  
    3.4428174484796243 3.531871479718781 3.6213638234733065  
    3.7112547323571032 3.801506723814159 3.892081483782393  
    3.9829396354717717 4.074037978947061 4.165335343929407  
    4.256790913535358 4.348363177451483 4.440009917862955  
    4.531685964317134 4.623346033964237 4.714945961960659  
    4.806441121668231 4.897786642123852 4.988936296526033  
    5.079841047255162 5.170453581265389 5.260725316491682  
    5.350606943377048 5.440046788810685 5.528990479279842  
    5.61738628941414 5.705181531589843 5.7923208032595  
    5.878747346261558 5.964411628622606 6.049262868971988  
    6.133240265955176 6.216289545747465 6.298352867686402  
    6.379345013504161 6.459151112572165 
  PSI = 0.0 0.00014439492271460126 0.0005774994974683431  
    0.0012990696929665799 0.002308698160966543 0.003605810421037759  
    0.005189662152036676 0.0070593374815924375 0.009213759298568849  
    0.011651668002365412 0.014371648625288698 0.017372178622134738  
    0.020651556011488895 0.024207957288122566 0.028039559947398617  
    0.03214422913411566 0.03652068053440587 0.04116519595618831  
    0.04607647934854973 0.051251154923246965 0.05668688065875213  
    0.0623815134358829 0.06833189391978463 0.0745350249707664  
    0.08098829464479136 0.08768886950147169 0.09463379028957125  
    0.1018200287253918 0.10924448669890224 0.11690399646372793  
    0.12479538101935392 0.1329154172912697 0.1412609279274927  
    0.1498287770366738 0.1586157699052818 0.16761861399523284  
    0.17683391373836005 0.1862581563098622 0.19588771941858754  
    0.20571963767208398 0.2157503973829879 0.22597597943714642  
    0.23639271083010632 0.24699764351232423 0.2577861913027367  
    0.2687548519723509 0.2799000350838927 0.2912169125931793  
    0.3027025467542173 0.3143515693412375 0.32616095609447676  
    0.338125153755952 0.3502409278875248 0.36250264046353653  
    0.37490653104836535 0.3874475317509421 0.40012060554899775  
    0.4129216793228482 0.4258448132862331 0.43888535339947904  
    0.45203861720655236 0.46529852364395946 0.4786600195166739  
    0.49211813291466155 0.5056669759159895 0.5193006842390474  
    0.53301391908582 0.5468011845773829 0.5606563092206719  
    0.5745731393609099 0.5885458719822894 0.6025685753359759  
    0.6166351531425441 0.6307389172266472 0.6448734936425239  
    0.6590325631567733 0.6732096991797852 0.6873983655872161  
    0.7015915691299758 0.715782299157749 0.7299637181089377  
    0.7441289169273217 0.7582709487305141 0.7723826567264405  
    0.7864564489546778 0.8004850004517713 0.8144607897858507  
    0.828376182895391 0.8422231797955796 0.855993362427789  
    0.8696787227164257 0.8832711036106916 0.8967619277377271  
    0.9101424078497091 0.9234048754508014 0.9365414686146039  
    0.9495427741297718 0.9624003893712918 0.9751053594995195  
    0.9876444910984249 1.0 
  DENSITY_BEAM = 0.0 0.0 0.0 0.0 0.0 0.0 0.0 0.0 0.0 0.0 0.0 0.0 0.0  
    0.0 0.0 0.0 0.0 0.0 0.0 0.0 0.0 0.0 0.0 0.0 0.0 0.0 0.0 0.0 0.0 0.0  
    0.0 0.0 0.0 0.0 0.0 0.0 0.0 0.0 0.0 0.0 0.0 0.0 0.0 0.0 0.0 0.0 0.0  
    0.0 0.0 0.0 0.0 0.0 0.0 0.0 0.0 0.0 0.0 0.0 0.0 0.0 0.0 0.0 0.0 0.0  
    0.0 0.0 0.0 0.0 0.0 0.0 0.0 0.0 0.0 0.0 0.0 0.0 0.0 0.0 0.0 0.0 0.0  
    0.0 0.0 0.0 0.0 0.0 0.0 0.0 0.0 0.0 0.0 0.0 0.0 0.0 0.0 0.0 0.0 0.0  
    0.0 0.0 0.0 
  WBEAM = 0.0 0.0 0.0 0.0 0.0 0.0 0.0 0.0 0.0 0.0 0.0 0.0 0.0 0.0 0.0  
    0.0 0.0 0.0 0.0 0.0 0.0 0.0 0.0 0.0 0.0 0.0 0.0 0.0 0.0 0.0 0.0 0.0  
    0.0 0.0 0.0 0.0 0.0 0.0 0.0 0.0 0.0 0.0 0.0 0.0 0.0 0.0 0.0 0.0 0.0  
    0.0 0.0 0.0 0.0 0.0 0.0 0.0 0.0 0.0 0.0 0.0 0.0 0.0 0.0 0.0 0.0 0.0  
    0.0 0.0 0.0 0.0 0.0 0.0 0.0 0.0 0.0 0.0 0.0 0.0 0.0 0.0 0.0 0.0 0.0  
    0.0 0.0 0.0 0.0 0.0 0.0 0.0 0.0 0.0 0.0 0.0 0.0 0.0 0.0 0.0 0.0 0.0  
    0.0 
  TBEAM = 0.0 0.0 0.0 0.0 0.0 0.0 0.0 0.0 0.0 0.0 0.0 0.0 0.0 0.0 0.0  
    0.0 0.0 0.0 0.0 0.0 0.0 0.0 0.0 0.0 0.0 0.0 0.0 0.0 0.0 0.0 0.0 0.0  
    0.0 0.0 0.0 0.0 0.0 0.0 0.0 0.0 0.0 0.0 0.0 0.0 0.0 0.0 0.0 0.0 0.0  
    0.0 0.0 0.0 0.0 0.0 0.0 0.0 0.0 0.0 0.0 0.0 0.0 0.0 0.0 0.0 0.0 0.0  
    0.0 0.0 0.0 0.0 0.0 0.0 0.0 0.0 0.0 0.0 0.0 0.0 0.0 0.0 0.0 0.0 0.0  
    0.0 0.0 0.0 0.0 0.0 0.0 0.0 0.0 0.0 0.0 0.0 0.0 0.0 0.0 0.0 0.0 0.0  
    0.0 
  DENSITY_ALPHA = 0.0 0.0 0.0 0.0 0.0 0.0 0.0 0.0 0.0 0.0 0.0 0.0 0.0  
    0.0 0.0 0.0 0.0 0.0 0.0 0.0 0.0 0.0 0.0 0.0 0.0 0.0 0.0 0.0 0.0 0.0  
    0.0 0.0 0.0 0.0 0.0 0.0 0.0 0.0 0.0 0.0 0.0 0.0 0.0 0.0 0.0 0.0 0.0  
    0.0 0.0 0.0 0.0 0.0 0.0 0.0 0.0 0.0 0.0 0.0 0.0 0.0 0.0 0.0 0.0 0.0  
    0.0 0.0 0.0 0.0 0.0 0.0 0.0 0.0 0.0 0.0 0.0 0.0 0.0 0.0 0.0 0.0 0.0  
    0.0 0.0 0.0 0.0 0.0 0.0 0.0 0.0 0.0 0.0 0.0 0.0 0.0 0.0 0.0 0.0 0.0  
    0.0 0.0 0.0 
  WALPHA = 0.0 0.0 0.0 0.0 0.0 0.0 0.0 0.0 0.0 0.0 0.0 0.0 0.0 0.0 0.0  
    0.0 0.0 0.0 0.0 0.0 0.0 0.0 0.0 0.0 0.0 0.0 0.0 0.0 0.0 0.0 0.0 0.0  
    0.0 0.0 0.0 0.0 0.0 0.0 0.0 0.0 0.0 0.0 0.0 0.0 0.0 0.0 0.0 0.0 0.0  
    0.0 0.0 0.0 0.0 0.0 0.0 0.0 0.0 0.0 0.0 0.0 0.0 0.0 0.0 0.0 0.0 0.0  
    0.0 0.0 0.0 0.0 0.0 0.0 0.0 0.0 0.0 0.0 0.0 0.0 0.0 0.0 0.0 0.0 0.0  
    0.0 0.0 0.0 0.0 0.0 0.0 0.0 0.0 0.0 0.0 0.0 0.0 0.0 0.0 0.0 0.0 0.0  
    0.0 
  TALPHA = 0.0 0.0 0.0 0.0 0.0 0.0 0.0 0.0 0.0 0.0 0.0 0.0 0.0 0.0 0.0  
    0.0 0.0 0.0 0.0 0.0 0.0 0.0 0.0 0.0 0.0 0.0 0.0 0.0 0.0 0.0 0.0 0.0  
    0.0 0.0 0.0 0.0 0.0 0.0 0.0 0.0 0.0 0.0 0.0 0.0 0.0 0.0 0.0 0.0 0.0  
    0.0 0.0 0.0 0.0 0.0 0.0 0.0 0.0 0.0 0.0 0.0 0.0 0.0 0.0 0.0 0.0 0.0  
    0.0 0.0 0.0 0.0 0.0 0.0 0.0 0.0 0.0 0.0 0.0 0.0 0.0 0.0 0.0 0.0 0.0  
    0.0 0.0 0.0 0.0 0.0 0.0 0.0 0.0 0.0 0.0 0.0 0.0 0.0 0.0 0.0 0.0 0.0  
    0.0 
  CHIE = 0.0 0.0 0.0 0.0 0.0 0.0 0.0 0.0 0.0 0.0 0.0 0.0 0.0 0.0 0.0  
    0.0 0.0 0.0 0.0 0.0 0.0 0.0 0.0 0.0 0.0 0.0 0.0 0.0 0.0 0.0 0.0 0.0  
    0.0 0.0 0.0 0.0 0.0 0.0 0.0 0.0 0.0 0.0 0.0 0.0 0.0 0.0 0.0 0.0 0.0  
    0.0 0.0 0.0 0.0 0.0 0.0 0.0 0.0 0.0 0.0 0.0 0.0 0.0 0.0 0.0 0.0 0.0  
    0.0 0.0 0.0 0.0 0.0 0.0 0.0 0.0 0.0 0.0 0.0 0.0 0.0 0.0 0.0 0.0 0.0  
    0.0 0.0 0.0 0.0 0.0 0.0 0.0 0.0 0.0 0.0 0.0 0.0 0.0 0.0 0.0 0.0 0.0  
    0.0 
  CHII = 0.0 0.0 0.0 0.0 0.0 0.0 0.0 0.0 0.0 0.0 0.0 0.0 0.0 0.0 0.0  
    0.0 0.0 0.0 0.0 0.0 0.0 0.0 0.0 0.0 0.0 0.0 0.0 0.0 0.0 0.0 0.0 0.0  
    0.0 0.0 0.0 0.0 0.0 0.0 0.0 0.0 0.0 0.0 0.0 0.0 0.0 0.0 0.0 0.0 0.0  
    0.0 0.0 0.0 0.0 0.0 0.0 0.0 0.0 0.0 0.0 0.0 0.0 0.0 0.0 0.0 0.0 0.0  
    0.0 0.0 0.0 0.0 0.0 0.0 0.0 0.0 0.0 0.0 0.0 0.0 0.0 0.0 0.0 0.0 0.0  
    0.0 0.0 0.0 0.0 0.0 0.0 0.0 0.0 0.0 0.0 0.0 0.0 0.0 0.0 0.0 0.0 0.0  
    0.0 
  P_EQ = 0.0 0.0 0.0 0.0 0.0 0.0 0.0 0.0 0.0 0.0 0.0 0.0 0.0 0.0 0.0  
    0.0 0.0 0.0 0.0 0.0 0.0 0.0 0.0 0.0 0.0 0.0 0.0 0.0 0.0 0.0 0.0 0.0  
    0.0 0.0 0.0 0.0 0.0 0.0 0.0 0.0 0.0 0.0 0.0 0.0 0.0 0.0 0.0 0.0 0.0  
    0.0 0.0 0.0 0.0 0.0 0.0 0.0 0.0 0.0 0.0 0.0 0.0 0.0 0.0 0.0 0.0 0.0  
    0.0 0.0 0.0 0.0 0.0 0.0 0.0 0.0 0.0 0.0 0.0 0.0 0.0 0.0 0.0 0.0 0.0  
    0.0 0.0 0.0 0.0 0.0 0.0 0.0 0.0 0.0 0.0 0.0 0.0 0.0 0.0 0.0 0.0 0.0  
    0.0 
  J_TOT = 3638259.6503128307 3638259.6503128307 3637679.8524995646  
    3636129.131205825 3633800.450702543 3630720.912444581  
    3626925.61498865 3622431.1035160045 3617242.9145580214  
    3611362.5774241784 3604790.3794948147 3597526.3643725  
    3589570.5377552984 3580922.9003863786 3571583.4520180374  
    3561552.1926503107 3550829.12253085 3539414.2414119733  
    3527307.5490460033 3514509.045680549 3501018.731563382  
    3486836.60644689 3471962.6700832313 3456396.922719998  
    3440139.3646051865 3423189.9954910986 3405548.815129711  
    3387215.8237688425 3368191.0216562958 3348474.408792039  
    3328065.9849285046 3306965.7498178105 3285173.7037076643  
    3262689.8465980305 3239514.1784888594 3215646.699628252  
    3191087.4097681623 3165836.3086609202 3139893.3965543685  
    3113258.6736955596 3085932.1398374927 3057913.7947328594  
    3029203.638628594 2999801.671772577 2969707.8939171736  
    2938922.3050621124 2907444.9052074812 2875275.69410612  
    2842414.672005309 2808861.839152387 2774617.1955480017  
    2739680.740944359 2704052.4750934863 2667732.398243529  
    2630720.5103937984 2593016.8115445925 2554621.3019436426  
    2515533.9813434193 2475754.849496074 2435283.906649013  
    2394121.153050988 2352266.588452767 2309720.2126071826  
    2266482.025762759 2222552.0281661935 2177930.2195706307  
    2132616.5999757326 2086611.1693810066 2039913.9275401596  
    1992524.874699525 1944444.0111068762 1895671.3367619712  
    1846206.8514174002 1796050.5548272715 1745202.447236306  
    1693662.528894091 1641430.7995528157 1588507.258963543  
    1534891.9073751934 1480584.745035585 1425585.7716970227  
    1369894.987110147 1313512.3915248332 1256437.9851869093  
    1198671.767850268 1140213.739267369 1081063.8996830804  
    1021222.2493972314 960688.7882852273 899463.5160751365  
    837546.4327658647 774937.6704046256 711639.7361141744  
    647675.0618111246 583164.4684450716 518556.03497473226  
    455106.62452422443 395382.7971652831 343672.733867474  
    306818.3867689049 279497.2892048894 
  RHO = 0.0 0.01 0.02 0.03 0.04 0.05 0.06 0.07 0.08 0.09 0.1 0.11 0.12  
    0.13 0.14 0.15 0.16 0.17 0.18 0.19 0.2 0.21 0.22 0.23 0.24 0.25  
    0.26 0.27 0.28 0.29 0.3 0.31 0.32 0.33 0.34 0.35 0.36 0.37 0.38  
    0.39 0.4 0.41 0.42 0.43 0.44 0.45 0.46 0.47 0.48 0.49 0.5 0.51 0.52  
    0.53 0.54 0.55 0.56 0.57 0.58 0.59 0.6 0.61 0.62 0.63 0.64 0.65  
    0.66 0.67 0.68 0.69 0.7 0.71 0.72 0.73 0.74 0.75 0.76 0.77 0.78  
    0.79 0.8 0.81 0.82 0.83 0.84 0.85 0.86 0.87 0.88 0.89 0.9 0.91 0.92  
    0.93 0.94 0.95 0.96 0.97 0.98 0.99 1.0 
  MODEL_PROFILE_NE = 'ped' 
  MODEL_PROFILE_TE = 'ped' 
  MODEL_PROFILE_TI = 'ped' 
  MODEL_PROFILE_DENSITY_BEAM = 'parab' 
  MODEL_PROFILE_J_TOT = 'parab' 
  MODEL_PROFILE_OMEGA = 'parab' 
  MODEL_PROFILE_ZEFF = 'const' 
  MODEL_PROFILE_TBEAMI = 'const' 
  MODEL_PROFILE_DENSITY_ALPHA = 'zero' 
  MODEL_PROFILE_WALPHA = 'zero' 
  MODEL_PROFILE_WBEAM = 'derived' 
  J_TOT_AXIS = 1.0 
  J_TOT_SEP = 0.05 
  J_TOT_ALPHA = 2.0 
  J_TOT_BETA = 1.0 
  DENSITY_BEAM_AXIS = 0.0 
  DENSITY_BEAM_SEP = 0.0 
  DENSITY_BEAM_ALPHA = 1.5 
  DENSITY_BEAM_BETA = 1.5 
  TBEAMI_AXIS = 20.0 
  DENSITY_ION_0 = 13.38185686237075 13.38185686237075  
    13.358795860946898 13.33408997497005 13.307760863976151  
    13.27983018750115 13.250319605081 13.219250781096099  
    13.186645375082401 13.15252504657585 13.116911455112401  
    13.079826269916898 13.041291140836401 13.00132773709575  
    12.95995771338645 12.91720273893335 12.873084463583501  
    12.82762455656175 12.780844672559601 12.7327664808019  
    12.683411635980152 12.6328017976303 12.58095863013275  
    12.5279037978679 12.4736589506828 12.41824576264675  
    12.3616858836068 12.30400097794335 12.2452127100368  
    12.1853427394231 12.124412720793748 12.0624443233736  
    11.999459206698598 11.935479025460252 11.870525448883399  
    11.8046201268151 11.73778473332465 11.6700409182591  
    11.601410350843299 11.53191468576875 11.461575582571399  
    11.390414710476099 11.31845372417435 11.2457142832021  
    11.17221805193975 11.0979866850788 11.02304184699965  
    10.94740519723825 10.87109839533055 10.7941430911236  
    10.716560948997799 10.63837362364465 10.55960276006675  
    10.48027000811115 10.400397007936 10.320005394855 10.23911678480405  
    10.157752779185698 10.0759349503358 9.99368482699015  
    9.9110238942845 9.827973545310051 9.744555052046751 9.6607895266077  
    9.57669782435015 9.4923004566754 9.4076174166286 9.3226679608985  
    9.2374702852393 9.152041054558998 9.066394744074199 8.9805426510423  
    8.89449152378215 8.80824156576065 8.72178358705615 8.63509488657595  
    8.54813343387185 8.46082945917495 8.37307353604865  
    8.284699601591399 8.1954609376536 8.10499636142105  
    8.012783084071998 7.918071780613798 7.819799060360301  
    7.71647291506715 7.6060305827688 7.4856775570161 7.35173809199375  
    7.1995875643094 7.02380162392025 6.8187342484404 6.5797702223994  
    6.305355712682 5.999431267584947 5.673123309823447 5.3441017188611  
    5.0328402497769495 4.75711959882835 4.527652204802415  
    4.346908394212085 
  DENSITY_ION_1 = 13.38185686237075 13.38185686237075  
    13.358795860946898 13.33408997497005 13.307760863976151  
    13.27983018750115 13.250319605081 13.219250781096099  
    13.186645375082401 13.15252504657585 13.116911455112401  
    13.079826269916898 13.041291140836401 13.00132773709575  
    12.95995771338645 12.91720273893335 12.873084463583501  
    12.82762455656175 12.780844672559601 12.7327664808019  
    12.683411635980152 12.6328017976303 12.58095863013275  
    12.5279037978679 12.4736589506828 12.41824576264675  
    12.3616858836068 12.30400097794335 12.2452127100368  
    12.1853427394231 12.124412720793748 12.0624443233736  
    11.999459206698598 11.935479025460252 11.870525448883399  
    11.8046201268151 11.73778473332465 11.6700409182591  
    11.601410350843299 11.53191468576875 11.461575582571399  
    11.390414710476099 11.31845372417435 11.2457142832021  
    11.17221805193975 11.0979866850788 11.02304184699965  
    10.94740519723825 10.87109839533055 10.7941430911236  
    10.716560948997799 10.63837362364465 10.55960276006675  
    10.48027000811115 10.400397007936 10.320005394855 10.23911678480405  
    10.157752779185698 10.0759349503358 9.99368482699015  
    9.9110238942845 9.827973545310051 9.744555052046751 9.6607895266077  
    9.57669782435015 9.4923004566754 9.4076174166286 9.3226679608985  
    9.2374702852393 9.152041054558998 9.066394744074199 8.9805426510423  
    8.89449152378215 8.80824156576065 8.72178358705615 8.63509488657595  
    8.54813343387185 8.46082945917495 8.37307353604865  
    8.284699601591399 8.1954609376536 8.10499636142105  
    8.012783084071998 7.918071780613798 7.819799060360301  
    7.71647291506715 7.6060305827688 7.4856775570161 7.35173809199375  
    7.1995875643094 7.02380162392025 6.8187342484404 6.5797702223994  
    6.305355712682 5.999431267584947 5.673123309823447 5.3441017188611  
    5.0328402497769495 4.75711959882835 4.527652204802415  
    4.346908394212085 
  DENSITY_IMP_0 = 0.00041434601025 0.00041434601025 0.0004136319663  
    0.00041286699135000004 0.00041205175605000003 0.00041118693105  
    0.000410273187 0.0004093111947 0.0004083016248 0.00040724514795  
    0.00040614243480000006 0.0004049941563 0.0004038009828  
    0.00040256358525 0.00040128263414999997 0.00039995880045  
    0.0003985927545 0.00039718516725 0.00039573670920000004  
    0.0003942480513 0.00039271986405000004 0.0003911528181  
    0.00038954758425 0.0003879048333 0.00038622523560000004  
    0.00038450946225 0.0003827581836 0.00038097207045 0.0003791517936  
    0.0003772980237 0.00037541143125 0.0003734926872 0.0003715424622  
    0.00036956142675000005 0.00036755025180000003  
    0.00036550960770000005 0.00036344016555 0.0003613425957  
    0.0003592175691 0.00035706575625 0.0003548878278 0.0003526844547  
    0.00035045630745 0.0003482040567 0.00034592837325  
    0.00034362992760000004 0.00034130939055000004 0.00033896743275  
    0.00033660472485 0.0003342219372 0.0003318197406 0.00032939880555  
    0.00032695980225000003 0.00032450340105000003 0.000322030272  
    0.000319541085 0.00031703650935000004 0.0003145172139  
    0.00031198386660000004 0.00030943713405 0.0003068776815  
    0.00030430617135 0.00030172326225000003 0.0002991296079  
    0.00029652585405 0.0002939126358 0.0002912905722 0.0002886602595  
    0.0002860222611 0.000283377093 0.0002807252033999999  
    0.0002780669421 0.00027540251805000004 0.00027273193755  
    0.00027005491605 0.00026737075065 0.00026467813995 0.00026197492365  
    0.00025925771355 0.0002565213678 0.00025375824720000003  
    0.00025095716835 0.00024810194399999994 0.00024516937259999995  
    0.00024212652810000002 0.00023892721305 0.0002355075576  
    0.0002317810347 0.00022763383125 0.0002229227538 0.00021747984675  
    0.0002111302908 0.0002037311838 0.00019523441400000002  
    0.0001857619936499999 0.00017565843314999992 0.0001654708497  
    0.00015583317764999999 0.00014729596545 0.000140190905205  
    0.00013459448629500002 
  DENSITY_IMP_1 = 0.41434601024999995 0.41434601024999995 0.4136319663  
    0.41286699135 0.41205175605 0.41118693105 0.410273187 0.4093111947  
    0.4083016248 0.40724514795 0.4061424348 0.40499415629999996  
    0.4038009828 0.40256358524999997 0.40128263415 0.39995880045  
    0.3985927545 0.39718516725 0.3957367092 0.39424805129999996  
    0.39271986405 0.39115281809999997 0.38954758424999997 0.3879048333  
    0.3862252356 0.38450946225 0.38275818359999997 0.38097207045  
    0.3791517936 0.3772980237 0.37541143125 0.37349268719999995  
    0.3715424622 0.36956142675000003 0.3675502518 0.3655096077  
    0.36344016554999997 0.3613425957 0.35921756909999997 0.35706575625  
    0.3548878278 0.3526844547 0.35045630745 0.3482040567 0.34592837325  
    0.3436299276 0.34130939055 0.33896743274999996 0.33660472485  
    0.3342219372 0.33181974059999997 0.32939880554999995 0.32695980225  
    0.32450340105000003 0.32203027199999995 0.31954108499999995  
    0.31703650935 0.3145172138999999 0.3119838666 0.30943713404999995  
    0.3068776815 0.30430617135 0.30172326225 0.2991296079 0.29652585405  
    0.2939126358 0.2912905722 0.28866025949999996 0.2860222611  
    0.28337709299999997 0.2807252033999999 0.2780669421 0.27540251805  
    0.27273193754999997 0.27005491605 0.26737075065 0.26467813995  
    0.26197492365 0.25925771355 0.25652136779999996 0.2537582472  
    0.25095716835 0.24810194399999994 0.24516937259999996  
    0.24212652810000002 0.23892721304999998 0.23550755759999997  
    0.2317810347 0.22763383124999997 0.22292275379999998 0.21747984675  
    0.21113029079999998 0.2037311838 0.195234414 0.18576199364999987  
    0.1756584331499999 0.1654708497 0.15583317765 0.14729596544999998  
    0.140190905205 0.134594486295 
  DENSITY_TH = 27.17847408100175 27.17847408100175 27.131637320160095  
    27.08145980828145 27.027985535758354 26.97125849298335  
    26.911322670349 26.848222068086898 26.782000676589604  
    26.71270248624965 26.640371487459603 26.565051690290094  
    26.4867870654556 26.40562162302675 26.32159934355705  
    26.23476423711715 26.145160274421503 26.052831465540752  
    25.957821791028405 25.8601752609551 25.759935855874353  
    25.6571475661787 25.55185439209975 25.4441003338691  
    25.333929362201204 25.221385497005752 25.1065127089972  
    24.989354998407148 24.869956365467196 24.748360800569902  
    24.624612284268746 24.498754826634396 24.370832418059397  
    24.240889039097254 24.108968699818597 23.975115370937903  
    23.83937307236485 23.701785774813896 23.562397488355696  
    23.421252193543754 23.278393880770597 23.1338665601069  
    22.98771421210615 22.839980827160897 22.69071040550275  
    22.539946927685197 22.387734393939848 22.23411679465925  
    22.079138120235953 21.9228423413844 21.7652734583362  
    21.60647545164485 21.44649228218575 21.285367920673348  
    21.123146318144 20.959871415795 20.795587115467452  
    20.630337289485297 20.464165751138196 20.29711622516435  
    20.129232347750502 19.960557568141454 19.791135089605753  
    19.6210077907233 19.45021802860435 19.278807461786602  
    19.1068166960294 18.934284841556497 18.761248853839703  
    18.587742579210996 18.413795416751796 18.239430311126704  
    18.06466096813235 17.889487801008848 17.71389214507835  
    17.537827894552546 17.36120968583365 17.183895816923553  
    17.005664043360852 16.826177092350598 16.6449338807544  
    16.46120084836045 16.273916214087993 16.081558103200198  
    15.881966775348703 15.67211197039735 15.4478042306952  
    15.203367929766898 14.931337649068748 14.6223208051726  
    14.265300574437251 13.8488099179716 13.363475359782601  
    12.806141073778 12.184810290813543 11.522080711230045  
    10.8538397582719 10.22166951038155 9.66168245907215  
    9.195635505715034 8.828545869205467 
  NI = 26.7637137247415 26.7637137247415 26.717591721893797  
    26.6681799499401 26.615521727952302 26.5596603750023  
    26.500639210162 26.438501562192197 26.373290750164802  
    26.3050500931517 26.233822910224802 26.159652539833797  
    26.082582281672803 26.0026554741915 25.9199154267729  
    25.8344054778667 25.746168927167002 25.6552491131235  
    25.561689345119202 25.4655329616038 25.366823271960303  
    25.2656035952606 25.1619172602655 25.0558075957358 24.9473179013656  
    24.8364915252935 24.7233717672136 24.6080019558867 24.4904254200736  
    24.3706854788462 24.248825441587496 24.1248886467472  
    23.998918413397195 23.870958050920503 23.741050897766797  
    23.6092402536302 23.4755694666493 23.3400818365182  
    23.202820701686598 23.0638293715375 22.923151165142798  
    22.780829420952198 22.6369074483487 22.4914285664042  
    22.3444361038795 22.1959733701576 22.0460836939993 21.8948103944765  
    21.7421967906611 21.5882861822472 21.433121897995598  
    21.2767472472893 21.1192055201335 20.9605400162223 20.800794015872  
    20.64001078971 20.4782335696081 20.315505558371395 20.1518699006716  
    19.9873696539803 19.822047788569 19.655947090620103  
    19.489110104093502 19.3215790532154 19.1533956487003  
    18.9846009133508 18.8152348332572 18.645335921797 18.4749405704786  
    18.304082109117996 18.132789488148397 17.9610853020846  
    17.7889830475643 17.6164831315213 17.4435671741123 17.2701897731519  
    17.0962668677437 16.9216589183499 16.7461470720973  
    16.569399203182797 16.3909218753072 16.2099927228421  
    16.025566168143996 15.836143561227596 15.639598120720603  
    15.4329458301343 15.2120611655376 14.9713551140322 14.7034761839875  
    14.3991751286188 14.0476032478405 13.6374684968808 13.1595404447988  
    12.610711425364 11.998862535169893 11.346246619646895  
    10.6882034377222 10.065680499553899 9.5142391976567  
    9.05530440960483 8.69381678842417 
  NZ = 0.41476035626024993 0.41476035626024993 0.4140455982663  
    0.41327985834135 0.41246380780605 0.41159811798105  
    0.41068346018699997 0.4097205058947 0.4087099264248  
    0.40765239309795 0.40654857723480003 0.4053991504563  
    0.4042047837828 0.40296614883524995 0.40168391678415  
    0.40035875925045 0.3989913472545 0.39758235241725004  
    0.3961324459092 0.39464229935129996 0.39311258391404996  
    0.39154397091809995 0.38993713183425 0.38829273813329995  
    0.3866114608356 0.38489397171225 0.3831409417836 0.38135304252045  
    0.3795309453936 0.3776753217237 0.37578684268124996  
    0.37386617988719995 0.3719140046622 0.36993098817675  
    0.3679178020518 0.3658751173077 0.36380360571555  
    0.36170393829569997 0.3595767866691 0.35742282200625  
    0.3552427156278 0.3530371391547 0.35080676375745 0.3485522607567  
    0.34627430162324996 0.3439735575276 0.34165069994055  
    0.33930640018275 0.33694132957484996 0.3345561591372  
    0.33215156034059995 0.32972820435554995 0.32728676205225  
    0.32482790445105003 0.32235230227199996 0.31986062608499993  
    0.31735354585935 0.31483173111389995 0.31229585046659997  
    0.30974657118404997 0.3071845591815 0.30461047752135  
    0.30202498551225 0.2994287375079 0.29682237990404997  
    0.29420654843579996 0.2915818627722 0.28894891975949993  
    0.28630828336110004 0.283660470093 0.2810059286033999  
    0.27834500904209997 0.27567792056805 0.27300466948755  
    0.27032497096604996 0.26763812140064996 0.26494281808995  
    0.26223689857365 0.25951697126355 0.2567778891678 0.2540120054472  
    0.25120812551835 0.24835004594399993 0.24541454197259996  
    0.2423686546281 0.23916614026304997 0.23574306515759996  
    0.2320128157347 0.22786146508124996 0.2231456765538  
    0.21769732659675 0.21134142109079998 0.20393491498379998  
    0.19542964841399998 0.18594775564364988 0.17583409158314992  
    0.1656363205497 0.15598901082765 0.14744326141544997  
    0.140331096110205 0.134729080781295 
  DENSITY_HE = 3.631195817495885 3.630546616724514 3.6181499313870082  
    3.6041713953731467 3.588892004120998 3.572590253644195  
    3.555300803675847 3.536092236530106 3.5137917646224466  
    3.4872067732362444 3.4550861720069714 3.4120176834926816  
    3.35530129568185 3.2875829742802583 3.211681898868428  
    3.1309553007622077 3.0475366686572842 2.9612303444345023  
    2.872651632725993 2.7826326342399748 2.6922520202053053  
    2.6015024807814706 2.5097169597037503 2.417220604608692  
    2.3243895650276762 2.231645803859901 2.1401606349798468  
    2.0508839166886212 1.963873875780406 1.8791051579382652  
    1.7964701957188893 1.7154494275083785 1.6356778383338708  
    1.5572031933756234 1.48005116748801 1.4042267326664066  
    1.3300153363697607 1.2577950546962724 1.1876820696646586  
    1.1197742017707029 1.0541505553424175 0.9907696134609146  
    0.9296663028983038 0.8710066412786359 0.8149362031816055  
    0.7615777542513313 0.7111414942846324 0.6636958809702933  
    0.6191206696551642 0.577282374671786 0.5380378285870833  
    0.5012152717727634 0.46665600384338063 0.4342295067988295  
    0.40380464950426354 0.37525154153345563 0.34845721561818155  
    0.3233226705955466 0.2997430190059789 0.277616927039681  
    0.25684735545895887 0.23731510542008044 0.21894878889608976  
    0.2017232665168162 0.18560916903226934 0.17057331985133264  
    0.15662889521145143 0.14375847572921302 0.13188345533945475  
    0.12092942157203508 0.11082624841594929 0.10148386169960696  
    0.09281935292558588 0.08477991281721375 0.07731702298046683  
    0.07038624382575775 0.06395214497764418 0.05798801299822114  
    0.05246609523666731 0.047359528461902965 0.04264229398203888  
    0.038291385173711126 0.03428397325519938 0.030595419473418872  
    0.02720173851607992 0.024079601868020606 0.02120248234858246  
    0.018546544730039777 0.01609412227153803 0.01382985407672025  
    0.011742175363562495 0.008454487172398594 0.005456813774016564  
    0.0029991125485316545 0.0013081876484368877 0.0004116623861841521  
    8.17199358381508e-05 8.270489623026914e-06 2.803497377948868e-07  
    1.0133912445460855e-09 1.0555621272611502e-15 
  _NZ_0 = 0.0021952176399202524 0.0021952176399202524  
    0.002191434613570433 0.0021873817532488773 0.0021830626120794817  
    0.0021784807431861415 0.002173639699692753 0.002168543035517917  
    0.002163194303785529 0.0021575970576194854 0.0021517548501436817  
    0.002145671236071423 0.002139349766937196 0.002132793997454306  
    0.0021260074799519446 0.0021189937691434165 0.0021117564165632086  
    0.0021042989769246264 0.002096625002556861 0.002088738048173217  
    0.002080641666102886 0.002072339409469764 0.0020638348321924517  
    0.00205513148818955 0.002046232928995545 0.0020371427101184463  
    0.0020278643830927406 0.0020184015018370294 0.002008757620269912  
    0.0019989362915152856 0.0019889410679023406 0.001978775504144382  
    0.0019684431533653064 0.001957947567894305 0.0019472923024446826  
    0.0019364809085509263 0.0019255169417210453 0.0019144039534895268  
    0.0019031454985696757 0.0018917451292906836 0.0018802063987764463  
    0.0018685328617402686 0.0018567280705113424 0.0018447955782135634  
    0.0018327389387655319 0.0018205617044964398 0.001808267429324887  
    0.0017958596663747697 0.001783341968769984 0.0017707178880450166  
    0.0017579909781184682 0.00174516479131953 0.001732242878387985  
    0.0017192287908583193 0.0017061260786756108 0.0016929382909902336  
    0.0016796689737737425 0.0016663216706135791 0.0016528999203289587  
    0.0016394072545867545 0.0016258471979015007 0.001612223259688344  
    0.0015985389294948195 0.0015847976706432122 0.001571002904336469  
    0.0015571579953535142 0.001543266223439891 0.0015293307475460543  
    0.0015153545525821706 0.0015013403723317784 0.0014872905813719747  
    0.0014732070329536943 0.0014590908341003286 0.0014449420181894674  
    0.0014307590776666418 0.001416538288546485 0.0014022727559726063  
    0.0013879510346105509 0.0013735551736746856 0.0013590579314888696  
    0.0013444188353414562 0.0013295786352424677 0.0013144515706539413  
    0.0012989147190652862 0.001282793637272067 0.0012658435697929936  
    0.0012477261322393894 0.0012279829016946789 0.0012060108929276942  
    0.0011810514627282078 0.001152214777269605 0.001118574638635977  
    0.001079373946933269 0.0010343578046611431 0.0009841726363943762  
    0.0009306436686067553 0.0008766695446997678 0.0008256088679500117  
    0.0007803784606248035 0.0007427356374850092 0.0007130856415692703 
  _NZ_1 = 2.1952176399202528 2.1952176399202528 2.1914346135704332  
    2.1873817532488777 2.183062612079482 2.1784807431861415  
    2.173639699692753 2.168543035517917 2.1631943037855295  
    2.1575970576194856 2.1517548501436816 2.145671236071423  
    2.139349766937196 2.132793997454306 2.126007479951945  
    2.1189937691434166 2.111756416563209 2.1042989769246265  
    2.096625002556861 2.0887380481732167 2.080641666102886  
    2.0723394094697642 2.0638348321924522 2.05513148818955  
    2.0462329289955448 2.037142710118446 2.0278643830927408  
    2.0184015018370296 2.0087576202699124 1.9989362915152857  
    1.9889410679023405 1.9787755041443822 1.9684431533653066  
    1.9579475678943052 1.9472923024446827 1.9364809085509265  
    1.9255169417210454 1.914403953489527 1.9031454985696759  
    1.8917451292906837 1.8802063987764464 1.8685328617402688  
    1.8567280705113427 1.8447955782135634 1.832738938765532  
    1.8205617044964397 1.808267429324887 1.7958596663747697  
    1.7833419687699843 1.7707178880450167 1.7579909781184684  
    1.7451647913195303 1.732242878387985 1.7192287908583193  
    1.706126078675611 1.6929382909902335 1.6796689737737427  
    1.6663216706135793 1.652899920328959 1.6394072545867546  
    1.6258471979015008 1.6122232596883441 1.5985389294948196  
    1.5847976706432123 1.571002904336469 1.5571579953535144  
    1.543266223439891 1.5293307475460545 1.5153545525821708  
    1.5013403723317784 1.4872905813719748 1.4732070329536946  
    1.4590908341003286 1.4449420181894674 1.430759077666642  
    1.4165382885464852 1.4022727559726065 1.387951034610551  
    1.3735551736746858 1.3590579314888698 1.3444188353414561  
    1.3295786352424677 1.3144515706539415 1.2989147190652863  
    1.2827936372720672 1.2658435697929937 1.2477261322393896  
    1.227982901694679 1.2060108929276943 1.1810514627282078  
    1.152214777269605 1.1185746386359772 1.079373946933269  
    1.0343578046611432 0.9841726363943762 0.9306436686067554  
    0.8766695446997679 0.8256088679500118 0.7803784606248035  
    0.7427356374850094 0.7130856415692703 
  PNBE = 0.0 
  PNBI = 0.0 
  PRFE = 11.66080649884086 
  PRFI = 28.36478847291695 
  PFUSE = 42.29196931368566 
  PFUSI = 13.265690742713971 
  PEI = -1.59679693333143 
  PRAD = -14.21349611640644 
  AREA = 242.8104975 
/




