&INEFIT
  IP = 10000000.0 
  R0 = 4.55 
  B0 = 11.0 
  NRHO = 101 
  RHO = 0.0 0.01 0.02 0.03 0.04 0.05 0.06 0.07 0.08 0.09 0.1 0.11 0.12  
    0.13 0.14 0.15 0.16 0.17 0.18 0.19 0.2 0.21 0.22 0.23 0.24 0.25  
    0.26 0.27 0.28 0.29 0.3 0.31 0.32 0.33 0.34 0.35000000000000003  
    0.36 0.37 0.38 0.39 0.4 0.41000000000000003 0.42 0.43 0.44 0.45  
    0.46 0.47000000000000003 0.48 0.49 0.5 0.51 0.52 0.53 0.54 0.55  
    0.56 0.5700000000000001 0.58 0.59 0.6 0.61 0.62 0.63 0.64 0.65 0.66  
    0.67 0.68 0.6900000000000001 0.7000000000000001 0.71 0.72 0.73 0.74  
    0.75 0.76 0.77 0.78 0.79 0.8 0.81 0.8200000000000001  
    0.8300000000000001 0.84 0.85 0.86 0.87 0.88 0.89 0.9 0.91 0.92 0.93  
    0.9400000000000001 0.9500000000000001 0.96 0.97 0.98 0.99 1.0 
  PRESS = 2033155.6916487124 2032498.1687532538 2030085.0336001196  
    2025692.3024594968 2019536.79440283 2011624.0054819968  
    2001979.0472620402 1990656.3499717144 1977729.5744357738  
    1963279.4946780838 1947395.5552028997 1930168.8286877521  
    1911669.3245592432 1891944.968586212 1871040.6629274476  
    1848998.3206808695 1825843.3908046915 1801590.6822377986  
    1776257.9286614736 1749862.0476452168 1722421.4568243753  
    1693978.223916105 1664602.0450911256 1634368.9280583307  
    1603351.8078409764 1571623.6551626304 1539255.9440449986  
    1506313.8718015985 1472856.8362655262 1438943.3527140426  
    1404691.491866089 1370344.0305994535 1336158.2531745418  
    1302281.1261391111 1268798.459715927 1235810.7409041107  
    1203436.648317558 1171753.9358611454 1140772.2583403462  
    1110476.4663294493 1080834.3759660143 1051788.9491358236  
    1023312.2497837825 995436.7205330676 968219.0681553094  
    941748.9207839562 916153.4647038804 891490.2017815528  
    867697.648869304 844671.410735833 822279.9866211539  
    800340.3684692679 778688.1860474012 757234.7435006489  
    735927.3455603494 714750.1267421814 693777.1325542055  
    673132.3950182467 652909.6990161826 633174.0577947076  
    613982.1572152768 595373.0074831576 577362.5690509536  
    559953.7237498905 543146.0719111447 526936.2138691666  
    511312.3019785075 496251.2788952801 481724.74258812907  
    467704.24663900124 454162.2388259391 441072.73046905757  
    428411.6522552839 416156.2601984185 404284.6016253358  
    392776.9078712617 381615.1863873023 370777.74769352766  
    360237.56823932886 349966.5859370646 339929.0620421281  
    330080.6006671495 320396.89832986955 310886.00103184365  
    301567.18228403525 292499.75424076384 283793.34235243505  
    275483.159041727 267470.35429886065 259611.54750277568  
    247542.41042673276 226190.85895184253 198079.36867668663  
    166705.4291966629 133289.3583570371 100098.29052647272  
    69861.73494725919 44773.13223785275 25741.085484020914  
    12372.664686529617 7090.251309019399 
  JPAR = 3633052.543010638 3632914.8267435064 3632267.7684049574  
    3630821.1703441646 3628561.325304404 3625541.1202163347  
    3621783.8123767283 3617310.745475668 3612134.948894888  
    3606263.2791054267 3599698.840837151 3592442.8183407695  
    3584495.595537155 3575857.277325119 3566527.887633331  
    3556507.430960147 3545795.9081177926 3534393.319293667  
    3522299.664487744 3509514.943762556 3496039.1571180965  
    3481872.3044293514 3467014.385696352 3451465.4010440926  
    3435225.3504725117 3418294.2339191497 3400672.051446513  
    3382358.8030545674 3363354.4886184344 3343659.1080756234  
    3323272.6614259887 3302195.1487320466 3280426.5701813577  
    3257966.925898862 3234816.215759479 3210974.439575843  
    3186441.597285651 3161217.6888887202 3135302.714447367  
    3108696.6740868147 3081399.5678070607 3053411.3955453574  
    3024732.15736432 2995361.853201648 2965300.4828073545  
    2934548.046181347 2903104.543635967 2870969.9753587004  
    2838144.341224665 2804627.641046327 2770419.8747612974  
    2735521.042432214 2699931.144246163 2663650.1803280516  
    2626678.1505533326 2589015.05473453 2550660.892808898  
    2511615.6647764808 2471879.3706373298 2431452.0104537182  
    2390333.5843508486 2348524.09232923 2306023.534325845  
    2262831.9104026128 2218949.2205602084 2174375.464736268  
    2129110.642930158 2083154.75501724 2036507.8009980363  
    1989169.7811847534 1941140.6955769327 1892420.5438620674  
    1843009.3260407145 1792907.042238008 1742113.6924530333  
    1690629.2767481047 1638453.7951244672 1585587.2474572686  
    1532029.6336829402 1477780.9538637323 1422841.208125253  
    1367210.396467964 1310888.5188291322 1253875.5752710907  
    1196171.565793875 1137776.4905220133 1078690.3536850247  
    1018913.1987796783 958445.3444574033 897288.5869992658  
    835451.0222569369 772962.6184150794 709916.3359602557  
    646557.1315167185 583438.1337131981 521641.2891528927  
    462984.7229357569 410108.7748469696 366606.90552960604  
    334380.22005954385 321044.1889481358 
  NLIM = 5 
  RLIM = 6.0 3.5 3.5 6.0 6.0 
  ZLIM = 1.93 1.93 -1.93 -1.93 1.93 
  NBDRY = 15 
  RBDRY = 5.75 5.717889612279765 5.599231274196216 5.333894952548324  
    4.862048988436734 4.215741544340384 3.606248672667517  
    3.3499999999999996 3.606248672667517 4.215741544340384  
    4.862048988436735 5.333894952548324 5.599231274196216  
    5.717889612279765 5.75 
  ZBDRY = 0.0 0.7289246817174976 1.3134768905462901 1.6378788924654637  
    1.6378788924654637 1.3134768905462901 0.7289246817174978  
    2.0574066225675533e-16 -0.7289246817174975 -1.31347689054629  
    -1.6378788924654637 -1.6378788924654637 -1.3134768905462901  
    -0.728924681717498 0.0 
/

