  1-Apr-26 07/09/2014
     1               1
  0.200000000E+01
*   2.000             1               0 MAR   3   2 CLC    40   41
  0.000000000E+00 0.170000000E+03 0.200000000E+01 0.679320679E+06
  0.679320679E+06 0.172327796E+03 0.685809257E+00 0.415585653E+02
  0.135832732E+01-0.367335922E+00-0.335378010E+00 0.789316069E+07
  0.178252561E+03 0.191022036E+01 0.240936593E+01 0.168168240E+01
  0.863347431E+00 0.862011418E+00 0.100000000E+11 0.102894656E+02
  0.100000000E+11 0.100000000E+11 0.206499177E+01-0.122373498E+01
  0.775560020E+02 0.109679114E+03 0.555014816E+02
  0.000000000E+00 0.000000000E+00 0.000000000E+00
  0.829391571E+02 0.800365825E+02
  0.000000000E+00 0.000000000E+00
  0.169860328E+01 0.275361217E+00 0.208562434E+01 0.155069375E+01
  0.769241101E+00 0.227035894E+01-0.500000000E+02-0.500000000E+02
 -0.500000000E+02 0.298751234E+00 0.717807803E+04 0.308385160E+06
  0.651373561E-04 0.132430088E+01 0.960752148E+00 0.219515906E-02
  0.129226901E+01 0.174449393E+03 0.000000000E+00 0.000000000E+00
 -0.999000000E+03-0.999000000E+03-0.999000000E+03-0.999000000E+03
 -0.100000000E+03-0.500000000E+02 0.190540682E+01 0.189905931E+01
  0.905104908E+01 0.393934123E+02 0.100000000E+03 0.102894656E+02
  0.179036009E+03 0.221926944E+01 0.462157454E+00 0.000000000E+00
  0.102251911E+01 0.199172700E+01 0.365240815E+06 0.000000000E+00
  0.000000000E+00 0.000000000E+00 0.883681081E+00 0.100000000E+02
    44   60   18    6
  0.177538829E+00 0.148759757E+00 0.202065814E+00 0.158832423E+00
  0.627280343E-01-0.387885017E-01 0.553138553E+00-0.897805969E-01
 -0.527967214E+00 0.244642350E+00 0.153858378E+00 0.322975865E-01
 -0.379551592E-01-0.795264095E-01-0.106394282E+00 0.569493345E+00
 -0.102070400E+00-0.528104330E-01 0.218091052E+00 0.163629122E+00
  0.177324170E+00 0.177800549E+00 0.102348890E+00 0.113409212E-01
 -0.380430454E+00 0.404627653E+00 0.435945463E+00 0.927735557E-02
  0.634187359E-01 0.207745729E+00 0.954962239E-01-0.181484023E-02
 -0.499565033E-01-0.758025544E-01 0.774703015E-01 0.484492689E+00
  0.474807047E+00-0.631690639E-01 0.110415613E-01-0.516531078E-01
 -0.323090766E-01 0.948558722E-03 0.425539354E-01 0.105770727E+00
  0.106303593E+00 0.234484450E+00 0.205901750E+00-0.196149050E+00
 -0.295216176E+00-0.460704060E-01 0.322376516E+00 0.692768693E+00
  0.321363276E+00-0.163779130E+00-0.349618477E+00-0.907191202E-01
  0.248732303E+00 0.337163729E+00 0.266374326E+00-0.380068820E-01
  0.935943588E-01 0.211293780E+00 0.148420592E+00 0.202843672E+00
  0.247175804E+00 0.242404691E+00 0.334664743E+00-0.104366674E+00
 -0.330040185E+00-0.305223743E+00-0.662516431E-01 0.312896140E+00
  0.375209189E+00 0.300164294E+00 0.430400374E+00 0.829662791E+00
  0.334756010E+00 0.487370057E-01-0.202384692E+00-0.282605921E+00
 -0.716290013E-01 0.951258040E-01 0.335742895E+00 0.263982339E+00
  0.377201532E+00 0.111688665E+00-0.648502359E-01-0.265780000E+00
 -0.321985813E+00-0.104974584E+00 0.329928321E+00 0.244697837E+00
  0.246093096E+00 0.202993382E+00 0.145311990E+00 0.208681676E+00
  0.957640605E-01-0.346398282E-01 0.108962455E+00 0.234186274E+00
  0.208417934E+00-0.181229577E+00-0.300710003E+00-0.434416342E-01
  0.247286820E+05-0.302800006E+05 0.287098759E+06 0.262653689E+06
  0.107157123E+06-0.331681361E+06 0.649565676E+06-0.581550093E+05
 -0.840473361E+06 0.332303567E+06 0.108442936E+06-0.855357953E+05
 -0.103488795E+06-0.109000270E+06-0.431359299E+06 0.597139995E+06
 -0.145881321E+06-0.202715720E+06
  0.000000000E+00 0.000000000E+00 0.000000000E+00 0.000000000E+00
  0.000000000E+00 0.000000000E+00
  0.000000000E+00 0.000000000E+00 0.000000000E+00 0.000000000E+00
  0.000000000E+00 0.000000000E+00 0.000000000E+00 0.000000000E+00
  0.000000000E+00 0.000000000E+00 0.564893631E+02 0.000000000E+00
  0.246425120E+00 0.111350812E+01 0.400000006E+02-0.160970042E+00
 -0.127405108E+01 0.000000000E+00 0.999000000E+03 0.193042997E+01
 -0.100000000E+02 0.960752148E+00 0.000000000E+00 0.608325707E-01
 -0.100000000E+02 0.000000000E+00 0.226127386E+01 0.000000000E+00
  0.145421140E+00 0.324924100E+01 0.130769231E+01 0.213672247E+01
  0.341889395E+02 0.336481763E+01-0.890000000E+02-0.890000000E+02
 -0.890000000E+02-0.890000000E+02-0.890000000E+02-0.890000000E+02
 -0.890000000E+02-0.890000000E+02-0.890000000E+02-0.890000000E+02
 -0.890000000E+02-0.890000000E+02-0.890000000E+02-0.890000000E+02
 -0.890000000E+02 0.000000000E+00 0.688407892E+00 0.930471991E+00
  0.142594797E+03 0.186265625E+03 0.000000000E+00 0.821627062E+00
  0.100000000E+01 0.000000000E+00 0.000000000E+00 0.000000000E+00
                                            EQG
