@R INFLAG 1 []
1.000000e+00 
@R IP 1 []
1.000000e+01 
@R BCENTR 1 []
1.100000e+01 
@R RMAJOR 1 []
4.550000e+00 
@R AMINOR 1 []
1.107947e+00 
@R ELONGB 1 []
1.343480e+00 
@R TRIANB 1 []
-3.124552e-01 
@R AMAIN 1 []
2.500000e+00 
@R ZMAIN 1 []
1.000000e+00 
@R AIMP 1 []
1.820000e+02 
@R ZIMP 1 []
7.400000e+01 
@R RHO 101 []
0.000000e+00 1.000000e-02 2.000000e-02 3.000000e-02 4.000000e-02 
5.000000e-02 6.000000e-02 7.000000e-02 8.000000e-02 9.000000e-02 
1.000000e-01 1.100000e-01 1.200000e-01 1.300000e-01 1.400000e-01 
1.500000e-01 1.600000e-01 1.700000e-01 1.800000e-01 1.900000e-01 
2.000000e-01 2.100000e-01 2.200000e-01 2.300000e-01 2.400000e-01 
2.500000e-01 2.600000e-01 2.700000e-01 2.800000e-01 2.900000e-01 
3.000000e-01 3.100000e-01 3.200000e-01 3.300000e-01 3.400000e-01 
3.500000e-01 3.600000e-01 3.700000e-01 3.800000e-01 3.900000e-01 
4.000000e-01 4.100000e-01 4.200000e-01 4.300000e-01 4.400000e-01 
4.500000e-01 4.600000e-01 4.700000e-01 4.800000e-01 4.900000e-01 
5.000000e-01 5.100000e-01 5.200000e-01 5.300000e-01 5.400000e-01 
5.500000e-01 5.600000e-01 5.700000e-01 5.800000e-01 5.900000e-01 
6.000000e-01 6.100000e-01 6.200000e-01 6.300000e-01 6.400000e-01 
6.500000e-01 6.600000e-01 6.700000e-01 6.800000e-01 6.900000e-01 
7.000000e-01 7.100000e-01 7.200000e-01 7.300000e-01 7.400000e-01 
7.500000e-01 7.600000e-01 7.700000e-01 7.800000e-01 7.900000e-01 
8.000000e-01 8.100000e-01 8.200000e-01 8.300000e-01 8.400000e-01 
8.500000e-01 8.600000e-01 8.700000e-01 8.800000e-01 8.900000e-01 
9.000000e-01 9.100000e-01 9.200000e-01 9.300000e-01 9.400000e-01 
9.500000e-01 9.600000e-01 9.700000e-01 9.800000e-01 9.900000e-01 
1.000000e+00 
@R ENE 101 []
2.762404e+01 2.762404e+01 2.757453e+01 2.752149e+01 2.746497e+01 
2.740501e+01 2.734167e+01 2.727498e+01 2.720499e+01 2.713175e+01 
2.705530e+01 2.697570e+01 2.689299e+01 2.680721e+01 2.671842e+01 
2.662665e+01 2.653196e+01 2.643438e+01 2.633398e+01 2.623079e+01 
2.612485e+01 2.601623e+01 2.590496e+01 2.579109e+01 2.567466e+01 
2.555573e+01 2.543434e+01 2.531053e+01 2.518435e+01 2.505586e+01 
2.492508e+01 2.479208e+01 2.465690e+01 2.451958e+01 2.438017e+01 
2.423872e+01 2.409527e+01 2.394988e+01 2.380258e+01 2.365342e+01 
2.350245e+01 2.334972e+01 2.319527e+01 2.303915e+01 2.288141e+01 
2.272209e+01 2.256123e+01 2.239889e+01 2.223511e+01 2.206994e+01 
2.190343e+01 2.173561e+01 2.156654e+01 2.139627e+01 2.122483e+01 
2.105228e+01 2.087867e+01 2.070403e+01 2.052842e+01 2.035188e+01 
2.017446e+01 1.999620e+01 1.981715e+01 1.963735e+01 1.945686e+01 
1.927570e+01 1.909394e+01 1.891160e+01 1.872873e+01 1.854537e+01 
1.836154e+01 1.817728e+01 1.799260e+01 1.780751e+01 1.762198e+01 
1.743600e+01 1.724948e+01 1.706229e+01 1.687423e+01 1.668501e+01 
1.649417e+01 1.630104e+01 1.610468e+01 1.590371e+01 1.569620e+01 
1.547947e+01 1.524980e+01 1.500218e+01 1.473008e+01 1.442527e+01 
1.407814e+01 1.367870e+01 1.321870e+01 1.269525e+01 1.211507e+01 
1.149775e+01 1.087495e+01 1.028411e+01 9.758564e+00 9.319241e+00 
8.971822e+00 
@R TE 101 []
1.881708e+01 1.881708e+01 1.874163e+01 1.865998e+01 1.857229e+01 
1.847867e+01 1.837928e+01 1.827423e+01 1.816367e+01 1.804773e+01 
1.792654e+01 1.780025e+01 1.766898e+01 1.753288e+01 1.739207e+01 
1.724669e+01 1.709688e+01 1.694276e+01 1.678448e+01 1.662218e+01 
1.645597e+01 1.628601e+01 1.611243e+01 1.593535e+01 1.575492e+01 
1.557127e+01 1.538453e+01 1.519484e+01 1.500234e+01 1.480716e+01 
1.460943e+01 1.440930e+01 1.420688e+01 1.400233e+01 1.379577e+01 
1.358734e+01 1.337718e+01 1.316541e+01 1.295218e+01 1.273761e+01 
1.252186e+01 1.230503e+01 1.208729e+01 1.186875e+01 1.164956e+01 
1.142984e+01 1.120974e+01 1.098939e+01 1.076892e+01 1.054847e+01 
1.032817e+01 1.010816e+01 9.888573e+00 9.669544e+00 9.451209e+00 
9.233702e+00 9.017157e+00 8.801710e+00 8.587497e+00 8.374650e+00 
8.163307e+00 7.953601e+00 7.745667e+00 7.539641e+00 7.335657e+00 
7.133849e+00 6.934354e+00 6.737305e+00 6.542837e+00 6.351083e+00 
6.162179e+00 5.976257e+00 5.793449e+00 5.613887e+00 5.437697e+00 
5.265004e+00 5.095926e+00 4.930571e+00 4.769032e+00 4.611378e+00 
4.457639e+00 4.307785e+00 4.161694e+00 4.019093e+00 3.879481e+00 
3.741996e+00 3.605224e+00 3.466911e+00 3.323561e+00 3.169927e+00 
2.998496e+00 2.799295e+00 2.560757e+00 2.272796e+00 1.932859e+00 
1.553121e+00 1.162841e+00 7.999585e-01 4.954026e-01 2.622133e-01 
9.634936e-02 
@R TI 101 []
1.901726e+01 1.901726e+01 1.894083e+01 1.885813e+01 1.876930e+01 
1.867447e+01 1.857378e+01 1.846737e+01 1.835538e+01 1.823793e+01 
1.811517e+01 1.798724e+01 1.785426e+01 1.771638e+01 1.757374e+01 
1.742647e+01 1.727470e+01 1.711858e+01 1.695824e+01 1.679382e+01 
1.662545e+01 1.645327e+01 1.627742e+01 1.609803e+01 1.591525e+01 
1.572920e+01 1.554003e+01 1.534787e+01 1.515286e+01 1.495513e+01 
1.475482e+01 1.455207e+01 1.434702e+01 1.413980e+01 1.393054e+01 
1.371939e+01 1.350648e+01 1.329196e+01 1.307594e+01 1.285858e+01 
1.264000e+01 1.242035e+01 1.219977e+01 1.197838e+01 1.175633e+01 
1.153374e+01 1.131077e+01 1.108754e+01 1.086420e+01 1.064087e+01 
1.041770e+01 1.019482e+01 9.972374e+00 9.750490e+00 9.529309e+00 
9.308966e+00 9.089599e+00 8.871345e+00 8.654340e+00 8.438721e+00 
8.224625e+00 8.012187e+00 7.801546e+00 7.592838e+00 7.386198e+00 
7.181765e+00 6.979674e+00 6.780062e+00 6.583064e+00 6.388819e+00 
6.197459e+00 6.009122e+00 5.823941e+00 5.642048e+00 5.463573e+00 
5.288643e+00 5.117378e+00 4.949888e+00 4.786270e+00 4.626594e+00 
4.470896e+00 4.319151e+00 4.171243e+00 4.026909e+00 3.885660e+00 
3.746652e+00 3.608493e+00 3.468960e+00 3.324596e+00 3.170201e+00 
2.998302e+00 2.798948e+00 2.560534e+00 2.272855e+00 1.933151e+00 
1.553418e+00 1.162904e+00 7.997471e-01 4.951085e-01 2.621159e-01 
9.665506e-02 
@R OMEGA 101 []
4.992502e+03 4.992502e+03 4.978802e+03 4.961080e+03 4.940120e+03 
4.916382e+03 4.890179e+03 4.861743e+03 4.831258e+03 4.798873e+03 
4.764714e+03 4.728889e+03 4.691494e+03 4.652611e+03 4.612317e+03 
4.570680e+03 4.527764e+03 4.483626e+03 4.438322e+03 4.391901e+03 
4.344411e+03 4.295898e+03 4.246404e+03 4.195970e+03 4.144635e+03 
4.092438e+03 4.039413e+03 3.985597e+03 3.931022e+03 3.875722e+03 
3.819729e+03 3.763074e+03 3.705787e+03 3.647899e+03 3.589439e+03 
3.530435e+03 3.470916e+03 3.410910e+03 3.350445e+03 3.289547e+03 
3.228244e+03 3.166564e+03 3.104531e+03 3.042174e+03 2.979518e+03 
2.916589e+03 2.853414e+03 2.790019e+03 2.726431e+03 2.662674e+03 
2.598777e+03 2.534765e+03 2.470664e+03 2.406501e+03 2.342304e+03 
2.278099e+03 2.213913e+03 2.149775e+03 2.085711e+03 2.021750e+03 
1.957922e+03 1.894253e+03 1.830775e+03 1.767518e+03 1.704511e+03 
1.641786e+03 1.579374e+03 1.517309e+03 1.455623e+03 1.394351e+03 
1.333528e+03 1.273190e+03 1.213373e+03 1.154118e+03 1.095462e+03 
1.037449e+03 9.801196e+02 9.235197e+02 8.676957e+02 8.126966e+02 
7.585737e+02 7.053813e+02 6.531766e+02 6.020207e+02 5.519785e+02 
5.031198e+02 4.555197e+02 4.092600e+02 3.644299e+02 3.211277e+02 
2.794630e+02 2.395592e+02 2.015571e+02 1.656204e+02 1.319431e+02 
1.007622e+02 7.237776e+01 4.719105e+01 2.578550e+01 9.151105e+00 
-3.154810e-12 
@R ZEFF 101 []
1.264420e+00 1.264420e+00 1.263472e+00 1.262445e+00 1.261339e+00 
1.260154e+00 1.258891e+00 1.257551e+00 1.256134e+00 1.254640e+00 
1.253069e+00 1.251423e+00 1.249702e+00 1.247905e+00 1.246035e+00 
1.244090e+00 1.242072e+00 1.239981e+00 1.237818e+00 1.235583e+00 
1.233278e+00 1.230903e+00 1.228459e+00 1.225947e+00 1.223369e+00 
1.220725e+00 1.218018e+00 1.215249e+00 1.212419e+00 1.209530e+00 
1.206586e+00 1.203587e+00 1.200537e+00 1.197438e+00 1.194294e+00 
1.191107e+00 1.187882e+00 1.184622e+00 1.181331e+00 1.178014e+00 
1.174675e+00 1.171319e+00 1.167951e+00 1.164578e+00 1.161204e+00 
1.157836e+00 1.154480e+00 1.151143e+00 1.147830e+00 1.144550e+00 
1.141308e+00 1.138111e+00 1.134967e+00 1.131883e+00 1.128864e+00 
1.125917e+00 1.123049e+00 1.120265e+00 1.117572e+00 1.114973e+00 
1.112474e+00 1.110079e+00 1.107790e+00 1.105611e+00 1.103544e+00 
1.101589e+00 1.099748e+00 1.098020e+00 1.096404e+00 1.094899e+00 
1.093503e+00 1.092213e+00 1.091025e+00 1.089935e+00 1.088940e+00 
1.088035e+00 1.087215e+00 1.086474e+00 1.085808e+00 1.085212e+00 
1.084679e+00 1.084205e+00 1.083783e+00 1.083409e+00 1.083078e+00 
1.082783e+00 1.082520e+00 1.082283e+00 1.082066e+00 1.081865e+00 
1.081675e+00 1.081498e+00 1.081336e+00 1.081201e+00 1.081106e+00 
1.081054e+00 1.081034e+00 1.081030e+00 1.081030e+00 1.081030e+00 
1.081030e+00 
@R CURPAR 101 []
3.682642e+00 3.682642e+00 3.681961e+00 3.680239e+00 3.677799e+00 
3.674650e+00 3.670800e+00 3.666250e+00 3.661000e+00 3.655051e+00 
3.648401e+00 3.641051e+00 3.633001e+00 3.624252e+00 3.614802e+00 
3.604652e+00 3.593802e+00 3.582253e+00 3.570003e+00 3.557054e+00 
3.543404e+00 3.529054e+00 3.514005e+00 3.498255e+00 3.481806e+00 
3.464656e+00 3.446807e+00 3.428257e+00 3.409008e+00 3.389059e+00 
3.368409e+00 3.347060e+00 3.325011e+00 3.302261e+00 3.278812e+00 
3.254663e+00 3.229813e+00 3.204264e+00 3.178015e+00 3.151066e+00 
3.123417e+00 3.095067e+00 3.066018e+00 3.036269e+00 3.005820e+00 
2.974671e+00 2.942822e+00 2.910273e+00 2.877024e+00 2.843075e+00 
2.808426e+00 2.773077e+00 2.737028e+00 2.700279e+00 2.662830e+00 
2.624682e+00 2.585833e+00 2.546284e+00 2.506035e+00 2.465086e+00 
2.423438e+00 2.381089e+00 2.338040e+00 2.294292e+00 2.249843e+00 
2.204694e+00 2.158846e+00 2.112297e+00 2.065048e+00 2.017100e+00 
1.968451e+00 1.919103e+00 1.869054e+00 1.818306e+00 1.766857e+00 
1.714709e+00 1.661861e+00 1.608312e+00 1.554064e+00 1.499115e+00 
1.443467e+00 1.387119e+00 1.330071e+00 1.272322e+00 1.213874e+00 
1.154726e+00 1.094878e+00 1.034329e+00 9.730813e-01 9.111331e-01 
8.484850e-01 7.851369e-01 7.210888e-01 6.563408e-01 5.908928e-01 
5.247447e-01 4.578968e-01 3.908956e-01 3.275694e-01 2.788553e-01 
2.600652e-01 
@R CURBEAM 101 []
0.000000e+00 0.000000e+00 0.000000e+00 0.000000e+00 0.000000e+00 
0.000000e+00 0.000000e+00 0.000000e+00 0.000000e+00 0.000000e+00 
0.000000e+00 0.000000e+00 0.000000e+00 0.000000e+00 0.000000e+00 
0.000000e+00 0.000000e+00 0.000000e+00 0.000000e+00 0.000000e+00 
0.000000e+00 0.000000e+00 0.000000e+00 0.000000e+00 0.000000e+00 
0.000000e+00 0.000000e+00 0.000000e+00 0.000000e+00 0.000000e+00 
0.000000e+00 0.000000e+00 0.000000e+00 0.000000e+00 0.000000e+00 
0.000000e+00 0.000000e+00 0.000000e+00 0.000000e+00 0.000000e+00 
0.000000e+00 0.000000e+00 0.000000e+00 0.000000e+00 0.000000e+00 
0.000000e+00 0.000000e+00 0.000000e+00 0.000000e+00 0.000000e+00 
0.000000e+00 0.000000e+00 0.000000e+00 0.000000e+00 0.000000e+00 
0.000000e+00 0.000000e+00 0.000000e+00 0.000000e+00 0.000000e+00 
0.000000e+00 0.000000e+00 0.000000e+00 0.000000e+00 0.000000e+00 
0.000000e+00 0.000000e+00 0.000000e+00 0.000000e+00 0.000000e+00 
0.000000e+00 0.000000e+00 0.000000e+00 0.000000e+00 0.000000e+00 
0.000000e+00 0.000000e+00 0.000000e+00 0.000000e+00 0.000000e+00 
0.000000e+00 0.000000e+00 0.000000e+00 0.000000e+00 0.000000e+00 
0.000000e+00 0.000000e+00 0.000000e+00 0.000000e+00 0.000000e+00 
0.000000e+00 0.000000e+00 0.000000e+00 0.000000e+00 0.000000e+00 
0.000000e+00 0.000000e+00 0.000000e+00 0.000000e+00 0.000000e+00 
0.000000e+00 
@R CURRF 101 []
0.000000e+00 0.000000e+00 0.000000e+00 0.000000e+00 0.000000e+00 
0.000000e+00 0.000000e+00 0.000000e+00 0.000000e+00 0.000000e+00 
0.000000e+00 0.000000e+00 0.000000e+00 0.000000e+00 0.000000e+00 
0.000000e+00 0.000000e+00 0.000000e+00 0.000000e+00 0.000000e+00 
0.000000e+00 0.000000e+00 0.000000e+00 0.000000e+00 0.000000e+00 
0.000000e+00 0.000000e+00 0.000000e+00 0.000000e+00 0.000000e+00 
0.000000e+00 0.000000e+00 0.000000e+00 0.000000e+00 0.000000e+00 
0.000000e+00 0.000000e+00 0.000000e+00 0.000000e+00 0.000000e+00 
0.000000e+00 0.000000e+00 0.000000e+00 0.000000e+00 0.000000e+00 
0.000000e+00 0.000000e+00 0.000000e+00 0.000000e+00 0.000000e+00 
0.000000e+00 0.000000e+00 0.000000e+00 0.000000e+00 0.000000e+00 
0.000000e+00 0.000000e+00 0.000000e+00 0.000000e+00 0.000000e+00 
0.000000e+00 0.000000e+00 0.000000e+00 0.000000e+00 0.000000e+00 
0.000000e+00 0.000000e+00 0.000000e+00 0.000000e+00 0.000000e+00 
0.000000e+00 0.000000e+00 0.000000e+00 0.000000e+00 0.000000e+00 
0.000000e+00 0.000000e+00 0.000000e+00 0.000000e+00 0.000000e+00 
0.000000e+00 0.000000e+00 0.000000e+00 0.000000e+00 0.000000e+00 
0.000000e+00 0.000000e+00 0.000000e+00 0.000000e+00 0.000000e+00 
0.000000e+00 0.000000e+00 0.000000e+00 0.000000e+00 0.000000e+00 
0.000000e+00 0.000000e+00 0.000000e+00 0.000000e+00 0.000000e+00 
0.000000e+00 
@R Q 101 []
9.769806e-01 9.770404e-01 9.772202e-01 9.775202e-01 9.779409e-01 
9.784831e-01 9.791476e-01 9.799352e-01 9.808466e-01 9.818826e-01 
9.830435e-01 9.843295e-01 9.857400e-01 9.872745e-01 9.889322e-01 
9.907148e-01 9.926252e-01 9.946630e-01 9.968276e-01 9.991189e-01 
1.001539e+00 1.004092e+00 1.006776e+00 1.009591e+00 1.012539e+00 
1.015623e+00 1.018845e+00 1.022205e+00 1.025705e+00 1.029346e+00 
1.033133e+00 1.037066e+00 1.041149e+00 1.045383e+00 1.049773e+00 
1.054321e+00 1.059031e+00 1.063906e+00 1.068949e+00 1.074165e+00 
1.079558e+00 1.085132e+00 1.090892e+00 1.096841e+00 1.102985e+00 
1.109330e+00 1.115880e+00 1.122642e+00 1.129621e+00 1.136824e+00 
1.144257e+00 1.151928e+00 1.159843e+00 1.168010e+00 1.176438e+00 
1.185134e+00 1.194109e+00 1.203371e+00 1.212929e+00 1.222796e+00 
1.232981e+00 1.243496e+00 1.254355e+00 1.265568e+00 1.277151e+00 
1.289117e+00 1.301483e+00 1.314263e+00 1.327476e+00 1.341141e+00 
1.355276e+00 1.369902e+00 1.385042e+00 1.400717e+00 1.416956e+00 
1.433782e+00 1.451227e+00 1.469320e+00 1.488097e+00 1.507593e+00 
1.527847e+00 1.548899e+00 1.570795e+00 1.593581e+00 1.617311e+00 
1.642045e+00 1.667858e+00 1.694823e+00 1.723026e+00 1.752564e+00 
1.783516e+00 1.815950e+00 1.849963e+00 1.885641e+00 1.923087e+00 
1.962490e+00 2.004158e+00 2.048364e+00 2.095626e+00 2.146943e+00 
2.203531e+00 
@R QBEAME 101 []
0.000000e+00 0.000000e+00 0.000000e+00 0.000000e+00 0.000000e+00 
0.000000e+00 0.000000e+00 0.000000e+00 0.000000e+00 0.000000e+00 
0.000000e+00 0.000000e+00 0.000000e+00 0.000000e+00 0.000000e+00 
0.000000e+00 0.000000e+00 0.000000e+00 0.000000e+00 0.000000e+00 
0.000000e+00 0.000000e+00 0.000000e+00 0.000000e+00 0.000000e+00 
0.000000e+00 0.000000e+00 0.000000e+00 0.000000e+00 0.000000e+00 
0.000000e+00 0.000000e+00 0.000000e+00 0.000000e+00 0.000000e+00 
0.000000e+00 0.000000e+00 0.000000e+00 0.000000e+00 0.000000e+00 
0.000000e+00 0.000000e+00 0.000000e+00 0.000000e+00 0.000000e+00 
0.000000e+00 0.000000e+00 0.000000e+00 0.000000e+00 0.000000e+00 
0.000000e+00 0.000000e+00 0.000000e+00 0.000000e+00 0.000000e+00 
0.000000e+00 0.000000e+00 0.000000e+00 0.000000e+00 0.000000e+00 
0.000000e+00 0.000000e+00 0.000000e+00 0.000000e+00 0.000000e+00 
0.000000e+00 0.000000e+00 0.000000e+00 0.000000e+00 0.000000e+00 
0.000000e+00 0.000000e+00 0.000000e+00 0.000000e+00 0.000000e+00 
0.000000e+00 0.000000e+00 0.000000e+00 0.000000e+00 0.000000e+00 
0.000000e+00 0.000000e+00 0.000000e+00 0.000000e+00 0.000000e+00 
0.000000e+00 0.000000e+00 0.000000e+00 0.000000e+00 0.000000e+00 
0.000000e+00 0.000000e+00 0.000000e+00 0.000000e+00 0.000000e+00 
0.000000e+00 0.000000e+00 0.000000e+00 0.000000e+00 0.000000e+00 
0.000000e+00 
@R QBEAMI 101 []
0.000000e+00 0.000000e+00 0.000000e+00 0.000000e+00 0.000000e+00 
0.000000e+00 0.000000e+00 0.000000e+00 0.000000e+00 0.000000e+00 
0.000000e+00 0.000000e+00 0.000000e+00 0.000000e+00 0.000000e+00 
0.000000e+00 0.000000e+00 0.000000e+00 0.000000e+00 0.000000e+00 
0.000000e+00 0.000000e+00 0.000000e+00 0.000000e+00 0.000000e+00 
0.000000e+00 0.000000e+00 0.000000e+00 0.000000e+00 0.000000e+00 
0.000000e+00 0.000000e+00 0.000000e+00 0.000000e+00 0.000000e+00 
0.000000e+00 0.000000e+00 0.000000e+00 0.000000e+00 0.000000e+00 
0.000000e+00 0.000000e+00 0.000000e+00 0.000000e+00 0.000000e+00 
0.000000e+00 0.000000e+00 0.000000e+00 0.000000e+00 0.000000e+00 
0.000000e+00 0.000000e+00 0.000000e+00 0.000000e+00 0.000000e+00 
0.000000e+00 0.000000e+00 0.000000e+00 0.000000e+00 0.000000e+00 
0.000000e+00 0.000000e+00 0.000000e+00 0.000000e+00 0.000000e+00 
0.000000e+00 0.000000e+00 0.000000e+00 0.000000e+00 0.000000e+00 
0.000000e+00 0.000000e+00 0.000000e+00 0.000000e+00 0.000000e+00 
0.000000e+00 0.000000e+00 0.000000e+00 0.000000e+00 0.000000e+00 
0.000000e+00 0.000000e+00 0.000000e+00 0.000000e+00 0.000000e+00 
0.000000e+00 0.000000e+00 0.000000e+00 0.000000e+00 0.000000e+00 
0.000000e+00 0.000000e+00 0.000000e+00 0.000000e+00 0.000000e+00 
0.000000e+00 0.000000e+00 0.000000e+00 0.000000e+00 0.000000e+00 
0.000000e+00 
@R QRFE 101 []
0.000000e+00 0.000000e+00 0.000000e+00 0.000000e+00 0.000000e+00 
0.000000e+00 0.000000e+00 0.000000e+00 0.000000e+00 0.000000e+00 
0.000000e+00 0.000000e+00 0.000000e+00 0.000000e+00 0.000000e+00 
0.000000e+00 0.000000e+00 0.000000e+00 0.000000e+00 0.000000e+00 
0.000000e+00 0.000000e+00 0.000000e+00 0.000000e+00 0.000000e+00 
0.000000e+00 0.000000e+00 0.000000e+00 0.000000e+00 0.000000e+00 
0.000000e+00 0.000000e+00 0.000000e+00 0.000000e+00 0.000000e+00 
0.000000e+00 0.000000e+00 0.000000e+00 0.000000e+00 0.000000e+00 
0.000000e+00 0.000000e+00 0.000000e+00 0.000000e+00 0.000000e+00 
0.000000e+00 0.000000e+00 0.000000e+00 0.000000e+00 0.000000e+00 
0.000000e+00 0.000000e+00 0.000000e+00 0.000000e+00 0.000000e+00 
0.000000e+00 0.000000e+00 0.000000e+00 0.000000e+00 0.000000e+00 
0.000000e+00 0.000000e+00 0.000000e+00 0.000000e+00 0.000000e+00 
0.000000e+00 0.000000e+00 0.000000e+00 0.000000e+00 0.000000e+00 
0.000000e+00 0.000000e+00 0.000000e+00 0.000000e+00 0.000000e+00 
0.000000e+00 0.000000e+00 0.000000e+00 0.000000e+00 0.000000e+00 
0.000000e+00 0.000000e+00 0.000000e+00 0.000000e+00 0.000000e+00 
0.000000e+00 0.000000e+00 0.000000e+00 0.000000e+00 0.000000e+00 
0.000000e+00 0.000000e+00 0.000000e+00 0.000000e+00 0.000000e+00 
0.000000e+00 0.000000e+00 0.000000e+00 0.000000e+00 0.000000e+00 
0.000000e+00 
@R QRFI 101 []
0.000000e+00 0.000000e+00 0.000000e+00 0.000000e+00 0.000000e+00 
0.000000e+00 0.000000e+00 0.000000e+00 0.000000e+00 0.000000e+00 
0.000000e+00 0.000000e+00 0.000000e+00 0.000000e+00 0.000000e+00 
0.000000e+00 0.000000e+00 0.000000e+00 0.000000e+00 0.000000e+00 
0.000000e+00 0.000000e+00 0.000000e+00 0.000000e+00 0.000000e+00 
0.000000e+00 0.000000e+00 0.000000e+00 0.000000e+00 0.000000e+00 
0.000000e+00 0.000000e+00 0.000000e+00 0.000000e+00 0.000000e+00 
0.000000e+00 0.000000e+00 0.000000e+00 0.000000e+00 0.000000e+00 
0.000000e+00 0.000000e+00 0.000000e+00 0.000000e+00 0.000000e+00 
0.000000e+00 0.000000e+00 0.000000e+00 0.000000e+00 0.000000e+00 
0.000000e+00 0.000000e+00 0.000000e+00 0.000000e+00 0.000000e+00 
0.000000e+00 0.000000e+00 0.000000e+00 0.000000e+00 0.000000e+00 
0.000000e+00 0.000000e+00 0.000000e+00 0.000000e+00 0.000000e+00 
0.000000e+00 0.000000e+00 0.000000e+00 0.000000e+00 0.000000e+00 
0.000000e+00 0.000000e+00 0.000000e+00 0.000000e+00 0.000000e+00 
0.000000e+00 0.000000e+00 0.000000e+00 0.000000e+00 0.000000e+00 
0.000000e+00 0.000000e+00 0.000000e+00 0.000000e+00 0.000000e+00 
0.000000e+00 0.000000e+00 0.000000e+00 0.000000e+00 0.000000e+00 
0.000000e+00 0.000000e+00 0.000000e+00 0.000000e+00 0.000000e+00 
0.000000e+00 0.000000e+00 0.000000e+00 0.000000e+00 0.000000e+00 
0.000000e+00 
@R QRAD 101 []
-2.117837e-01 -2.117837e-01 -2.104438e-01 -2.090079e-01 -2.074786e-01 
-2.058589e-01 -2.041517e-01 -2.023599e-01 -2.004865e-01 -1.985347e-01 
-1.965073e-01 -1.944077e-01 -1.922388e-01 -1.900037e-01 -1.877058e-01 
-1.853481e-01 -1.829338e-01 -1.804662e-01 -1.779484e-01 -1.753836e-01 
-1.727750e-01 -1.701259e-01 -1.674393e-01 -1.647185e-01 -1.619666e-01 
-1.591868e-01 -1.563822e-01 -1.535558e-01 -1.507108e-01 -1.478501e-01 
-1.449768e-01 -1.420939e-01 -1.392042e-01 -1.363107e-01 -1.334161e-01 
-1.305233e-01 -1.276350e-01 -1.247539e-01 -1.218825e-01 -1.190235e-01 
-1.161793e-01 -1.133523e-01 -1.105449e-01 -1.077593e-01 -1.049976e-01 
-1.022620e-01 -9.955439e-02 -9.687675e-02 -9.423082e-02 -9.161832e-02 
-8.904082e-02 -8.649979e-02 -8.399661e-02 -8.153254e-02 -7.910870e-02 
-7.672612e-02 -7.438573e-02 -7.208830e-02 -6.983454e-02 -6.762501e-02 
-6.546019e-02 -6.334044e-02 -6.126603e-02 -5.923715e-02 -5.725388e-02 
-5.531624e-02 -5.342417e-02 -5.157753e-02 -4.977613e-02 -4.801972e-02 
-4.630801e-02 -4.464062e-02 -4.301714e-02 -4.143708e-02 -3.989989e-02 
-3.840488e-02 -3.695126e-02 -3.553801e-02 -3.416387e-02 -3.282717e-02 
-3.152573e-02 -3.025656e-02 -2.901563e-02 -2.779738e-02 -2.659415e-02 
-2.539544e-02 -2.418692e-02 -2.294941e-02 -2.165789e-02 -2.028130e-02 
-1.878408e-02 -1.713129e-02 -1.529935e-02 -1.329289e-02 -1.116273e-02 
-9.012108e-03 -6.975976e-03 -5.174343e-03 -3.666395e-03 -2.432634e-03 
-1.366703e-03 
@R QIONE 101 []
0.000000e+00 0.000000e+00 0.000000e+00 0.000000e+00 0.000000e+00 
0.000000e+00 0.000000e+00 0.000000e+00 0.000000e+00 0.000000e+00 
0.000000e+00 0.000000e+00 0.000000e+00 0.000000e+00 0.000000e+00 
0.000000e+00 0.000000e+00 0.000000e+00 0.000000e+00 0.000000e+00 
0.000000e+00 0.000000e+00 0.000000e+00 0.000000e+00 0.000000e+00 
0.000000e+00 0.000000e+00 0.000000e+00 0.000000e+00 0.000000e+00 
0.000000e+00 0.000000e+00 0.000000e+00 0.000000e+00 0.000000e+00 
0.000000e+00 0.000000e+00 0.000000e+00 0.000000e+00 0.000000e+00 
0.000000e+00 0.000000e+00 0.000000e+00 0.000000e+00 0.000000e+00 
0.000000e+00 0.000000e+00 0.000000e+00 0.000000e+00 0.000000e+00 
0.000000e+00 0.000000e+00 0.000000e+00 0.000000e+00 0.000000e+00 
0.000000e+00 0.000000e+00 0.000000e+00 0.000000e+00 0.000000e+00 
0.000000e+00 0.000000e+00 0.000000e+00 0.000000e+00 0.000000e+00 
0.000000e+00 0.000000e+00 0.000000e+00 0.000000e+00 0.000000e+00 
0.000000e+00 0.000000e+00 0.000000e+00 0.000000e+00 0.000000e+00 
0.000000e+00 0.000000e+00 0.000000e+00 0.000000e+00 0.000000e+00 
0.000000e+00 0.000000e+00 0.000000e+00 0.000000e+00 0.000000e+00 
0.000000e+00 0.000000e+00 0.000000e+00 0.000000e+00 0.000000e+00 
0.000000e+00 0.000000e+00 0.000000e+00 0.000000e+00 0.000000e+00 
0.000000e+00 0.000000e+00 0.000000e+00 0.000000e+00 0.000000e+00 
0.000000e+00 
@R QIONI 101 []
0.000000e+00 0.000000e+00 0.000000e+00 0.000000e+00 0.000000e+00 
0.000000e+00 0.000000e+00 0.000000e+00 0.000000e+00 0.000000e+00 
0.000000e+00 0.000000e+00 0.000000e+00 0.000000e+00 0.000000e+00 
0.000000e+00 0.000000e+00 0.000000e+00 0.000000e+00 0.000000e+00 
0.000000e+00 0.000000e+00 0.000000e+00 0.000000e+00 0.000000e+00 
0.000000e+00 0.000000e+00 0.000000e+00 0.000000e+00 0.000000e+00 
0.000000e+00 0.000000e+00 0.000000e+00 0.000000e+00 0.000000e+00 
0.000000e+00 0.000000e+00 0.000000e+00 0.000000e+00 0.000000e+00 
0.000000e+00 0.000000e+00 0.000000e+00 0.000000e+00 0.000000e+00 
0.000000e+00 0.000000e+00 0.000000e+00 0.000000e+00 0.000000e+00 
0.000000e+00 0.000000e+00 0.000000e+00 0.000000e+00 0.000000e+00 
0.000000e+00 0.000000e+00 0.000000e+00 0.000000e+00 0.000000e+00 
0.000000e+00 0.000000e+00 0.000000e+00 0.000000e+00 0.000000e+00 
0.000000e+00 0.000000e+00 0.000000e+00 0.000000e+00 0.000000e+00 
0.000000e+00 0.000000e+00 0.000000e+00 0.000000e+00 0.000000e+00 
0.000000e+00 0.000000e+00 0.000000e+00 0.000000e+00 0.000000e+00 
0.000000e+00 0.000000e+00 0.000000e+00 0.000000e+00 0.000000e+00 
0.000000e+00 0.000000e+00 0.000000e+00 0.000000e+00 0.000000e+00 
0.000000e+00 0.000000e+00 0.000000e+00 0.000000e+00 0.000000e+00 
0.000000e+00 0.000000e+00 0.000000e+00 0.000000e+00 0.000000e+00 
0.000000e+00 
@R QCX 101 []
0.000000e+00 0.000000e+00 0.000000e+00 0.000000e+00 0.000000e+00 
0.000000e+00 0.000000e+00 0.000000e+00 0.000000e+00 0.000000e+00 
0.000000e+00 0.000000e+00 0.000000e+00 0.000000e+00 0.000000e+00 
0.000000e+00 0.000000e+00 0.000000e+00 0.000000e+00 0.000000e+00 
0.000000e+00 0.000000e+00 0.000000e+00 0.000000e+00 0.000000e+00 
0.000000e+00 0.000000e+00 0.000000e+00 0.000000e+00 0.000000e+00 
0.000000e+00 0.000000e+00 0.000000e+00 0.000000e+00 0.000000e+00 
0.000000e+00 0.000000e+00 0.000000e+00 0.000000e+00 0.000000e+00 
0.000000e+00 0.000000e+00 0.000000e+00 0.000000e+00 0.000000e+00 
0.000000e+00 0.000000e+00 0.000000e+00 0.000000e+00 0.000000e+00 
0.000000e+00 0.000000e+00 0.000000e+00 0.000000e+00 0.000000e+00 
0.000000e+00 0.000000e+00 0.000000e+00 0.000000e+00 0.000000e+00 
0.000000e+00 0.000000e+00 0.000000e+00 0.000000e+00 0.000000e+00 
0.000000e+00 0.000000e+00 0.000000e+00 0.000000e+00 0.000000e+00 
0.000000e+00 0.000000e+00 0.000000e+00 0.000000e+00 0.000000e+00 
0.000000e+00 0.000000e+00 0.000000e+00 0.000000e+00 0.000000e+00 
0.000000e+00 0.000000e+00 0.000000e+00 0.000000e+00 0.000000e+00 
0.000000e+00 0.000000e+00 0.000000e+00 0.000000e+00 0.000000e+00 
0.000000e+00 0.000000e+00 0.000000e+00 0.000000e+00 0.000000e+00 
0.000000e+00 0.000000e+00 0.000000e+00 0.000000e+00 0.000000e+00 
0.000000e+00 
@R QTFUSE 101 []
1.956538e+00 1.956538e+00 1.944983e+00 1.932517e+00 1.919150e+00 
1.904890e+00 1.889746e+00 1.873726e+00 1.856838e+00 1.839091e+00 
1.820493e+00 1.801052e+00 1.780779e+00 1.759680e+00 1.737767e+00 
1.715049e+00 1.691538e+00 1.667243e+00 1.642178e+00 1.616356e+00 
1.589789e+00 1.562495e+00 1.534487e+00 1.505786e+00 1.476408e+00 
1.446375e+00 1.415708e+00 1.384432e+00 1.352573e+00 1.320157e+00 
1.287214e+00 1.253777e+00 1.219880e+00 1.185558e+00 1.150852e+00 
1.115802e+00 1.080452e+00 1.044849e+00 1.009043e+00 9.730836e-01 
9.370269e-01 9.009290e-01 8.648492e-01 8.288487e-01 7.929911e-01 
7.573415e-01 7.219666e-01 6.869345e-01 6.523141e-01 6.181744e-01 
5.845848e-01 5.516139e-01 5.193291e-01 4.877964e-01 4.570792e-01 
4.272380e-01 3.983298e-01 3.704074e-01 3.435187e-01 3.177062e-01 
2.930064e-01 2.694496e-01 2.470591e-01 2.258515e-01 2.058359e-01 
1.870141e-01 1.693807e-01 1.529234e-01 1.376227e-01 1.234529e-01 
1.103824e-01 9.837404e-02 8.738588e-02 7.737196e-02 6.828292e-02 
6.006674e-02 5.266945e-02 4.603581e-02 4.010995e-02 3.483590e-02 
3.015811e-02 2.602178e-02 2.237313e-02 1.915952e-02 1.632944e-02 
1.383251e-02 1.161942e-02 9.642320e-03 7.856223e-03 6.222471e-03 
4.715943e-03 3.336772e-03 2.122866e-03 1.148785e-03 4.885150e-04 
1.463187e-04 2.653910e-05 2.328408e-06 6.598279e-08 2.259271e-10 
1.752892e-15 
@R QTFUSI 101 []
8.803777e-01 8.803777e-01 8.722428e-01 8.634939e-01 8.541488e-01 
8.442259e-01 8.337436e-01 8.227208e-01 8.111766e-01 7.991305e-01 
7.866024e-01 7.736124e-01 7.601810e-01 7.463290e-01 7.320776e-01 
7.174483e-01 7.024630e-01 6.871439e-01 6.715136e-01 6.555951e-01 
6.394116e-01 6.229869e-01 6.063450e-01 5.895104e-01 5.725079e-01 
5.553625e-01 5.380998e-01 5.207456e-01 5.033260e-01 4.858675e-01 
4.683967e-01 4.509406e-01 4.335263e-01 4.161812e-01 3.989326e-01 
3.818080e-01 3.648350e-01 3.480408e-01 3.314527e-01 3.150977e-01 
2.990024e-01 2.831931e-01 2.676951e-01 2.525336e-01 2.377324e-01 
2.233147e-01 2.093024e-01 1.957161e-01 1.825750e-01 1.698967e-01 
1.576969e-01 1.459895e-01 1.347863e-01 1.240968e-01 1.139284e-01 
1.042859e-01 9.517160e-02 8.658527e-02 7.852413e-02 7.098284e-02 
6.395355e-02 5.742596e-02 5.138748e-02 4.582334e-02 4.071683e-02 
3.604943e-02 3.180114e-02 2.795065e-02 2.447568e-02 2.135321e-02 
1.855979e-02 1.607177e-02 1.386563e-02 1.191813e-02 1.020661e-02 
8.709154e-03 7.404737e-03 6.273385e-03 5.296265e-03 4.455754e-03 
3.735480e-03 3.120331e-03 2.596432e-03 2.151106e-03 1.772817e-03 
1.451098e-03 1.176504e-03 9.406125e-04 7.361490e-04 5.573422e-04 
4.006139e-04 2.655181e-04 1.552448e-04 7.506025e-05 2.741067e-05 
6.691437e-06 9.272873e-07 5.755923e-08 1.049694e-09 2.009856e-12 
6.313035e-18 
@R ENBEAM 101 []
0.000000e+00 0.000000e+00 0.000000e+00 0.000000e+00 0.000000e+00 
0.000000e+00 0.000000e+00 0.000000e+00 0.000000e+00 0.000000e+00 
0.000000e+00 0.000000e+00 0.000000e+00 0.000000e+00 0.000000e+00 
0.000000e+00 0.000000e+00 0.000000e+00 0.000000e+00 0.000000e+00 
0.000000e+00 0.000000e+00 0.000000e+00 0.000000e+00 0.000000e+00 
0.000000e+00 0.000000e+00 0.000000e+00 0.000000e+00 0.000000e+00 
0.000000e+00 0.000000e+00 0.000000e+00 0.000000e+00 0.000000e+00 
0.000000e+00 0.000000e+00 0.000000e+00 0.000000e+00 0.000000e+00 
0.000000e+00 0.000000e+00 0.000000e+00 0.000000e+00 0.000000e+00 
0.000000e+00 0.000000e+00 0.000000e+00 0.000000e+00 0.000000e+00 
0.000000e+00 0.000000e+00 0.000000e+00 0.000000e+00 0.000000e+00 
0.000000e+00 0.000000e+00 0.000000e+00 0.000000e+00 0.000000e+00 
0.000000e+00 0.000000e+00 0.000000e+00 0.000000e+00 0.000000e+00 
0.000000e+00 0.000000e+00 0.000000e+00 0.000000e+00 0.000000e+00 
0.000000e+00 0.000000e+00 0.000000e+00 0.000000e+00 0.000000e+00 
0.000000e+00 0.000000e+00 0.000000e+00 0.000000e+00 0.000000e+00 
0.000000e+00 0.000000e+00 0.000000e+00 0.000000e+00 0.000000e+00 
0.000000e+00 0.000000e+00 0.000000e+00 0.000000e+00 0.000000e+00 
0.000000e+00 0.000000e+00 0.000000e+00 0.000000e+00 0.000000e+00 
0.000000e+00 0.000000e+00 0.000000e+00 0.000000e+00 0.000000e+00 
0.000000e+00 
@R WBEAM 101 []
0.000000e+00 0.000000e+00 0.000000e+00 0.000000e+00 0.000000e+00 
0.000000e+00 0.000000e+00 0.000000e+00 0.000000e+00 0.000000e+00 
0.000000e+00 0.000000e+00 0.000000e+00 0.000000e+00 0.000000e+00 
0.000000e+00 0.000000e+00 0.000000e+00 0.000000e+00 0.000000e+00 
0.000000e+00 0.000000e+00 0.000000e+00 0.000000e+00 0.000000e+00 
0.000000e+00 0.000000e+00 0.000000e+00 0.000000e+00 0.000000e+00 
0.000000e+00 0.000000e+00 0.000000e+00 0.000000e+00 0.000000e+00 
0.000000e+00 0.000000e+00 0.000000e+00 0.000000e+00 0.000000e+00 
0.000000e+00 0.000000e+00 0.000000e+00 0.000000e+00 0.000000e+00 
0.000000e+00 0.000000e+00 0.000000e+00 0.000000e+00 0.000000e+00 
0.000000e+00 0.000000e+00 0.000000e+00 0.000000e+00 0.000000e+00 
0.000000e+00 0.000000e+00 0.000000e+00 0.000000e+00 0.000000e+00 
0.000000e+00 0.000000e+00 0.000000e+00 0.000000e+00 0.000000e+00 
0.000000e+00 0.000000e+00 0.000000e+00 0.000000e+00 0.000000e+00 
0.000000e+00 0.000000e+00 0.000000e+00 0.000000e+00 0.000000e+00 
0.000000e+00 0.000000e+00 0.000000e+00 0.000000e+00 0.000000e+00 
0.000000e+00 0.000000e+00 0.000000e+00 0.000000e+00 0.000000e+00 
0.000000e+00 0.000000e+00 0.000000e+00 0.000000e+00 0.000000e+00 
0.000000e+00 0.000000e+00 0.000000e+00 0.000000e+00 0.000000e+00 
0.000000e+00 0.000000e+00 0.000000e+00 0.000000e+00 0.000000e+00 
0.000000e+00 
@R ENALP 101 []
0.000000e+00 0.000000e+00 0.000000e+00 0.000000e+00 0.000000e+00 
0.000000e+00 0.000000e+00 0.000000e+00 0.000000e+00 0.000000e+00 
0.000000e+00 0.000000e+00 0.000000e+00 0.000000e+00 0.000000e+00 
0.000000e+00 0.000000e+00 0.000000e+00 0.000000e+00 0.000000e+00 
0.000000e+00 0.000000e+00 0.000000e+00 0.000000e+00 0.000000e+00 
0.000000e+00 0.000000e+00 0.000000e+00 0.000000e+00 0.000000e+00 
0.000000e+00 0.000000e+00 0.000000e+00 0.000000e+00 0.000000e+00 
0.000000e+00 0.000000e+00 0.000000e+00 0.000000e+00 0.000000e+00 
0.000000e+00 0.000000e+00 0.000000e+00 0.000000e+00 0.000000e+00 
0.000000e+00 0.000000e+00 0.000000e+00 0.000000e+00 0.000000e+00 
0.000000e+00 0.000000e+00 0.000000e+00 0.000000e+00 0.000000e+00 
0.000000e+00 0.000000e+00 0.000000e+00 0.000000e+00 0.000000e+00 
0.000000e+00 0.000000e+00 0.000000e+00 0.000000e+00 0.000000e+00 
0.000000e+00 0.000000e+00 0.000000e+00 0.000000e+00 0.000000e+00 
0.000000e+00 0.000000e+00 0.000000e+00 0.000000e+00 0.000000e+00 
0.000000e+00 0.000000e+00 0.000000e+00 0.000000e+00 0.000000e+00 
0.000000e+00 0.000000e+00 0.000000e+00 0.000000e+00 0.000000e+00 
0.000000e+00 0.000000e+00 0.000000e+00 0.000000e+00 0.000000e+00 
0.000000e+00 0.000000e+00 0.000000e+00 0.000000e+00 0.000000e+00 
0.000000e+00 0.000000e+00 0.000000e+00 0.000000e+00 0.000000e+00 
0.000000e+00 
@R WALP 101 []
0.000000e+00 0.000000e+00 0.000000e+00 0.000000e+00 0.000000e+00 
0.000000e+00 0.000000e+00 0.000000e+00 0.000000e+00 0.000000e+00 
0.000000e+00 0.000000e+00 0.000000e+00 0.000000e+00 0.000000e+00 
0.000000e+00 0.000000e+00 0.000000e+00 0.000000e+00 0.000000e+00 
0.000000e+00 0.000000e+00 0.000000e+00 0.000000e+00 0.000000e+00 
0.000000e+00 0.000000e+00 0.000000e+00 0.000000e+00 0.000000e+00 
0.000000e+00 0.000000e+00 0.000000e+00 0.000000e+00 0.000000e+00 
0.000000e+00 0.000000e+00 0.000000e+00 0.000000e+00 0.000000e+00 
0.000000e+00 0.000000e+00 0.000000e+00 0.000000e+00 0.000000e+00 
0.000000e+00 0.000000e+00 0.000000e+00 0.000000e+00 0.000000e+00 
0.000000e+00 0.000000e+00 0.000000e+00 0.000000e+00 0.000000e+00 
0.000000e+00 0.000000e+00 0.000000e+00 0.000000e+00 0.000000e+00 
0.000000e+00 0.000000e+00 0.000000e+00 0.000000e+00 0.000000e+00 
0.000000e+00 0.000000e+00 0.000000e+00 0.000000e+00 0.000000e+00 
0.000000e+00 0.000000e+00 0.000000e+00 0.000000e+00 0.000000e+00 
0.000000e+00 0.000000e+00 0.000000e+00 0.000000e+00 0.000000e+00 
0.000000e+00 0.000000e+00 0.000000e+00 0.000000e+00 0.000000e+00 
0.000000e+00 0.000000e+00 0.000000e+00 0.000000e+00 0.000000e+00 
0.000000e+00 0.000000e+00 0.000000e+00 0.000000e+00 0.000000e+00 
0.000000e+00 0.000000e+00 0.000000e+00 0.000000e+00 0.000000e+00 
0.000000e+00 
@R SION 101 []
0.000000e+00 0.000000e+00 0.000000e+00 0.000000e+00 0.000000e+00 
0.000000e+00 0.000000e+00 0.000000e+00 0.000000e+00 0.000000e+00 
0.000000e+00 0.000000e+00 0.000000e+00 0.000000e+00 0.000000e+00 
0.000000e+00 0.000000e+00 0.000000e+00 0.000000e+00 0.000000e+00 
0.000000e+00 0.000000e+00 0.000000e+00 0.000000e+00 0.000000e+00 
0.000000e+00 0.000000e+00 0.000000e+00 0.000000e+00 0.000000e+00 
0.000000e+00 0.000000e+00 0.000000e+00 0.000000e+00 0.000000e+00 
0.000000e+00 0.000000e+00 0.000000e+00 0.000000e+00 0.000000e+00 
0.000000e+00 0.000000e+00 0.000000e+00 0.000000e+00 0.000000e+00 
0.000000e+00 0.000000e+00 0.000000e+00 0.000000e+00 0.000000e+00 
0.000000e+00 0.000000e+00 0.000000e+00 0.000000e+00 0.000000e+00 
0.000000e+00 0.000000e+00 0.000000e+00 0.000000e+00 0.000000e+00 
0.000000e+00 0.000000e+00 0.000000e+00 0.000000e+00 0.000000e+00 
0.000000e+00 0.000000e+00 0.000000e+00 0.000000e+00 0.000000e+00 
0.000000e+00 0.000000e+00 0.000000e+00 0.000000e+00 0.000000e+00 
0.000000e+00 0.000000e+00 0.000000e+00 0.000000e+00 0.000000e+00 
0.000000e+00 0.000000e+00 0.000000e+00 0.000000e+00 0.000000e+00 
0.000000e+00 0.000000e+00 0.000000e+00 0.000000e+00 0.000000e+00 
0.000000e+00 0.000000e+00 0.000000e+00 0.000000e+00 0.000000e+00 
0.000000e+00 0.000000e+00 0.000000e+00 0.000000e+00 0.000000e+00 
0.000000e+00 
@R CHIE 101 []
0.000000e+00 8.433210e-02 8.097589e-02 1.124723e-01 1.397514e-01 
1.636992e-01 1.849752e-01 2.040775e-01 2.213799e-01 2.371722e-01 
2.516914e-01 2.651326e-01 2.776337e-01 2.893439e-01 3.003299e-01 
3.107652e-01 3.206278e-01 3.299868e-01 3.388915e-01 3.473699e-01 
3.556025e-01 3.634291e-01 3.709593e-01 3.782788e-01 3.853625e-01 
3.921976e-01 3.988072e-01 4.052400e-01 4.114984e-01 4.175918e-01 
4.235289e-01 4.293182e-01 4.349660e-01 4.404793e-01 4.458564e-01 
4.511222e-01 4.562967e-01 4.613614e-01 4.663073e-01 4.711234e-01 
4.758866e-01 4.805977e-01 4.851466e-01 4.896616e-01 4.941405e-01 
4.984824e-01 5.028357e-01 5.070985e-01 5.113432e-01 5.155513e-01 
5.197363e-01 5.239237e-01 5.280885e-01 5.323137e-01 5.365065e-01 
5.408153e-01 5.451531e-01 5.495486e-01 5.541197e-01 5.587629e-01 
5.635462e-01 5.685728e-01 5.737694e-01 5.791747e-01 5.848930e-01 
5.909415e-01 5.973072e-01 6.040478e-01 6.112551e-01 6.189725e-01 
6.272290e-01 6.360616e-01 6.455663e-01 6.558220e-01 6.668955e-01 
6.788548e-01 6.917371e-01 7.056088e-01 7.205297e-01 7.364721e-01 
7.533265e-01 7.707894e-01 7.882525e-01 8.046679e-01 8.182135e-01 
8.259247e-01 8.234575e-01 8.052560e-01 7.660516e-01 7.037644e-01 
6.227308e-01 5.341937e-01 4.523030e-01 3.885724e-01 3.495228e-01 
3.385746e-01 3.599067e-01 4.223204e-01 5.430851e-01 7.532065e-01 
0.000000e+00 
@R CHII 101 []
0.000000e+00 4.927347e-02 4.719176e-02 6.530728e-02 8.082090e-02 
9.426449e-02 1.060329e-01 1.164241e-01 1.256621e-01 1.339205e-01 
1.413416e-01 1.480421e-01 1.541057e-01 1.596211e-01 1.646309e-01 
1.692352e-01 1.734265e-01 1.772470e-01 1.807278e-01 1.838886e-01 
1.868287e-01 1.894676e-01 1.918669e-01 1.940749e-01 1.960819e-01 
1.978852e-01 1.995006e-01 2.009564e-01 2.022573e-01 2.034118e-01 
2.044280e-01 2.053138e-01 2.060763e-01 2.067227e-01 2.072563e-01 
2.076930e-01 2.080460e-01 2.083108e-01 2.084877e-01 2.085762e-01 
2.086152e-01 2.086086e-01 2.085130e-01 2.083887e-01 2.082384e-01 
2.080240e-01 2.078122e-01 2.075646e-01 2.073153e-01 2.070606e-01 
2.068101e-01 2.065776e-01 2.063570e-01 2.061840e-01 2.060260e-01 
2.059430e-01 2.059045e-01 2.059240e-01 2.060479e-01 2.062393e-01 
2.065254e-01 2.069452e-01 2.074727e-01 2.081229e-01 2.089338e-01 
2.099114e-01 2.110508e-01 2.123723e-01 2.139076e-01 2.156707e-01 
2.176710e-01 2.199201e-01 2.224503e-01 2.252876e-01 2.284540e-01 
2.319719e-01 2.358538e-01 2.401224e-01 2.447991e-01 2.498765e-01 
2.553214e-01 2.610374e-01 2.668279e-01 2.723526e-01 2.770134e-01 
2.798287e-01 2.793444e-01 2.736722e-01 2.609693e-01 2.404080e-01 
2.133084e-01 1.833971e-01 1.555128e-01 1.336861e-01 1.202547e-01 
1.164660e-01 1.238050e-01 1.453506e-01 1.871348e-01 2.599773e-01 
0.000000e+00 
@R STORQUE 101 []
0.000000e+00 0.000000e+00 0.000000e+00 0.000000e+00 0.000000e+00 
0.000000e+00 0.000000e+00 0.000000e+00 0.000000e+00 0.000000e+00 
0.000000e+00 0.000000e+00 0.000000e+00 0.000000e+00 0.000000e+00 
0.000000e+00 0.000000e+00 0.000000e+00 0.000000e+00 0.000000e+00 
0.000000e+00 0.000000e+00 0.000000e+00 0.000000e+00 0.000000e+00 
0.000000e+00 0.000000e+00 0.000000e+00 0.000000e+00 0.000000e+00 
0.000000e+00 0.000000e+00 0.000000e+00 0.000000e+00 0.000000e+00 
0.000000e+00 0.000000e+00 0.000000e+00 0.000000e+00 0.000000e+00 
0.000000e+00 0.000000e+00 0.000000e+00 0.000000e+00 0.000000e+00 
0.000000e+00 0.000000e+00 0.000000e+00 0.000000e+00 0.000000e+00 
0.000000e+00 0.000000e+00 0.000000e+00 0.000000e+00 0.000000e+00 
0.000000e+00 0.000000e+00 0.000000e+00 0.000000e+00 0.000000e+00 
0.000000e+00 0.000000e+00 0.000000e+00 0.000000e+00 0.000000e+00 
0.000000e+00 0.000000e+00 0.000000e+00 0.000000e+00 0.000000e+00 
0.000000e+00 0.000000e+00 0.000000e+00 0.000000e+00 0.000000e+00 
0.000000e+00 0.000000e+00 0.000000e+00 0.000000e+00 0.000000e+00 
0.000000e+00 0.000000e+00 0.000000e+00 0.000000e+00 0.000000e+00 
0.000000e+00 0.000000e+00 0.000000e+00 0.000000e+00 0.000000e+00 
0.000000e+00 0.000000e+00 0.000000e+00 0.000000e+00 0.000000e+00 
0.000000e+00 0.000000e+00 0.000000e+00 0.000000e+00 0.000000e+00 
0.000000e+00 
@R QOHM 101 []
0.000000e+00 0.000000e+00 0.000000e+00 0.000000e+00 0.000000e+00 
0.000000e+00 0.000000e+00 0.000000e+00 0.000000e+00 0.000000e+00 
0.000000e+00 0.000000e+00 0.000000e+00 0.000000e+00 0.000000e+00 
0.000000e+00 0.000000e+00 0.000000e+00 0.000000e+00 0.000000e+00 
0.000000e+00 0.000000e+00 0.000000e+00 0.000000e+00 0.000000e+00 
0.000000e+00 0.000000e+00 0.000000e+00 0.000000e+00 0.000000e+00 
0.000000e+00 0.000000e+00 0.000000e+00 0.000000e+00 0.000000e+00 
0.000000e+00 0.000000e+00 0.000000e+00 0.000000e+00 0.000000e+00 
0.000000e+00 0.000000e+00 0.000000e+00 0.000000e+00 0.000000e+00 
0.000000e+00 0.000000e+00 0.000000e+00 0.000000e+00 0.000000e+00 
0.000000e+00 0.000000e+00 0.000000e+00 0.000000e+00 0.000000e+00 
0.000000e+00 0.000000e+00 0.000000e+00 0.000000e+00 0.000000e+00 
0.000000e+00 0.000000e+00 0.000000e+00 0.000000e+00 0.000000e+00 
0.000000e+00 0.000000e+00 0.000000e+00 0.000000e+00 0.000000e+00 
0.000000e+00 0.000000e+00 0.000000e+00 0.000000e+00 0.000000e+00 
0.000000e+00 0.000000e+00 0.000000e+00 0.000000e+00 0.000000e+00 
0.000000e+00 0.000000e+00 0.000000e+00 0.000000e+00 0.000000e+00 
0.000000e+00 0.000000e+00 0.000000e+00 0.000000e+00 0.000000e+00 
0.000000e+00 0.000000e+00 0.000000e+00 0.000000e+00 0.000000e+00 
0.000000e+00 0.000000e+00 0.000000e+00 0.000000e+00 0.000000e+00 
0.000000e+00 
@R ENHE 101 []
2.532991e+00 2.532991e+00 2.515383e+00 2.496407e+00 2.476088e+00 
2.454448e+00 2.431512e+00 2.407303e+00 2.381846e+00 2.355167e+00 
2.327289e+00 2.298240e+00 2.268046e+00 2.236733e+00 2.204332e+00 
2.170869e+00 2.136375e+00 2.100882e+00 2.064419e+00 2.027022e+00 
1.988723e+00 1.949559e+00 1.909566e+00 1.868783e+00 1.827250e+00 
1.785007e+00 1.742099e+00 1.698571e+00 1.654469e+00 1.609842e+00 
1.564742e+00 1.519221e+00 1.473334e+00 1.427140e+00 1.380697e+00 
1.334068e+00 1.287316e+00 1.240508e+00 1.193712e+00 1.146998e+00 
1.100439e+00 1.054109e+00 1.008082e+00 9.624362e-01 9.172490e-01 
8.725989e-01 8.285646e-01 7.852247e-01 7.426573e-01 7.009393e-01 
6.601458e-01 6.203500e-01 5.816217e-01 5.440277e-01 5.076302e-01 
4.724870e-01 4.386500e-01 4.061654e-01 3.750728e-01 3.454046e-01 
3.171856e-01 2.904331e-01 2.651560e-01 2.413554e-01 2.190239e-01 
1.981462e-01 1.786995e-01 1.606532e-01 1.439700e-01 1.286062e-01 
1.145125e-01 1.016347e-01 8.991436e-02 7.928985e-02 6.969699e-02 
6.106996e-02 5.334201e-02 4.644625e-02 4.031622e-02 3.488652e-02 
3.009321e-02 2.587416e-02 2.216926e-02 1.892047e-02 1.607180e-02 
1.356920e-02 1.136048e-02 9.395683e-03 7.628388e-03 6.019148e-03 
4.542478e-03 3.198097e-03 2.022487e-03 1.086516e-03 4.580315e-04 
1.358401e-04 2.438422e-05 2.118224e-06 5.951037e-08 2.023588e-10 
1.561795e-15 
