&INSTATE
  DENSITY_MODEL = 1 
  MODEL_SHAPE = 0 
  NBDRY = 15 
  USE_INPED = 0 
  R0 = 4.55 
  A0 = 1.2 
  KAPPA = 1.4 
  DELTA = -0.5 
  B0 = 11.0 
  IP = 10.0 
  N_ION = 2 
  Z_ION = 1 1 
  A_ION = 2 3 
  F_ION = 0.5 0.5 
  N_IMP = 1 
  Z_IMP = 74 
  A_IMP = 184 
  F_IMP = 1.5e-05 
  N_MIN = 0 
  Z_MIN = 1 
  A_MIN = 1 
  N_BEAM = 1 
  Z_BEAM = 1 
  A_BEAM = 2 
  N_FUSION = 1 
  Z_FUSION = 2 
  A_FUSION = 4 
  NRHO = 101 
  NE_AXIS = 27.6 
  NE_PED = 13.0 
  NE_SEP = 9.0 
  NE_ALPHA = 1.5 
  NE_BETA = 1.1 
  NE_FIT = 1 
  NE_XMID = 0.95 
  NE_XWID = 0.1 
  TE_AXIS = 18.8 
  TE_PED = 4.0 
  TE_SEP = 0.08 
  TE_ALPHA = 1.5 
  TE_BETA = 1.5 
  TE_FIT = 1 
  TE_XMID = 0.95 
  TE_XWID = 0.1 
  TI_AXIS = 19.0 
  TI_PED = 4.0 
  TI_SEP = 0.08 
  TI_ALPHA = 1.5 
  TI_BETA = 1.5 
  TI_FIT = 1 
  TI_XMID = 0.95 
  TI_XWID = 0.1 
  ZEFF_AXIS = 2.0 
  OMEGA_AXIS = 5000.0 
  OMEGA_SEP = 0.0 
  OMEGA_ALPHA = 1.5 
  OMEGA_BETA = 1.5 
  JPAR_AXIS = 1.0 
  JPAR_SEP = 0.05 
  JPAR_ALPHA = 2.0 
  JPAR_BETA = 1.0 
  NBEAM_AXIS = 0.0 
  NBEAM_SEP = 0.0 
  NBEAM_ALPHA = 1.5 
  NBEAM_BETA = 1.5 
  TBEAMI = 20.0 20.0 20.0 20.0 20.0 20.0 20.0 20.0 20.0 20.0 20.0 20.0  
    20.0 20.0 20.0 20.0 20.0 20.0 20.0 20.0 20.0 20.0 20.0 20.0 20.0  
    20.0 20.0 20.0 20.0 20.0 20.0 20.0 20.0 20.0 20.0 20.0 20.0 20.0  
    20.0 20.0 20.0 20.0 20.0 20.0 20.0 20.0 20.0 20.0 20.0 20.0 20.0  
    20.0 20.0 20.0 20.0 20.0 20.0 20.0 20.0 20.0 20.0 20.0 20.0 20.0  
    20.0 20.0 20.0 20.0 20.0 20.0 20.0 20.0 20.0 20.0 20.0 20.0 20.0  
    20.0 20.0 20.0 20.0 20.0 20.0 20.0 20.0 20.0 20.0 20.0 20.0 20.0  
    20.0 20.0 20.0 20.0 20.0 20.0 20.0 20.0 20.0 20.0 20.0 
  BETAN_PED = -1.0 
  XMID = 0.95 
  XWID = 0.1 
  PRESSURE_MODEL = 'full' 
  H98_TARGET = 0.8 
  BETAN_TARGET = 1.25 
  BETAN_BEAM_TARGET = 0.0 
  CURRENT_MODEL = 'broad' 
  RHO_JBDRY = 0.85 
  RHO_JPEAK = 0.65 
  JAXIS = 0.6 
  JAXIS_PRIME = 1.0 
  JBDRY_PRIME = -1.0 
  RBDRY = 5.75 5.717889612279765 5.599231274196216 5.333894952548324  
    4.862048988436734 4.215741544340384 3.606248672667517  
    3.3499999999999996 3.606248672667517 4.215741544340384  
    4.862048988436735 5.333894952548324 5.599231274196216  
    5.717889612279765 5.75 
  ZBDRY = 0.0 0.7289246817174976 1.3134768905462901 1.6378788924654637  
    1.6378788924654637 1.3134768905462901 0.7289246817174978  
    2.0574066225675533e-16 -0.7289246817174975 -1.31347689054629  
    -1.6378788924654637 -1.6378788924654637 -1.3134768905462901  
    -0.728924681717498 0.0 
  NLIM = 5 
  RLIM = 6.0 3.5 3.5 6.0 6.0 
  ZLIM = 1.93 1.93 -1.93 -1.93 1.93 
  NE = 27.62637092 27.62637092 27.57235982 27.51450361 27.45285286  
    27.38745813 27.31836998 27.24563899 27.16931572 27.08945072  
    27.00609457 26.91929784 26.82911107 26.73558485 26.63876973  
    26.53871628 26.43547506 26.32909664 26.21963158 26.10713045  
    25.99164381 25.87322223 25.75191627 25.62777649 25.50085347  
    25.37119775 25.23885992 25.10389053 24.96634015 24.82625935  
    24.68369868 24.53870871 24.39134001 24.24164314 24.08966867  
    23.93546716 23.77908917 23.62058528 23.46000603 23.29740201  
    23.13282377 22.96632187 22.79794689 22.62774938 22.45577991  
    22.28208904 22.10672733 21.92974535 21.75119365 21.57112279  
    21.38958333 21.20662581 21.02230078 20.83665877 20.64975031  
    20.46162589 20.27233599 20.081931059999995 19.89046147 19.69797755  
    19.50452948 19.31016732 19.1149409 18.91889975 18.72209295  
    18.52456898 18.32637542 18.12755861 17.92816316 17.72823115  
    17.527801189999998 17.3269069 17.12557492 16.92382203 16.72165114  
    16.51904563 16.31596151 16.11231636 15.90797403 15.70272338  
    15.49624892 15.28809061 15.077589279999998 14.863813629999997  
    14.64546461 14.42075424 14.18726007 13.94176664 13.68012594  
    13.39720656 13.08706069 12.74351126 12.36140712 11.93870464  
    11.479153039999995 10.994628899999995 10.50546087 10.03732921  
    9.615147828 9.256666394 8.96902876 
  TE = 21.578724504117663 21.571875009418576 21.55133956751494  
    21.517157263606727 21.46939310194145 21.408137799827614  
    21.333507500534154 21.24564340634758 21.14471133340952  
    21.030901190299105 20.90442638265502 20.765523146449784  
    20.6144498128315 20.451486007734843 20.27693178973156  
    20.091106729839883 19.894348937240906 19.687014035056674  
    19.469474090528898 19.24211650409751 19.005342862014523  
    18.759567757239925 18.5052175834525 18.242729307069204  
    17.972549222202055 17.69513169349152 17.410937891740282  
    17.120434527231822 16.824092585554418 16.52238607066437  
    16.215790759812847 15.906469450963334 15.596226283344357  
    15.284999636897442 14.972727891564102 14.659349427285848  
    14.345117178151503 14.030970079943035 13.717875515141701  
    13.406800866228759 13.098713515685459 12.795232289442126  
    12.497671006626767 12.206539539517179 11.922347760391142  
    11.64560554152645 11.376363415984363 11.114207539913027  
    10.858951220220561 10.610407763815079 10.368390477604693  
    10.132685609400571 9.903050943965743 9.679257093636128  
    9.46107467074764 9.248274287636203 9.040687824210579  
    8.83819359939721 8.64063188405853 8.447842949056973  
    8.259667065254975 8.075998135583692 7.896741642847181  
    7.721755227717214 7.550896530865571 7.384023192964024  
    7.220993191852997 7.061631325608644 6.905745465256347  
    6.753143481821488 6.6036332463294505 6.456990586804137  
    6.312974099780366 6.171365809049898 6.031947738404489  
    5.894501911635897 5.758722013019425 5.6243974081393855  
    5.491453642751056 5.359816262609709 5.229410813470622  
    5.10030332059232 4.972616680741583 4.846361746936059  
    4.7215493721934 4.59819040953126 4.476771111181438 4.35723300931974  
    4.238769876879826 4.120575486795359 4.001843612 3.739242847  
    3.415646522 3.021462447 2.559123480999994 2.0497499039999942  
    1.532463946 1.052763012 0.6459840592 0.3273054747 0.09313772241 
  TI = 24.69475621553191 24.68305894630978 24.648000372315476  
    24.589680037245298 24.50826332390217 24.403980672798372  
    24.27712649544563 24.128057789504826 23.95719246491207  
    23.765007391964897 23.552036184127182 23.31886672997861  
    23.06613849028142 22.794539577551113 22.504803636787955  
    22.197706547143454 21.874062965251955 21.53472273174656  
    21.180567163095507 20.812505251337296 20.43146979455897  
    20.03841348105217 19.634304949998324 19.22012485128085  
    18.796861926604052 18.365509133521805 17.92705983325237  
    17.48250406228785 17.032824906808244 16.578994997792186  
    16.121973143491296 15.670649221584155 15.233066103210918  
    14.808899774588543 14.39782622193399 13.999521431464217  
    13.613535018001057 13.239843737583168 12.878764288252757  
    12.530613368052023 12.195707675023169 11.875047585243733  
    11.569044355516397 11.277131004971071 10.998740552737667  
    10.733306017946097 10.47982843792256 10.237150767721287  
    10.004468903064243 9.780978739673388 9.56587617327069  
    9.358392858790603 9.157988147676821 8.964199480415154  
    8.77656429749141 8.5946200393914 8.41795980136213 8.246278914491516  
    8.079268173026716 7.916618371214893 7.7580203033032085  
    7.6031800893957815 7.451880954735823 7.3039293512791374  
    7.159131730981529 7.017294545798801 6.878256768141937  
    6.741877407285873 6.607992970482353 6.476439964983116  
    6.347054898039903 6.219672680334039 6.094126172052603  
    5.970248804705972 5.8478740098045225 5.726835218858627  
    5.606965858414818 5.488120771330331 5.370165513581594  
    5.252965641145036 5.136386709997088 5.02023242243788  
    4.904421638633506 4.788992651359333 4.673983753390728  
    4.559433237503059 4.446124930250042 4.334372572630381  
    4.22350932908692 4.1128683640625106 4.001782842 3.739031311  
    3.415520326 3.021536852 2.559348541999994 2.0499524069999944  
    1.532483761 1.052586005 0.645755862 0.3272331394 0.09338373216 
  OMEGA = 4992.501875 4992.501875 4978.801804 4961.079526 4940.12016  
    4916.382264 4890.178959 4861.74318 4831.258024 4798.873089  
    4764.714177 4728.889466 4691.493659 4652.610886 4612.316799  
    4570.680145 4527.763951 4483.626454 4438.321832 4391.900796  
    4344.411068 4295.897774 4246.403778 4195.969955 4144.635428  
    4092.437767 4039.413164 3985.596584 3931.021896 3875.721988  
    3819.72887 3763.073767 3705.787199 3647.899055 3589.43866  
    3530.4348369999993 3470.91596 3410.910006 3350.444605 3289.54708  
    3228.244492 3166.5636739999995 3104.531273 3042.173783 2979.517575  
    2916.588934 2853.414088 2790.0192379999994 2726.430588 2662.674375  
    2598.776897 2534.764544 2470.663824 2406.501396 2342.304099  
    2278.098979 2213.913327 2149.7747069999996 2085.710992 2021.750397  
    1957.921519 1894.253376 1830.775447 1767.517715 1704.510722  
    1641.785608 1579.374179 1517.308956 1455.623246 1394.3512129999992  
    1333.5279519999992 1273.18958 1213.373329 1154.117653 1095.462349  
    1037.448686 980.1195629 923.5196753 867.6957162 812.6966008  
    758.5737302 705.3812976 653.1766491999995 602.0207127999994  
    551.9785103 503.1197796 455.5197357 409.2600162 364.4298727  
    321.1276991 279.4630303 239.55922 201.557126 165.620359  
    131.94307479999964 100.76217029999968 72.37775876 47.19105135  
    25.78549737 9.151104569 -2.29860575e-12 
  ZEFF = 1.08103 1.08103 1.0810300000000002 1.08103 1.08103  
    1.0810300000000002 1.08103 1.08103 1.08103 1.08103 1.08103  
    1.0810300000000002 1.08103 1.08103 1.08103 1.08103 1.08103 1.08103  
    1.08103 1.0810300000000002 1.0810300000000002 1.0810300000000002  
    1.0810300000000002 1.0810300000000002 1.08103 1.0810300000000002  
    1.08103 1.0810300000000002 1.08103 1.08103 1.0810300000000002  
    1.08103 1.08103 1.08103 1.08103 1.08103 1.08103 1.08103 1.08103  
    1.08103 1.08103 1.08103 1.0810300000000002 1.08103 1.08103 1.08103  
    1.08103 1.08103 1.08103 1.08103 1.08103 1.0810300000000002 1.08103  
    1.08103 1.0810300000000002 1.08103 1.08103 1.08103  
    1.0810300000000002 1.08103 1.0810300000000002 1.08103 1.08103  
    1.08103 1.0810300000000002 1.08103 1.0810300000000002 1.08103  
    1.08103 1.08103 1.08103 1.08103 1.08103 1.08103 1.08103 1.08103  
    1.08103 1.08103 1.08103 1.08103 1.0810300000000002  
    1.0810300000000002 1.08103 1.0810300000000002 1.08103 1.08103  
    1.08103 1.08103 1.08103 1.08103 1.08103 1.0810300000000002 1.08103  
    1.08103 1.0810300000000002 1.08103 1.08103 1.08103 1.08103 1.08103  
    1.08103 
  J_OH = 0.0 0.0 0.0 0.0 0.0 0.0 0.0 0.0 0.0 0.0 0.0 0.0 0.0 0.0 0.0  
    0.0 0.0 0.0 0.0 0.0 0.0 0.0 0.0 0.0 0.0 0.0 0.0 0.0 0.0 0.0 0.0 0.0  
    0.0 0.0 0.0 0.0 0.0 0.0 0.0 0.0 0.0 0.0 0.0 0.0 0.0 0.0 0.0 0.0 0.0  
    0.0 0.0 0.0 0.0 0.0 0.0 0.0 0.0 0.0 0.0 0.0 0.0 0.0 0.0 0.0 0.0 0.0  
    0.0 0.0 0.0 0.0 0.0 0.0 0.0 0.0 0.0 0.0 0.0 0.0 0.0 0.0 0.0 0.0 0.0  
    0.0 0.0 0.0 0.0 0.0 0.0 0.0 0.0 0.0 0.0 0.0 0.0 0.0 0.0 0.0 0.0 0.0  
    0.0 
  J_BS = 198946.10484957002 298419.157274355 438239.45112335973  
    501710.20082149876 540870.1411595588 569494.9484239906  
    592760.6280829438 612942.743842488 631171.3551371394  
    648072.7135693433 664002.6077386971 679087.7919276592  
    693305.8746316913 706605.5776989422 718917.7991763806  
    730167.8497470971 740347.2344637787 749497.5693047513  
    757640.5684512439 764779.9349817985 770922.0624141674  
    776065.5627214066 780203.1437396868 783334.1230244335  
    785462.9057391364 786593.8737436922 786732.4348009364  
    785887.1865916724 784071.849355507 781305.6893610521  
    775256.1295851818 763975.0537657399 750416.8337032697  
    737133.4765854276 724111.3822717633 711214.6229859145  
    697915.3786862649 683755.558735031 668695.7734251363  
    652776.7748903541 635617.749232279 617102.201021001  
    598082.7714398416 579137.3659328719 560285.820730996  
    541823.2881727838 524255.51570064697 507628.9829979785  
    491763.73372494377 476647.2697646926 462270.20935380296  
    448587.9802903933 435531.54639593285 423067.16583892226  
    411182.2174204841 399830.3140919131 388928.88883833727  
    378446.28367153957 368389.0846920594 358748.58575969306  
    349493.9288569869 340576.06576054334 331981.60671668017  
    323716.3178844377 315773.4827651009 308140.235660497  
    300811.2947500781 293797.88281002885 287103.80691639415  
    280723.16515971266 274661.4890472579 268930.7107321689  
    263525.0094835537 258434.55770921032 253659.8262832153  
    249232.16894886992 245152.0291711571 241353.60462196762  
    237815.84342859214 234573.8808522872 231644.92933798875  
    229025.9192373134 226781.8466282879 225047.20783665954  
    223981.6237982723 223505.82730249967 223846.67055911067  
    225954.79168796973 230507.70460418388 237689.3225629333  
    315241.3484893921 417496.04934038257 475959.13852779294  
    527827.453843297 555982.9130423351 544264.2059714022  
    486393.41613190743 389904.2057734048 272304.5836978971  
    154111.24949581717 40680.88991899404 
  J_NB = 0.0 0.0 0.0 0.0 0.0 0.0 0.0 0.0 0.0 0.0 0.0 0.0 0.0 0.0 0.0  
    0.0 0.0 0.0 0.0 0.0 0.0 0.0 0.0 0.0 0.0 0.0 0.0 0.0 0.0 0.0 0.0 0.0  
    0.0 0.0 0.0 0.0 0.0 0.0 0.0 0.0 0.0 0.0 0.0 0.0 0.0 0.0 0.0 0.0 0.0  
    0.0 0.0 0.0 0.0 0.0 0.0 0.0 0.0 0.0 0.0 0.0 0.0 0.0 0.0 0.0 0.0 0.0  
    0.0 0.0 0.0 0.0 0.0 0.0 0.0 0.0 0.0 0.0 0.0 0.0 0.0 0.0 0.0 0.0 0.0  
    0.0 0.0 0.0 0.0 0.0 0.0 0.0 0.0 0.0 0.0 0.0 0.0 0.0 0.0 0.0 0.0 0.0  
    0.0 
  J_EC = 0.0 0.0 0.0 0.0 0.0 0.0 0.0 0.0 0.0 0.0 0.0 0.0 0.0 0.0 0.0  
    0.0 0.0 0.0 0.0 0.0 0.0 0.0 0.0 0.0 0.0 0.0 0.0 0.0 0.0 0.0 0.0 0.0  
    0.0 0.0 0.0 0.0 0.0 0.0 0.0 0.0 0.0 0.0 0.0 0.0 0.0 0.0 0.0 0.0 0.0  
    0.0 0.0 0.0 0.0 0.0 0.0 0.0 0.0 0.0 0.0 0.0 0.0 0.0 0.0 0.0 0.0 0.0  
    0.0 0.0 0.0 0.0 0.0 0.0 0.0 0.0 0.0 0.0 0.0 0.0 0.0 0.0 0.0 0.0 0.0  
    0.0 0.0 0.0 0.0 0.0 0.0 0.0 0.0 0.0 0.0 0.0 0.0 0.0 0.0 0.0 0.0 0.0  
    0.0 
  J_IC = 0.0 0.0 0.0 0.0 0.0 0.0 0.0 0.0 0.0 0.0 0.0 0.0 0.0 0.0 0.0  
    0.0 0.0 0.0 0.0 0.0 0.0 0.0 0.0 0.0 0.0 0.0 0.0 0.0 0.0 0.0 0.0 0.0  
    0.0 0.0 0.0 0.0 0.0 0.0 0.0 0.0 0.0 0.0 0.0 0.0 0.0 0.0 0.0 0.0 0.0  
    0.0 0.0 0.0 0.0 0.0 0.0 0.0 0.0 0.0 0.0 0.0 0.0 0.0 0.0 0.0 0.0 0.0  
    0.0 0.0 0.0 0.0 0.0 0.0 0.0 0.0 0.0 0.0 0.0 0.0 0.0 0.0 0.0 0.0 0.0  
    0.0 0.0 0.0 0.0 0.0 0.0 0.0 0.0 0.0 0.0 0.0 0.0 0.0 0.0 0.0 0.0 0.0  
    0.0 
  J_LH = 0.0 0.0 0.0 0.0 0.0 0.0 0.0 0.0 0.0 0.0 0.0 0.0 0.0 0.0 0.0  
    0.0 0.0 0.0 0.0 0.0 0.0 0.0 0.0 0.0 0.0 0.0 0.0 0.0 0.0 0.0 0.0 0.0  
    0.0 0.0 0.0 0.0 0.0 0.0 0.0 0.0 0.0 0.0 0.0 0.0 0.0 0.0 0.0 0.0 0.0  
    0.0 0.0 0.0 0.0 0.0 0.0 0.0 0.0 0.0 0.0 0.0 0.0 0.0 0.0 0.0 0.0 0.0  
    0.0 0.0 0.0 0.0 0.0 0.0 0.0 0.0 0.0 0.0 0.0 0.0 0.0 0.0 0.0 0.0 0.0  
    0.0 0.0 0.0 0.0 0.0 0.0 0.0 0.0 0.0 0.0 0.0 0.0 0.0 0.0 0.0 0.0 0.0  
    0.0 
  PE_NB = 0.0 0.0 0.0 0.0 0.0 0.0 0.0 0.0 0.0 0.0 0.0 0.0 0.0 0.0 0.0  
    0.0 0.0 0.0 0.0 0.0 0.0 0.0 0.0 0.0 0.0 0.0 0.0 0.0 0.0 0.0 0.0 0.0  
    0.0 0.0 0.0 0.0 0.0 0.0 0.0 0.0 0.0 0.0 0.0 0.0 0.0 0.0 0.0 0.0 0.0  
    0.0 0.0 0.0 0.0 0.0 0.0 0.0 0.0 0.0 0.0 0.0 0.0 0.0 0.0 0.0 0.0 0.0  
    0.0 0.0 0.0 0.0 0.0 0.0 0.0 0.0 0.0 0.0 0.0 0.0 0.0 0.0 0.0 0.0 0.0  
    0.0 0.0 0.0 0.0 0.0 0.0 0.0 0.0 0.0 0.0 0.0 0.0 0.0 0.0 0.0 0.0 0.0  
    0.0 
  PE_EC = 0.0 0.0 0.0 0.0 0.0 0.0 0.0 0.0 0.0 0.0 0.0 0.0 0.0 0.0 0.0  
    0.0 0.0 0.0 0.0 0.0 0.0 0.0 0.0 0.0 0.0 0.0 0.0 0.0 0.0 0.0 0.0 0.0  
    0.0 0.0 0.0 0.0 0.0 0.0 0.0 0.0 0.0 0.0 0.0 0.0 0.0 0.0 0.0 0.0 0.0  
    0.0 0.0 0.0 0.0 0.0 0.0 0.0 0.0 0.0 0.0 0.0 0.0 0.0 0.0 0.0 0.0 0.0  
    0.0 0.0 0.0 0.0 0.0 0.0 0.0 0.0 0.0 0.0 0.0 0.0 0.0 0.0 0.0 0.0 0.0  
    0.0 0.0 0.0 0.0 0.0 0.0 0.0 0.0 0.0 0.0 0.0 0.0 0.0 0.0 0.0 0.0 0.0  
    0.0 
  PE_IC = 0.0 0.0 0.0 0.0 0.0 0.0 0.0 0.0 0.0 0.0 0.0 0.0 0.0 0.0 0.0  
    0.0 0.0 0.0 0.0 0.0 0.0 0.0 0.0 0.0 0.0 0.0 0.0 0.0 0.0 0.0 0.0 0.0  
    0.0 0.0 0.0 0.0 0.0 0.0 0.0 0.0 0.0 0.0 0.0 0.0 0.0 0.0 0.0 0.0 0.0  
    0.0 0.0 0.0 0.0 0.0 0.0 0.0 0.0 0.0 0.0 0.0 0.0 0.0 0.0 0.0 0.0 0.0  
    0.0 0.0 0.0 0.0 0.0 0.0 0.0 0.0 0.0 0.0 0.0 0.0 0.0 0.0 0.0 0.0 0.0  
    0.0 0.0 0.0 0.0 0.0 0.0 0.0 0.0 0.0 0.0 0.0 0.0 0.0 0.0 0.0 0.0 0.0  
    0.0 
  PE_LH = 0.0 0.0 0.0 0.0 0.0 0.0 0.0 0.0 0.0 0.0 0.0 0.0 0.0 0.0 0.0  
    0.0 0.0 0.0 0.0 0.0 0.0 0.0 0.0 0.0 0.0 0.0 0.0 0.0 0.0 0.0 0.0 0.0  
    0.0 0.0 0.0 0.0 0.0 0.0 0.0 0.0 0.0 0.0 0.0 0.0 0.0 0.0 0.0 0.0 0.0  
    0.0 0.0 0.0 0.0 0.0 0.0 0.0 0.0 0.0 0.0 0.0 0.0 0.0 0.0 0.0 0.0 0.0  
    0.0 0.0 0.0 0.0 0.0 0.0 0.0 0.0 0.0 0.0 0.0 0.0 0.0 0.0 0.0 0.0 0.0  
    0.0 0.0 0.0 0.0 0.0 0.0 0.0 0.0 0.0 0.0 0.0 0.0 0.0 0.0 0.0 0.0 0.0  
    0.0 
  PE_FUS = 2614177.2122626863 2614939.191009493 2608811.374919714  
    2603246.1130180494 2598040.045494606 2593034.21166878  
    2587718.511309941 2579940.808113416 2566958.9870994748  
    2545676.324780187 2512325.367114415 2467698.5492534502  
    2416614.864222764 2360970.5421084305 2303352.6885798257  
    2247131.0064327708 2192563.2090324354 2137291.4996105977  
    2081305.7659969884 2024536.7322863906 1966852.7886313472  
    1908354.4469661603 1849326.321409495 1789873.7241750604  
    1730113.7228996365 1670173.9574934593 1610235.4778094736  
    1550487.343190313 1491069.3225414122 1432110.6845449873  
    1373728.9280585092 1315868.4206930015 1258491.8430858962  
    1201730.8806573274 1145711.3014645027 1090551.999696821  
    1036356.8602698088 983276.4637636609 931491.961507549  
    881179.1569693538 832505.3086061161 785703.9152761092  
    740925.3267102472 698189.7806637681 657499.6227931001  
    618840.5502754019 582135.9278239027 547283.6902182708  
    514212.43107391713 482842.76554793806 453089.50405233726  
    424867.81109602674 398115.13197407743 372773.6722483557  
    348782.6835234413 326079.53494530934 304605.60976397735  
    284310.84319895296 265143.8832141387 247052.89006517315  
    229986.08844856013 213893.25692414405 198730.86804588794  
    184457.50816700127 171031.97834894128 158413.57799550562  
    146564.417983693 135448.500979616 125029.06916577011  
    115270.26602533979 106137.2710405155 97596.40227647363  
    89615.13040579505 82162.18130812013 75207.60458073056  
    68722.78469586147 62680.556438639345 57055.645223791274  
    51824.05281410369 46962.7908343834 42449.83114789434  
    38262.27389234468 34381.402879351604 30791.754442836667  
    27477.40263487675 24422.069983323378 21622.37653450986  
    19063.01364066602 16713.49231881313 14548.620689160138  
    12549.008040297116 9207.610685752214 6093.780921269242  
    3463.6306562423265 1579.7912401549474 526.7797235965118  
    112.42906811452471 12.403678874401177 0.4620236708766568  
    0.0017827707642739056 1.0703576401363595e-09 
  PE_IONIZATION = 0.0 0.0 0.0 0.0 0.0 0.0 0.0 0.0 0.0 0.0 0.0 0.0 0.0  
    0.0 0.0 0.0 0.0 0.0 0.0 0.0 0.0 0.0 0.0 0.0 0.0 0.0 0.0 0.0 0.0 0.0  
    0.0 0.0 0.0 0.0 0.0 0.0 0.0 0.0 0.0 0.0 0.0 0.0 0.0 0.0 0.0 0.0 0.0  
    0.0 0.0 0.0 0.0 0.0 0.0 0.0 0.0 0.0 0.0 0.0 0.0 0.0 0.0 0.0 0.0 0.0  
    0.0 0.0 0.0 0.0 0.0 0.0 0.0 0.0 0.0 0.0 0.0 0.0 0.0 0.0 0.0 0.0 0.0  
    0.0 0.0 0.0 0.0 0.0 0.0 0.0 0.0 0.0 0.0 0.0 0.0 0.0 0.0 0.0 0.0 0.0  
    0.0 0.0 0.0 
  P_RAD = 0.0 0.0 0.0 0.0 0.0 0.0 0.0 0.0 0.0 0.0 0.0 0.0 0.0 0.0 0.0  
    0.0 0.0 0.0 0.0 0.0 0.0 0.0 0.0 0.0 0.0 0.0 0.0 0.0 0.0 0.0 0.0 0.0  
    0.0 0.0 0.0 0.0 0.0 0.0 0.0 0.0 0.0 0.0 0.0 0.0 0.0 0.0 0.0 0.0 0.0  
    0.0 0.0 0.0 0.0 0.0 0.0 0.0 0.0 0.0 0.0 0.0 0.0 0.0 0.0 0.0 0.0 0.0  
    0.0 0.0 0.0 0.0 0.0 0.0 0.0 0.0 0.0 0.0 0.0 0.0 0.0 0.0 0.0 0.0 0.0  
    0.0 0.0 0.0 0.0 0.0 0.0 0.0 0.0 0.0 0.0 0.0 0.0 0.0 0.0 0.0 0.0 0.0  
    0.0 
  PI_NB = 0.0 0.0 0.0 0.0 0.0 0.0 0.0 0.0 0.0 0.0 0.0 0.0 0.0 0.0 0.0  
    0.0 0.0 0.0 0.0 0.0 0.0 0.0 0.0 0.0 0.0 0.0 0.0 0.0 0.0 0.0 0.0 0.0  
    0.0 0.0 0.0 0.0 0.0 0.0 0.0 0.0 0.0 0.0 0.0 0.0 0.0 0.0 0.0 0.0 0.0  
    0.0 0.0 0.0 0.0 0.0 0.0 0.0 0.0 0.0 0.0 0.0 0.0 0.0 0.0 0.0 0.0 0.0  
    0.0 0.0 0.0 0.0 0.0 0.0 0.0 0.0 0.0 0.0 0.0 0.0 0.0 0.0 0.0 0.0 0.0  
    0.0 0.0 0.0 0.0 0.0 0.0 0.0 0.0 0.0 0.0 0.0 0.0 0.0 0.0 0.0 0.0 0.0  
    0.0 
  PI_IC = 0.0 0.0 0.0 0.0 0.0 0.0 0.0 0.0 0.0 0.0 0.0 0.0 0.0 0.0 0.0  
    0.0 0.0 0.0 0.0 0.0 0.0 0.0 0.0 0.0 0.0 0.0 0.0 0.0 0.0 0.0 0.0 0.0  
    0.0 0.0 0.0 0.0 0.0 0.0 0.0 0.0 0.0 0.0 0.0 0.0 0.0 0.0 0.0 0.0 0.0  
    0.0 0.0 0.0 0.0 0.0 0.0 0.0 0.0 0.0 0.0 0.0 0.0 0.0 0.0 0.0 0.0 0.0  
    0.0 0.0 0.0 0.0 0.0 0.0 0.0 0.0 0.0 0.0 0.0 0.0 0.0 0.0 0.0 0.0 0.0  
    0.0 0.0 0.0 0.0 0.0 0.0 0.0 0.0 0.0 0.0 0.0 0.0 0.0 0.0 0.0 0.0 0.0  
    0.0 
  PI_LH = 0.0 0.0 0.0 0.0 0.0 0.0 0.0 0.0 0.0 0.0 0.0 0.0 0.0 0.0 0.0  
    0.0 0.0 0.0 0.0 0.0 0.0 0.0 0.0 0.0 0.0 0.0 0.0 0.0 0.0 0.0 0.0 0.0  
    0.0 0.0 0.0 0.0 0.0 0.0 0.0 0.0 0.0 0.0 0.0 0.0 0.0 0.0 0.0 0.0 0.0  
    0.0 0.0 0.0 0.0 0.0 0.0 0.0 0.0 0.0 0.0 0.0 0.0 0.0 0.0 0.0 0.0 0.0  
    0.0 0.0 0.0 0.0 0.0 0.0 0.0 0.0 0.0 0.0 0.0 0.0 0.0 0.0 0.0 0.0 0.0  
    0.0 0.0 0.0 0.0 0.0 0.0 0.0 0.0 0.0 0.0 0.0 0.0 0.0 0.0 0.0 0.0 0.0  
    0.0 
  PI_FUS = 1433215.3014728623 1430089.8299292086 1417404.5403914496  
    1400558.3628910792 1380978.137988415 1360099.8503331104  
    1338993.3913429424 1317208.654195757 1293881.6946554964  
    1268046.3052063517 1238496.3866092458 1205631.5754825398  
    1171153.1535933872 1135653.2788385453 1099987.237807351  
    1065315.7736454436 1031488.5186465856 997379.9149723324  
    962908.6938163522 927981.6149727876 892493.3832744648  
    856583.9216249328 820575.7868814592 784626.8155978789  
    748891.3570131642 713519.0302939881 678700.2188176196  
    644573.343620568 611201.1396972719 578639.710494404  
    546938.0644547036 516045.74281452567 485917.42380989343  
    456601.7347069552 428143.5094383486 400583.3568103846  
    373965.3565851845 348363.29090789036 323851.4198401445  
    300493.1683223261 278340.2498427507 257468.6508819183  
    237910.99170615585 219638.1106407699 202612.90088683984  
    186791.49842392103 172104.52050814455 158471.02555416644  
    145825.368502549 134102.45089762594 123238.48348871559  
    113172.37856209498 103851.33152756278 95226.3984970487  
    87250.2759910939 79877.56182556076 73066.58598544227  
    66780.02070376933 60981.73446455492 55637.28423022497  
    50713.99005066109 46181.483278312284 42012.37287292729  
    38180.82656376803 34662.39561798112 31434.016702408357  
    28474.40085888469 25763.636837121605 23282.715432781064  
    21013.86897326399 18940.5274897194 17047.18790394226  
    15319.41754814779 13743.906983770868 12308.345951842915  
    11001.362118316632 9812.336564714626 8731.746518297454  
    7750.991537815733 6862.056363142275 6057.474638101914  
    5330.185722492894 4674.0790044082505 4083.6417716630726  
    3553.558814281406 3078.7304624977696 2656.1635354599434  
    2281.1413086970356 1947.1361906484124 1648.84338493154  
    1382.112619350353 950.6037839366667 577.3471684315372  
    292.2573006926081 114.02717427959068 30.89265017546558  
    5.029926778442776 0.39203086995614017 0.009315803790119355  
    1.93049235111333e-05 3.724856254342456e-12 
  PI_IONIZATION = 0.0 0.0 0.0 0.0 0.0 0.0 0.0 0.0 0.0 0.0 0.0 0.0 0.0  
    0.0 0.0 0.0 0.0 0.0 0.0 0.0 0.0 0.0 0.0 0.0 0.0 0.0 0.0 0.0 0.0 0.0  
    0.0 0.0 0.0 0.0 0.0 0.0 0.0 0.0 0.0 0.0 0.0 0.0 0.0 0.0 0.0 0.0 0.0  
    0.0 0.0 0.0 0.0 0.0 0.0 0.0 0.0 0.0 0.0 0.0 0.0 0.0 0.0 0.0 0.0 0.0  
    0.0 0.0 0.0 0.0 0.0 0.0 0.0 0.0 0.0 0.0 0.0 0.0 0.0 0.0 0.0 0.0 0.0  
    0.0 0.0 0.0 0.0 0.0 0.0 0.0 0.0 0.0 0.0 0.0 0.0 0.0 0.0 0.0 0.0 0.0  
    0.0 0.0 0.0 
  PI_CX = 0.0 0.0 0.0 0.0 0.0 0.0 0.0 0.0 0.0 0.0 0.0 0.0 0.0 0.0 0.0  
    0.0 0.0 0.0 0.0 0.0 0.0 0.0 0.0 0.0 0.0 0.0 0.0 0.0 0.0 0.0 0.0 0.0  
    0.0 0.0 0.0 0.0 0.0 0.0 0.0 0.0 0.0 0.0 0.0 0.0 0.0 0.0 0.0 0.0 0.0  
    0.0 0.0 0.0 0.0 0.0 0.0 0.0 0.0 0.0 0.0 0.0 0.0 0.0 0.0 0.0 0.0 0.0  
    0.0 0.0 0.0 0.0 0.0 0.0 0.0 0.0 0.0 0.0 0.0 0.0 0.0 0.0 0.0 0.0 0.0  
    0.0 0.0 0.0 0.0 0.0 0.0 0.0 0.0 0.0 0.0 0.0 0.0 0.0 0.0 0.0 0.0 0.0  
    0.0 
  P_OHM = 0.0 0.0 0.0 0.0 0.0 0.0 0.0 0.0 0.0 0.0 0.0 0.0 0.0 0.0 0.0  
    0.0 0.0 0.0 0.0 0.0 0.0 0.0 0.0 0.0 0.0 0.0 0.0 0.0 0.0 0.0 0.0 0.0  
    0.0 0.0 0.0 0.0 0.0 0.0 0.0 0.0 0.0 0.0 0.0 0.0 0.0 0.0 0.0 0.0 0.0  
    0.0 0.0 0.0 0.0 0.0 0.0 0.0 0.0 0.0 0.0 0.0 0.0 0.0 0.0 0.0 0.0 0.0  
    0.0 0.0 0.0 0.0 0.0 0.0 0.0 0.0 0.0 0.0 0.0 0.0 0.0 0.0 0.0 0.0 0.0  
    0.0 0.0 0.0 0.0 0.0 0.0 0.0 0.0 0.0 0.0 0.0 0.0 0.0 0.0 0.0 0.0 0.0  
    0.0 
  P_EI = 0.0 0.0 0.0 0.0 0.0 0.0 0.0 0.0 0.0 0.0 0.0 0.0 0.0 0.0 0.0  
    0.0 0.0 0.0 0.0 0.0 0.0 0.0 0.0 0.0 0.0 0.0 0.0 0.0 0.0 0.0 0.0 0.0  
    0.0 0.0 0.0 0.0 0.0 0.0 0.0 0.0 0.0 0.0 0.0 0.0 0.0 0.0 0.0 0.0 0.0  
    0.0 0.0 0.0 0.0 0.0 0.0 0.0 0.0 0.0 0.0 0.0 0.0 0.0 0.0 0.0 0.0 0.0  
    0.0 0.0 0.0 0.0 0.0 0.0 0.0 0.0 0.0 0.0 0.0 0.0 0.0 0.0 0.0 0.0 0.0  
    0.0 0.0 0.0 0.0 0.0 0.0 0.0 0.0 0.0 0.0 0.0 0.0 0.0 0.0 0.0 0.0 0.0  
    0.0 
  TORQUE_NB = 0.0 0.0 0.0 0.0 0.0 0.0 0.0 0.0 0.0 0.0 0.0 0.0 0.0 0.0  
    0.0 0.0 0.0 0.0 0.0 0.0 0.0 0.0 0.0 0.0 0.0 0.0 0.0 0.0 0.0 0.0 0.0  
    0.0 0.0 0.0 0.0 0.0 0.0 0.0 0.0 0.0 0.0 0.0 0.0 0.0 0.0 0.0 0.0 0.0  
    0.0 0.0 0.0 0.0 0.0 0.0 0.0 0.0 0.0 0.0 0.0 0.0 0.0 0.0 0.0 0.0 0.0  
    0.0 0.0 0.0 0.0 0.0 0.0 0.0 0.0 0.0 0.0 0.0 0.0 0.0 0.0 0.0 0.0 0.0  
    0.0 0.0 0.0 0.0 0.0 0.0 0.0 0.0 0.0 0.0 0.0 0.0 0.0 0.0 0.0 0.0 0.0  
    0.0 0.0 
  TORQUE_IN = 0.0 0.0 0.0 0.0 0.0 0.0 0.0 0.0 0.0 0.0 0.0 0.0 0.0 0.0  
    0.0 0.0 0.0 0.0 0.0 0.0 0.0 0.0 0.0 0.0 0.0 0.0 0.0 0.0 0.0 0.0 0.0  
    0.0 0.0 0.0 0.0 0.0 0.0 0.0 0.0 0.0 0.0 0.0 0.0 0.0 0.0 0.0 0.0 0.0  
    0.0 0.0 0.0 0.0 0.0 0.0 0.0 0.0 0.0 0.0 0.0 0.0 0.0 0.0 0.0 0.0 0.0  
    0.0 0.0 0.0 0.0 0.0 0.0 0.0 0.0 0.0 0.0 0.0 0.0 0.0 0.0 0.0 0.0 0.0  
    0.0 0.0 0.0 0.0 0.0 0.0 0.0 0.0 0.0 0.0 0.0 0.0 0.0 0.0 0.0 0.0 0.0  
    0.0 0.0 
  SE_NB = 0.0 0.0 0.0 0.0 0.0 0.0 0.0 0.0 0.0 0.0 0.0 0.0 0.0 0.0 0.0  
    0.0 0.0 0.0 0.0 0.0 0.0 0.0 0.0 0.0 0.0 0.0 0.0 0.0 0.0 0.0 0.0 0.0  
    0.0 0.0 0.0 0.0 0.0 0.0 0.0 0.0 0.0 0.0 0.0 0.0 0.0 0.0 0.0 0.0 0.0  
    0.0 0.0 0.0 0.0 0.0 0.0 0.0 0.0 0.0 0.0 0.0 0.0 0.0 0.0 0.0 0.0 0.0  
    0.0 0.0 0.0 0.0 0.0 0.0 0.0 0.0 0.0 0.0 0.0 0.0 0.0 0.0 0.0 0.0 0.0  
    0.0 0.0 0.0 0.0 0.0 0.0 0.0 0.0 0.0 0.0 0.0 0.0 0.0 0.0 0.0 0.0 0.0  
    0.0 
  SE_IONIZATION = 0.0 0.0 0.0 0.0 0.0 0.0 0.0 0.0 0.0 0.0 0.0 0.0 0.0  
    0.0 0.0 0.0 0.0 0.0 0.0 0.0 0.0 0.0 0.0 0.0 0.0 0.0 0.0 0.0 0.0 0.0  
    0.0 0.0 0.0 0.0 0.0 0.0 0.0 0.0 0.0 0.0 0.0 0.0 0.0 0.0 0.0 0.0 0.0  
    0.0 0.0 0.0 0.0 0.0 0.0 0.0 0.0 0.0 0.0 0.0 0.0 0.0 0.0 0.0 0.0 0.0  
    0.0 0.0 0.0 0.0 0.0 0.0 0.0 0.0 0.0 0.0 0.0 0.0 0.0 0.0 0.0 0.0 0.0  
    0.0 0.0 0.0 0.0 0.0 0.0 0.0 0.0 0.0 0.0 0.0 0.0 0.0 0.0 0.0 0.0 0.0  
    0.0 0.0 0.0 
  SI_NB = 0.0 0.0 0.0 0.0 0.0 0.0 0.0 0.0 0.0 0.0 0.0 0.0 0.0 0.0 0.0  
    0.0 0.0 0.0 0.0 0.0 0.0 0.0 0.0 0.0 0.0 0.0 0.0 0.0 0.0 0.0 0.0 0.0  
    0.0 0.0 0.0 0.0 0.0 0.0 0.0 0.0 0.0 0.0 0.0 0.0 0.0 0.0 0.0 0.0 0.0  
    0.0 0.0 0.0 0.0 0.0 0.0 0.0 0.0 0.0 0.0 0.0 0.0 0.0 0.0 0.0 0.0 0.0  
    0.0 0.0 0.0 0.0 0.0 0.0 0.0 0.0 0.0 0.0 0.0 0.0 0.0 0.0 0.0 0.0 0.0  
    0.0 0.0 0.0 0.0 0.0 0.0 0.0 0.0 0.0 0.0 0.0 0.0 0.0 0.0 0.0 0.0 0.0  
    0.0 
  SI_IONIZATION = 0.0 0.0 0.0 0.0 0.0 0.0 0.0 0.0 0.0 0.0 0.0 0.0 0.0  
    0.0 0.0 0.0 0.0 0.0 0.0 0.0 0.0 0.0 0.0 0.0 0.0 0.0 0.0 0.0 0.0 0.0  
    0.0 0.0 0.0 0.0 0.0 0.0 0.0 0.0 0.0 0.0 0.0 0.0 0.0 0.0 0.0 0.0 0.0  
    0.0 0.0 0.0 0.0 0.0 0.0 0.0 0.0 0.0 0.0 0.0 0.0 0.0 0.0 0.0 0.0 0.0  
    0.0 0.0 0.0 0.0 0.0 0.0 0.0 0.0 0.0 0.0 0.0 0.0 0.0 0.0 0.0 0.0 0.0  
    0.0 0.0 0.0 0.0 0.0 0.0 0.0 0.0 0.0 0.0 0.0 0.0 0.0 0.0 0.0 0.0 0.0  
    0.0 0.0 0.0 
  SE_PELLET = 0.0 0.0 0.0 0.0 0.0 0.0 0.0 0.0 0.0 0.0 0.0 0.0 0.0 0.0  
    0.0 0.0 0.0 0.0 0.0 0.0 0.0 0.0 0.0 0.0 0.0 0.0 0.0 0.0 0.0 0.0 0.0  
    0.0 0.0 0.0 0.0 0.0 0.0 0.0 0.0 0.0 0.0 0.0 0.0 0.0 0.0 0.0 0.0 0.0  
    0.0 0.0 0.0 0.0 0.0 0.0 0.0 0.0 0.0 0.0 0.0 0.0 0.0 0.0 0.0 0.0 0.0  
    0.0 0.0 0.0 0.0 0.0 0.0 0.0 0.0 0.0 0.0 0.0 0.0 0.0 0.0 0.0 0.0 0.0  
    0.0 0.0 0.0 0.0 0.0 0.0 0.0 0.0 0.0 0.0 0.0 0.0 0.0 0.0 0.0 0.0 0.0  
    0.0 0.0 
  Q = 0.0 0.0 0.0 0.0 0.0 0.0 0.0 0.0 0.0 0.0 0.0 0.0 0.0 0.0 0.0 0.0  
    0.0 0.0 0.0 0.0 0.0 0.0 0.0 0.0 0.0 0.0 0.0 0.0 0.0 0.0 0.0 0.0 0.0  
    0.0 0.0 0.0 0.0 0.0 0.0 0.0 0.0 0.0 0.0 0.0 0.0 0.0 0.0 0.0 0.0 0.0  
    0.0 0.0 0.0 0.0 0.0 0.0 0.0 0.0 0.0 0.0 0.0 0.0 0.0 0.0 0.0 0.0 0.0  
    0.0 0.0 0.0 0.0 0.0 0.0 0.0 0.0 0.0 0.0 0.0 0.0 0.0 0.0 0.0 0.0 0.0  
    0.0 0.0 0.0 0.0 0.0 0.0 0.0 0.0 0.0 0.0 0.0 0.0 0.0 0.0 0.0 0.0 0.0 
  PSIPOL = 0.0 0.0008991168466127065 0.00359614362483534  
    0.008090086477857883 0.014379282446562806 0.022461365434010314  
    0.032333249005333166 0.04399109721861873 0.05743035616610374  
    0.07264564598442777 0.08963088497189638 0.10837937392046373  
    0.12888389702920214 0.15113618118999278 0.17512846270571103  
    0.2008506242318613 0.22829728267176672 0.2574523646863131  
    0.28830882624117105 0.3208486583560697 0.35506445967130074  
    0.390943171416407 0.4284672932152425 0.46762508177875767  
    0.5084030400057317 0.5507860902953333 0.5947567132278667  
    0.6402986904920521 0.6873956657785413 0.7360304706293574  
    0.7861852304760005 0.8378415012225676 0.8909804195715466  
    0.9455825772346982 1.0016277984569613 1.0590953252461173  
    1.117965807864014 1.178218121171245 1.239829611371818  
    1.302776229631233 1.3670345534072694 1.432585287840032  
    1.499401755169474 1.567456477946895 1.6367305996657593  
    1.7071940353670936 1.778820872932386 1.8515879081707547  
    1.9254620525693846 2.0004225653340546 2.076433685536728  
    2.1534739181120983 2.2315068600876766 2.3105082629713047  
    2.390444203217867 2.471283504994888 2.5529988111014634  
    2.635551531953033 2.7189133839070645 2.8030520304463717  
    2.88792887733155 2.9735131208931245 3.0597718047525064  
    3.1466649299497993 3.2341579979227726 3.3222167202981607  
    3.4108043374176975 3.4998799544390566 3.5894067576376236  
    3.679347501802495 3.7696641092622785 3.8603151091890693  
    3.9512592651530714 4.042456810813849 4.133867266852599  
    4.22544952168861 4.317160952310546 4.40895664569064  
    4.500793511927305 4.592627942014428 4.6844157114854585  
    4.776112047870456 4.867669984034652 4.959041709288311  
    5.050180720538113 5.141039681719294 5.231570155204639  
    5.321721700487162 5.411440487975881 5.5006745078732635  
    5.589370970950284 5.677477532176267 5.764937516837081  
    5.851697380646498 5.937707225710676 6.02291533059042  
    6.107260882921266 6.190687684487141 6.273134263271178  
    6.354512596845141 6.434706399806926 
  PSI = 0.0 0.00013972927290663715 0.0005588667767255462  
    0.0012572580589070277 0.002234644683554522 0.003490658942058999  
    0.00502482118007798 0.006836535264443252 0.00892509348489108  
    0.011289659771673113 0.013929288984278407 0.016842940017234614  
    0.020029491482792334 0.023487657680003497 0.02721623207407968  
    0.031213642356376643 0.03547905195466522 0.040009962955580694  
    0.04480528066514764 0.049862206357340066 0.055179589807229514  
    0.06075540158726392 0.06658692201218361 0.07267232608977914  
    0.07900951627272168 0.08559614939259073 0.09242950280462096  
    0.09950705606572266 0.1068262672869063 0.11438446836540081  
    0.12217888146374327 0.13020664023578563 0.13846481318841222  
    0.14695038413299955 0.15566021761101878 0.16459108768006814  
    0.17373998725063178 0.18310363332297455 0.19267850533305128  
    0.20246086591772441 0.21244707504421453 0.22263413415148467  
    0.2330178973223182 0.24359409436208723 0.25435979483304316  
    0.2653103233145677 0.2764416528756867 0.287750177417001  
    0.2992307547438619 0.3108801615865609 0.3226928404377598  
    0.33466545080855803 0.34679233541325727 0.35906972586047314  
    0.3714923501854867 0.3840553634380333 0.39675451411086393  
    0.4095838051029202 0.4225388409312111 0.4356145962666576  
    0.44880507328480485 0.46210548487221503 0.47551070936885564  
    0.4890145306465289 0.5026115873786897 0.5162965509036814  
    0.5300637085042511 0.5439067048255801 0.5578198187481133  
    0.5717972620961999 0.5858331173237971 0.5999209395637536  
    0.6140543203760827 0.6282270797833361 0.6424329270060615  
    0.6566654730067242 0.6709180938605191 0.6851838097574944  
    0.6994559242147166 0.7137276600766478 0.7279921445407385  
    0.7422424196407414 0.7564711863435926 0.7706710145216739  
    0.7848346772573251 0.7989548181830878 0.8130239097407168  
    0.8270341131099378 0.8409770627822665 0.8548446760583066  
    0.8686287491093602 0.8823211471383715 0.8959130624841033  
    0.9093961739764971 0.9227627271212931 0.93600468403207  
    0.9491125940267477 0.9620777234953398 0.9748905192410029  
    0.9875373019405841 1.0 
  DENSITY_BEAM = 0.0 0.0 0.0 0.0 0.0 0.0 0.0 0.0 0.0 0.0 0.0 0.0 0.0  
    0.0 0.0 0.0 0.0 0.0 0.0 0.0 0.0 0.0 0.0 0.0 0.0 0.0 0.0 0.0 0.0 0.0  
    0.0 0.0 0.0 0.0 0.0 0.0 0.0 0.0 0.0 0.0 0.0 0.0 0.0 0.0 0.0 0.0 0.0  
    0.0 0.0 0.0 0.0 0.0 0.0 0.0 0.0 0.0 0.0 0.0 0.0 0.0 0.0 0.0 0.0 0.0  
    0.0 0.0 0.0 0.0 0.0 0.0 0.0 0.0 0.0 0.0 0.0 0.0 0.0 0.0 0.0 0.0 0.0  
    0.0 0.0 0.0 0.0 0.0 0.0 0.0 0.0 0.0 0.0 0.0 0.0 0.0 0.0 0.0 0.0 0.0  
    0.0 0.0 0.0 
  WBEAM = 0.0 0.0 0.0 0.0 0.0 0.0 0.0 0.0 0.0 0.0 0.0 0.0 0.0 0.0 0.0  
    0.0 0.0 0.0 0.0 0.0 0.0 0.0 0.0 0.0 0.0 0.0 0.0 0.0 0.0 0.0 0.0 0.0  
    0.0 0.0 0.0 0.0 0.0 0.0 0.0 0.0 0.0 0.0 0.0 0.0 0.0 0.0 0.0 0.0 0.0  
    0.0 0.0 0.0 0.0 0.0 0.0 0.0 0.0 0.0 0.0 0.0 0.0 0.0 0.0 0.0 0.0 0.0  
    0.0 0.0 0.0 0.0 0.0 0.0 0.0 0.0 0.0 0.0 0.0 0.0 0.0 0.0 0.0 0.0 0.0  
    0.0 0.0 0.0 0.0 0.0 0.0 0.0 0.0 0.0 0.0 0.0 0.0 0.0 0.0 0.0 0.0 0.0  
    0.0 
  TBEAM = 0.0 0.0 0.0 0.0 0.0 0.0 0.0 0.0 0.0 0.0 0.0 0.0 0.0 0.0 0.0  
    0.0 0.0 0.0 0.0 0.0 0.0 0.0 0.0 0.0 0.0 0.0 0.0 0.0 0.0 0.0 0.0 0.0  
    0.0 0.0 0.0 0.0 0.0 0.0 0.0 0.0 0.0 0.0 0.0 0.0 0.0 0.0 0.0 0.0 0.0  
    0.0 0.0 0.0 0.0 0.0 0.0 0.0 0.0 0.0 0.0 0.0 0.0 0.0 0.0 0.0 0.0 0.0  
    0.0 0.0 0.0 0.0 0.0 0.0 0.0 0.0 0.0 0.0 0.0 0.0 0.0 0.0 0.0 0.0 0.0  
    0.0 0.0 0.0 0.0 0.0 0.0 0.0 0.0 0.0 0.0 0.0 0.0 0.0 0.0 0.0 0.0 0.0  
    0.0 
  DENSITY_ALPHA = 0.0 0.0 0.0 0.0 0.0 0.0 0.0 0.0 0.0 0.0 0.0 0.0 0.0  
    0.0 0.0 0.0 0.0 0.0 0.0 0.0 0.0 0.0 0.0 0.0 0.0 0.0 0.0 0.0 0.0 0.0  
    0.0 0.0 0.0 0.0 0.0 0.0 0.0 0.0 0.0 0.0 0.0 0.0 0.0 0.0 0.0 0.0 0.0  
    0.0 0.0 0.0 0.0 0.0 0.0 0.0 0.0 0.0 0.0 0.0 0.0 0.0 0.0 0.0 0.0 0.0  
    0.0 0.0 0.0 0.0 0.0 0.0 0.0 0.0 0.0 0.0 0.0 0.0 0.0 0.0 0.0 0.0 0.0  
    0.0 0.0 0.0 0.0 0.0 0.0 0.0 0.0 0.0 0.0 0.0 0.0 0.0 0.0 0.0 0.0 0.0  
    0.0 0.0 0.0 
  WALPHA = 0.0 0.0 0.0 0.0 0.0 0.0 0.0 0.0 0.0 0.0 0.0 0.0 0.0 0.0 0.0  
    0.0 0.0 0.0 0.0 0.0 0.0 0.0 0.0 0.0 0.0 0.0 0.0 0.0 0.0 0.0 0.0 0.0  
    0.0 0.0 0.0 0.0 0.0 0.0 0.0 0.0 0.0 0.0 0.0 0.0 0.0 0.0 0.0 0.0 0.0  
    0.0 0.0 0.0 0.0 0.0 0.0 0.0 0.0 0.0 0.0 0.0 0.0 0.0 0.0 0.0 0.0 0.0  
    0.0 0.0 0.0 0.0 0.0 0.0 0.0 0.0 0.0 0.0 0.0 0.0 0.0 0.0 0.0 0.0 0.0  
    0.0 0.0 0.0 0.0 0.0 0.0 0.0 0.0 0.0 0.0 0.0 0.0 0.0 0.0 0.0 0.0 0.0  
    0.0 
  TALPHA = 0.0 0.0 0.0 0.0 0.0 0.0 0.0 0.0 0.0 0.0 0.0 0.0 0.0 0.0 0.0  
    0.0 0.0 0.0 0.0 0.0 0.0 0.0 0.0 0.0 0.0 0.0 0.0 0.0 0.0 0.0 0.0 0.0  
    0.0 0.0 0.0 0.0 0.0 0.0 0.0 0.0 0.0 0.0 0.0 0.0 0.0 0.0 0.0 0.0 0.0  
    0.0 0.0 0.0 0.0 0.0 0.0 0.0 0.0 0.0 0.0 0.0 0.0 0.0 0.0 0.0 0.0 0.0  
    0.0 0.0 0.0 0.0 0.0 0.0 0.0 0.0 0.0 0.0 0.0 0.0 0.0 0.0 0.0 0.0 0.0  
    0.0 0.0 0.0 0.0 0.0 0.0 0.0 0.0 0.0 0.0 0.0 0.0 0.0 0.0 0.0 0.0 0.0  
    0.0 
  CHIE = 0.0 0.0 0.0 0.0 0.0 0.0 0.0 0.0 0.0 0.0 0.0 0.0 0.0 0.0 0.0  
    0.0 0.0 0.0 0.0 0.0 0.0 0.0 0.0 0.0 0.0 0.0 0.0 0.0 0.0 0.0 0.0 0.0  
    0.0 0.0 0.0 0.0 0.0 0.0 0.0 0.0 0.0 0.0 0.0 0.0 0.0 0.0 0.0 0.0 0.0  
    0.0 0.0 0.0 0.0 0.0 0.0 0.0 0.0 0.0 0.0 0.0 0.0 0.0 0.0 0.0 0.0 0.0  
    0.0 0.0 0.0 0.0 0.0 0.0 0.0 0.0 0.0 0.0 0.0 0.0 0.0 0.0 0.0 0.0 0.0  
    0.0 0.0 0.0 0.0 0.0 0.0 0.0 0.0 0.0 0.0 0.0 0.0 0.0 0.0 0.0 0.0 0.0  
    0.0 
  CHII = 0.0 0.0 0.0 0.0 0.0 0.0 0.0 0.0 0.0 0.0 0.0 0.0 0.0 0.0 0.0  
    0.0 0.0 0.0 0.0 0.0 0.0 0.0 0.0 0.0 0.0 0.0 0.0 0.0 0.0 0.0 0.0 0.0  
    0.0 0.0 0.0 0.0 0.0 0.0 0.0 0.0 0.0 0.0 0.0 0.0 0.0 0.0 0.0 0.0 0.0  
    0.0 0.0 0.0 0.0 0.0 0.0 0.0 0.0 0.0 0.0 0.0 0.0 0.0 0.0 0.0 0.0 0.0  
    0.0 0.0 0.0 0.0 0.0 0.0 0.0 0.0 0.0 0.0 0.0 0.0 0.0 0.0 0.0 0.0 0.0  
    0.0 0.0 0.0 0.0 0.0 0.0 0.0 0.0 0.0 0.0 0.0 0.0 0.0 0.0 0.0 0.0 0.0  
    0.0 
  P_EQ = 0.0 0.0 0.0 0.0 0.0 0.0 0.0 0.0 0.0 0.0 0.0 0.0 0.0 0.0 0.0  
    0.0 0.0 0.0 0.0 0.0 0.0 0.0 0.0 0.0 0.0 0.0 0.0 0.0 0.0 0.0 0.0 0.0  
    0.0 0.0 0.0 0.0 0.0 0.0 0.0 0.0 0.0 0.0 0.0 0.0 0.0 0.0 0.0 0.0 0.0  
    0.0 0.0 0.0 0.0 0.0 0.0 0.0 0.0 0.0 0.0 0.0 0.0 0.0 0.0 0.0 0.0 0.0  
    0.0 0.0 0.0 0.0 0.0 0.0 0.0 0.0 0.0 0.0 0.0 0.0 0.0 0.0 0.0 0.0 0.0  
    0.0 0.0 0.0 0.0 0.0 0.0 0.0 0.0 0.0 0.0 0.0 0.0 0.0 0.0 0.0 0.0 0.0  
    0.0 
  J_TOT = 3671972.23352798 3671972.23352798 3671387.0630812924  
    3669821.9722884716 3667471.713918832 3664363.6406393847  
    3660533.1758837625 3655997.017617313 3650760.7539091283  
    3644825.928821044 3638192.832067775 3630861.5076439814  
    3622831.961298903 3614104.1937824693 3604678.2050947305  
    3594553.9949856494 3583731.5634553237 3572210.9102536975  
    3559992.035630789 3547074.9398364746 3533459.6226207707  
    3519146.0842338004 3504134.3244255986 3488424.3429461443  
    3472016.140045306 3454909.7157231183 3437105.069979564  
    3418602.2028149003 3399401.114228799 3379501.8042213656  
    3358904.273042742 3337608.5206927485 3315614.5469213384  
    3292922.351728613 3269531.934864494 3245443.2965792506  
    3220656.4371226146 3195171.356244679 3168988.0539454618  
    3142106.529974671 3114526.7845829614 3086248.8180200476  
    3057272.630035312 3027598.2206294183 2997225.5898026293  
    2966154.7378040305 2934385.6646340224 2901918.3697933615  
    2868752.853281238 2834889.1155971023 2800327.15674186  
    2765066.9762159544 2729108.5740182106 2692451.9506489867  
    2655097.105858754 2617044.0393973636 2578292.7517647617  
    2538843.242961007 2498695.512735987 2457849.561088565  
    2416305.388020489 2374062.9935311023 2331122.3776204367  
    2287483.5402887063 2243146.4817839386 2198111.201858893  
    2152377.7002638294 2105945.977496573 2058816.0333075738  
    2010987.8674475725 1962461.4804162928 1913236.872213334  
    1863314.0423396912 1812692.9907950268 1761373.7180786303  
    1709356.224191084 1656640.5088815263 1603226.5721510798  
    1549114.4139992483 1494304.0344260924 1438795.4331823555  
    1382588.6105162546 1325683.5666793191 1268080.3014211848  
    1209778.8149916434 1150779.1071398058 1091081.1776172544  
    1030685.0267494086 969590.6545350477 907798.0609488586  
    845307.2459900277 782118.3427948224 718233.8817052906  
    653676.502484396 588568.145625094 523361.04204943025  
    459323.7011865835 399046.46515411226 346857.2497167067  
    309661.405501212 282087.1471892348 
  RHO = 0.0 0.01 0.02 0.03 0.04 0.05 0.06 0.07 0.08 0.09 0.1 0.11 0.12  
    0.13 0.14 0.15 0.16 0.17 0.18 0.19 0.2 0.21 0.22 0.23 0.24 0.25  
    0.26 0.27 0.28 0.29 0.3 0.31 0.32 0.33 0.34 0.35 0.36 0.37 0.38  
    0.39 0.4 0.41 0.42 0.43 0.44 0.45 0.46 0.47 0.48 0.49 0.5 0.51 0.52  
    0.53 0.54 0.55 0.56 0.57 0.58 0.59 0.6 0.61 0.62 0.63 0.64 0.65  
    0.66 0.67 0.68 0.69 0.7 0.71 0.72 0.73 0.74 0.75 0.76 0.77 0.78  
    0.79 0.8 0.81 0.82 0.83 0.84 0.85 0.86 0.87 0.88 0.89 0.9 0.91 0.92  
    0.93 0.94 0.95 0.96 0.97 0.98 0.99 1.0 
  MODEL_PROFILE_NE = 'ped' 
  MODEL_PROFILE_TE = 'ped' 
  MODEL_PROFILE_TI = 'ped' 
  MODEL_PROFILE_DENSITY_BEAM = 'parab' 
  MODEL_PROFILE_J_TOT = 'parab' 
  MODEL_PROFILE_OMEGA = 'parab' 
  MODEL_PROFILE_ZEFF = 'const' 
  MODEL_PROFILE_TBEAMI = 'const' 
  MODEL_PROFILE_DENSITY_ALPHA = 'zero' 
  MODEL_PROFILE_WALPHA = 'zero' 
  MODEL_PROFILE_WBEAM = 'derived' 
  J_TOT_AXIS = 1.0 
  J_TOT_SEP = 0.05 
  J_TOT_ALPHA = 2.0 
  J_TOT_BETA = 1.0 
  DENSITY_BEAM_AXIS = 0.0 
  DENSITY_BEAM_SEP = 0.0 
  DENSITY_BEAM_ALPHA = 1.5 
  DENSITY_BEAM_BETA = 1.5 
  TBEAMI_AXIS = 20.0 
  DENSITY_ION_0 = 13.7978528241394 13.7978528241394 13.7708772502999  
    13.74198125549645 13.7111900966627 13.67852902573785  
    13.6440232946611 13.60769816536055 13.5695788897754  
    13.5296907148504 13.488058902513648 13.4447087096988  
    13.39966537835615 13.35295417540825 13.30460034779985  
    13.254629152464599 13.2030658413417 13.1499356713648  
    13.095263894473101 13.03907576760025 12.98139654268545  
    12.92225147666235 12.86166582147015 12.79966482904805  
    12.73627376132415 12.67151786024875 12.6054223927444  
    12.538012605755851 12.469313756216751 12.39935110106075  
    12.3281498872326 12.255735371665951 12.18213281129445  
    12.1073674580573 12.031464568888149 11.9544493957262  
    11.87634719051065 11.7971832151696 11.71698271165335  
    11.635770946884449 11.55357316780765 11.470414626362151  
    11.38632058447605 11.3013162890941 11.215426997149951  
    11.128677960582799 11.04109443133185 10.95270166633075  
    10.86352491252425 10.77358942185155 10.68292044625185  
    10.59154322767545 10.499483013067099 10.40676503938265  
    10.31341454357795 10.219456742631051 10.12491684852555  
    10.029820058261697 9.934191528884151 9.83805639745975  
    9.7414397261386 9.644366517137401 9.5468616578005 9.44894988563875  
    9.35065571341275 9.2520033542161 9.153016571641901 9.05371850997145  
    8.9541314494462 8.85427640671175 8.75417266533955 8.6538370166705  
    8.553282765919398 8.45251829377335 8.351545053617299  
    8.25035474467535 8.14892539636195 8.0472158444202 7.94515808941335  
    7.8426466785241 7.7395240418494 7.63556041471145 7.530426577949599  
    7.423657398435349 7.314604072141449 7.2023736013968005  
    7.08575610566115 6.9631456395148 6.8324705001033 6.6911678303592  
    6.5362670263170495 6.3646829812507 6.1738429790484  
    5.962726338924799 5.733205590062798 5.4912124309604975  
    5.24689990421715 5.013093887288449 4.80223750695546  
    4.62319574715133 4.4795365690382 
  DENSITY_ION_1 = 13.7978528241394 13.7978528241394 13.7708772502999  
    13.74198125549645 13.7111900966627 13.67852902573785  
    13.6440232946611 13.60769816536055 13.5695788897754  
    13.5296907148504 13.488058902513648 13.4447087096988  
    13.39966537835615 13.35295417540825 13.30460034779985  
    13.254629152464599 13.2030658413417 13.1499356713648  
    13.095263894473101 13.03907576760025 12.98139654268545  
    12.92225147666235 12.86166582147015 12.79966482904805  
    12.73627376132415 12.67151786024875 12.6054223927444  
    12.538012605755851 12.469313756216751 12.39935110106075  
    12.3281498872326 12.255735371665951 12.18213281129445  
    12.1073674580573 12.031464568888149 11.9544493957262  
    11.87634719051065 11.7971832151696 11.71698271165335  
    11.635770946884449 11.55357316780765 11.470414626362151  
    11.38632058447605 11.3013162890941 11.215426997149951  
    11.128677960582799 11.04109443133185 10.95270166633075  
    10.86352491252425 10.77358942185155 10.68292044625185  
    10.59154322767545 10.499483013067099 10.40676503938265  
    10.31341454357795 10.219456742631051 10.12491684852555  
    10.029820058261697 9.934191528884151 9.83805639745975  
    9.7414397261386 9.644366517137401 9.5468616578005 9.44894988563875  
    9.35065571341275 9.2520033542161 9.153016571641901 9.05371850997145  
    8.9541314494462 8.85427640671175 8.75417266533955 8.6538370166705  
    8.553282765919398 8.45251829377335 8.351545053617299  
    8.25035474467535 8.14892539636195 8.0472158444202 7.94515808941335  
    7.8426466785241 7.7395240418494 7.63556041471145 7.530426577949599  
    7.423657398435349 7.314604072141449 7.2023736013968005  
    7.08575610566115 6.9631456395148 6.8324705001033 6.6911678303592  
    6.5362670263170495 6.3646829812507 6.1738429790484  
    5.962726338924799 5.733205590062798 5.4912124309604975  
    5.24689990421715 5.013093887288449 4.80223750695546  
    4.62319574715133 4.4795365690382 
  DENSITY_IMP_0 = 0.0004143955638 0.0004143955638 0.0004135853973  
    0.00041271755415 0.0004117927929 0.00041081187195 0.0004097755497  
    0.00040868458485 0.00040753973580000003 0.0004063417608  
    0.00040509141855 0.0004037894676 0.00040243666605000003  
    0.00040103377274999997 0.00039958154595000003 0.0003980807442  
    0.0003965321259 0.0003949364496 0.00039329447370000005  
    0.00039160695675 0.00038987465715 0.00038809833345 0.00038627874405  
    0.00038441664735 0.00038251280205 0.00038056796625 0.0003785828988  
    0.00037655835795 0.00037449510225 0.00037239389025 0.0003702554802  
    0.00036808063065 0.00036587010015 0.0003636246471 0.00036134503005  
    0.00035903200740000006 0.00035668633755 0.0003543087792  
    0.00035190009045 0.00034946103015 0.00034699235655000004  
    0.00034449482805 0.00034196920335 0.0003394162407 0.00033683669865  
    0.0003342313356 0.00033160090995 0.00032894618025000003  
    0.00032626790475 0.00032356684185000004 0.00032084374995  
    0.00031809938715 0.0003153345117 0.00031254988155  
    0.00030974625465000005 0.00030692438835000003 0.00030408503985  
    0.0003012289658999999 0.00029835692205000005 0.00029546966325000003  
    0.00029256794219999997 0.0002896525098 0.0002867241135  
    0.00028378349625000004 0.00028083139425 0.0002778685347  
    0.0002748956313 0.00027191337915 0.0002689224474  
    0.00026592346724999997 0.00026291701785 0.0002599036035  
    0.0002568836238 0.00025385733045 0.00025082476709999997  
    0.00024778568445000003 0.00024473942265 0.00024168474540000004  
    0.00023861961045 0.0002355408507 0.0002324437338 0.00022932135915  
    0.00022616383919999997 0.00022295720444999998 0.00021968196915  
    0.0002163113136 0.00021280890105 0.00020912649960000003  
    0.0002052018891 0.0002009580984 0.00019630591035 0.0001911526689  
    0.0001854211068 0.0001790805696 0.00017218729559999993  
    0.00016491943349999992 0.00015758191305 0.00015055993815  
    0.00014422721742 0.00013884999591 0.0001345354314 
  DENSITY_TH = 27.5961200438426 27.5961200438426 27.5421680859971  
    27.484375228547048 27.4227919861183 27.357468863347652  
    27.288456364871898 27.21580501530595 27.1395653192866  
    27.0597877714616 26.976522896445847 26.8898212088652  
    26.79973319337835 26.70630938458925 26.60960027714565  
    26.5096563856734 26.406528214809303 26.300266279179198  
    26.1909210834199 26.07854314215725 25.96318296002805  
    25.84489105165815 25.723717921684347 25.59971407474345  
    25.47293003545035 25.34341628846375 25.2112233683876  
    25.07640176986965 24.939002007535752 24.79907459601175  
    24.6566700299454 24.511838823962552 24.36463149268905  
    24.2150985407617 24.063290482806348 23.9092578234598  
    23.75305106735885 23.5947207391184 23.43431732339715  
    23.27189135479905 23.107493327971852 22.94117374755235  
    22.77298313815545 22.6029719944289 22.431190830998553  
    22.257690152501198 22.082520463573648 21.90573227884175  
    21.72737609295325 21.54750241054495 21.366161736253652  
    21.18340455473805 20.9992813606459 20.81384262864685  
    20.62713883341055 20.439220409650453 20.25013778209095  
    20.059941345489293 19.86868141469035 19.67640826458275  
    19.4831720202194 19.2890226867846 19.0940100397145  
    18.898183554773752 18.70159225821975 18.5042845769669  
    18.306308038915102 18.10770893332205 17.9085318213398  
    17.70881873689075 17.508608247696948 17.3079339369445  
    17.106822415462595 16.90529044487715 16.703340932001698  
    16.50095727503515 16.29809553214655 16.094673373585803  
    15.89055479843715 15.6855288978989 15.4792805274326  
    15.27135015078205 15.061079319738397 14.847537754075148  
    14.629427826252048 14.404963514107202 14.17172502022335  
    13.9265004055292 13.6651462020957 13.3825366188168  
    13.07273035854445 12.729557115170302 12.3478713792036  
    11.925631758419199 11.466583367421196 10.982589781354495  
    10.49395739034735 10.02633833451505 9.60461924112834  
    9.24653034429857 8.9592076735078 
  NI = 27.5957056482788 27.5957056482788 27.5417545005998  
    27.4839625109929 27.4223801933254 27.3570580514757 27.2880465893222  
    27.2153963307211 27.1391577795508 27.0593814297008  
    26.976117805027297 26.8894174193976 26.7993307567123  
    26.7059083508165 26.6092006955997 26.509258304929197  
    26.4061316826834 26.2998713427296 26.190527788946202  
    26.0781515352005 25.9627930853709 25.8445029533247 25.7233316429403  
    25.5993296580961 25.4725475226483 25.3430357204975 25.2108447854888  
    25.076025211511702 24.938627512433502 24.7987022021215  
    24.6562997744652 24.511470743331902 24.3642656225889  
    24.2147349161146 24.062929137776297 23.9088987914524  
    23.7526943810213 23.5943664303392 23.4339654233067  
    23.271541893768898 23.1071463356153 22.940829252724303  
    22.7726411689521 22.6026325781882 22.430853994299902  
    22.257355921165598 22.0821888626637 21.9054033326615  
    21.7270498250485 21.5471788437031 21.3658408925037 21.1830864553509  
    20.998966026134198 20.8135300787653 20.6268290871559  
    20.438913485262102 20.2498336970511 20.059640116523394  
    19.868383057768302 19.6761127949195 19.4828794522772  
    19.288733034274802 19.093723315601 18.8978997712775  
    18.7013114268255 18.5040067084322 18.306033143283802  
    18.1074370199429 17.9082628988924 17.7085528134235 17.5083453306791  
    17.307674033341 17.106565531838797 16.9050365875467  
    16.703090107234598 16.5007094893507 16.2978507927239  
    16.0944316888404 15.8903161788267 15.6852933570482 15.4790480836988  
    15.2711208294229 15.060853155899197 14.847314796870698  
    14.629208144282899 14.404747202793601 14.1715122113223  
    13.9262912790296 13.6649410002066 13.3823356607184  
    13.072534052634099 12.7293659625014 12.3476859580968  
    11.925452677849599 11.466411180125595 10.982424861920995  
    10.4937998084343 10.026187774576899 9.60447501391092  
    9.24639149430266 8.9590731380764 
  NZ = 0.0004143955638 0.0004143955638 0.0004135853973 0.00041271755415  
    0.0004117927929 0.00041081187195 0.0004097755497 0.00040868458485  
    0.00040753973580000003 0.0004063417608 0.00040509141855  
    0.0004037894676 0.00040243666605000003 0.00040103377274999997  
    0.00039958154595000003 0.0003980807442 0.0003965321259  
    0.0003949364496 0.00039329447370000005 0.00039160695675  
    0.00038987465715 0.00038809833345 0.00038627874405 0.00038441664735  
    0.00038251280205 0.00038056796625 0.0003785828988 0.00037655835795  
    0.00037449510225 0.00037239389025 0.0003702554802 0.00036808063065  
    0.00036587010015 0.0003636246471 0.00036134503005  
    0.00035903200740000006 0.00035668633755 0.0003543087792  
    0.00035190009045 0.00034946103015 0.00034699235655000004  
    0.00034449482805 0.00034196920335 0.0003394162407 0.00033683669865  
    0.0003342313356 0.00033160090995 0.00032894618025000003  
    0.00032626790475 0.00032356684185000004 0.00032084374995  
    0.00031809938715 0.0003153345117 0.00031254988155  
    0.00030974625465000005 0.00030692438835000003 0.00030408503985  
    0.0003012289658999999 0.00029835692205000005 0.00029546966325000003  
    0.00029256794219999997 0.0002896525098 0.0002867241135  
    0.00028378349625000004 0.00028083139425 0.0002778685347  
    0.0002748956313 0.00027191337915 0.0002689224474  
    0.00026592346724999997 0.00026291701785 0.0002599036035  
    0.0002568836238 0.00025385733045 0.00025082476709999997  
    0.00024778568445000003 0.00024473942265 0.00024168474540000004  
    0.00023861961045 0.0002355408507 0.0002324437338 0.00022932135915  
    0.00022616383919999997 0.00022295720444999998 0.00021968196915  
    0.0002163113136 0.00021280890105 0.00020912649960000003  
    0.0002052018891 0.0002009580984 0.00019630591035 0.0001911526689  
    0.0001854211068 0.0001790805696 0.00017218729559999993  
    0.00016491943349999992 0.00015758191305 0.00015055993815  
    0.00014422721742 0.00013884999591 0.0001345354314 
  DENSITY_HE = 3.5930490522716587 3.590948582297214 3.574244898648579  
    3.554345980506328 3.5323397811533375 3.509361286188151  
    3.485907833756256 3.459668103639932 3.427440163827514  
    3.385618018033531 3.3297897479172707 3.2610244681042215  
    3.185105315125453 3.1042272395757657 3.0214388497168687  
    2.940761207183067 2.862292948338535 2.7829441609453536  
    2.7026352982730657 2.6212234984003597 2.538499672313046  
    2.454677956533657 2.370297802821206 2.2855934324948364  
    2.200806297636835 2.1161829383868263 2.0320537540754566  
    1.9487098088731942 1.8663306847287466 1.7850807059634954  
    1.7051074225478486 1.6263161331726335 1.5486330247691773  
    1.472218007850117 1.3972223880004684 1.323787636959366  
    1.25204508587315 1.1821939621071915 1.114461009371056  
    1.0490586078380701 0.986181157580555 0.9261034192585492  
    0.8689878420228812 0.8148265163778019 0.7635885949954944  
    0.7152224510494001 0.6695984650895477 0.6265541782307621  
    0.5859679281826866 0.5477114540239334 0.5116525029582873  
    0.4776615339131248 0.4456361387261568 0.4154815621823546  
    0.38710188240022486 0.36040119371517054 0.33529046691781006  
    0.3116921195346646 0.28952848796458286 0.26872297430327696  
    0.24920060279279443 0.23088982883317044 0.2137276938005233  
    0.19765449928646583 0.18261196561105592 0.16854348529593152  
    0.15539652193683517 0.14312144161935272 0.13166873602552298  
    0.12099079910862512 0.11104200777778067 0.10177869685458231  
    0.09315917464636335 0.08514386092915348 0.07769523765879212  
    0.07077780450211818 0.06435801752118674 0.05840498435494327  
    0.052889764568648835 0.04778483375862439 0.04306400729402027  
    0.03870068681133415 0.03467283155010352 0.030961819080814797  
    0.02754879189707804 0.024414771759439426 0.02155410073740231  
    0.018949000658454725 0.016566608826977677 0.014379850801970597  
    0.012367827290169981 0.009018301198232317 0.005922521386453103  
    0.0033344175754038844 0.0015037450412238443 0.0004950926613742696  
    0.00010427822700014869 1.1359827542930851e-05  
    4.1844768702661247e-07 1.5998541262296156e-09 9.535533526195863e-16 
  _NZ_0 = 0.002679558547783493 0.002679558547783493  
    0.0026743198609831425 0.0026687082262701798 0.002662728548569546  
    0.0026563857318362546 0.002649684680025319 0.002642630299031608  
    0.002635227492810135 0.0026274811643459866 0.0026193962195340302  
    0.002610977563299209 0.0026022300976566793 0.002593158729471238  
    0.0025837683617279715 0.0025740638993518206 0.002564050246297799  
    0.0025537323074908474 0.00254311498688598 0.002532203189408137  
    0.002521001819012333 0.0025095157806235085 0.002497749978196677  
    0.0024857093156868517 0.0024733986989889027 0.0024608230301179867  
    0.002447987215938901 0.002434896159436731 0.002421554765536418  
    0.0024079679391629037 0.002394140583301273 0.002380077602876468  
    0.002365783902813429 0.0023512643870671696 0.0023365239605626312  
    0.0023215675272548284 0.0023063999910987723 0.002291026257989334  
    0.0022754512299416703 0.002259679813820578 0.0022437169126111435  
    0.0022275674302683793 0.0022112362726871546 0.0021947283428525558  
    0.0021780485456895232 0.0021612017851530708 0.0021441929651982118  
    0.002127026990749888 0.002109708764793184 0.002092243191283114  
    0.0020746351741746908 0.0020568896154830726 0.0020390114181933453  
    0.0020210054833507385 0.0020028767120004822 0.0019846300013080954  
    0.0019662702474691684 0.0019478023437695092 0.0019292311757355036  
    0.001910561625013824 0.0018917985587022274 0.0018729468322593373  
    0.0018540112788354359 0.0018349967024829728 0.001815907863607645  
    0.0017967494644194819 0.0017775261198350082 0.0017582423244997016  
    0.0017389024052615277 0.0017195104435767158 0.0017000701843365455  
    0.0016805848884383179 0.0016610571397697215 0.0016414885658696241  
    0.0016218794489870185 0.0016022281771018827 0.0015825304835017748  
    0.0015627783740416754 0.0015429586431544343 0.0015230508117842466  
    0.0015030242796785964 0.0014828344262784573 0.0014624173168522982  
    0.0014416826220230625 0.0014205043433184361 0.0013987090595856322  
    0.001376061810662026 0.001352250720139638 0.0013268734609924544  
    0.0012994323234935083 0.0012693504130093262 0.0012360285983414356  
    0.0011989672551253696 0.0011579681660038484 0.001113394978251702  
    0.0010663996343933258 0.0010189538667286348 0.0009735484750949125  
    0.0009325999287176474 0.0008978298174541016 0.0008699310433776651 
  PNBE = 0.0 
  PNBI = 0.0 
  PRFE = 13.040920417219514 
  PRFI = 27.00847285416197 
  PFUSE = 57.61873118647739 
  PFUSI = 21.393411276164972 
  PEI = -7.323214732036421 
  PRAD = -12.774660753573203 
  AREA = 242.161721 
/




