 16-Sep-25 07/09/2014
     1               1
  0.000000000E+00
*   0.000             1               0 MAR   3   2 CLC    40   41
  0.000000000E+00 0.170000000E+03 0.200000000E+01 0.679320679E+06
  0.679320679E+06 0.172092917E+03 0.837775388E+00 0.413236859E+02
  0.133807214E+01-0.342968156E+00-0.310828598E+00 0.768734236E+07
  0.175714380E+03 0.179488483E+01 0.226418632E+01 0.783851624E+00
  0.391164651E+00 0.861197306E+00 0.100000000E+11 0.107592243E+02
  0.100000000E+11 0.100000000E+11 0.198958610E+01-0.122905973E+01
  0.766332633E+02 0.106315560E+03 0.512344278E+02
  0.000000000E+00 0.000000000E+00 0.000000000E+00
  0.824635828E+02 0.794308896E+02
  0.000000000E+00 0.000000000E+00
  0.161847249E+01 0.279674617E+00 0.200652406E+01 0.638671516E+00
  0.766436453E+00 0.217610776E+01-0.500000000E+02-0.500000000E+02
 -0.500000000E+02 0.305187578E+00 0.700427875E+04 0.140376145E+06
  0.909386330E-04 0.128008117E+01 0.957709596E+00 0.852310075E-02
  0.127202102E+01 0.171623842E+03 0.000000000E+00 0.000000000E+00
 -0.999000000E+03-0.999000000E+03-0.999000000E+03-0.999000000E+03
 -0.100000000E+03-0.500000000E+02 0.195391463E+01 0.191942974E+01
  0.815705319E+01 0.399105810E+02 0.100000000E+03 0.107592243E+02
  0.177135944E+03 0.202320703E+01 0.468685977E+00 0.000000000E+00
  0.100021174E+01 0.200431607E+01 0.358943140E+06 0.000000000E+00
  0.000000000E+00 0.000000000E+00 0.860122457E+00 0.100000000E+02
    44   60   18    6
  0.173027070E+00 0.131618698E+00 0.182882723E+00 0.151520944E+00
  0.714944613E-01-0.104666914E-01 0.542518887E+00-0.597121219E-01
 -0.453268309E+00 0.243484131E+00 0.137401273E+00 0.116515659E-01
 -0.437965014E-01-0.663805680E-01-0.786666223E-01 0.554716009E+00
 -0.672938483E-01 0.187886911E-01 0.216702135E+00 0.153462616E+00
  0.159630127E+00 0.165825827E+00 0.103678116E+00 0.272309425E-01
 -0.319864287E+00 0.404377180E+00 0.432976179E+00 0.349560207E-01
  0.847882640E-01 0.200010745E+00 0.773368997E-01-0.139875476E-01
 -0.464931489E-01-0.562337810E-01 0.123121284E+00 0.480316050E+00
  0.468965137E+00-0.385103923E-01 0.313191912E-01-0.157525398E-01
  0.199716215E-01 0.263929854E-01 0.769327270E-01 0.139771245E+00
  0.110533425E+00 0.247197380E+00 0.251388620E+00-0.138223920E+00
 -0.245898823E+00-0.392340778E-01 0.278524831E+00 0.624233276E+00
  0.286425774E+00-0.156869683E+00-0.328965038E+00-0.869778022E-01
  0.228707363E+00 0.312359484E+00 0.248566357E+00-0.377004693E-01
  0.137936228E+00 0.276325255E+00 0.199524003E+00 0.201292893E+00
  0.195622583E+00 0.185307245E+00 0.239838343E+00-0.104490884E+00
 -0.308579590E+00-0.281737758E+00-0.600613440E-01 0.294378267E+00
  0.351943545E+00 0.257318829E+00 0.382297743E+00 0.748944454E+00
  0.298478902E+00 0.391520971E-01-0.192793596E+00-0.266295186E+00
 -0.691514026E-01 0.861686055E-01 0.311054800E+00 0.246365771E+00
  0.353828164E+00 0.105851479E+00-0.587969931E-01-0.245394634E+00
 -0.301249228E+00-0.105179701E+00 0.236817750E+00 0.185803841E+00
  0.194661534E+00 0.201644580E+00 0.196440250E+00 0.273215468E+00
  0.139685092E+00-0.339611140E-01 0.113317102E+00 0.247173185E+00
  0.253502300E+00-0.123692167E+00-0.251153767E+00-0.376091188E-01
  0.261461498E+05-0.651471710E+05 0.244345216E+06 0.241363730E+06
  0.106938377E+06-0.305664432E+06 0.608494825E+06-0.387481371E+05
 -0.756986288E+06 0.348608821E+06 0.735697214E+05-0.136018550E+06
 -0.122851767E+06-0.103404446E+06-0.405384706E+06 0.551465374E+06
 -0.118515444E+06-0.124610247E+06
  0.000000000E+00 0.000000000E+00 0.000000000E+00 0.000000000E+00
  0.000000000E+00 0.000000000E+00
  0.000000000E+00 0.000000000E+00 0.000000000E+00 0.000000000E+00
  0.000000000E+00 0.000000000E+00 0.000000000E+00 0.000000000E+00
  0.000000000E+00 0.000000000E+00 0.550674265E+02 0.000000000E+00
  0.236854384E+00 0.537417943E+00 0.400000006E+02-0.135448296E+00
 -0.109977710E+01 0.000000000E+00 0.999000000E+03 0.191358868E+01
 -0.100000000E+02 0.957709596E+00 0.000000000E+00 0.478568155E-01
 -0.100000000E+02 0.000000000E+00 0.216355973E+01 0.000000000E+00
  0.153727800E+00 0.218766506E+01 0.130769231E+01 0.213196141E+01
  0.335856343E+02 0.374001654E+01-0.890000000E+02-0.890000000E+02
 -0.890000000E+02-0.890000000E+02-0.890000000E+02-0.890000000E+02
 -0.890000000E+02-0.890000000E+02-0.890000000E+02-0.890000000E+02
 -0.890000000E+02-0.890000000E+02-0.890000000E+02-0.890000000E+02
 -0.890000000E+02 0.000000000E+00 0.714609418E+00 0.953210814E+00
  0.140910802E+03 0.184937500E+03 0.000000000E+00 0.825814602E+00
  0.100000000E+01 0.000000000E+00 0.000000000E+00 0.000000000E+00
                                            EQG
