 0.000000000e+00
   8 101  30   3
 1.800000000e+11 1.000000000e+00 6.000000000e+02 0.000000000e+00 1.070000000e+02
 2.050000000e+02 2.550000000e+00 1.000000000e+00 4.550000000e+02 1.100000000e+05
 1.260013621e+02
 0.000000000e+00 1.373647403e-04 5.494191250e-04 1.236040079e-03 2.197020825e-03
 3.432064562e-03 4.940781067e-03 6.722680503e-03 8.777175944e-03 1.110357105e-02
 1.370106965e-02 1.656878889e-02 1.970580152e-02 2.311101729e-02 2.678340241e-02
 3.072161745e-02 3.492486763e-02 3.939133213e-02 4.411962784e-02 4.910753813e-02
 5.435424491e-02 5.985738036e-02 6.561497795e-02 7.162546172e-02 7.788693649e-02
 8.439692739e-02 9.115316034e-02 9.815343936e-02 1.053954255e-01 1.128766543e-01
 1.205945608e-01 1.285464932e-01 1.367297154e-01 1.451414000e-01 1.537786164e-01
 1.626383179e-01 1.717173118e-01 1.810125108e-01 1.905209527e-01 2.002391636e-01
 2.101634148e-01 2.202900577e-01 2.306162047e-01 2.411376608e-01 2.518502686e-01
 2.627511030e-01 2.738352342e-01 2.850992559e-01 2.965387890e-01 3.081494310e-01
 3.199272471e-01 3.318674134e-01 3.439656862e-01 3.562175582e-01 3.686178741e-01
 3.811627404e-01 3.938462473e-01 4.066641957e-01 4.196115554e-01 4.326825643e-01
 4.458726814e-01 4.591766355e-01 4.725883962e-01 4.861029192e-01 4.997149927e-01
 5.134185139e-01 5.272076296e-01 5.410767881e-01 5.550202901e-01 5.690320455e-01
 5.831056138e-01 5.972349846e-01 6.114140358e-01 6.256365273e-01 6.398960315e-01
 6.541856899e-01 6.684989263e-01 6.828291152e-01 6.971695125e-01 7.115132539e-01
 7.258532869e-01 7.401821661e-01 7.544926997e-01 7.687776874e-01 7.830298283e-01
 7.972416572e-01 8.114053076e-01 8.255124447e-01 8.395550156e-01 8.535248752e-01
 8.674137624e-01 8.812131149e-01 8.949142907e-01 9.085095753e-01 9.219914882e-01
 9.353515215e-01 9.485801924e-01 9.616694308e-01 9.746114500e-01 9.873942667e-01
 0.000000000e+00
 1.313485472e+00 1.313475980e+00 1.313445374e+00 1.313399207e+00 1.313345799e+00
 1.313286196e+00 1.313220087e+00 1.313144918e+00 1.313056838e+00 1.312951857e+00
 1.312826089e+00 1.312677009e+00 1.312505325e+00 1.312314284e+00 1.312107719e+00
 1.311888759e+00 1.311658760e+00 1.311417933e+00 1.311166855e+00 1.310906503e+00
 1.310637794e+00 1.310361567e+00 1.310078739e+00 1.309790385e+00 1.309497624e+00
 1.309201603e+00 1.308903598e+00 1.308604931e+00 1.308306812e+00 1.308010340e+00
 1.307716535e+00 1.307426262e+00 1.307140170e+00 1.306858764e+00 1.306582491e+00
 1.306311763e+00 1.306046862e+00 1.305787810e+00 1.305534435e+00 1.305286528e+00
 1.305043702e+00 1.304805299e+00 1.304570936e+00 1.304340806e+00 1.304115318e+00
 1.303895211e+00 1.303681868e+00 1.303476477e+00 1.303279330e+00 1.303090300e+00
 1.302909052e+00 1.302734824e+00 1.302566804e+00 1.302404545e+00 1.302247803e+00
 1.302096414e+00 1.301950410e+00 1.301809927e+00 1.301675031e+00 1.301545721e+00
 1.301421963e+00 1.301303688e+00 1.301190849e+00 1.301083446e+00 1.300981484e+00
 1.300884936e+00 1.300793754e+00 1.300707958e+00 1.300627648e+00 1.300552939e+00
 1.300483782e+00 1.300419920e+00 1.300361309e+00 1.300308350e+00 1.300261590e+00
 1.300221086e+00 1.300185781e+00 1.300154188e+00 1.300125409e+00 1.300098935e+00
 1.300074161e+00 1.300050322e+00 1.300026743e+00 1.300002995e+00 1.299978703e+00
 1.299953407e+00 1.299926558e+00 1.299897471e+00 1.299865260e+00 1.299828830e+00
 1.299693653e+00 1.299372366e+00 1.298980386e+00 1.298644801e+00 1.298397328e+00
 1.298249520e+00 1.298182749e+00 1.298161730e+00 1.298157613e+00 1.298157198e+00
 1.298157184e+00
 2.762307647e+14 2.761117125e+14 2.757460641e+14 2.752360003e+14 2.746924171e+14
 2.741157618e+14 2.735064816e+14 2.728650240e+14 2.721918360e+14 2.714873652e+14
 2.707520586e+14 2.699863637e+14 2.691907278e+14 2.683655980e+14 2.675114218e+14
 2.666286464e+14 2.657177191e+14 2.647790872e+14 2.638131980e+14 2.628204987e+14
 2.618014368e+14 2.607564594e+14 2.596860139e+14 2.585905475e+14 2.574705076e+14
 2.563263414e+14 2.551584962e+14 2.539674193e+14 2.527535581e+14 2.515173598e+14
 2.502592717e+14 2.489797411e+14 2.476792153e+14 2.463581416e+14 2.450169672e+14
 2.436561395e+14 2.422761057e+14 2.408773132e+14 2.394602093e+14 2.380252412e+14
 2.365728562e+14 2.351035016e+14 2.336176248e+14 2.321156729e+14 2.305980933e+14
 2.290653332e+14 2.275178400e+14 2.259560608e+14 2.243804430e+14 2.227914337e+14
 2.211894801e+14 2.195750295e+14 2.179485288e+14 2.163104252e+14 2.146611653e+14
 2.130011961e+14 2.113309637e+14 2.096509142e+14 2.079614930e+14 2.062631448e+14
 2.045563128e+14 2.028414387e+14 2.011189616e+14 1.993893169e+14 1.976529349e+14
 1.959102382e+14 1.941616386e+14 1.924075321e+14 1.906482921e+14 1.888842594e+14
 1.871157280e+14 1.853429242e+14 1.835659774e+14 1.817848776e+14 1.799994144e+14
 1.782090902e+14 1.764129950e+14 1.746096289e+14 1.727966480e+14 1.709705042e+14
 1.691259357e+14 1.672552519e+14 1.653473382e+14 1.633862928e+14 1.613495998e+14
 1.592057647e+14 1.569114299e+14 1.544082130e+14 1.516199882e+14 1.484521883e+14
 1.447959716e+14 1.405414017e+14 1.356037961e+14 1.299636463e+14 1.237108819e+14
 1.170715532e+14 1.103906860e+14 1.040621186e+14 9.843000810e+13 9.370930500e+13
 9.159380934e+13
 9.727732413e+00 9.721772093e+00 9.703218793e+00 9.676698565e+00 9.647530774e+00
 9.615757653e+00 9.581422013e+00 9.544567234e+00 9.505237266e+00 9.463476620e+00
 9.419330369e+00 9.372844138e+00 9.324064096e+00 9.273036955e+00 9.219809960e+00
 9.164430876e+00 9.106947988e+00 9.047410087e+00 8.985866459e+00 8.922366878e+00
 8.856961593e+00 8.789701315e+00 8.720637210e+00 8.649820883e+00 8.577304367e+00
 8.503140109e+00 8.427380955e+00 8.350080138e+00 8.271291265e+00 8.191068298e+00
 8.109513862e+00 8.026830590e+00 7.943228980e+00 7.858829101e+00 7.773704240e+00
 7.687927965e+00 7.601571580e+00 7.514699304e+00 7.427369121e+00 7.339637316e+00
 7.251548729e+00 7.163124174e+00 7.074381600e+00 6.985359551e+00 6.896107440e+00
 6.806693487e+00 6.717223705e+00 6.627804518e+00 6.538505059e+00 6.449375733e+00
 6.360448971e+00 6.271723813e+00 6.183205691e+00 6.094941097e+00 6.006995768e+00
 5.919440224e+00 5.832370399e+00 5.745921895e+00 5.660252489e+00 5.575523114e+00
 5.491868342e+00 5.409399478e+00 5.328301420e+00 5.248870649e+00 5.171444695e+00
 5.096230390e+00 5.023179831e+00 4.952261650e+00 4.883718981e+00 4.817928754e+00
 4.755059540e+00 4.694786845e+00 4.636594252e+00 4.580227411e+00 4.525600119e+00
 4.472592423e+00 4.421032342e+00 4.370777510e+00 4.321767075e+00 4.273964014e+00
 4.227311371e+00 4.181727317e+00 4.137089070e+00 4.093197935e+00 4.049732697e+00
 4.006189148e+00 3.961792099e+00 3.915368681e+00 3.865189452e+00 3.808807049e+00
 3.700894461e+00 3.485969830e+00 3.181537906e+00 2.814566267e+00 2.387996208e+00
 1.920789169e+00 1.446876585e+00 1.005657465e+00 6.286597661e-01 3.307719827e-01
 2.022890578e-01
