 21-Aug-25 07/09/2014
     1               1
  0.100000000E+01
*   1.000             1               0 MAR   3   2 CLC    40   41
  0.000000000E+00 0.170000000E+03 0.200000000E+01 0.679320679E+06
  0.679320679E+06 0.172162245E+03 0.705354756E+00 0.413930141E+02
  0.135158433E+01-0.372804576E+00-0.340718848E+00 0.778780265E+07
  0.176827442E+03 0.171650135E+01 0.233270401E+01 0.116366961E+01
  0.589892103E+00 0.815814003E+00 0.100000000E+11 0.106205679E+02
  0.100000000E+11 0.100000000E+11 0.203199919E+01-0.117976707E+01
  0.767607582E+02 0.108352716E+03 0.533288186E+02
  0.000000000E+00 0.000000000E+00 0.000000000E+00
  0.826151620E+02 0.795831579E+02
  0.000000000E+00 0.000000000E+00
  0.143971687E+01 0.277376431E+00 0.203129553E+01 0.980334778E+00
  0.775659288E+00 0.220890872E+01-0.500000000E+02-0.500000000E+02
 -0.500000000E+02 0.304621659E+00 0.708711096E+04 0.210949264E+06
  0.882471130E-04 0.127290609E+01 0.881662915E+00 0.581161134E-02
  0.128397277E+01 0.173058235E+03 0.000000000E+00 0.000000000E+00
 -0.999000000E+03-0.999000000E+03-0.999000000E+03-0.999000000E+03
 -0.100000000E+03-0.500000000E+02 0.194180704E+01 0.191476387E+01
  0.994830144E+01 0.395395565E+02 0.100000000E+03 0.106205679E+02
  0.177567587E+03 0.195823952E+01 0.464298790E+00 0.000000000E+00
  0.100682985E+01 0.198615526E+01 0.360048922E+06 0.000000000E+00
  0.000000000E+00 0.000000000E+00 0.870450018E+00 0.100000000E+02
    44   60   18    6
  0.179847548E+00 0.142591439E+00 0.186125018E+00 0.146694784E+00
  0.613581849E-01-0.181184611E-01 0.541270847E+00-0.733312114E-01
 -0.462404034E+00 0.245512033E+00 0.148034240E+00 0.240595847E-01
 -0.401136089E-01-0.730499685E-01-0.825573560E-01 0.556213280E+00
 -0.852500297E-01-0.175450173E-01 0.220394706E+00 0.162280572E+00
  0.166476581E+00 0.164515323E+00 0.967067018E-01 0.164652085E-01
 -0.328096200E+00 0.402153326E+00 0.431185564E+00 0.272307382E-01
  0.786457168E-01 0.205711791E+00 0.886928437E-01-0.652726913E-02
 -0.478681596E-01-0.661940041E-01 0.989977859E-01 0.476681054E+00
  0.467247476E+00-0.419269534E-01 0.286648568E-01-0.340246888E-01
 -0.658177643E-02 0.136954657E-01 0.594272440E-01 0.121841607E+00
  0.106913009E+00 0.232422854E+00 0.222727778E+00-0.147520988E+00
 -0.246928471E+00-0.286709539E-01 0.296158955E+00 0.633353513E+00
  0.288710238E+00-0.156473292E+00-0.328986140E+00-0.843022561E-01
  0.236574774E+00 0.320117376E+00 0.253414506E+00-0.334584119E-01
  0.114198493E+00 0.241486931E+00 0.173282173E+00 0.203689902E+00
  0.223636403E+00 0.214985513E+00 0.287156209E+00-0.101804980E+00
 -0.312040785E+00-0.287081512E+00-0.608026790E-01 0.298259909E+00
  0.356884508E+00 0.275702896E+00 0.395090995E+00 0.757511556E+00
  0.300836581E+00 0.405633524E-01-0.192592517E+00-0.265673286E+00
 -0.662535252E-01 0.914234245E-01 0.318775210E+00 0.251157126E+00
  0.358773981E+00 0.107792581E+00-0.594685662E-01-0.249760122E+00
 -0.304496057E+00-0.102463107E+00 0.283310447E+00 0.216327691E+00
  0.222606190E+00 0.203936896E+00 0.170186812E+00 0.238634941E+00
  0.116230020E+00-0.299755676E-01 0.109560878E+00 0.232375259E+00
  0.224961536E+00-0.133672157E+00-0.252331772E+00-0.265185319E-01
  0.359110707E+05-0.380590399E+05 0.249531084E+06 0.233793645E+06
  0.960794973E+05-0.313366016E+06 0.612428636E+06-0.523404557E+05
 -0.760637990E+06 0.336367401E+06 0.945183334E+05-0.107734715E+06
 -0.112891833E+06-0.106859602E+06-0.408397653E+06 0.563487978E+06
 -0.133245678E+06-0.162977608E+06
  0.000000000E+00 0.000000000E+00 0.000000000E+00 0.000000000E+00
  0.000000000E+00 0.000000000E+00
  0.000000000E+00 0.000000000E+00 0.000000000E+00 0.000000000E+00
  0.000000000E+00 0.000000000E+00 0.000000000E+00 0.000000000E+00
  0.000000000E+00 0.000000000E+00 0.558254867E+02 0.000000000E+00
  0.332618076E+00 0.102130583E+01 0.400000006E+02-0.157775705E+00
 -0.111987308E+01 0.000000000E+00 0.999000000E+03 0.209021330E+01
 -0.100000000E+02 0.881662915E+00 0.000000000E+00 0.408812843E+00
 -0.100000000E+02 0.000000000E+00 0.196193383E+01 0.000000000E+00
  0.171977502E+00 0.273790315E+01 0.130769231E+01 0.213348795E+01
  0.339140636E+02 0.296195336E+01-0.890000000E+02-0.890000000E+02
 -0.890000000E+02-0.890000000E+02-0.890000000E+02-0.890000000E+02
 -0.890000000E+02-0.890000000E+02-0.890000000E+02-0.890000000E+02
 -0.890000000E+02-0.890000000E+02-0.890000000E+02-0.890000000E+02
 -0.890000000E+02 0.000000000E+00 0.655608499E+00 0.938737612E+00
  0.143217122E+03 0.186265625E+03 0.000000000E+00 0.779233922E+00
  0.100000000E+01 0.000000000E+00 0.000000000E+00 0.000000000E+00
                                            EQG
