&INSTATE
  DENSITY_MODEL = 1 
  MODEL_SHAPE = 0 
  NBDRY = 15 
  USE_INPED = 0 
  R0 = 4.55 
  A0 = 1.2 
  KAPPA = 1.4 
  DELTA = -0.5 
  B0 = 11.0 
  IP = 10.0 
  N_ION = 2 
  Z_ION = 1 1 
  A_ION = 2 3 
  F_ION = 0.5 0.5 
  N_IMP = 4 
  Z_IMP = 74 36 2 2 
  A_IMP = 184 84 3 4 
  F_IMP = 1.5e-05 0.0008 0.02 0.0 
  N_MIN = 0 
  Z_MIN = 1 
  A_MIN = 1 
  N_BEAM = 1 
  Z_BEAM = 1 
  A_BEAM = 2 
  N_FUSION = 1 
  Z_FUSION = 2 
  A_FUSION = 4 
  NRHO = 101 
  NE_AXIS = 30.1 
  NE_PED = 16.0 
  NE_SEP = 9.0 
  NE_ALPHA = 1.5 
  NE_BETA = 1.1 
  NE_FIT = 1 
  NE_XMID = 0.95 
  NE_XWID = 0.1 
  TE_AXIS = 28.0 
  TE_PED = 5.0 
  TE_SEP = 0.08 
  TE_ALPHA = 1.5 
  TE_BETA = 1.5 
  TE_FIT = 1 
  TE_XMID = 0.95 
  TE_XWID = 0.1 
  TI_AXIS = 28.0 
  TI_PED = 5.0 
  TI_SEP = 0.08 
  TI_ALPHA = 1.5 
  TI_BETA = 1.5 
  TI_FIT = 1 
  TI_XMID = 0.95 
  TI_XWID = 0.1 
  ZEFF_AXIS = 2.26 
  OMEGA_AXIS = 5000.0 
  OMEGA_SEP = 0.0 
  OMEGA_ALPHA = 1.5 
  OMEGA_BETA = 1.5 
  JPAR_AXIS = 1.0 
  JPAR_SEP = 0.05 
  JPAR_ALPHA = 2.0 
  JPAR_BETA = 1.0 
  NBEAM_AXIS = 0.0 
  NBEAM_SEP = 0.0 
  NBEAM_ALPHA = 1.5 
  NBEAM_BETA = 1.5 
  TBEAMI = 20.0 20.0 20.0 20.0 20.0 20.0 20.0 20.0 20.0 20.0 20.0 20.0  
    20.0 20.0 20.0 20.0 20.0 20.0 20.0 20.0 20.0 20.0 20.0 20.0 20.0  
    20.0 20.0 20.0 20.0 20.0 20.0 20.0 20.0 20.0 20.0 20.0 20.0 20.0  
    20.0 20.0 20.0 20.0 20.0 20.0 20.0 20.0 20.0 20.0 20.0 20.0 20.0  
    20.0 20.0 20.0 20.0 20.0 20.0 20.0 20.0 20.0 20.0 20.0 20.0 20.0  
    20.0 20.0 20.0 20.0 20.0 20.0 20.0 20.0 20.0 20.0 20.0 20.0 20.0  
    20.0 20.0 20.0 20.0 20.0 20.0 20.0 20.0 20.0 20.0 20.0 20.0 20.0  
    20.0 20.0 20.0 20.0 20.0 20.0 20.0 20.0 20.0 20.0 20.0 
  BETAN_PED = -1.0 
  XMID = 0.95 
  XWID = 0.1 
  PRESSURE_MODEL = 'full' 
  H98_TARGET = 0.8 
  BETAN_TARGET = 1.25 
  BETAN_BEAM_TARGET = 0.0 
  CURRENT_MODEL = 'broad' 
  RHO_JBDRY = 0.85 
  RHO_JPEAK = 0.65 
  JAXIS = 0.6 
  JAXIS_PRIME = 1.0 
  JBDRY_PRIME = -1.0 
  RBDRY = 5.75 5.717889612279765 5.599231274196216 5.333894952548324  
    4.862048988436734 4.215741544340384 3.606248672667517  
    3.3499999999999996 3.606248672667517 4.215741544340384  
    4.862048988436735 5.333894952548324 5.599231274196216  
    5.717889612279765 5.75 
  ZBDRY = 0.0 0.7289246817174976 1.3134768905462901 1.6378788924654637  
    1.6378788924654637 1.3134768905462901 0.7289246817174978  
    2.0574066225675533e-16 -0.7289246817174975 -1.31347689054629  
    -1.6378788924654637 -1.6378788924654637 -1.3134768905462901  
    -0.728924681717498 0.0 
  NLIM = 5 
  RLIM = 6.0 3.5 3.5 6.0 6.0 
  ZLIM = 1.93 1.93 -1.93 -1.93 1.93 
  NE = 28.158064207126227 28.156632270465387 28.152336897382163  
    28.145179398352294 28.135161956761614 28.12228762779603  
    28.106560336888602 28.087984877724793 28.066566909807364  
    28.042312955582624 28.015230397130033 27.985327472417616  
    27.952613271125728 27.917097730042205 27.878791628032157  
    27.837706580585962 27.793855033949306 27.74725025883944  
    27.697906343752113 27.645838187863845 27.591061493534628  
    27.533592758416255 27.47344926717191 27.41064908281275  
    27.34521103765764 27.27715472392231 27.206500483944573  
    27.13326940005236 27.057483284081716 26.979164666552006  
    26.898336785505812 26.818917350663593 26.743440964674278  
    26.66985672875523 26.596113744123816 26.520161111997385  
    26.441623732007653 26.36134468621016 26.279100349458016  
    26.19466709660434 26.10782130250225 26.01843703339522  
    25.92673380002167 25.83300614397713 25.73754860685714  
    25.640655730257222 25.543484020232835 25.4458554504928  
    25.346062764112713 25.24239870416818 25.133156013734805  
    25.01531728074629 24.885572368783514 24.741774934392808  
    24.581778634120525 24.403437124512998 24.20793351570076  
    23.999066141851525 23.778611495567414 23.548346069450552  
    23.310046356103058 23.064637097172028 22.812714109054518  
    22.55556049647759 22.294459364168333 22.030693816853812  
    21.76603884762795 21.501821557639964 21.23865321369986  
    20.977145082617653 20.717908431203362 20.46102424000801  
    20.206221302846927 19.953582606426604 19.70319113745353  
    19.455129882634196 19.209517526647673 18.96638010119728  
    18.725661613525862 18.48730607087627 18.25125748049135  
    18.017034397777028 17.7845579384126 17.55437595005097  
    17.32703628034506 17.10308677694777 16.887156431097978  
    16.680779465150895 16.479861573433933 16.280308450274497  
    16.07802579 15.55000966 14.92370827 14.19496073 13.375913939999991  
    12.499507919999989 11.61672767 10.78499543 10.05242721 9.446403437  
    8.971580148 
  TE = 20.187269833594133 20.180675949592747 20.160907217564226  
    20.128002355252594 20.082025751814378 20.023067257866913  
    19.95124189289904 19.86668947137783 19.769574149252435  
    19.66008389291408 19.53842987301644 19.404845785892668  
    19.25958710562081 19.10293027008761 18.935171804679488  
    18.75662738748748 18.56763086014895 18.368533188661193  
    18.159701378690404 17.94151735006212 17.714376775256284  
    17.478687886840234 17.234870258856503 16.983353567238677  
    16.72457633435796 16.458984662805605 16.187030963492354  
    15.909172683096093 15.625871035813608 15.337589744272558  
    15.044793794336492 14.75116245044586 14.460189059321344  
    14.172059939477954 13.886961409430695 13.605079787694576  
    13.3262095678024 13.050162404262027 12.777150357051047  
    12.507385486147056 12.241079851527639 11.978663436422153  
    11.720708133642137 11.467638867538467 11.219880562462011  
    10.977858142763653 10.74221939500413 10.513147898141813  
    10.290372265124024 10.073621108898076 9.86262304241129  
    9.656507887145956 9.454579062022225 9.256825576144191  
    9.063236438615954 8.873800658541613 8.689049909606775  
    8.509611423791805 8.335617547642942 8.167200627706427  
    8.004493010528497 7.847427549545328 7.6958435644304615  
    7.549733101086185 7.4090882054147915 7.273900923318571  
    7.1443119088576985 7.020271004713038 6.90148403971791  
    6.7876568427056405 6.678495242509552 6.573589491366759  
    6.4725407649035525 6.375071277037018 6.280903241684245  
    6.18975887276232 6.101410304827648 6.015688637430777  
    5.932404531980009 5.8513686498836455 5.772391652549986  
    5.695459703443145 5.620339082329381 5.546510625070218  
    5.47345516752718 5.400653545561791 5.325205993312132  
    5.245714318057611 5.16391171537174 5.081531380828032 5.00030651  
    4.667401808 4.263378837 3.773489598 3.1969283009999927  
    2.557196744999993 1.903611773 1.296779938 0.7849530031 0.3886620175  
    0.1022745834 
  TI = 26.954496383032012 26.940932781115652 26.900282913157156  
    26.83266938666595 26.738295862732187 26.617446033946138  
    26.47048220355375 26.29784347580766 26.100043570163578  
    25.877668274549347 25.631372555374668 25.36187734423281  
    25.069966023351935 24.75648063376547 24.422317831872533  
    24.068424621537996 23.695793890126218 23.305459777864236  
    22.89849291068408 22.47599552719564 22.0390965306914  
    21.58894649708331 21.12671266942494 20.65357396918519  
    20.170716053722135 19.67932644846832 19.180589781194534  
    18.675683144383036 18.165771610229356 17.652003921122038  
    17.135508376640743 16.62625786662379 16.133809910188358  
    15.658652057482348 15.201271858653671 14.762156863850233  
    14.340498389235865 13.934747478280453 13.544281272090963  
    13.168476911774379 12.80671153843767 12.458255908237325  
    12.122849051314367 11.800570519752583 11.491499865635758  
    11.19571664104768 10.91401362391318 10.646502884243741  
    10.39224291225313 10.150292198155109 9.919709232163445  
    9.69898204485858 9.487002749868063 9.283435961976311  
    9.087946295967742 8.900198366626782 8.720371637091754  
    8.548499816455918 8.384028888436092 8.226404836749094  
    8.075073645111743 7.929144781962989 7.787944606718271  
    7.651244439559141 7.5188156006671605 7.390429410223879  
    7.26618098630648 7.146158485032619 7.030122783644557  
    6.917834759384561 6.8090552894948955 6.703406102076468  
    6.600511516239356 6.5001362957395745 6.402045204333144  
    6.306003005776083 6.211829615323447 6.119384536233834  
    6.028491914268575 5.938975895189003 5.850660624756449  
    5.763351441443641 5.676880652408768 5.591112856441352  
    5.505912652330918 5.421144638866986 5.336702180386959  
    5.252500200525234 5.168435637016823 5.084405427596739 5.00030651  
    4.667401808 4.263378837 3.773489598 3.1969283009999927  
    2.557196744999993 1.903611773 1.296779938 0.7849530031 0.3886620175  
    0.1022745834 
  OMEGA = 4992.501875 4992.501875 4978.801804 4961.079526 4940.12016  
    4916.382264 4890.178959 4861.74318 4831.258024 4798.873089  
    4764.714177 4728.889466 4691.493659 4652.610886 4612.316799  
    4570.680145 4527.763951 4483.626454 4438.321832 4391.900796  
    4344.411068 4295.897774 4246.403778 4195.969955 4144.635428  
    4092.437767 4039.413164 3985.596584 3931.021896 3875.721988  
    3819.72887 3763.073767 3705.787199 3647.899055 3589.43866  
    3530.4348369999993 3470.91596 3410.910006 3350.444605 3289.54708  
    3228.244492 3166.5636739999995 3104.531273 3042.173783 2979.517575  
    2916.588934 2853.414088 2790.0192379999994 2726.430588 2662.674375  
    2598.776897 2534.764544 2470.663824 2406.501396 2342.304099  
    2278.098979 2213.913327 2149.774706999999 2085.710992 2021.750397  
    1957.921519 1894.253376 1830.775447 1767.517715 1704.510722  
    1641.785608 1579.374179 1517.308956 1455.623246 1394.3512129999992  
    1333.5279519999992 1273.18958 1213.373329 1154.117653 1095.462349  
    1037.448686 980.1195629 923.5196753 867.6957162 812.6966008  
    758.5737302 705.3812976 653.1766491999995 602.0207127999994  
    551.9785103 503.1197796 455.5197357 409.2600162 364.4298727  
    321.1276991 279.4630303 239.55922 201.557126 165.620359  
    131.94307479999966 100.76217029999968 72.37775876 47.19105135  
    25.78549737 9.151104569 3.197442311e-14 
  ZEFF = 2.353509328533991 2.35350006282342 2.3534780460555953  
    2.353451918831275 2.3534303222924975 2.3534219386640114  
    2.353428196392173 2.35342115576498 2.3533650942075885  
    2.3532234497078686 2.3529582608096065 2.352492821160126  
    2.351761935038859 2.350739700742148 2.3493944848277426  
    2.3476877210954803 2.3455733897194526 2.343060493525762  
    2.3401913937296577 2.3370176048560687 2.3336036852130846  
    2.330000614730523 2.326206078555586 2.322220129576451  
    2.3180479484333727 2.313700456295133 2.3091379010705815  
    2.3043109119084413 2.2992237111736626 2.2938849069301805  
    2.2883077626867983 2.2826187084878793 2.276939528745941  
    2.271282257203157 2.2656616296552476 2.2600948385492843  
    2.254592989428237 2.2491634928502955 2.243818901381165  
    2.238570680248703 2.23342910790094 2.2284006622705395  
    2.223498589562905 2.2187415937169943 2.2141471121122853  
    2.209731071140088 2.2055216138548266 2.2015297626611154  
    2.197743707697297 2.194150762427896 2.190737588802539  
    2.1874796090816613 2.1843576342618842 2.1813659588452627  
    2.178498780500554 2.175750239578247 2.173125324119959  
    2.17063127243482 2.1682648761938355 2.166022135149455  
    2.163898431126583 2.161885060992659 2.1599749770811045  
    2.158165372469969 2.15645309755135 2.1548347336065237  
    2.1533094243204256 2.1518752561244368 2.1505271240110737  
    2.1492600312486347 2.1480691182780176 2.1469483525729713  
    2.1458918532795255 2.1448952851673644 2.1439545540210867  
    2.1430658066589308 2.1422257751283893 2.14143152701731  
    2.140680043778232 2.1399685048597927 2.139294282093481  
    2.13865456872131 2.138047182781787 2.137470618965024  
    2.136923432921777 2.1364042419059914 2.1359136934008727  
    2.135450885318945 2.1350125342554502 2.1345958308499267  
    2.1341984051644762 2.13294062079677 2.1317212446942513  
    2.1306364352685434 2.1298083641942465 2.1293094814383995  
    2.129095311868587 2.129038059397899 2.1290303453997694  
    2.1290300015781836 2.129030000000001 
  J_OH = 0.0 0.0 0.0 0.0 0.0 0.0 0.0 0.0 0.0 0.0 0.0 0.0 0.0 0.0 0.0  
    0.0 0.0 0.0 0.0 0.0 0.0 0.0 0.0 0.0 0.0 0.0 0.0 0.0 0.0 0.0 0.0 0.0  
    0.0 0.0 0.0 0.0 0.0 0.0 0.0 0.0 0.0 0.0 0.0 0.0 0.0 0.0 0.0 0.0 0.0  
    0.0 0.0 0.0 0.0 0.0 0.0 0.0 0.0 0.0 0.0 0.0 0.0 0.0 0.0 0.0 0.0 0.0  
    0.0 0.0 0.0 0.0 0.0 0.0 0.0 0.0 0.0 0.0 0.0 0.0 0.0 0.0 0.0 0.0 0.0  
    0.0 0.0 0.0 0.0 0.0 0.0 0.0 0.0 0.0 0.0 0.0 0.0 0.0 0.0 0.0 0.0 0.0  
    0.0 
  J_BS = 63567.46395753188 95351.19593629782 158785.48986434846  
    214126.45476570597 257188.4450191948 293368.5980638929  
    325299.55004785914 354322.8603340579 381163.95892697974  
    406236.6177032727 429789.4270765695 451982.09489363286  
    472921.00692316546 492676.6704830499 511299.7450233281  
    528833.4441926684 545311.1702326095 560748.0017193593  
    575145.1216034609 588497.2450556073 600795.7292102468  
    612035.2280319317 622219.894404385 631359.6075375469  
    639464.0311070298 646546.846253385 652630.5201089984  
    657738.1277083886 661886.7147254163 665092.7049054869  
    660475.5463014005 642954.7498726837 621896.4261730416  
    604622.6083634945 590681.6392229263 578846.447535156  
    567314.1631549865 555729.1789703972 544513.1185061783  
    533637.6623455767 522927.9794585657 511843.54479117255  
    499986.03333727905 487357.7274774925 474001.34799420345  
    459231.1311288412 443478.7487564404 429096.60229890933  
    417212.0329697176 407659.99461305514 401312.4850404392  
    398959.92711208854 399309.77183694625 401165.14793235064  
    404404.471072768 407179.77723016095 406709.29404811264  
    403314.46996916475 398386.3019820572 392073.8083110857  
    384985.1694501607 377798.83195431234 370267.57245820196  
    362039.3508398978 353183.0574255965 343466.1559364953  
    332890.57108997786 322146.5176245292 311658.0972610236  
    301426.41270753817 291689.10044299555 282773.94461205485  
    274571.38190208 266873.2704584697 259663.1519472744  
    252884.91928081235 246481.6020419358 240477.3552218179  
    234899.07585976153 229734.6067861254 225029.67800688144  
    220790.63090954616 216890.68373267606 213245.58065864403  
    209852.58127429147 206471.21068711398 203155.33466854657  
    200568.84852998503 199056.83840341165 198562.68341173057  
    419683.66085263086 689242.1896519006 784106.4413411267  
    860734.4766077158 889213.4967357985 845783.909926522  
    728920.8900793707 562210.8320980888 378691.8796256187  
    207989.80680355517 50513.591340394516 
  J_NB = 0.0 0.0 0.0 0.0 0.0 0.0 0.0 0.0 0.0 0.0 0.0 0.0 0.0 0.0 0.0  
    0.0 0.0 0.0 0.0 0.0 0.0 0.0 0.0 0.0 0.0 0.0 0.0 0.0 0.0 0.0 0.0 0.0  
    0.0 0.0 0.0 0.0 0.0 0.0 0.0 0.0 0.0 0.0 0.0 0.0 0.0 0.0 0.0 0.0 0.0  
    0.0 0.0 0.0 0.0 0.0 0.0 0.0 0.0 0.0 0.0 0.0 0.0 0.0 0.0 0.0 0.0 0.0  
    0.0 0.0 0.0 0.0 0.0 0.0 0.0 0.0 0.0 0.0 0.0 0.0 0.0 0.0 0.0 0.0 0.0  
    0.0 0.0 0.0 0.0 0.0 0.0 0.0 0.0 0.0 0.0 0.0 0.0 0.0 0.0 0.0 0.0 0.0  
    0.0 
  J_EC = 0.0 0.0 0.0 0.0 0.0 0.0 0.0 0.0 0.0 0.0 0.0 0.0 0.0 0.0 0.0  
    0.0 0.0 0.0 0.0 0.0 0.0 0.0 0.0 0.0 0.0 0.0 0.0 0.0 0.0 0.0 0.0 0.0  
    0.0 0.0 0.0 0.0 0.0 0.0 0.0 0.0 0.0 0.0 0.0 0.0 0.0 0.0 0.0 0.0 0.0  
    0.0 0.0 0.0 0.0 0.0 0.0 0.0 0.0 0.0 0.0 0.0 0.0 0.0 0.0 0.0 0.0 0.0  
    0.0 0.0 0.0 0.0 0.0 0.0 0.0 0.0 0.0 0.0 0.0 0.0 0.0 0.0 0.0 0.0 0.0  
    0.0 0.0 0.0 0.0 0.0 0.0 0.0 0.0 0.0 0.0 0.0 0.0 0.0 0.0 0.0 0.0 0.0  
    0.0 
  J_IC = 0.0 0.0 0.0 0.0 0.0 0.0 0.0 0.0 0.0 0.0 0.0 0.0 0.0 0.0 0.0  
    0.0 0.0 0.0 0.0 0.0 0.0 0.0 0.0 0.0 0.0 0.0 0.0 0.0 0.0 0.0 0.0 0.0  
    0.0 0.0 0.0 0.0 0.0 0.0 0.0 0.0 0.0 0.0 0.0 0.0 0.0 0.0 0.0 0.0 0.0  
    0.0 0.0 0.0 0.0 0.0 0.0 0.0 0.0 0.0 0.0 0.0 0.0 0.0 0.0 0.0 0.0 0.0  
    0.0 0.0 0.0 0.0 0.0 0.0 0.0 0.0 0.0 0.0 0.0 0.0 0.0 0.0 0.0 0.0 0.0  
    0.0 0.0 0.0 0.0 0.0 0.0 0.0 0.0 0.0 0.0 0.0 0.0 0.0 0.0 0.0 0.0 0.0  
    0.0 
  J_LH = 0.0 0.0 0.0 0.0 0.0 0.0 0.0 0.0 0.0 0.0 0.0 0.0 0.0 0.0 0.0  
    0.0 0.0 0.0 0.0 0.0 0.0 0.0 0.0 0.0 0.0 0.0 0.0 0.0 0.0 0.0 0.0 0.0  
    0.0 0.0 0.0 0.0 0.0 0.0 0.0 0.0 0.0 0.0 0.0 0.0 0.0 0.0 0.0 0.0 0.0  
    0.0 0.0 0.0 0.0 0.0 0.0 0.0 0.0 0.0 0.0 0.0 0.0 0.0 0.0 0.0 0.0 0.0  
    0.0 0.0 0.0 0.0 0.0 0.0 0.0 0.0 0.0 0.0 0.0 0.0 0.0 0.0 0.0 0.0 0.0  
    0.0 0.0 0.0 0.0 0.0 0.0 0.0 0.0 0.0 0.0 0.0 0.0 0.0 0.0 0.0 0.0 0.0  
    0.0 
  PE_NB = 0.0 0.0 0.0 0.0 0.0 0.0 0.0 0.0 0.0 0.0 0.0 0.0 0.0 0.0 0.0  
    0.0 0.0 0.0 0.0 0.0 0.0 0.0 0.0 0.0 0.0 0.0 0.0 0.0 0.0 0.0 0.0 0.0  
    0.0 0.0 0.0 0.0 0.0 0.0 0.0 0.0 0.0 0.0 0.0 0.0 0.0 0.0 0.0 0.0 0.0  
    0.0 0.0 0.0 0.0 0.0 0.0 0.0 0.0 0.0 0.0 0.0 0.0 0.0 0.0 0.0 0.0 0.0  
    0.0 0.0 0.0 0.0 0.0 0.0 0.0 0.0 0.0 0.0 0.0 0.0 0.0 0.0 0.0 0.0 0.0  
    0.0 0.0 0.0 0.0 0.0 0.0 0.0 0.0 0.0 0.0 0.0 0.0 0.0 0.0 0.0 0.0 0.0  
    0.0 
  PE_EC = 0.0 0.0 0.0 0.0 0.0 0.0 0.0 0.0 0.0 0.0 0.0 0.0 0.0 0.0 0.0  
    0.0 0.0 0.0 0.0 0.0 0.0 0.0 0.0 0.0 0.0 0.0 0.0 0.0 0.0 0.0 0.0 0.0  
    0.0 0.0 0.0 0.0 0.0 0.0 0.0 0.0 0.0 0.0 0.0 0.0 0.0 0.0 0.0 0.0 0.0  
    0.0 0.0 0.0 0.0 0.0 0.0 0.0 0.0 0.0 0.0 0.0 0.0 0.0 0.0 0.0 0.0 0.0  
    0.0 0.0 0.0 0.0 0.0 0.0 0.0 0.0 0.0 0.0 0.0 0.0 0.0 0.0 0.0 0.0 0.0  
    0.0 0.0 0.0 0.0 0.0 0.0 0.0 0.0 0.0 0.0 0.0 0.0 0.0 0.0 0.0 0.0 0.0  
    0.0 
  PE_IC = 0.0 0.0 0.0 0.0 0.0 0.0 0.0 0.0 0.0 0.0 0.0 0.0 0.0 0.0 0.0  
    0.0 0.0 0.0 0.0 0.0 0.0 0.0 0.0 0.0 0.0 0.0 0.0 0.0 0.0 0.0 0.0 0.0  
    0.0 0.0 0.0 0.0 0.0 0.0 0.0 0.0 0.0 0.0 0.0 0.0 0.0 0.0 0.0 0.0 0.0  
    0.0 0.0 0.0 0.0 0.0 0.0 0.0 0.0 0.0 0.0 0.0 0.0 0.0 0.0 0.0 0.0 0.0  
    0.0 0.0 0.0 0.0 0.0 0.0 0.0 0.0 0.0 0.0 0.0 0.0 0.0 0.0 0.0 0.0 0.0  
    0.0 0.0 0.0 0.0 0.0 0.0 0.0 0.0 0.0 0.0 0.0 0.0 0.0 0.0 0.0 0.0 0.0  
    0.0 
  PE_LH = 0.0 0.0 0.0 0.0 0.0 0.0 0.0 0.0 0.0 0.0 0.0 0.0 0.0 0.0 0.0  
    0.0 0.0 0.0 0.0 0.0 0.0 0.0 0.0 0.0 0.0 0.0 0.0 0.0 0.0 0.0 0.0 0.0  
    0.0 0.0 0.0 0.0 0.0 0.0 0.0 0.0 0.0 0.0 0.0 0.0 0.0 0.0 0.0 0.0 0.0  
    0.0 0.0 0.0 0.0 0.0 0.0 0.0 0.0 0.0 0.0 0.0 0.0 0.0 0.0 0.0 0.0 0.0  
    0.0 0.0 0.0 0.0 0.0 0.0 0.0 0.0 0.0 0.0 0.0 0.0 0.0 0.0 0.0 0.0 0.0  
    0.0 0.0 0.0 0.0 0.0 0.0 0.0 0.0 0.0 0.0 0.0 0.0 0.0 0.0 0.0 0.0 0.0  
    0.0 
  PE_FUS = 2080657.399092186 2080816.5466504148 2081406.7377664393  
    2082597.728450207 2084561.0557457528 2087471.2173562879  
    2091409.1198067744 2096066.4325166184 2101031.371040362  
    2105880.711613095 2110172.714605301 2112872.218334403  
    2113037.2985521024 2110306.3008871274 2104256.0012900364  
    2094390.411753771 2080215.720319218 2061829.4630226193  
    2039613.0166488006 2014050.7079887334 1985768.5657177356  
    1955293.6476982613 1922632.9854962737 1887794.88161101  
    1850838.8096779897 1811881.4559536292 1770527.6835771506  
    1726273.5572548045 1679150.3457039385 1629234.3272912188  
    1576649.8576106108 1522856.229298573 1469176.2903356345  
    1415599.6358258976 1362158.3706719826 1308925.2369325943  
    1256014.4719545455 1203560.284722849 1151688.6948558178  
    1100517.4716576445 1050154.9748828723 1000674.252591147  
    952228.5111416676 905030.3125391279 859278.6984738245  
    815156.5065712763 772990.870476318 732898.7589201275  
    694732.2243320933 658341.7417027066 623577.6179514158  
    590158.5690012904 557860.064625483 526622.3625449847  
    496390.87465266866 467115.96738949756 438916.58936504315  
    411967.7101380651 386292.6390545059 361897.3699924302  
    338773.36304081266 316854.39161366754 296083.4046140395  
    276449.31917558116 257932.8986251757 240508.1040706956  
    224173.44642134043 208909.10786496708 194657.2508539313  
    181360.55310667882 168962.70609279026 157393.36850288196  
    146582.4429657743 136477.38137497415 127028.79516381041  
    118190.40878624641 109921.97171356347 102186.25012002242  
    94945.86951883251 88166.12984565835 81814.87638252218  
    75857.45071366224 70267.46959785705 65027.19370308839  
    60119.17986106334 55526.35240644796 51261.3536045467  
    47310.779624057875 43625.786194143184 40165.97619591822  
    36898.46097149999 27206.89392272536 18136.194650811398  
    10414.132469467268 4819.236060478245 1641.763719412558  
    362.26610069944627 42.136666886760054 1.7056955258111954  
    0.007403401665453689 3.3032795357028313e-09 
  PE_IONIZATION = 0.0 0.0 0.0 0.0 0.0 0.0 0.0 0.0 0.0 0.0 0.0 0.0 0.0  
    0.0 0.0 0.0 0.0 0.0 0.0 0.0 0.0 0.0 0.0 0.0 0.0 0.0 0.0 0.0 0.0 0.0  
    0.0 0.0 0.0 0.0 0.0 0.0 0.0 0.0 0.0 0.0 0.0 0.0 0.0 0.0 0.0 0.0 0.0  
    0.0 0.0 0.0 0.0 0.0 0.0 0.0 0.0 0.0 0.0 0.0 0.0 0.0 0.0 0.0 0.0 0.0  
    0.0 0.0 0.0 0.0 0.0 0.0 0.0 0.0 0.0 0.0 0.0 0.0 0.0 0.0 0.0 0.0 0.0  
    0.0 0.0 0.0 0.0 0.0 0.0 0.0 0.0 0.0 0.0 0.0 0.0 0.0 0.0 0.0 0.0 0.0  
    0.0 0.0 0.0 
  P_RAD = -0.7068680745423231 -0.7067582779565124 -0.7064317951551994  
    -0.7058930651016466 -0.7051466459539038 -0.7041972257922993  
    -0.7030468634987523 -0.701686673394089 -0.7001050378988748  
    -0.6982902829755497 -0.6962305261104851 -0.6938993735319732  
    -0.691282938564373 -0.6883874016413187 -0.6852185902124603  
    -0.6817822794150407 -0.6780753663765223 -0.6740902175154075  
    -0.669825865757198 -0.6652811055620926 -0.6604545667039069  
    -0.6553680197933563 -0.6500492162063612 -0.6445073884040046  
    -0.638754448215497 -0.6328054904050102 -0.6266625399295745  
    -0.6203204398903486 -0.6137874232833983 -0.607073971689485  
    -0.5998725464804933 -0.5926175930355972 -0.5854579750708463  
    -0.5783832251290902 -0.5713842728635921 -0.5644532197025711  
    -0.5575612448689213 -0.5507669007395004 -0.5441908322688063  
    -0.5379490320159867 -0.5321531749868553 -0.5268224899560571  
    -0.5218445932608862 -0.5171323596273072 -0.5126012376070673  
    -0.5081690344370774 -0.5037581176787735 -0.4993105301994972  
    -0.49477480793911793 -0.4900995576763839 -0.48523338228654816  
    -0.48009995082704987 -0.47462627045422057 -0.4687649809837335  
    -0.46246816702991445 -0.4556883304016392 -0.44845441397025304  
    -0.44086612900986316 -0.43298268356254116 -0.424862305816637  
    -0.4165621611854963 -0.40812444662675956 -0.3996040672549767  
    -0.39107923281119583 -0.3826208287335443 -0.374291752884592  
    -0.36615838043972315 -0.3582633168633318 -0.35062611276591915  
    -0.3432634391821907 -0.3361889958976045 -0.32940149292729176  
    -0.322890508476345 -0.3166541029691182 -0.3106887700906813  
    -0.3049805553411783 -0.2995144936579666 -0.29427536222979744  
    -0.2892470774369397 -0.2844151245646057 -0.2797664266916393  
    -0.2752883616220748 -0.27096143881231555 -0.26676004357122685  
    -0.2626602364341894 -0.25864109655121587 -0.25466162991416924  
    -0.2507042109194673 -0.24678234093458995 -0.24290665597462044  
    -0.23908607806018703 -0.2399616877821586 -0.24298804949132144  
    -0.25245829143850534 -0.2808901583542697 -0.3519300341057494  
    -0.4170205016695883 -0.37981723031546405 -0.41750292347374807  
    -1.1008653928890684 -0.4345509397634151 
  P_RAD_IMP = 0.0 0.0 0.0 0.0 0.0 0.0 0.0 0.0 0.0 0.0 0.0 0.0 0.0 0.0  
    0.0 0.0 0.0 0.0 0.0 0.0 0.0 0.0 0.0 0.0 0.0 0.0 0.0 0.0 0.0 0.0 0.0  
    0.0 0.0 0.0 0.0 0.0 0.0 0.0 0.0 0.0 0.0 0.0 0.0 0.0 0.0 0.0 0.0 0.0  
    0.0 0.0 0.0 0.0 0.0 0.0 0.0 0.0 0.0 0.0 0.0 0.0 0.0 0.0 0.0 0.0 0.0  
    0.0 0.0 0.0 0.0 0.0 0.0 0.0 0.0 0.0 0.0 0.0 0.0 0.0 0.0 0.0 0.0 0.0  
    0.0 0.0 0.0 0.0 0.0 0.0 0.0 0.0 0.0 0.0 0.0 0.0 0.0 0.0 0.0 0.0 0.0  
    0.0 0.0 
  PI_NB = 0.0 0.0 0.0 0.0 0.0 0.0 0.0 0.0 0.0 0.0 0.0 0.0 0.0 0.0 0.0  
    0.0 0.0 0.0 0.0 0.0 0.0 0.0 0.0 0.0 0.0 0.0 0.0 0.0 0.0 0.0 0.0 0.0  
    0.0 0.0 0.0 0.0 0.0 0.0 0.0 0.0 0.0 0.0 0.0 0.0 0.0 0.0 0.0 0.0 0.0  
    0.0 0.0 0.0 0.0 0.0 0.0 0.0 0.0 0.0 0.0 0.0 0.0 0.0 0.0 0.0 0.0 0.0  
    0.0 0.0 0.0 0.0 0.0 0.0 0.0 0.0 0.0 0.0 0.0 0.0 0.0 0.0 0.0 0.0 0.0  
    0.0 0.0 0.0 0.0 0.0 0.0 0.0 0.0 0.0 0.0 0.0 0.0 0.0 0.0 0.0 0.0 0.0  
    0.0 
  PI_IC = 0.0 0.0 0.0 0.0 0.0 0.0 0.0 0.0 0.0 0.0 0.0 0.0 0.0 0.0 0.0  
    0.0 0.0 0.0 0.0 0.0 0.0 0.0 0.0 0.0 0.0 0.0 0.0 0.0 0.0 0.0 0.0 0.0  
    0.0 0.0 0.0 0.0 0.0 0.0 0.0 0.0 0.0 0.0 0.0 0.0 0.0 0.0 0.0 0.0 0.0  
    0.0 0.0 0.0 0.0 0.0 0.0 0.0 0.0 0.0 0.0 0.0 0.0 0.0 0.0 0.0 0.0 0.0  
    0.0 0.0 0.0 0.0 0.0 0.0 0.0 0.0 0.0 0.0 0.0 0.0 0.0 0.0 0.0 0.0 0.0  
    0.0 0.0 0.0 0.0 0.0 0.0 0.0 0.0 0.0 0.0 0.0 0.0 0.0 0.0 0.0 0.0 0.0  
    0.0 
  PI_LH = 0.0 0.0 0.0 0.0 0.0 0.0 0.0 0.0 0.0 0.0 0.0 0.0 0.0 0.0 0.0  
    0.0 0.0 0.0 0.0 0.0 0.0 0.0 0.0 0.0 0.0 0.0 0.0 0.0 0.0 0.0 0.0 0.0  
    0.0 0.0 0.0 0.0 0.0 0.0 0.0 0.0 0.0 0.0 0.0 0.0 0.0 0.0 0.0 0.0 0.0  
    0.0 0.0 0.0 0.0 0.0 0.0 0.0 0.0 0.0 0.0 0.0 0.0 0.0 0.0 0.0 0.0 0.0  
    0.0 0.0 0.0 0.0 0.0 0.0 0.0 0.0 0.0 0.0 0.0 0.0 0.0 0.0 0.0 0.0 0.0  
    0.0 0.0 0.0 0.0 0.0 0.0 0.0 0.0 0.0 0.0 0.0 0.0 0.0 0.0 0.0 0.0 0.0  
    0.0 
  PI_FUS = 973882.4572474664 973464.7460655319 972171.1578622106  
    969940.0432566551 966708.0160402518 962409.2375015462  
    956980.7444094942 950381.8937401013 942578.6568063297  
    933538.2455317489 923228.6477027072 911725.7490427226  
    899151.7579352162 885534.2480384876 870885.1106123534  
    855196.2648804012 838358.0066248612 820361.2962203072  
    801343.4804066475 781469.3455359049 760943.2575059831  
    739908.3812622166 718350.7607371003 696287.3247836198  
    673752.4765894676 650799.451254488 627336.8367868143  
    603261.041012546 578631.4533203429 553520.5670900857  
    528014.0450721778 502624.48178333073 477790.6874773107  
    453508.0483619564 429785.2743078128 406643.0093915962  
    384107.1921095137 362211.68269198097 340993.26919199934  
    320483.5736367402 300708.7957642229 281687.0346178672  
    263457.4964681739 246067.66125714287 229556.33363633274  
    213953.31657234425 199324.4928596201 185668.69782511765  
    172910.5605410331 160977.89770915077 149801.97023252185  
    139278.68306297794 129325.43806859702 119910.30123866987  
    111003.62227433296 102577.87891893327 94647.84895955776  
    87239.02618645798 80337.86335904532 73926.84496044528  
    67985.46096769994 62481.122411924174 57383.4039563224  
    52672.45194165237 48327.603074827035 44327.770667613855  
    40657.71838316622 37298.51438383359 34224.67713823855  
    31412.40343937166 28839.54300839528 26482.58910775335  
    24319.61617842794 22333.28235026661 20507.782663979906  
    18828.73688001302 17283.66653097149 15861.393387971268  
    14551.270719738282 13343.624181735991 12229.671903544364  
    11201.015778893661 10250.492290906235 9372.170712448407  
    8560.592356026978 7810.736008136951 7119.478753461126  
    6482.498502869575 5893.993542681587 5349.029701989351  
    4843.439388205141 3344.0680149695677 2044.767433380411  
    1045.366491641155 413.3621681627386 114.06744166027602  
    19.083984919557967 1.5524685717617177 0.03950070515950688  
    8.993413739740275e-05 1.1973251000026103e-11 
  PI_IONIZATION = 0.0 0.0 0.0 0.0 0.0 0.0 0.0 0.0 0.0 0.0 0.0 0.0 0.0  
    0.0 0.0 0.0 0.0 0.0 0.0 0.0 0.0 0.0 0.0 0.0 0.0 0.0 0.0 0.0 0.0 0.0  
    0.0 0.0 0.0 0.0 0.0 0.0 0.0 0.0 0.0 0.0 0.0 0.0 0.0 0.0 0.0 0.0 0.0  
    0.0 0.0 0.0 0.0 0.0 0.0 0.0 0.0 0.0 0.0 0.0 0.0 0.0 0.0 0.0 0.0 0.0  
    0.0 0.0 0.0 0.0 0.0 0.0 0.0 0.0 0.0 0.0 0.0 0.0 0.0 0.0 0.0 0.0 0.0  
    0.0 0.0 0.0 0.0 0.0 0.0 0.0 0.0 0.0 0.0 0.0 0.0 0.0 0.0 0.0 0.0 0.0  
    0.0 0.0 0.0 
  PI_CX = 0.0 0.0 0.0 0.0 0.0 0.0 0.0 0.0 0.0 0.0 0.0 0.0 0.0 0.0 0.0  
    0.0 0.0 0.0 0.0 0.0 0.0 0.0 0.0 0.0 0.0 0.0 0.0 0.0 0.0 0.0 0.0 0.0  
    0.0 0.0 0.0 0.0 0.0 0.0 0.0 0.0 0.0 0.0 0.0 0.0 0.0 0.0 0.0 0.0 0.0  
    0.0 0.0 0.0 0.0 0.0 0.0 0.0 0.0 0.0 0.0 0.0 0.0 0.0 0.0 0.0 0.0 0.0  
    0.0 0.0 0.0 0.0 0.0 0.0 0.0 0.0 0.0 0.0 0.0 0.0 0.0 0.0 0.0 0.0 0.0  
    0.0 0.0 0.0 0.0 0.0 0.0 0.0 0.0 0.0 0.0 0.0 0.0 0.0 0.0 0.0 0.0 0.0  
    0.0 
  P_OHM = 0.0 0.0 0.0 0.0 0.0 0.0 0.0 0.0 0.0 0.0 0.0 0.0 0.0 0.0 0.0  
    0.0 0.0 0.0 0.0 0.0 0.0 0.0 0.0 0.0 0.0 0.0 0.0 0.0 0.0 0.0 0.0 0.0  
    0.0 0.0 0.0 0.0 0.0 0.0 0.0 0.0 0.0 0.0 0.0 0.0 0.0 0.0 0.0 0.0 0.0  
    0.0 0.0 0.0 0.0 0.0 0.0 0.0 0.0 0.0 0.0 0.0 0.0 0.0 0.0 0.0 0.0 0.0  
    0.0 0.0 0.0 0.0 0.0 0.0 0.0 0.0 0.0 0.0 0.0 0.0 0.0 0.0 0.0 0.0 0.0  
    0.0 0.0 0.0 0.0 0.0 0.0 0.0 0.0 0.0 0.0 0.0 0.0 0.0 0.0 0.0 0.0 0.0  
    0.0 
  P_EI = 0.0 0.0 0.0 0.0 0.0 0.0 0.0 0.0 0.0 0.0 0.0 0.0 0.0 0.0 0.0  
    0.0 0.0 0.0 0.0 0.0 0.0 0.0 0.0 0.0 0.0 0.0 0.0 0.0 0.0 0.0 0.0 0.0  
    0.0 0.0 0.0 0.0 0.0 0.0 0.0 0.0 0.0 0.0 0.0 0.0 0.0 0.0 0.0 0.0 0.0  
    0.0 0.0 0.0 0.0 0.0 0.0 0.0 0.0 0.0 0.0 0.0 0.0 0.0 0.0 0.0 0.0 0.0  
    0.0 0.0 0.0 0.0 0.0 0.0 0.0 0.0 0.0 0.0 0.0 0.0 0.0 0.0 0.0 0.0 0.0  
    0.0 0.0 0.0 0.0 0.0 0.0 0.0 0.0 0.0 0.0 0.0 0.0 0.0 0.0 0.0 0.0 0.0  
    0.0 
  TORQUE_NB = 0.0 0.0 0.0 0.0 0.0 0.0 0.0 0.0 0.0 0.0 0.0 0.0 0.0 0.0  
    0.0 0.0 0.0 0.0 0.0 0.0 0.0 0.0 0.0 0.0 0.0 0.0 0.0 0.0 0.0 0.0 0.0  
    0.0 0.0 0.0 0.0 0.0 0.0 0.0 0.0 0.0 0.0 0.0 0.0 0.0 0.0 0.0 0.0 0.0  
    0.0 0.0 0.0 0.0 0.0 0.0 0.0 0.0 0.0 0.0 0.0 0.0 0.0 0.0 0.0 0.0 0.0  
    0.0 0.0 0.0 0.0 0.0 0.0 0.0 0.0 0.0 0.0 0.0 0.0 0.0 0.0 0.0 0.0 0.0  
    0.0 0.0 0.0 0.0 0.0 0.0 0.0 0.0 0.0 0.0 0.0 0.0 0.0 0.0 0.0 0.0 0.0  
    0.0 0.0 
  TORQUE_IN = 0.0 0.0 0.0 0.0 0.0 0.0 0.0 0.0 0.0 0.0 0.0 0.0 0.0 0.0  
    0.0 0.0 0.0 0.0 0.0 0.0 0.0 0.0 0.0 0.0 0.0 0.0 0.0 0.0 0.0 0.0 0.0  
    0.0 0.0 0.0 0.0 0.0 0.0 0.0 0.0 0.0 0.0 0.0 0.0 0.0 0.0 0.0 0.0 0.0  
    0.0 0.0 0.0 0.0 0.0 0.0 0.0 0.0 0.0 0.0 0.0 0.0 0.0 0.0 0.0 0.0 0.0  
    0.0 0.0 0.0 0.0 0.0 0.0 0.0 0.0 0.0 0.0 0.0 0.0 0.0 0.0 0.0 0.0 0.0  
    0.0 0.0 0.0 0.0 0.0 0.0 0.0 0.0 0.0 0.0 0.0 0.0 0.0 0.0 0.0 0.0 0.0  
    0.0 0.0 
  SE_NB = 0.0 0.0 0.0 0.0 0.0 0.0 0.0 0.0 0.0 0.0 0.0 0.0 0.0 0.0 0.0  
    0.0 0.0 0.0 0.0 0.0 0.0 0.0 0.0 0.0 0.0 0.0 0.0 0.0 0.0 0.0 0.0 0.0  
    0.0 0.0 0.0 0.0 0.0 0.0 0.0 0.0 0.0 0.0 0.0 0.0 0.0 0.0 0.0 0.0 0.0  
    0.0 0.0 0.0 0.0 0.0 0.0 0.0 0.0 0.0 0.0 0.0 0.0 0.0 0.0 0.0 0.0 0.0  
    0.0 0.0 0.0 0.0 0.0 0.0 0.0 0.0 0.0 0.0 0.0 0.0 0.0 0.0 0.0 0.0 0.0  
    0.0 0.0 0.0 0.0 0.0 0.0 0.0 0.0 0.0 0.0 0.0 0.0 0.0 0.0 0.0 0.0 0.0  
    0.0 
  SE_IONIZATION = 0.0 0.0 0.0 0.0 0.0 0.0 0.0 0.0 0.0 0.0 0.0 0.0 0.0  
    0.0 0.0 0.0 0.0 0.0 0.0 0.0 0.0 0.0 0.0 0.0 0.0 0.0 0.0 0.0 0.0 0.0  
    0.0 0.0 0.0 0.0 0.0 0.0 0.0 0.0 0.0 0.0 0.0 0.0 0.0 0.0 0.0 0.0 0.0  
    0.0 0.0 0.0 0.0 0.0 0.0 0.0 0.0 0.0 0.0 0.0 0.0 0.0 0.0 0.0 0.0 0.0  
    0.0 0.0 0.0 0.0 0.0 0.0 0.0 0.0 0.0 0.0 0.0 0.0 0.0 0.0 0.0 0.0 0.0  
    0.0 0.0 0.0 0.0 0.0 0.0 0.0 0.0 0.0 0.0 0.0 0.0 0.0 0.0 0.0 0.0 0.0  
    0.0 0.0 0.0 
  SI_NB = 0.0 0.0 0.0 0.0 0.0 0.0 0.0 0.0 0.0 0.0 0.0 0.0 0.0 0.0 0.0  
    0.0 0.0 0.0 0.0 0.0 0.0 0.0 0.0 0.0 0.0 0.0 0.0 0.0 0.0 0.0 0.0 0.0  
    0.0 0.0 0.0 0.0 0.0 0.0 0.0 0.0 0.0 0.0 0.0 0.0 0.0 0.0 0.0 0.0 0.0  
    0.0 0.0 0.0 0.0 0.0 0.0 0.0 0.0 0.0 0.0 0.0 0.0 0.0 0.0 0.0 0.0 0.0  
    0.0 0.0 0.0 0.0 0.0 0.0 0.0 0.0 0.0 0.0 0.0 0.0 0.0 0.0 0.0 0.0 0.0  
    0.0 0.0 0.0 0.0 0.0 0.0 0.0 0.0 0.0 0.0 0.0 0.0 0.0 0.0 0.0 0.0 0.0  
    0.0 
  SI_IONIZATION = 0.0 0.0 0.0 0.0 0.0 0.0 0.0 0.0 0.0 0.0 0.0 0.0 0.0  
    0.0 0.0 0.0 0.0 0.0 0.0 0.0 0.0 0.0 0.0 0.0 0.0 0.0 0.0 0.0 0.0 0.0  
    0.0 0.0 0.0 0.0 0.0 0.0 0.0 0.0 0.0 0.0 0.0 0.0 0.0 0.0 0.0 0.0 0.0  
    0.0 0.0 0.0 0.0 0.0 0.0 0.0 0.0 0.0 0.0 0.0 0.0 0.0 0.0 0.0 0.0 0.0  
    0.0 0.0 0.0 0.0 0.0 0.0 0.0 0.0 0.0 0.0 0.0 0.0 0.0 0.0 0.0 0.0 0.0  
    0.0 0.0 0.0 0.0 0.0 0.0 0.0 0.0 0.0 0.0 0.0 0.0 0.0 0.0 0.0 0.0 0.0  
    0.0 0.0 0.0 
  SE_PELLET = 0.0 0.0 0.0 0.0 0.0 0.0 0.0 0.0 0.0 0.0 0.0 0.0 0.0 0.0  
    0.0 0.0 0.0 0.0 0.0 0.0 0.0 0.0 0.0 0.0 0.0 0.0 0.0 0.0 0.0 0.0 0.0  
    0.0 0.0 0.0 0.0 0.0 0.0 0.0 0.0 0.0 0.0 0.0 0.0 0.0 0.0 0.0 0.0 0.0  
    0.0 0.0 0.0 0.0 0.0 0.0 0.0 0.0 0.0 0.0 0.0 0.0 0.0 0.0 0.0 0.0 0.0  
    0.0 0.0 0.0 0.0 0.0 0.0 0.0 0.0 0.0 0.0 0.0 0.0 0.0 0.0 0.0 0.0 0.0  
    0.0 0.0 0.0 0.0 0.0 0.0 0.0 0.0 0.0 0.0 0.0 0.0 0.0 0.0 0.0 0.0 0.0  
    0.0 0.0 
  Q = 0.0 0.0 0.0 0.0 0.0 0.0 0.0 0.0 0.0 0.0 0.0 0.0 0.0 0.0 0.0 0.0  
    0.0 0.0 0.0 0.0 0.0 0.0 0.0 0.0 0.0 0.0 0.0 0.0 0.0 0.0 0.0 0.0 0.0  
    0.0 0.0 0.0 0.0 0.0 0.0 0.0 0.0 0.0 0.0 0.0 0.0 0.0 0.0 0.0 0.0 0.0  
    0.0 0.0 0.0 0.0 0.0 0.0 0.0 0.0 0.0 0.0 0.0 0.0 0.0 0.0 0.0 0.0 0.0  
    0.0 0.0 0.0 0.0 0.0 0.0 0.0 0.0 0.0 0.0 0.0 0.0 0.0 0.0 0.0 0.0 0.0  
    0.0 0.0 0.0 0.0 0.0 0.0 0.0 0.0 0.0 0.0 0.0 0.0 0.0 0.0 0.0 0.0 0.0 
  PSIPOL = 0.0 0.0008967694384332072 0.0035867377706255018  
    0.008068862673688313 0.014341400120377913 0.02240187043327494  
    0.032247040699838816 0.043872895793632787 0.057274669808156146  
    0.07244673875231177 0.08938274586384216 0.10807568881758843  
    0.1285180158442581 0.15070111294282412 0.17461686850540653  
    0.200254804813154 0.22760911123489994 0.2566632782807734  
    0.2874098986763179 0.3198305949841525 0.35391750250256143  
    0.38965723982941125 0.4270319636355777 0.46602953172833955  
    0.5066361537063032 0.5488365645596787 0.592613142026101  
    0.6379496244915726 0.684829408965238 0.7332347332615464  
    0.7831471774148089 0.8345483925280325 0.8874203883236846  
    0.9417448763722317 0.9975029761052805 1.0546751397720662  
    1.1132431804421592 1.1731874668563307 1.23448678154012  
    1.2971186868175937 1.361060886716077 1.4262959444520593  
    1.492799085024716 1.5605433760075624 1.6295106159017954  
    1.699672271479585 1.7710011658245473 1.8434755292061944  
    1.9170613784423205 1.991738196610702 2.067469755371767  
    2.1442345334063586 2.2219953521759557 2.3007285632826853  
    2.380398326773026 2.460974822916284 2.542429015920366  
    2.6247226452033194 2.707827814824289 2.791710718343128  
    2.876333722970705 2.96166620893998 3.04767438333826  
    3.1343183999012005 3.2215642948601944 3.309377736039281  
    3.397721290675662 3.486554666598006 3.57584139482487  
    3.665544261001372 3.7556250578592216 3.846041789297607  
    3.936753707181988 4.027720805871764 4.118902379274787  
    4.210257098544405 4.301741794809526 4.3933115109874405  
    4.484922729961295 4.576531067011054 4.6680913487189635  
    4.759558210692156 4.850884819083015 4.942024737887339  
    5.032932512627531 5.123560569819845 5.213857989095813  
    5.303771463081565 5.3932454835223425 5.482226333922335  
    5.570659157863376 5.658491448727431 5.745667853947708  
    5.8321407357697606 5.917867095399044 6.0027962125286995  
    6.086864734646882 6.1700146873383845 6.25218291681461  
    6.33328339973348 6.413202856831741 
  PSI = 0.0 0.0001398317593334683 0.0005592740243363246  
    0.001258164267343089 0.0022362305451012776 0.003493086205656364  
    0.005028227146360616 0.00684102729526116 0.008930743512524889  
    0.011296498858622103 0.013937302134241103 0.016852061478526213  
    0.02003959935671655 0.02349857260203269 0.02722771638501873  
    0.031225396932490632 0.03549070820244468 0.04002107589772555  
    0.044815345014410556 0.049870649989411944 0.055185764492939215  
    0.060758601985328474 0.0665863801860995 0.07266720578344034  
    0.07899892846311621 0.08557916797767032 0.09240517651719263  
    0.09947441843539834 0.10678430485567993 0.11433206615013891  
    0.12211483012431955 0.13012973566538907 0.1383739775794476  
    0.1468447041822522 0.15553897145833748 0.1644537313596062  
    0.17358614802840108 0.18293316039528965 0.19249146005495027  
    0.20225754833808549 0.21222794867095005 0.2223999421650417  
    0.23276966569590013 0.24333291973528876 0.254086866153928  
    0.26502705581330377 0.27614925106227806 0.28745005738317014  
    0.298924175835191 0.3105684072489582 0.322377102600048  
    0.3343469061051433 0.34647202057688675 0.358748758560133  
    0.371171531590846 0.3837356899282706 0.3964367060698873  
    0.40926861410711535 0.4222270642725332 0.43530678518444565  
    0.4485019088249573 0.46180766070498297 0.4752187715521408  
    0.4887290282050459 0.502333134750039 0.5160257378283188  
    0.5298010006117613 0.5436526404094504 0.5575749706740779  
    0.5715621886335012 0.58560833669225 0.599706866468533  
    0.6138514241738532 0.6280357717955525 0.6422535621007337  
    0.6564983507514313 0.6707634064977446 0.6850417192569253  
    0.6993265034776933 0.7136108383248551 0.7278876799829002  
    0.7421499548578883 0.7563903602262562 0.7706016553994995  
    0.7847767527369168 0.7989082341847196 0.8129881598149806  
    0.8270082174980103 0.8409597519244418 0.8548343871708858  
    0.8686235695677651 0.8823191118459095 0.8959123829721162  
    0.9093959548709742 0.9227631228123349 0.9360059780635427  
    0.9491146421733373 0.9620800752880759 0.9748924299430819  
    0.9875382926624369 1.0 
  DENSITY_BEAM = 0.0 0.0 0.0 0.0 0.0 0.0 0.0 0.0 0.0 0.0 0.0 0.0 0.0  
    0.0 0.0 0.0 0.0 0.0 0.0 0.0 0.0 0.0 0.0 0.0 0.0 0.0 0.0 0.0 0.0 0.0  
    0.0 0.0 0.0 0.0 0.0 0.0 0.0 0.0 0.0 0.0 0.0 0.0 0.0 0.0 0.0 0.0 0.0  
    0.0 0.0 0.0 0.0 0.0 0.0 0.0 0.0 0.0 0.0 0.0 0.0 0.0 0.0 0.0 0.0 0.0  
    0.0 0.0 0.0 0.0 0.0 0.0 0.0 0.0 0.0 0.0 0.0 0.0 0.0 0.0 0.0 0.0 0.0  
    0.0 0.0 0.0 0.0 0.0 0.0 0.0 0.0 0.0 0.0 0.0 0.0 0.0 0.0 0.0 0.0 0.0  
    0.0 0.0 0.0 
  WBEAM = 0.0 0.0 0.0 0.0 0.0 0.0 0.0 0.0 0.0 0.0 0.0 0.0 0.0 0.0 0.0  
    0.0 0.0 0.0 0.0 0.0 0.0 0.0 0.0 0.0 0.0 0.0 0.0 0.0 0.0 0.0 0.0 0.0  
    0.0 0.0 0.0 0.0 0.0 0.0 0.0 0.0 0.0 0.0 0.0 0.0 0.0 0.0 0.0 0.0 0.0  
    0.0 0.0 0.0 0.0 0.0 0.0 0.0 0.0 0.0 0.0 0.0 0.0 0.0 0.0 0.0 0.0 0.0  
    0.0 0.0 0.0 0.0 0.0 0.0 0.0 0.0 0.0 0.0 0.0 0.0 0.0 0.0 0.0 0.0 0.0  
    0.0 0.0 0.0 0.0 0.0 0.0 0.0 0.0 0.0 0.0 0.0 0.0 0.0 0.0 0.0 0.0 0.0  
    0.0 
  TBEAM = 0.0 0.0 0.0 0.0 0.0 0.0 0.0 0.0 0.0 0.0 0.0 0.0 0.0 0.0 0.0  
    0.0 0.0 0.0 0.0 0.0 0.0 0.0 0.0 0.0 0.0 0.0 0.0 0.0 0.0 0.0 0.0 0.0  
    0.0 0.0 0.0 0.0 0.0 0.0 0.0 0.0 0.0 0.0 0.0 0.0 0.0 0.0 0.0 0.0 0.0  
    0.0 0.0 0.0 0.0 0.0 0.0 0.0 0.0 0.0 0.0 0.0 0.0 0.0 0.0 0.0 0.0 0.0  
    0.0 0.0 0.0 0.0 0.0 0.0 0.0 0.0 0.0 0.0 0.0 0.0 0.0 0.0 0.0 0.0 0.0  
    0.0 0.0 0.0 0.0 0.0 0.0 0.0 0.0 0.0 0.0 0.0 0.0 0.0 0.0 0.0 0.0 0.0  
    0.0 
  DENSITY_ALPHA = 0.0 0.0 0.0 0.0 0.0 0.0 0.0 0.0 0.0 0.0 0.0 0.0 0.0  
    0.0 0.0 0.0 0.0 0.0 0.0 0.0 0.0 0.0 0.0 0.0 0.0 0.0 0.0 0.0 0.0 0.0  
    0.0 0.0 0.0 0.0 0.0 0.0 0.0 0.0 0.0 0.0 0.0 0.0 0.0 0.0 0.0 0.0 0.0  
    0.0 0.0 0.0 0.0 0.0 0.0 0.0 0.0 0.0 0.0 0.0 0.0 0.0 0.0 0.0 0.0 0.0  
    0.0 0.0 0.0 0.0 0.0 0.0 0.0 0.0 0.0 0.0 0.0 0.0 0.0 0.0 0.0 0.0 0.0  
    0.0 0.0 0.0 0.0 0.0 0.0 0.0 0.0 0.0 0.0 0.0 0.0 0.0 0.0 0.0 0.0 0.0  
    0.0 0.0 0.0 
  WALPHA = 0.0 0.0 0.0 0.0 0.0 0.0 0.0 0.0 0.0 0.0 0.0 0.0 0.0 0.0 0.0  
    0.0 0.0 0.0 0.0 0.0 0.0 0.0 0.0 0.0 0.0 0.0 0.0 0.0 0.0 0.0 0.0 0.0  
    0.0 0.0 0.0 0.0 0.0 0.0 0.0 0.0 0.0 0.0 0.0 0.0 0.0 0.0 0.0 0.0 0.0  
    0.0 0.0 0.0 0.0 0.0 0.0 0.0 0.0 0.0 0.0 0.0 0.0 0.0 0.0 0.0 0.0 0.0  
    0.0 0.0 0.0 0.0 0.0 0.0 0.0 0.0 0.0 0.0 0.0 0.0 0.0 0.0 0.0 0.0 0.0  
    0.0 0.0 0.0 0.0 0.0 0.0 0.0 0.0 0.0 0.0 0.0 0.0 0.0 0.0 0.0 0.0 0.0  
    0.0 
  TALPHA = 0.0 0.0 0.0 0.0 0.0 0.0 0.0 0.0 0.0 0.0 0.0 0.0 0.0 0.0 0.0  
    0.0 0.0 0.0 0.0 0.0 0.0 0.0 0.0 0.0 0.0 0.0 0.0 0.0 0.0 0.0 0.0 0.0  
    0.0 0.0 0.0 0.0 0.0 0.0 0.0 0.0 0.0 0.0 0.0 0.0 0.0 0.0 0.0 0.0 0.0  
    0.0 0.0 0.0 0.0 0.0 0.0 0.0 0.0 0.0 0.0 0.0 0.0 0.0 0.0 0.0 0.0 0.0  
    0.0 0.0 0.0 0.0 0.0 0.0 0.0 0.0 0.0 0.0 0.0 0.0 0.0 0.0 0.0 0.0 0.0  
    0.0 0.0 0.0 0.0 0.0 0.0 0.0 0.0 0.0 0.0 0.0 0.0 0.0 0.0 0.0 0.0 0.0  
    0.0 
  CHIE = 0.0 0.0 0.0 0.0 0.0 0.0 0.0 0.0 0.0 0.0 0.0 0.0 0.0 0.0 0.0  
    0.0 0.0 0.0 0.0 0.0 0.0 0.0 0.0 0.0 0.0 0.0 0.0 0.0 0.0 0.0 0.0 0.0  
    0.0 0.0 0.0 0.0 0.0 0.0 0.0 0.0 0.0 0.0 0.0 0.0 0.0 0.0 0.0 0.0 0.0  
    0.0 0.0 0.0 0.0 0.0 0.0 0.0 0.0 0.0 0.0 0.0 0.0 0.0 0.0 0.0 0.0 0.0  
    0.0 0.0 0.0 0.0 0.0 0.0 0.0 0.0 0.0 0.0 0.0 0.0 0.0 0.0 0.0 0.0 0.0  
    0.0 0.0 0.0 0.0 0.0 0.0 0.0 0.0 0.0 0.0 0.0 0.0 0.0 0.0 0.0 0.0 0.0  
    0.0 
  CHII = 0.0 0.0 0.0 0.0 0.0 0.0 0.0 0.0 0.0 0.0 0.0 0.0 0.0 0.0 0.0  
    0.0 0.0 0.0 0.0 0.0 0.0 0.0 0.0 0.0 0.0 0.0 0.0 0.0 0.0 0.0 0.0 0.0  
    0.0 0.0 0.0 0.0 0.0 0.0 0.0 0.0 0.0 0.0 0.0 0.0 0.0 0.0 0.0 0.0 0.0  
    0.0 0.0 0.0 0.0 0.0 0.0 0.0 0.0 0.0 0.0 0.0 0.0 0.0 0.0 0.0 0.0 0.0  
    0.0 0.0 0.0 0.0 0.0 0.0 0.0 0.0 0.0 0.0 0.0 0.0 0.0 0.0 0.0 0.0 0.0  
    0.0 0.0 0.0 0.0 0.0 0.0 0.0 0.0 0.0 0.0 0.0 0.0 0.0 0.0 0.0 0.0 0.0  
    0.0 
  P_EQ = 0.0 0.0 0.0 0.0 0.0 0.0 0.0 0.0 0.0 0.0 0.0 0.0 0.0 0.0 0.0  
    0.0 0.0 0.0 0.0 0.0 0.0 0.0 0.0 0.0 0.0 0.0 0.0 0.0 0.0 0.0 0.0 0.0  
    0.0 0.0 0.0 0.0 0.0 0.0 0.0 0.0 0.0 0.0 0.0 0.0 0.0 0.0 0.0 0.0 0.0  
    0.0 0.0 0.0 0.0 0.0 0.0 0.0 0.0 0.0 0.0 0.0 0.0 0.0 0.0 0.0 0.0 0.0  
    0.0 0.0 0.0 0.0 0.0 0.0 0.0 0.0 0.0 0.0 0.0 0.0 0.0 0.0 0.0 0.0 0.0  
    0.0 0.0 0.0 0.0 0.0 0.0 0.0 0.0 0.0 0.0 0.0 0.0 0.0 0.0 0.0 0.0 0.0  
    0.0 
  J_TOT = 3645220.1096680933 3645220.1096680933 3644639.202715797  
    3643085.5147782993 3640752.37924357 3637666.9496442433  
    3633864.3915236 3629361.281261277 3624163.166479654  
    3618271.5797177483 3611686.808150818 3604408.895762948  
    3596437.8486915114 3587773.6674478776 3578416.3517763494  
    3568365.9014212852 3557622.3163825623 3546185.596915952  
    3534055.7432771665 3521232.754954782 3507716.6316930386  
    3493507.3740033815 3478604.9821416745 3463009.45585201  
    3446720.7948785964 3429738.999221697 3412064.0688812537  
    3393696.004112986 3374634.8051723912 3354880.471803967  
    3334433.0037518465 3313292.401271755 3291458.664364067  
    3268931.7927727276 3245711.7867534966 3221798.646306105  
    3197192.371175198 3171892.9613608527 3145900.416862718  
    3119214.7379369377 3091835.9248390244 3063763.9773132657  
    3034998.895359357 3005540.6789771724 2975389.327911789  
    2944544.8421632117 2913007.221730686 2880776.4668698628  
    2847852.577581347 2814235.5538652223 2779925.3957213387  
    2744922.1028936566 2709225.675638084 2672836.113954717  
    2635753.4175876994 2597977.586792406 2559508.6215691576  
    2520346.521663137 2480491.28732867 2439942.918565968  
    2398701.4151202166 2356766.7772465376 2314139.004945204  
    2270818.097959638 2226804.056546339 2182096.8807055615  
    2136696.5701811705 2090603.1252282578 2043816.5458471049  
    1996336.8317830842 1948163.9832916642 1899298.000372647  
    1849738.8827690645 1799486.6307373927 1748541.244277924  
    1696902.7231343873 1644571.0675635773 1591546.2778208016  
    1537828.3536507573 1483417.2945408768 1428313.1007468475  
    1372515.7727810177 1316025.310131636 1258841.7127983181  
    1200964.9812924298 1142395.115359582 1083132.1147426777  
    1023175.9794942559 962526.7097917356 901184.3056600597  
    839148.766999112 776420.2260164442 713001.1946380701  
    648914.1476910171 584280.1372432869 519548.0994823922  
    455977.3021437498 396139.2154347794 344330.2241209214  
    307405.3699123782 280032.0035795232 
  RHO = 0.0 0.01 0.02 0.03 0.04 0.05 0.06 0.07 0.08 0.09 0.1 0.11 0.12  
    0.13 0.14 0.15 0.16 0.17 0.18 0.19 0.2 0.21 0.22 0.23 0.24 0.25  
    0.26 0.27 0.28 0.29 0.3 0.31 0.32 0.33 0.34 0.35 0.36 0.37 0.38  
    0.39 0.4 0.41 0.42 0.43 0.44 0.45 0.46 0.47 0.48 0.49 0.5 0.51 0.52  
    0.53 0.54 0.55 0.56 0.57 0.58 0.59 0.6 0.61 0.62 0.63 0.64 0.65  
    0.66 0.67 0.68 0.69 0.7 0.71 0.72 0.73 0.74 0.75 0.76 0.77 0.78  
    0.79 0.8 0.81 0.82 0.83 0.84 0.85 0.86 0.87 0.88 0.89 0.9 0.91 0.92  
    0.93 0.94 0.95 0.96 0.97 0.98 0.99 1.0 
  MODEL_PROFILE_NE = 'ped' 
  MODEL_PROFILE_TE = 'ped' 
  MODEL_PROFILE_TI = 'ped' 
  MODEL_PROFILE_DENSITY_BEAM = 'parab' 
  MODEL_PROFILE_J_TOT = 'parab' 
  MODEL_PROFILE_OMEGA = 'parab' 
  MODEL_PROFILE_ZEFF = 'const' 
  MODEL_PROFILE_TBEAMI = 'const' 
  MODEL_PROFILE_DENSITY_ALPHA = 'zero' 
  MODEL_PROFILE_WALPHA = 'zero' 
  MODEL_PROFILE_WBEAM = 'derived' 
  J_TOT_AXIS = 1.0 
  J_TOT_SEP = 0.05 
  J_TOT_ALPHA = 2.0 
  J_TOT_BETA = 1.0 
  DENSITY_BEAM_AXIS = 0.0 
  DENSITY_BEAM_SEP = 0.0 
  DENSITY_BEAM_ALPHA = 1.5 
  DENSITY_BEAM_BETA = 1.5 
  TBEAMI_AXIS = 20.0 
  DENSITY_ION_0 = 9.934315296186664 9.933940546894926 9.932735008184952  
    9.9305773700924 9.92734668675775 9.92292192963435 9.917284628675574  
    9.910829232550554 9.904058642673757 9.897485988779062  
    9.891641910528463 9.887596500372243 9.886253217035298  
    9.88796102220899 9.893144875292576 9.902321516050812  
    9.916105523051733 9.934341163180873 9.956408602160092  
    9.981562985609024 10.00888262792421 10.037638113138295  
    10.067836719003566 10.099451878675044 10.13238582209966  
    10.166462113936616 10.202194168736497 10.240219166398061  
    10.280440566277175 10.322701792277446 10.366783578819861  
    10.412461979873552 10.45909862835202 10.50575986294886  
    10.551454534458076 10.595138007106357 10.636500247887753  
    10.675771332906105 10.712689692813868 10.747008133615184  
    10.778495131012967 10.807009390568872 10.832466933000607  
    10.854750266387295 10.87376538674325 10.889444552994473  
    10.901938368097893 10.911058607539541 10.916248784111506  
    10.916949180817713 10.912595310104495 10.902180466767982  
    10.884481079032073 10.858596467002132 10.823617939122318  
    10.778629203074185 10.724050104484444 10.661449869563128  
    10.591648943911201 10.515488797694008 10.43382813471133  
    10.347199129553795 10.255969175214014 10.160768302917528  
    10.062235288010562 9.961015913503381 9.85795408941693  
    9.753707295959567 9.648644502783505 9.543132284681677  
    9.43753437184156 9.331983094526239 9.226445016311336  
    9.121029184124904 9.015839852257715 8.910976655491101  
    8.806547841376624 8.702614196538505 8.59919791627517  
    8.496317508080278 8.393988007344841 8.292028668656416  
    8.190436441657114 8.089489864409876 7.989466687687018  
    7.8906438405694885 7.795164658857833 7.703760400382922  
    7.614581557223509 7.5257693217484745 7.43545662774674  
    7.201049146751514 6.920114237072055 6.589893869906721  
    6.215196231989189 5.811086970430013 5.401921764199655  
    5.015464739459595 4.67482927582143 4.393002678905589  
    4.172188489926656 
  DENSITY_ION_1 = 9.934315296186664 9.933940546894926 9.932735008184952  
    9.9305773700924 9.92734668675775 9.92292192963435 9.917284628675574  
    9.910829232550554 9.904058642673757 9.897485988779062  
    9.891641910528463 9.887596500372243 9.886253217035298  
    9.88796102220899 9.893144875292576 9.902321516050812  
    9.916105523051733 9.934341163180873 9.956408602160092  
    9.981562985609024 10.00888262792421 10.037638113138295  
    10.067836719003566 10.099451878675044 10.13238582209966  
    10.166462113936616 10.202194168736497 10.240219166398061  
    10.280440566277175 10.322701792277446 10.366783578819861  
    10.412461979873552 10.45909862835202 10.50575986294886  
    10.551454534458076 10.595138007106357 10.636500247887753  
    10.675771332906105 10.712689692813868 10.747008133615184  
    10.778495131012967 10.807009390568872 10.832466933000607  
    10.854750266387295 10.87376538674325 10.889444552994473  
    10.901938368097893 10.911058607539541 10.916248784111506  
    10.916949180817713 10.912595310104495 10.902180466767982  
    10.884481079032073 10.858596467002132 10.823617939122318  
    10.778629203074185 10.724050104484444 10.661449869563128  
    10.591648943911201 10.515488797694008 10.43382813471133  
    10.347199129553795 10.255969175214014 10.160768302917528  
    10.062235288010562 9.961015913503381 9.85795408941693  
    9.753707295959567 9.648644502783505 9.543132284681677  
    9.43753437184156 9.331983094526239 9.226445016311336  
    9.121029184124904 9.015839852257715 8.910976655491101  
    8.806547841376624 8.702614196538505 8.59919791627517  
    8.496317508080278 8.393988007344841 8.292028668656416  
    8.190436441657114 8.089489864409876 7.989466687687018  
    7.8906438405694885 7.795164658857833 7.703760400382922  
    7.614581557223509 7.5257693217484745 7.43545662774674  
    7.201049146751514 6.920114237072055 6.589893869906721  
    6.215196231989189 5.811086970430013 5.401921764199655  
    5.015464739459595 4.67482927582143 4.393002678905589  
    4.172188489926656 
  DENSITY_IMP_0 = 0.00042237096310689343 0.00042234948405698084  
    0.0004222850534607325 0.0004221776909752844 0.0004220274293514242  
    0.00042183431441694045 0.00042159840505332906 0.0004213197731658719  
    0.00042099850364711046 0.00042063469433373935 0.0004202284559569505  
    0.00041977991208626427 0.0004192891990668859 0.00041875646595063306  
    0.00041818187442048236 0.0004175655987087894 0.0004169078255092396  
    0.0004162087538825916 0.0004154685951562817 0.0004146875728179577  
    0.00041386592240301944 0.0004130038913762438 0.00041210173900757866  
    0.00041115973624219126 0.00041017816556486464  
    0.00040915732085883467 0.0004080975072591686 0.0004069990410007854  
    0.00040586224926122575 0.0004046874699982801 0.0004034750517825872  
    0.0004022837602599539 0.0004011516144701142 0.0004000478509313285  
    0.0003989417061618572 0.00039780241667996077 0.0003966243559801148  
    0.0003954201702931524 0.00039418650524187024 0.00039292000644906513  
    0.0003916173195375337 0.0003902765555009283 0.00038890100700032505  
    0.000387495092159657 0.0003860632291028571 0.00038460983595385833  
    0.0003831522603034925 0.00038168783175739204 0.0003801909414616907  
    0.0003786359805625227 0.0003769973402060221 0.0003752297592111944  
    0.0003732835855317527 0.0003711266240158921 0.00036872667951180787  
    0.00036605155686769496 0.0003631190027355114 0.0003599859921277729  
    0.0003566791724335112 0.0003532251910417583 0.00034965069534154586  
    0.00034596955645758043 0.0003421907116358178 0.00033833340744716386  
    0.000334416890462525 0.0003304604072528072 0.0003264905827144193  
    0.00032252732336459944 0.0003185797982054979 0.0003146571762392648  
    0.00031076862646805045 0.0003069153636001201 0.0003030933195427039  
    0.00029930373909639905 0.00029554786706180295 0.000291826948239513  
    0.0002881427628997151 0.00028449570151795923 0.00028088492420288796  
    0.000277309591063144 0.00027376886220737025 0.0002702555159666554  
    0.000266768369076189 0.0002633156392507646 0.0002599055442051759  
    0.00025654630165421655 0.0002533073464664697 0.00025021169197726343  
    0.000247197923601509 0.00024420462675411745 0.00024117038685000003  
    0.00023325014490000002 0.00022385562405 0.00021292441095000002  
    0.00020063870909999988 0.00018749261879999983 0.00017425091505  
    0.00016177493145 0.00015078640815 0.000141696051555  
    0.00013457370222 
  DENSITY_IMP_1 = 0.022526451365700983 0.022525305816372312  
    0.022521869517905732 0.022516143518681836 0.022508129565409294  
    0.022497830102236827 0.02248524826951088 0.022470387902179836  
    0.02245325352784589 0.0224338503644661 0.022412184317704028  
    0.022388261977934094 0.022362090616900584 0.022333678184033763  
    0.022303033302425727 0.02227016526446877 0.022235084027159447  
    0.022197800207071555 0.022158325075001692 0.022116670550291078  
    0.022072849194827705 0.022026874206733004 0.02197875941373753  
    0.0219285192662502 0.021876168830126115 0.02182172377913785  
    0.02176520038715566 0.02170661552004189 0.021645986627265374  
    0.021583331733241607 0.02151866942840465 0.021455133880530875  
    0.021394752771739422 0.021335885383004186 0.021276890995299055  
    0.02121612888959791 0.021153298985606122 0.02108907574896813  
    0.021023280279566414 0.020955733677283473 0.0208862570420018  
    0.020814749626716176 0.020741387040017337 0.020666404915181704  
    0.02059003888548571 0.020512524584205778 0.02043478721618627  
    0.020356684360394242 0.020276850211290172 0.020193918963334546  
    0.020106524810987843 0.020012253824597034 0.01990845789502681  
    0.019793419947514247 0.01966542290729642 0.0195227496996104  
    0.01936634681256061 0.01919925291348122 0.019022889196453934  
    0.018838676855560444 0.018648037084882448 0.018451709677737623  
    0.018250171287243617 0.018044448397182073 0.017835567491334667  
    0.01762455505348305 0.01741283107810236 0.01720145724611197  
    0.01699092257095989 0.016781716066094122 0.01657432674496269  
    0.016368819392006406 0.016164977042277543 0.015962866085141286  
    0.015762552909962823 0.015564103906107359 0.01536761402131814  
    0.015173104080957825 0.01498052929082069 0.014789844856701016  
    0.014601005984393081 0.014413627518221624 0.01422764635073008  
    0.014043500760040777 0.013861629024276048 0.013682469421558216  
    0.013509725144878382 0.013344623572120717 0.013183889258747148  
    0.013024246760219597 0.012862420632000002 0.012440007728000002  
    0.011938966616000002 0.011355968584 0.010700731151999994  
    0.009999606335999991 0.009293382136 0.008627996344000001  
    0.008041941767999999 0.007557122749600001 0.0071772641184 
  DENSITY_IMP_2 = 0.5631612841425245 0.5631326454093077  
    0.5630467379476433 0.5629035879670459 0.5627032391352323  
    0.5624457525559207 0.5621312067377721 0.5617596975544958  
    0.5613313381961473 0.5608462591116525 0.5603046079426006  
    0.5597065494483523 0.5590522654225145 0.5583419546008441  
    0.5575758325606431 0.5567541316117193 0.5558771006789861  
    0.5549450051767888 0.5539581268750423 0.5529167637572769  
    0.5518212298706926 0.5506718551683251 0.5494689853434382  
    0.548212981656255 0.5469042207531528 0.5455430944784463  
    0.5441300096788915 0.5426653880010472 0.5411496656816344  
    0.5395832933310402 0.5379667357101162 0.5363783470132719  
    0.5348688192934856 0.5333971345751046 0.5319222748824763  
    0.5304032222399477 0.528832474640153 0.5272268937242032  
    0.5255820069891604 0.5238933419320868 0.522156426050045  
    0.5203687406679044 0.5185346760004333 0.5166601228795427  
    0.5147509721371428 0.5128131146051444 0.5108696804046567  
    0.508917109009856 0.5069212552822543 0.5048479740833637  
    0.5026631202746961 0.5003063456149258 0.4977114473756703  
    0.49483549868785615 0.4916355726824105 0.48806874249025994  
    0.4841586703140152 0.4799813228370305 0.4755722299113483  
    0.4709669213890111 0.4662009271220612 0.46129274194344055  
    0.4562542821810904 0.4511112099295518 0.4458891872833667  
    0.44061387633707627 0.435320776952559 0.43003643115279927  
    0.4247730642739972 0.4195429016523531 0.41435816862406727  
    0.40922048480016016 0.40412442605693855 0.3990716521285321  
    0.3940638227490706 0.38910259765268396 0.3841903505329535  
    0.3793276020239456 0.37451323227051725 0.3697461214175254  
    0.365025149609827 0.3603406879555406 0.355691158768252  
    0.3510875190010194 0.3465407256069012 0.3420617355389554  
    0.33774312862195954 0.3336155893030179 0.32959723146867864  
    0.32560616900548994 0.32156051580000006 0.3110001932 0.2984741654  
    0.2838992146 0.26751827879999984 0.24999015839999977 0.2323345534  
    0.21569990860000002 0.20104854419999998 0.18892806874 0.17943160296 
  DENSITY_IMP_3 = 3.160451673016352 3.1601605073236487  
    3.159368504258136 3.1581975832143416 3.1567697054244577  
    3.1552073202340534 3.1535307231927856 3.1513476949109704  
    3.1481579658976075 3.1434514396498585 3.136700909504875  
    3.1268401140382074 3.112969821635365 3.0947456916584843  
    3.071747777365639 3.043464740717787 3.0092877912112215  
    2.9693788334411146 2.9243642534701086 2.8749958344661164  
    2.8222025643366013 2.7667215311993925 2.708553495448396  
    2.647733424041612 2.5843678449078356 2.5186423046498363  
    2.4500528488195092 2.377972101749288 2.3025067475686054  
    2.2238238400792296 2.1421534515956893 2.059541439465798  
    1.9778048750649306 1.8969236594751182 1.8169351816779837  
    1.737930317222467 1.6600446605637467 1.5834402066924995  
    1.5082745291998334 1.4346908263251799 1.3628166266091915  
    1.2927346596264062 1.2246309870304715 1.158760075838548  
    1.0953529051326278 1.0346141910829985 0.976931158091286  
    0.9224092404348838 0.8708109740252914 0.8219021245621795  
    0.7754532283028066 0.7310677580566762 0.6884299232088559  
    0.6474422573625721 0.6080153057822595 0.5700672144949624  
    0.5337283373246167 0.4991958443742153 0.4664754390449495  
    0.4355518001736227 0.40639237296261566 0.3788950293005705  
    0.3529694576312423 0.32858232816689426 0.30569156699909916  
    0.2842480925554002 0.2642334464782125 0.24560731031310995  
    0.228284980981546 0.21218415026424992 0.1972253545474073  
    0.1833139231682848 0.1703571694711144 0.15828463908075585  
    0.14703067025936145 0.136534220778519 0.12674223680324434  
    0.11760603762278395 0.1090773887869651 0.10111174365037577  
    0.09366802767025888 0.08670309285780334 0.08018330481197274  
    0.07408489928157806 0.06838489930604882 0.06306114961618743  
    0.05812300364212635 0.05355268598817509 0.04929566819407357  
    0.04530672150942917 0.041548875763810784 0.03040509558318561  
    0.020081675350095387 0.011401642776128573 0.005205666238106159  
    0.0017466902263814606 0.00037935509549376334 4.346028475538127e-05  
    1.7360530205647747e-06 7.454077365015574e-09 3.2978837999795014e-15 
  DENSITY_TH = 23.615192371861013 23.61412190182324 23.61082941314705  
    23.605194232575847 23.59709647506995 23.586416596475324  
    23.57313803395627 23.55765756524192 23.54048084147276  
    23.522124161378432 23.503121751278066 23.484547706121067  
    23.467309900944443 23.451762125327296 23.43833457568828  
    23.42754963529431 23.420027929846345 23.415620173940606  
    23.413713378335494 23.41356992756455 23.414275765172945  
    23.415109490742417 23.416086779951712 23.417189842050448  
    23.418330056856 23.419340508101513 23.420744493865808  
    23.423189437107503 23.426589394681116 23.430798737168406  
    23.43560948942572 23.44270116386696 23.452666855448665  
    23.463576453181876 23.473442358178072 23.480223484981405  
    23.48342755432099 23.483694262148177 23.480653388601542  
    23.473949089171366 23.46324118904671 23.44832720761427  
    23.42922981707914 23.405974631500023 23.378610752870863  
    23.347213546097247 23.31249551416822 23.274181936715976  
    23.23088683868331 23.181221015224867 23.123790490937687  
    23.056122520791373 22.97538527012923 22.879635236626225  
    22.766920906296114 22.63528316439007 22.48571668242282  
    22.32163614524311 22.144725125147588 21.95668821899725  
    21.75924725728756 21.553383709585795 21.339754452239237  
    21.11961292573613 20.89422131468539 20.664848811359974  
    20.433201723925446 20.20058231795452 19.967656553191713  
    19.735087994522292 19.50353736222602 19.273176331776526  
    19.043839698512542 18.815676829283333 18.588832298300886  
    18.36344606026775 18.139684026873667 17.917619632506216  
    17.697247867822842 17.478560035676217 17.26154396681637  
    17.045785001160368 16.831241761614258 16.61845896350164  
    16.40798053485547 16.200349582017335 15.999958482471097  
    15.808283911321134 15.621487101292118 15.43571998539884  
    15.247126238076142 14.756176840159114 14.170947137134256  
    13.486657490184522 12.714017778877583 11.884097888441207  
    11.046025069945854 10.255462619079395 9.558901560072032  
    8.98263225280641 8.531120420633934 
  NI = 19.86863059237333 19.86788109378985 19.865470016369905  
    19.8611547401848 19.8546933735155 19.8458438592687  
    19.83456925735115 19.82165846510111 19.808117285347514  
    19.794971977558124 19.783283821056926 19.775193000744487  
    19.772506434070596 19.77592204441798 19.78628975058515  
    19.804643032101623 19.832211046103467 19.868682326361746  
    19.912817204320184 19.963125971218048 20.01776525584842  
    20.07527622627659 20.13567343800713 20.198903757350088  
    20.26477164419932 20.33292422787323 20.404388337472994  
    20.480438332796123 20.56088113255435 20.64540358455489  
    20.733567157639722 20.824923959747103 20.91819725670404  
    21.01151972589772 21.10290906891615 21.190276014212714  
    21.273000495775506 21.35154266581221 21.425379385627735  
    21.494016267230368 21.556990262025934 21.614018781137744  
    21.664933866001213 21.70950053277459 21.7475307734865  
    21.778889105988945 21.803876736195786 21.822117215079082  
    21.832497568223012 21.833898361635427 21.82519062020899  
    21.804360933535964 21.768962158064145 21.717192934004263  
    21.647235878244636 21.55725840614837 21.44810020896889  
    21.322899739126257 21.183297887822402 21.030977595388016  
    20.86765626942266 20.69439825910759 20.51193835042803  
    20.321536605835057 20.124470576021125 19.922031827006762  
    19.71590817883386 19.507414591919133 19.29728900556701  
    19.086264569363355 18.87506874368312 18.663966189052477  
    18.452890032622673 18.242058368249808 18.03167970451543  
    17.821953310982202 17.613095682753247 17.40522839307701  
    17.19839583255034 16.992635016160555 16.787976014689683  
    16.58405733731283 16.38087288331423 16.17897972881975  
    15.978933375374035 15.781287681138977 15.590329317715666  
    15.407520800765845 15.229163114447019 15.051538643496949  
    14.87091325549348 14.402098293503029 13.84022847414411  
    13.179787739813442 12.430392463978379 11.622173940860026  
    10.80384352839931 10.03092947891919 9.34965855164286  
    8.786005357811177 8.344376979853312 
  NZ = 3.7465617794876844 3.7462408080333858 3.7453593967771455  
    3.7440394923910447 3.7424031015544506 3.7405727372066275  
    3.738568776605122 3.7359991001408117 3.732363556125248  
    3.7271521838203108 3.7198379302211366 3.70935470537658  
    3.6948034668738474 3.675840080909313 3.6520448251031286  
    3.6229066031926838 3.5878168837428763 3.5469378475788575  
    3.500896174015309 3.4504439563465024 3.396510509324525  
    3.3398332644658266 3.280413341944579 3.2182860847003596  
    3.1535584126566794 3.0864162802282795 3.0163561563928156  
    2.9427511043113777 2.865708262126766 2.7853951526135097  
    2.702042331785993 2.617777204119861 2.534469598744626  
    2.4520567272841585 2.370533289261921 2.2899474707686927  
    2.210427058545486 2.132151596335964 2.055274002973802  
    1.979932821940999 1.9062509270207757 1.8343084264765277  
    1.7642959510779224 1.6964740987254319 1.6310799793843591  
    1.5683244401083025 1.5086187779724325 1.4520647216368914  
    1.3983892704602976 1.3473226535894403 1.2985998707286965  
    1.2517615872554102 1.2064231120650848 1.1624423026219584  
    1.119685028051478 1.0780247582417006 1.037616473453928  
    0.9987364061168549 0.9614272373251852 0.9257106236092361  
    0.8915909878649009 0.8589854504782063 0.8278161018112121  
    0.7980763199010752 0.769750738664263 0.7428169843532123  
    0.7172935450915883 0.6931677260353858 0.6703675476247086  
    0.6488234251589364 0.6284686185429054 0.6092101427240515  
    0.5909496658898732 0.5736184610335255 0.5571525937854567  
    0.5414927492855499 0.5265883441204157 0.5123912394292054  
    0.49885203527250593 0.48592501951566536 0.47356795212668634  
    0.46172766384753217 0.45036887830003103 0.43947923468188904  
    0.42904715948143124 0.41906190087835526 0.40962916475543076  
    0.40076311055529096 0.39232398684510084 0.3841813419018928  
    0.37621298258266084 0.3540785466560856 0.33071866299014535  
    0.3068697503710786 0.283625314899206 0.2619239475811812  
    0.24218154154654375 0.2245331401602054 0.20924300842917054  
    0.19662689499523237 0.1867434407806233 
  DENSITY_HE = 3.160451673016352 3.1601605073236487 3.159368504258136  
    3.1581975832143416 3.1567697054244577 3.1552073202340534  
    3.1535307231927856 3.1513476949109704 3.1481579658976075  
    3.1434514396498585 3.136700909504875 3.1268401140382074  
    3.112969821635365 3.0947456916584843 3.071747777365639  
    3.043464740717787 3.0092877912112215 2.9693788334411146  
    2.9243642534701086 2.8749958344661164 2.8222025643366013  
    2.7667215311993925 2.708553495448396 2.647733424041612  
    2.5843678449078356 2.5186423046498363 2.4500528488195092  
    2.377972101749288 2.3025067475686054 2.2238238400792296  
    2.1421534515956893 2.059541439465798 1.9778048750649306  
    1.8969236594751182 1.8169351816779837 1.737930317222467  
    1.6600446605637467 1.5834402066924995 1.5082745291998334  
    1.4346908263251799 1.3628166266091915 1.2927346596264062  
    1.2246309870304715 1.158760075838548 1.0953529051326278  
    1.0346141910829985 0.976931158091286 0.9224092404348838  
    0.8708109740252914 0.8219021245621795 0.7754532283028066  
    0.7310677580566762 0.6884299232088559 0.6474422573625721  
    0.6080153057822595 0.5700672144949624 0.5337283373246167  
    0.4991958443742153 0.4664754390449495 0.4355518001736227  
    0.40639237296261566 0.3788950293005705 0.3529694576312423  
    0.32858232816689426 0.30569156699909916 0.2842480925554002  
    0.2642334464782125 0.24560731031310995 0.228284980981546  
    0.21218415026424992 0.1972253545474073 0.1833139231682848  
    0.1703571694711144 0.15828463908075585 0.14703067025936145  
    0.136534220778519 0.12674223680324434 0.11760603762278395  
    0.1090773887869651 0.10111174365037577 0.09366802767025888  
    0.08670309285780334 0.08018330481197274 0.07408489928157806  
    0.06838489930604882 0.06306114961618743 0.05812300364212635  
    0.05355268598817509 0.04929566819407357 0.04530672150942917  
    0.041548875763810784 0.03040509558318561 0.020081675350095387  
    0.011401642776128573 0.005205666238106159 0.0017466902263814606  
    0.00037935509549376334 4.346028475538127e-05 1.7360530205647747e-06  
    7.454077365015574e-09 3.2978837999795014e-15 
  _NZ_0 = 0.00042237096310689343 0.00042234948405698084  
    0.0004222850534607325 0.0004221776909752844 0.0004220274293514242  
    0.00042183431441694045 0.00042159840505332906 0.0004213197731658719  
    0.00042099850364711046 0.00042063469433373935 0.0004202284559569505  
    0.00041977991208626427 0.0004192891990668859 0.00041875646595063306  
    0.00041818187442048236 0.0004175655987087894 0.0004169078255092396  
    0.0004162087538825916 0.0004154685951562817 0.0004146875728179577  
    0.00041386592240301944 0.0004130038913762438 0.00041210173900757866  
    0.00041115973624219126 0.00041017816556486464  
    0.00040915732085883467 0.0004080975072591686 0.0004069990410007854  
    0.00040586224926122575 0.0004046874699982801 0.0004034750517825872  
    0.0004022837602599539 0.0004011516144701142 0.0004000478509313285  
    0.0003989417061618572 0.00039780241667996077 0.0003966243559801148  
    0.0003954201702931524 0.00039418650524187024 0.00039292000644906513  
    0.0003916173195375337 0.0003902765555009283 0.00038890100700032505  
    0.000387495092159657 0.0003860632291028571 0.00038460983595385833  
    0.0003831522603034925 0.00038168783175739204 0.0003801909414616907  
    0.0003786359805625227 0.0003769973402060221 0.0003752297592111944  
    0.0003732835855317527 0.0003711266240158921 0.00036872667951180787  
    0.00036605155686769496 0.0003631190027355114 0.0003599859921277729  
    0.0003566791724335112 0.0003532251910417583 0.00034965069534154586  
    0.00034596955645758043 0.0003421907116358178 0.00033833340744716386  
    0.000334416890462525 0.0003304604072528072 0.0003264905827144193  
    0.00032252732336459944 0.0003185797982054979 0.0003146571762392648  
    0.00031076862646805045 0.0003069153636001201 0.0003030933195427039  
    0.00029930373909639905 0.00029554786706180295 0.000291826948239513  
    0.0002881427628997151 0.00028449570151795923 0.00028088492420288796  
    0.000277309591063144 0.00027376886220737025 0.0002702555159666554  
    0.000266768369076189 0.0002633156392507646 0.0002599055442051759  
    0.00025654630165421655 0.0002533073464664697 0.00025021169197726343  
    0.000247197923601509 0.00024420462675411745 0.00024117038685000003  
    0.00023325014490000002 0.00022385562405 0.00021292441095000002  
    0.00020063870909999988 0.00018749261879999983 0.00017425091505  
    0.00016177493145 0.00015078640815 0.000141696051555  
    0.00013457370222 
  _NZ_1 = 0.022526451365700983 0.022525305816372312  
    0.022521869517905732 0.022516143518681836 0.022508129565409294  
    0.022497830102236827 0.02248524826951088 0.022470387902179836  
    0.02245325352784589 0.0224338503644661 0.022412184317704028  
    0.022388261977934094 0.022362090616900584 0.022333678184033763  
    0.022303033302425727 0.02227016526446877 0.022235084027159447  
    0.022197800207071555 0.022158325075001692 0.022116670550291078  
    0.022072849194827705 0.022026874206733004 0.02197875941373753  
    0.0219285192662502 0.021876168830126115 0.02182172377913785  
    0.02176520038715566 0.02170661552004189 0.021645986627265374  
    0.021583331733241607 0.02151866942840465 0.021455133880530875  
    0.021394752771739422 0.021335885383004186 0.021276890995299055  
    0.02121612888959791 0.021153298985606122 0.02108907574896813  
    0.021023280279566414 0.020955733677283473 0.0208862570420018  
    0.020814749626716176 0.020741387040017337 0.020666404915181704  
    0.02059003888548571 0.020512524584205778 0.02043478721618627  
    0.020356684360394242 0.020276850211290172 0.020193918963334546  
    0.020106524810987843 0.020012253824597034 0.01990845789502681  
    0.019793419947514247 0.01966542290729642 0.0195227496996104  
    0.01936634681256061 0.01919925291348122 0.019022889196453934  
    0.018838676855560444 0.018648037084882448 0.018451709677737623  
    0.018250171287243617 0.018044448397182073 0.017835567491334667  
    0.01762455505348305 0.01741283107810236 0.01720145724611197  
    0.01699092257095989 0.016781716066094122 0.01657432674496269  
    0.016368819392006406 0.016164977042277543 0.015962866085141286  
    0.015762552909962823 0.015564103906107359 0.01536761402131814  
    0.015173104080957825 0.01498052929082069 0.014789844856701016  
    0.014601005984393081 0.014413627518221624 0.01422764635073008  
    0.014043500760040777 0.013861629024276048 0.013682469421558216  
    0.013509725144878382 0.013344623572120717 0.013183889258747148  
    0.013024246760219597 0.012862420632000002 0.012440007728000002  
    0.011938966616000002 0.011355968584 0.010700731151999994  
    0.009999606335999991 0.009293382136 0.008627996344000001  
    0.008041941767999999 0.007557122749600001 0.0071772641184 
  _NZ_2 = 0.5631612841425245 0.5631326454093077 0.5630467379476433  
    0.5629035879670459 0.5627032391352323 0.5624457525559207  
    0.5621312067377721 0.5617596975544958 0.5613313381961473  
    0.5608462591116525 0.5603046079426006 0.5597065494483523  
    0.5590522654225145 0.5583419546008441 0.5575758325606431  
    0.5567541316117193 0.5558771006789861 0.5549450051767888  
    0.5539581268750423 0.5529167637572769 0.5518212298706926  
    0.5506718551683251 0.5494689853434382 0.548212981656255  
    0.5469042207531528 0.5455430944784463 0.5441300096788915  
    0.5426653880010472 0.5411496656816344 0.5395832933310402  
    0.5379667357101162 0.5363783470132719 0.5348688192934856  
    0.5333971345751046 0.5319222748824763 0.5304032222399477  
    0.528832474640153 0.5272268937242032 0.5255820069891604  
    0.5238933419320868 0.522156426050045 0.5203687406679044  
    0.5185346760004333 0.5166601228795427 0.5147509721371428  
    0.5128131146051444 0.5108696804046567 0.508917109009856  
    0.5069212552822543 0.5048479740833637 0.5026631202746961  
    0.5003063456149258 0.4977114473756703 0.49483549868785615  
    0.4916355726824105 0.48806874249025994 0.4841586703140152  
    0.4799813228370305 0.4755722299113483 0.4709669213890111  
    0.4662009271220612 0.46129274194344055 0.4562542821810904  
    0.4511112099295518 0.4458891872833667 0.44061387633707627  
    0.435320776952559 0.43003643115279927 0.4247730642739972  
    0.4195429016523531 0.41435816862406727 0.40922048480016016  
    0.40412442605693855 0.3990716521285321 0.3940638227490706  
    0.38910259765268396 0.3841903505329535 0.3793276020239456  
    0.37451323227051725 0.3697461214175254 0.365025149609827  
    0.3603406879555406 0.355691158768252 0.3510875190010194  
    0.3465407256069012 0.3420617355389554 0.33774312862195954  
    0.3336155893030179 0.32959723146867864 0.32560616900548994  
    0.32156051580000006 0.3110001932 0.2984741654 0.2838992146  
    0.26751827879999984 0.24999015839999977 0.2323345534  
    0.21569990860000002 0.20104854419999998 0.18892806874 0.17943160296 
  PNBE = 0.0 
  PNBI = 0.0 
  PRFE = 6.632080734656712 
  PRFI = 33.36356875840103 
  PFUSE = 68.61019501807901 
  PFUSI = 20.88240181406129 
  PEI = 12.490185942326175 
  PRAD = -84.57070374784342 
  AREA = 243.0496874 
/






