@I NRHO 1 []
101
@R RHOB 1 []
1.265994e+00
@R RHO 101 []
0.000000e+00 1.000000e-02 2.000000e-02 3.000000e-02 4.000000e-02 
5.000000e-02 6.000000e-02 7.000000e-02 8.000000e-02 9.000000e-02 
1.000000e-01 1.100000e-01 1.200000e-01 1.300000e-01 1.400000e-01 
1.500000e-01 1.600000e-01 1.700000e-01 1.800000e-01 1.900000e-01 
2.000000e-01 2.100000e-01 2.200000e-01 2.300000e-01 2.400000e-01 
2.500000e-01 2.600000e-01 2.700000e-01 2.800000e-01 2.900000e-01 
3.000000e-01 3.100000e-01 3.200000e-01 3.300000e-01 3.400000e-01 
3.500000e-01 3.600000e-01 3.700000e-01 3.800000e-01 3.900000e-01 
4.000000e-01 4.100000e-01 4.200000e-01 4.300000e-01 4.400000e-01 
4.500000e-01 4.600000e-01 4.700000e-01 4.800000e-01 4.900000e-01 
5.000000e-01 5.100000e-01 5.200000e-01 5.300000e-01 5.400000e-01 
5.500000e-01 5.600000e-01 5.700000e-01 5.800000e-01 5.900000e-01 
6.000000e-01 6.100000e-01 6.200000e-01 6.300000e-01 6.400000e-01 
6.500000e-01 6.600000e-01 6.700000e-01 6.800000e-01 6.900000e-01 
7.000000e-01 7.100000e-01 7.200000e-01 7.300000e-01 7.400000e-01 
7.500000e-01 7.600000e-01 7.700000e-01 7.800000e-01 7.900000e-01 
8.000000e-01 8.100000e-01 8.200000e-01 8.300000e-01 8.400000e-01 
8.500000e-01 8.600000e-01 8.700000e-01 8.800000e-01 8.900000e-01 
9.000000e-01 9.100000e-01 9.200000e-01 9.300000e-01 9.400000e-01 
9.500000e-01 9.600000e-01 9.700000e-01 9.800000e-01 9.900000e-01 
1.000000e+00 
@R VOLP 101 []
0.000000e+00 2.492454e+00 4.984612e+00 7.476155e+00 9.966784e+00 
1.245621e+01 1.494414e+01 1.743028e+01 1.991433e+01 2.239603e+01 
2.487510e+01 2.735130e+01 2.982437e+01 3.229409e+01 3.476022e+01 
3.722258e+01 3.968094e+01 4.213514e+01 4.458502e+01 4.703042e+01 
4.947120e+01 5.190725e+01 5.433847e+01 5.676475e+01 5.918603e+01 
6.160225e+01 6.401334e+01 6.641927e+01 6.882002e+01 7.121560e+01 
7.360604e+01 7.599135e+01 7.837150e+01 8.074649e+01 8.311627e+01 
8.548084e+01 8.784019e+01 9.019432e+01 9.254322e+01 9.488691e+01 
9.722541e+01 9.955873e+01 1.018869e+02 1.042099e+02 1.065279e+02 
1.088407e+02 1.111486e+02 1.134515e+02 1.157495e+02 1.180426e+02 
1.203309e+02 1.226144e+02 1.248933e+02 1.271676e+02 1.294373e+02 
1.317026e+02 1.339635e+02 1.362202e+02 1.384726e+02 1.407210e+02 
1.429654e+02 1.452058e+02 1.474425e+02 1.496756e+02 1.519051e+02 
1.541311e+02 1.563538e+02 1.585734e+02 1.607899e+02 1.630035e+02 
1.652143e+02 1.674225e+02 1.696282e+02 1.718316e+02 1.740329e+02 
1.762321e+02 1.784294e+02 1.806250e+02 1.828189e+02 1.850112e+02 
1.872019e+02 1.893910e+02 1.915781e+02 1.937629e+02 1.959446e+02 
1.981220e+02 2.002931e+02 2.024546e+02 2.046020e+02 2.067284e+02 
2.088247e+02 2.108813e+02 2.128910e+02 2.148519e+02 2.167674e+02 
2.186429e+02 2.204936e+02 2.223653e+02 2.243447e+02 2.264857e+02 
2.288040e+02 
@R IPOL 101 []
1.006035e+00 1.006037e+00 1.006041e+00 1.006050e+00 1.006063e+00 
1.006081e+00 1.006103e+00 1.006129e+00 1.006160e+00 1.006194e+00 
1.006231e+00 1.006272e+00 1.006316e+00 1.006362e+00 1.006411e+00 
1.006462e+00 1.006515e+00 1.006569e+00 1.006624e+00 1.006680e+00 
1.006736e+00 1.006791e+00 1.006846e+00 1.006900e+00 1.006952e+00 
1.007003e+00 1.007051e+00 1.007097e+00 1.007140e+00 1.007180e+00 
1.007216e+00 1.007248e+00 1.007276e+00 1.007299e+00 1.007318e+00 
1.007332e+00 1.007341e+00 1.007346e+00 1.007346e+00 1.007341e+00 
1.007330e+00 1.007315e+00 1.007294e+00 1.007268e+00 1.007237e+00 
1.007201e+00 1.007159e+00 1.007111e+00 1.007058e+00 1.006999e+00 
1.006935e+00 1.006865e+00 1.006790e+00 1.006709e+00 1.006622e+00 
1.006530e+00 1.006432e+00 1.006329e+00 1.006220e+00 1.006105e+00 
1.005985e+00 1.005860e+00 1.005729e+00 1.005593e+00 1.005452e+00 
1.005305e+00 1.005153e+00 1.004997e+00 1.004835e+00 1.004669e+00 
1.004498e+00 1.004322e+00 1.004142e+00 1.003958e+00 1.003770e+00 
1.003578e+00 1.003382e+00 1.003183e+00 1.002981e+00 1.002775e+00 
1.002568e+00 1.002358e+00 1.002148e+00 1.001936e+00 1.001726e+00 
1.001517e+00 1.001313e+00 1.001115e+00 1.000927e+00 1.000753e+00 
1.000599e+00 1.000470e+00 1.000371e+00 1.000304e+00 1.000267e+00 
1.000249e+00 1.000236e+00 1.000213e+00 1.000172e+00 1.000119e+00 
1.000046e+00 
@R G11 101 []
0.000000e+00 2.512270e+00 5.024024e+00 7.534450e+00 1.004318e+01 
1.255173e+01 1.506207e+01 1.757600e+01 2.009412e+01 2.261590e+01 
2.513933e+01 2.766175e+01 3.018670e+01 3.271652e+01 3.524668e+01 
3.778185e+01 4.031080e+01 4.284667e+01 4.538901e+01 4.793548e+01 
5.048473e+01 5.303158e+01 5.559327e+01 5.814623e+01 6.070331e+01 
6.327098e+01 6.583874e+01 6.840633e+01 7.097596e+01 7.355059e+01 
7.613046e+01 7.871222e+01 8.129627e+01 8.388306e+01 8.647288e+01 
8.906593e+01 9.166235e+01 9.426232e+01 9.686656e+01 9.947459e+01 
1.020836e+02 1.046949e+02 1.073111e+02 1.099340e+02 1.125631e+02 
1.151894e+02 1.178176e+02 1.204611e+02 1.231018e+02 1.257413e+02 
1.283984e+02 1.310485e+02 1.337094e+02 1.363730e+02 1.390412e+02 
1.417152e+02 1.443942e+02 1.470784e+02 1.497675e+02 1.524659e+02 
1.551622e+02 1.578774e+02 1.605858e+02 1.633056e+02 1.660406e+02 
1.687695e+02 1.715101e+02 1.742662e+02 1.770254e+02 1.797876e+02 
1.825627e+02 1.853528e+02 1.881502e+02 1.909560e+02 1.937721e+02 
1.965992e+02 1.994410e+02 2.022983e+02 2.051689e+02 2.080544e+02 
2.109564e+02 2.138763e+02 2.168159e+02 2.197769e+02 2.227618e+02 
2.257737e+02 2.288171e+02 2.318987e+02 2.350271e+02 2.382123e+02 
2.414667e+02 2.448034e+02 2.482319e+02 2.517536e+02 2.553645e+02 
2.590595e+02 2.628278e+02 2.666316e+02 2.704403e+02 2.743227e+02 
2.784024e+02 
@R G22 101 []
0.000000e+00 1.268381e-02 2.536505e-02 3.803964e-02 5.070582e-02 
6.337138e-02 7.604628e-02 8.873961e-02 1.014545e-01 1.141883e-01 
1.269311e-01 1.396695e-01 1.524216e-01 1.651993e-01 1.779798e-01 
1.907871e-01 2.035644e-01 2.163786e-01 2.292274e-01 2.420995e-01 
2.549881e-01 2.678675e-01 2.808251e-01 2.937422e-01 3.066841e-01 
3.196838e-01 3.326885e-01 3.456975e-01 3.587223e-01 3.717784e-01 
3.848676e-01 3.979733e-01 4.110977e-01 4.242435e-01 4.374123e-01 
4.506052e-01 4.638235e-01 4.770682e-01 4.903432e-01 5.036464e-01 
5.169641e-01 5.303026e-01 5.436762e-01 5.570941e-01 5.705540e-01 
5.840105e-01 5.974877e-01 6.110545e-01 6.246186e-01 6.381893e-01 
6.518616e-01 6.655112e-01 6.792289e-01 6.929743e-01 7.067565e-01 
7.205829e-01 7.344490e-01 7.483565e-01 7.623042e-01 7.763149e-01 
7.903312e-01 8.044591e-01 8.185697e-01 8.327544e-01 8.470344e-01 
8.613000e-01 8.756430e-01 8.900835e-01 9.045570e-01 9.190649e-01 
9.336567e-01 9.483437e-01 9.630865e-01 9.778916e-01 9.927675e-01 
1.007719e+00 1.022764e+00 1.037907e+00 1.053136e+00 1.068458e+00 
1.083881e+00 1.099409e+00 1.115051e+00 1.130812e+00 1.146700e+00 
1.162726e+00 1.178901e+00 1.195243e+00 1.211772e+00 1.228508e+00 
1.245471e+00 1.262689e+00 1.280181e+00 1.297955e+00 1.316010e+00 
1.334348e+00 1.352973e+00 1.371874e+00 1.391235e+00 1.411521e+00 
1.433251e+00 
@R G33 101 []
9.068897e-01 9.069044e-01 9.069521e-01 9.070344e-01 9.071499e-01 
9.072974e-01 9.074766e-01 9.076880e-01 9.079318e-01 9.082074e-01 
9.085142e-01 9.088518e-01 9.092193e-01 9.096166e-01 9.100431e-01 
9.104977e-01 9.109802e-01 9.114899e-01 9.120256e-01 9.125868e-01 
9.131727e-01 9.137825e-01 9.144150e-01 9.150697e-01 9.157456e-01 
9.164418e-01 9.171575e-01 9.178918e-01 9.186439e-01 9.194126e-01 
9.201967e-01 9.209956e-01 9.218087e-01 9.226356e-01 9.234761e-01 
9.243298e-01 9.251963e-01 9.260751e-01 9.269660e-01 9.278685e-01 
9.287822e-01 9.297066e-01 9.306415e-01 9.315864e-01 9.325408e-01 
9.335043e-01 9.344767e-01 9.354573e-01 9.364458e-01 9.374418e-01 
9.384449e-01 9.394545e-01 9.404703e-01 9.414917e-01 9.425185e-01 
9.435501e-01 9.445860e-01 9.456258e-01 9.466690e-01 9.477152e-01 
9.487638e-01 9.498144e-01 9.508664e-01 9.519194e-01 9.529728e-01 
9.540261e-01 9.550788e-01 9.561302e-01 9.571799e-01 9.582272e-01 
9.592717e-01 9.603126e-01 9.613493e-01 9.623813e-01 9.634080e-01 
9.644286e-01 9.654425e-01 9.664494e-01 9.674488e-01 9.684404e-01 
9.694242e-01 9.704006e-01 9.713704e-01 9.723349e-01 9.732971e-01 
9.742615e-01 9.752354e-01 9.762314e-01 9.772663e-01 9.783668e-01 
9.795682e-01 9.809052e-01 9.824043e-01 9.840686e-01 9.858845e-01 
9.878369e-01 9.898709e-01 9.917948e-01 9.932293e-01 9.939342e-01 
9.938922e-01 
@R GRADRHO 101 []
1.010115e+00 9.978929e-01 9.978798e-01 9.978030e-01 9.976879e-01 
9.976290e-01 9.976686e-01 9.978249e-01 9.980772e-01 9.983872e-01 
9.987024e-01 9.989763e-01 9.992797e-01 9.996430e-01 9.999916e-01 
1.000392e+00 1.000698e+00 1.001081e+00 1.001525e+00 1.001998e+00 
1.002483e+00 1.002930e+00 1.003501e+00 1.003978e+00 1.004479e+00 
1.005054e+00 1.005614e+00 1.006160e+00 1.006709e+00 1.007282e+00 
1.007877e+00 1.008472e+00 1.009068e+00 1.009670e+00 1.010277e+00 
1.010891e+00 1.011512e+00 1.012140e+00 1.012779e+00 1.013425e+00 
1.014063e+00 1.014700e+00 1.015349e+00 1.016017e+00 1.016700e+00 
1.017357e+00 1.018010e+00 1.018715e+00 1.019394e+00 1.020055e+00 
1.020773e+00 1.021448e+00 1.022151e+00 1.022849e+00 1.023548e+00 
1.024253e+00 1.024960e+00 1.025669e+00 1.026378e+00 1.027101e+00 
1.027799e+00 1.028541e+00 1.029243e+00 1.029961e+00 1.030707e+00 
1.031413e+00 1.032134e+00 1.032879e+00 1.033610e+00 1.034327e+00 
1.035056e+00 1.035801e+00 1.036541e+00 1.037276e+00 1.038010e+00 
1.038745e+00 1.039487e+00 1.040237e+00 1.040988e+00 1.041742e+00 
1.042499e+00 1.043264e+00 1.044038e+00 1.044824e+00 1.045628e+00 
1.046457e+00 1.047323e+00 1.048241e+00 1.049234e+00 1.050335e+00 
1.051585e+00 1.053027e+00 1.054692e+00 1.056578e+00 1.058662e+00 
1.060920e+00 1.063265e+00 1.065461e+00 1.067140e+00 1.068081e+00 
1.068296e+00 
@R AREA 101 []
0.000000e+00 2.484838e+00 4.969313e+00 7.453635e+00 9.938180e+00 
1.242301e+01 1.490793e+01 1.739269e+01 1.987691e+01 2.236036e+01 
2.484284e+01 2.732437e+01 2.980493e+01 3.228432e+01 3.476245e+01 
3.723931e+01 3.971479e+01 4.218915e+01 4.466185e+01 4.713310e+01 
4.960249e+01 5.207037e+01 5.453638e+01 5.700058e+01 5.946308e+01 
6.192370e+01 6.438238e+01 6.683920e+01 6.929416e+01 7.174725e+01 
7.419843e+01 7.664769e+01 7.909506e+01 8.154056e+01 8.398420e+01 
8.642601e+01 8.886598e+01 9.130415e+01 9.374052e+01 9.617511e+01 
9.860796e+01 1.010391e+02 1.034686e+02 1.058965e+02 1.083227e+02 
1.107473e+02 1.131705e+02 1.155921e+02 1.180123e+02 1.204311e+02 
1.228486e+02 1.252648e+02 1.276799e+02 1.300937e+02 1.325065e+02 
1.349182e+02 1.373291e+02 1.397390e+02 1.421482e+02 1.445567e+02 
1.469646e+02 1.493720e+02 1.517790e+02 1.541858e+02 1.565923e+02 
1.589988e+02 1.614053e+02 1.638121e+02 1.662191e+02 1.686266e+02 
1.710347e+02 1.734436e+02 1.758534e+02 1.782644e+02 1.806766e+02 
1.830903e+02 1.855057e+02 1.879230e+02 1.903424e+02 1.927642e+02 
1.951886e+02 1.976159e+02 2.000463e+02 2.024801e+02 2.049176e+02 
2.073591e+02 2.098048e+02 2.122548e+02 2.147094e+02 2.171685e+02 
2.196319e+02 2.220992e+02 2.245699e+02 2.270435e+02 2.295195e+02 
2.319974e+02 2.344770e+02 2.369592e+02 2.394473e+02 2.419479e+02 
2.444706e+02 
@R A 101 []
0.000000e+00 1.103949e-02 2.208226e-02 3.312733e-02 4.417298e-02 
5.521850e-02 6.626282e-02 7.730541e-02 8.834567e-02 9.938351e-02 
1.104194e-01 1.214547e-01 1.324902e-01 1.435258e-01 1.545617e-01 
1.655984e-01 1.766357e-01 1.876754e-01 1.987154e-01 2.097571e-01 
2.207992e-01 2.318434e-01 2.428885e-01 2.539350e-01 2.649836e-01 
2.760337e-01 2.870851e-01 2.981383e-01 3.091933e-01 3.202503e-01 
3.313089e-01 3.423690e-01 3.534307e-01 3.644940e-01 3.755587e-01 
3.866250e-01 3.976927e-01 4.087618e-01 4.198322e-01 4.309038e-01 
4.419767e-01 4.530508e-01 4.641261e-01 4.752025e-01 4.862797e-01 
4.973576e-01 5.084367e-01 5.195164e-01 5.305965e-01 5.416775e-01 
5.527587e-01 5.638401e-01 5.749221e-01 5.860038e-01 5.970857e-01 
6.081672e-01 6.192488e-01 6.303295e-01 6.414100e-01 6.524894e-01 
6.635682e-01 6.746458e-01 6.857221e-01 6.967972e-01 7.078704e-01 
7.189419e-01 7.300115e-01 7.410788e-01 7.521436e-01 7.632058e-01 
7.742652e-01 7.853214e-01 7.963742e-01 8.074232e-01 8.184684e-01 
8.295094e-01 8.405459e-01 8.515776e-01 8.626041e-01 8.736252e-01 
8.846404e-01 8.956493e-01 9.066518e-01 9.176474e-01 9.286361e-01 
9.396178e-01 9.505926e-01 9.615605e-01 9.725213e-01 9.834754e-01 
9.944243e-01 1.005369e+00 1.016312e+00 1.027257e+00 1.038209e+00 
1.049172e+00 1.060151e+00 1.071140e+00 1.082116e+00 1.093051e+00 
1.103940e+00 
@R RTOR 101 []
4.777868e+00 4.777847e+00 4.777777e+00 4.777655e+00 4.777482e+00 
4.777260e+00 4.776989e+00 4.776670e+00 4.776302e+00 4.775886e+00 
4.775421e+00 4.774908e+00 4.774347e+00 4.773740e+00 4.773086e+00 
4.772386e+00 4.771641e+00 4.770851e+00 4.770016e+00 4.769138e+00 
4.768217e+00 4.767254e+00 4.766250e+00 4.765205e+00 4.764120e+00 
4.762995e+00 4.761833e+00 4.760633e+00 4.759397e+00 4.758124e+00 
4.756817e+00 4.755476e+00 4.754102e+00 4.752695e+00 4.751256e+00 
4.749787e+00 4.748287e+00 4.746757e+00 4.745198e+00 4.743611e+00 
4.741995e+00 4.740352e+00 4.738681e+00 4.736983e+00 4.735259e+00 
4.733510e+00 4.731735e+00 4.729934e+00 4.728110e+00 4.726261e+00 
4.724388e+00 4.722492e+00 4.720572e+00 4.718630e+00 4.716666e+00 
4.714679e+00 4.712671e+00 4.710642e+00 4.708591e+00 4.706520e+00 
4.704429e+00 4.702317e+00 4.700186e+00 4.698035e+00 4.695866e+00 
4.693677e+00 4.691470e+00 4.689244e+00 4.687000e+00 4.684738e+00 
4.682459e+00 4.680162e+00 4.677848e+00 4.675517e+00 4.673169e+00 
4.670804e+00 4.668422e+00 4.666024e+00 4.663610e+00 4.661179e+00 
4.658732e+00 4.656268e+00 4.653787e+00 4.651290e+00 4.648775e+00 
4.646242e+00 4.643689e+00 4.641116e+00 4.638520e+00 4.635899e+00 
4.633246e+00 4.630559e+00 4.627829e+00 4.625048e+00 4.622208e+00 
4.619303e+00 4.616325e+00 4.613281e+00 4.610185e+00 4.607051e+00 
4.603869e+00 
@R SHIFT 101 []
2.278681e-01 2.278471e-01 2.277773e-01 2.276554e-01 2.274822e-01 
2.272598e-01 2.269890e-01 2.266699e-01 2.263020e-01 2.258855e-01 
2.254206e-01 2.249077e-01 2.243475e-01 2.237402e-01 2.230863e-01 
2.223865e-01 2.216412e-01 2.208509e-01 2.200164e-01 2.191384e-01 
2.182174e-01 2.172543e-01 2.162498e-01 2.152046e-01 2.141195e-01 
2.129954e-01 2.118331e-01 2.106332e-01 2.093967e-01 2.081244e-01 
2.068172e-01 2.054760e-01 2.041016e-01 2.026948e-01 2.012564e-01 
1.997869e-01 1.982870e-01 1.967574e-01 1.951984e-01 1.936108e-01 
1.919950e-01 1.903515e-01 1.886807e-01 1.869832e-01 1.852594e-01 
1.835098e-01 1.817346e-01 1.799344e-01 1.781097e-01 1.762607e-01 
1.743878e-01 1.724915e-01 1.705721e-01 1.686301e-01 1.666656e-01 
1.646792e-01 1.626711e-01 1.606417e-01 1.585913e-01 1.565202e-01 
1.544288e-01 1.523174e-01 1.501862e-01 1.480355e-01 1.458657e-01 
1.436770e-01 1.414696e-01 1.392439e-01 1.370001e-01 1.347384e-01 
1.324590e-01 1.301621e-01 1.278480e-01 1.255168e-01 1.231687e-01 
1.208038e-01 1.184223e-01 1.160243e-01 1.136098e-01 1.111789e-01 
1.087316e-01 1.062678e-01 1.037872e-01 1.012897e-01 9.877472e-02 
9.624157e-02 9.368941e-02 9.111643e-02 8.852048e-02 8.589857e-02 
8.324633e-02 8.055875e-02 7.782866e-02 7.504785e-02 7.220826e-02 
6.930266e-02 6.632525e-02 6.328071e-02 6.018504e-02 5.705147e-02 
5.386869e-02 
@R ELONG 101 []
1.372317e+00 1.372152e+00 1.371659e+00 1.371339e+00 1.371253e+00 
1.371317e+00 1.371477e+00 1.371683e+00 1.371893e+00 1.372081e+00 
1.372230e+00 1.372332e+00 1.372388e+00 1.372402e+00 1.372379e+00 
1.372324e+00 1.372240e+00 1.372130e+00 1.371994e+00 1.371834e+00 
1.371651e+00 1.371448e+00 1.371224e+00 1.370982e+00 1.370724e+00 
1.370450e+00 1.370163e+00 1.369864e+00 1.369554e+00 1.369233e+00 
1.368905e+00 1.368570e+00 1.368229e+00 1.367884e+00 1.367536e+00 
1.367185e+00 1.366833e+00 1.366480e+00 1.366127e+00 1.365774e+00 
1.365422e+00 1.365072e+00 1.364725e+00 1.364381e+00 1.364040e+00 
1.363703e+00 1.363370e+00 1.363043e+00 1.362722e+00 1.362407e+00 
1.362098e+00 1.361798e+00 1.361505e+00 1.361220e+00 1.360944e+00 
1.360678e+00 1.360422e+00 1.360177e+00 1.359943e+00 1.359721e+00 
1.359512e+00 1.359315e+00 1.359132e+00 1.358964e+00 1.358810e+00 
1.358673e+00 1.358551e+00 1.358447e+00 1.358361e+00 1.358294e+00 
1.358245e+00 1.358218e+00 1.358211e+00 1.358227e+00 1.358265e+00 
1.358328e+00 1.358416e+00 1.358530e+00 1.358671e+00 1.358841e+00 
1.359041e+00 1.359272e+00 1.359536e+00 1.359834e+00 1.360166e+00 
1.360533e+00 1.360936e+00 1.361373e+00 1.361845e+00 1.362350e+00 
1.362884e+00 1.363445e+00 1.364023e+00 1.364606e+00 1.365179e+00 
1.365725e+00 1.366239e+00 1.366741e+00 1.367285e+00 1.367957e+00 
1.368812e+00 
@R TRIAG 101 []
0.000000e+00 3.138776e-02 2.912509e-02 2.674567e-02 2.434873e-02 
2.198124e-02 1.964085e-02 1.731051e-02 1.497108e-02 1.261532e-02 
1.023784e-02 7.838158e-03 5.418398e-03 2.977700e-03 5.137943e-04 
-1.973397e-03 -4.484797e-03 -7.022311e-03 -9.585647e-03 -1.217574e-02 
-1.479335e-02 -1.743885e-02 -2.011199e-02 -2.281369e-02 -2.554452e-02 
-2.830446e-02 -3.109391e-02 -3.391351e-02 -3.676390e-02 -3.964531e-02 
-4.255765e-02 -4.550097e-02 -4.847523e-02 -5.148052e-02 -5.451720e-02 
-5.758545e-02 -6.068483e-02 -6.381511e-02 -6.697621e-02 -7.016813e-02 
-7.339078e-02 -7.664419e-02 -7.992847e-02 -8.324381e-02 -8.659020e-02 
-8.996779e-02 -9.337692e-02 -9.681773e-02 -1.002905e-01 -1.037955e-01 
-1.073332e-01 -1.109038e-01 -1.145080e-01 -1.181461e-01 -1.218189e-01 
-1.255278e-01 -1.292743e-01 -1.330589e-01 -1.368824e-01 -1.407451e-01 
-1.446480e-01 -1.485918e-01 -1.525772e-01 -1.566053e-01 -1.606766e-01 
-1.647924e-01 -1.689538e-01 -1.731619e-01 -1.774180e-01 -1.817235e-01 
-1.860802e-01 -1.904890e-01 -1.949517e-01 -1.994700e-01 -2.040459e-01 
-2.086820e-01 -2.133815e-01 -2.181480e-01 -2.229846e-01 -2.278940e-01 
-2.328769e-01 -2.379350e-01 -2.430720e-01 -2.482933e-01 -2.536078e-01 
-2.590235e-01 -2.645455e-01 -2.701737e-01 -2.758939e-01 -2.816927e-01 
-2.875635e-01 -2.935047e-01 -2.995458e-01 -3.057021e-01 -3.119509e-01 
-3.182657e-01 -3.245631e-01 -3.308495e-01 -3.373314e-01 -3.442227e-01 
-3.518143e-01 
