@R IP 1 []
  9.999999995e+06
@R BCENTR 1 []
  1.100000000e+01
@R RMAJOR 1 []
  4.550000000e+00
@R AMINOR 1 []
  1.108969394e+00
@R KAPPA 1 []
  1.349726874e+00
@R DELTA 1 []
 -3.220738855e-01
@I NRHO 1 []
              101
@R RHOB 1 []
  1.265758943e+00
@R RHO 101 []
  0.000000000e+00  1.000000000e-02  2.000000000e-02  3.000000000e-02
  4.000000000e-02  5.000000000e-02  6.000000000e-02  7.000000000e-02
  8.000000000e-02  9.000000000e-02  1.000000000e-01  1.100000000e-01
  1.200000000e-01  1.300000000e-01  1.400000000e-01  1.500000000e-01
  1.600000000e-01  1.700000000e-01  1.800000000e-01  1.900000000e-01
  2.000000000e-01  2.100000000e-01  2.200000000e-01  2.300000000e-01
  2.400000000e-01  2.500000000e-01  2.600000000e-01  2.700000000e-01
  2.800000000e-01  2.900000000e-01  3.000000000e-01  3.100000000e-01
  3.200000000e-01  3.300000000e-01  3.400000000e-01  3.500000000e-01
  3.600000000e-01  3.700000000e-01  3.800000000e-01  3.900000000e-01
  4.000000000e-01  4.100000000e-01  4.200000000e-01  4.300000000e-01
  4.400000000e-01  4.500000000e-01  4.600000000e-01  4.700000000e-01
  4.800000000e-01  4.900000000e-01  5.000000000e-01  5.100000000e-01
  5.200000000e-01  5.300000000e-01  5.400000000e-01  5.500000000e-01
  5.600000000e-01  5.700000000e-01  5.800000000e-01  5.900000000e-01
  6.000000000e-01  6.100000000e-01  6.200000000e-01  6.300000000e-01
  6.400000000e-01  6.500000000e-01  6.600000000e-01  6.700000000e-01
  6.800000000e-01  6.900000000e-01  7.000000000e-01  7.100000000e-01
  7.200000000e-01  7.300000000e-01  7.400000000e-01  7.500000000e-01
  7.600000000e-01  7.700000000e-01  7.800000000e-01  7.900000000e-01
  8.000000000e-01  8.100000000e-01  8.200000000e-01  8.300000000e-01
  8.400000000e-01  8.500000000e-01  8.600000000e-01  8.700000000e-01
  8.800000000e-01  8.900000000e-01  9.000000000e-01  9.100000000e-01
  9.200000000e-01  9.300000000e-01  9.400000000e-01  9.500000000e-01
  9.600000000e-01  9.700000000e-01  9.800000000e-01  9.900000000e-01
  1.000000000e+00
@R VOLP 101 []
  0.000000000e+00  2.443128871e+00  4.886064783e+00  7.328614997e+00
  9.770590934e+00  1.221180394e+01  1.465206706e+01  1.709120233e+01
  1.952903462e+01  2.196539126e+01  2.440011098e+01  2.683303783e+01
  2.926401921e+01  3.169291776e+01  3.411960537e+01  3.654395392e+01
  3.896585272e+01  4.138520925e+01  4.380192947e+01  4.621593563e+01
  4.862716663e+01  5.103556546e+01  5.344108679e+01  5.584371619e+01
  5.824346527e+01  6.064034551e+01  6.303436076e+01  6.542547025e+01
  6.781353266e+01  7.019841320e+01  7.258018795e+01  7.495915835e+01
  7.733574172e+01  7.971040352e+01  8.208352250e+01  8.445531315e+01
  8.682581936e+01  8.919490874e+01  9.156228500e+01  9.392752484e+01
  9.629012763e+01  9.864956443e+01  1.010054677e+02  1.033577869e+02
  1.057067790e+02  1.080529108e+02  1.103966988e+02  1.127384816e+02
  1.150781981e+02  1.174154352e+02  1.197496007e+02  1.220800770e+02
  1.244063637e+02  1.267280262e+02  1.290447201e+02  1.313562272e+02
  1.336624525e+02  1.359633909e+02  1.382590621e+02  1.405494357e+02
  1.428343956e+02  1.451137722e+02  1.473874119e+02  1.496552426e+02
  1.519172487e+02  1.541735012e+02  1.564241581e+02  1.586693528e+02
  1.609091180e+02  1.631434114e+02  1.653721264e+02  1.675951124e+02
  1.698122054e+02  1.720233010e+02  1.742283670e+02  1.764273909e+02
  1.786204010e+02  1.808074513e+02  1.829885953e+02  1.851639227e+02
  1.873336092e+02  1.894980955e+02  1.916580021e+02  1.938137708e+02
  1.959656935e+02  1.981137091e+02  2.002574004e+02  2.023965960e+02
  2.045312683e+02  2.066626804e+02  2.087966665e+02  2.109454838e+02
  2.131214276e+02  2.153184505e+02  2.174778483e+02  2.194844872e+02
  2.212488501e+02  2.228073885e+02  2.243643991e+02  2.261799703e+02
  2.283929802e+02
@R IPOL 101 []
  1.014588100e+00  1.014587422e+00  1.014585375e+00  1.014581914e+00
  1.014576969e+00  1.014570438e+00  1.014562194e+00  1.014552082e+00
  1.014539923e+00  1.014525511e+00  1.014508618e+00  1.014488995e+00
  1.014466367e+00  1.014440438e+00  1.014410889e+00  1.014377384e+00
  1.014339566e+00  1.014297074e+00  1.014249522e+00  1.014196521e+00
  1.014137657e+00  1.014072519e+00  1.014000692e+00  1.013921742e+00
  1.013835238e+00  1.013740746e+00  1.013637837e+00  1.013526173e+00
  1.013406325e+00  1.013279178e+00  1.013144183e+00  1.012999232e+00
  1.012841993e+00  1.012670979e+00  1.012485378e+00  1.012284740e+00
  1.012069406e+00  1.011840740e+00  1.011600626e+00  1.011350997e+00
  1.011093988e+00  1.010831695e+00  1.010565310e+00  1.010294826e+00
  1.010019719e+00  1.009738911e+00  1.009450639e+00  1.009154082e+00
  1.008850294e+00  1.008541004e+00  1.008228054e+00  1.007913153e+00
  1.007597808e+00  1.007283098e+00  1.006969992e+00  1.006659164e+00
  1.006350765e+00  1.006044700e+00  1.005740979e+00  1.005439788e+00
  1.005141416e+00  1.004846243e+00  1.004554626e+00  1.004266774e+00
  1.003982815e+00  1.003702781e+00  1.003426584e+00  1.003154230e+00
  1.002885968e+00  1.002622163e+00  1.002363250e+00  1.002109793e+00
  1.001862387e+00  1.001621517e+00  1.001387602e+00  1.001161030e+00
  1.000942133e+00  1.000731207e+00  1.000528558e+00  1.000334481e+00
  1.000149268e+00  9.999732037e-01  9.998065820e-01  9.996496976e-01
  9.995028276e-01  9.993662572e-01  9.992402881e-01  9.991251668e-01
  9.990210826e-01  9.989282562e-01  9.988470231e-01  9.987779987e-01
  9.987230958e-01  9.986862228e-01  9.986784173e-01  9.987561235e-01
  9.989873085e-01  9.993409064e-01  9.996962495e-01  9.999436230e-01
  1.000000000e+00
@R G11 101 []
  0.000000000e+00  2.452396979e+00  4.905033455e+00  7.357829214e+00
  9.811170213e+00  1.226533714e+01  1.472000312e+01  1.717480698e+01
  1.963031313e+01  2.208724014e+01  2.454547374e+01  2.700434233e+01
  2.946524472e+01  3.192568868e+01  3.438982394e+01  3.684754355e+01
  3.930982037e+01  4.177586432e+01  4.424606547e+01  4.672348924e+01
  4.918844792e+01  5.166727222e+01  5.414961156e+01  5.662608169e+01
  5.910319202e+01  6.158581731e+01  6.407346989e+01  6.656094452e+01
  6.904992926e+01  7.154094205e+01  7.403409788e+01  7.652916288e+01
  7.902601580e+01  8.152419863e+01  8.402483969e+01  8.652451967e+01
  8.902052737e+01  9.151786287e+01  9.401994146e+01  9.653115585e+01
  9.903804389e+01  1.015414311e+02  1.040663856e+02  1.065881450e+02
  1.091060820e+02  1.116447632e+02  1.141719687e+02  1.167112781e+02
  1.192497017e+02  1.217934932e+02  1.243430549e+02  1.268966030e+02
  1.294627111e+02  1.320268739e+02  1.346149025e+02  1.371939079e+02
  1.397926051e+02  1.424054793e+02  1.450110461e+02  1.476414398e+02
  1.502836142e+02  1.529207105e+02  1.555801925e+02  1.582592645e+02
  1.609396732e+02  1.636287200e+02  1.663405080e+02  1.690704533e+02
  1.718076632e+02  1.745550491e+02  1.773214983e+02  1.801135560e+02
  1.829228568e+02  1.857484245e+02  1.885923166e+02  1.914572128e+02
  1.943530327e+02  1.972783992e+02  2.002276108e+02  2.032046617e+02
  2.062098370e+02  2.092490999e+02  2.123313284e+02  2.154531363e+02
  2.186124845e+02  2.218156119e+02  2.250682306e+02  2.283896383e+02
  2.317811821e+02  2.352294284e+02  2.387263966e+02  2.422829018e+02
  2.459136405e+02  2.496332581e+02  2.535174801e+02  2.577122477e+02
  2.622772544e+02  2.671538700e+02  2.722412266e+02  2.773363165e+02
  2.823560758e+02
@R G22 101 []
  0.000000000e+00  1.252277811e-02  2.504690781e-02  3.757211116e-02
  5.010049979e-02  6.263363272e-02  7.516997305e-02  8.770783882e-02
  1.002502580e-01  1.128010419e-01  1.253597892e-01  1.379232410e-01
  1.504986977e-01  1.630736426e-01  1.756694915e-01  1.882347808e-01
  2.008258099e-01  2.134388114e-01  2.260760088e-01  2.387533094e-01
  2.513704388e-01  2.640622082e-01  2.767759852e-01  2.894642202e-01
  3.021606590e-01  3.148906062e-01  3.276518572e-01  3.404178451e-01
  3.531970161e-01  3.659920614e-01  3.788042640e-01  3.916335919e-01
  4.044808613e-01  4.173455645e-01  4.302348758e-01  4.431317217e-01
  4.560220446e-01  4.689308632e-01  4.818746024e-01  4.948742734e-01
  5.078592330e-01  5.208321557e-01  5.339207026e-01  5.469981599e-01
  5.600630670e-01  5.732438422e-01  5.863769521e-01  5.995847928e-01
  6.128006893e-01  6.260554610e-01  6.393489788e-01  6.526700049e-01
  6.660611543e-01  6.794467306e-01  6.929588916e-01  7.064283040e-01
  7.200030381e-01  7.336551352e-01  7.472746198e-01  7.610274966e-01
  7.748464261e-01  7.886441744e-01  8.025621174e-01  8.165858365e-01
  8.306213360e-01  8.447068205e-01  8.589159707e-01  8.732257055e-01
  8.875798156e-01  9.019929739e-01  9.165103865e-01  9.311648975e-01
  9.459121457e-01  9.607461581e-01  9.756768865e-01  9.907173645e-01
  1.005918005e+00  1.021270583e+00  1.036744254e+00  1.052358302e+00
  1.068113095e+00  1.084040020e+00  1.100186207e+00  1.116533100e+00
  1.133066941e+00  1.149812501e+00  1.166788920e+00  1.184088394e+00
  1.201713174e+00  1.219602243e+00  1.237748365e+00  1.256265058e+00
  1.275270351e+00  1.294753314e+00  1.314750862e+00  1.335477639e+00
  1.356905442e+00  1.378951292e+00  1.402007483e+00  1.426120234e+00
  1.451333953e+00
@R G33 101 []
  9.172343070e-01  9.172469743e-01  9.172850489e-01  9.173485294e-01
  9.174371003e-01  9.175507936e-01  9.176896119e-01  9.178531781e-01
  9.180412765e-01  9.182537946e-01  9.184903453e-01  9.187506089e-01
  9.190343781e-01  9.193411790e-01  9.196705332e-01  9.200221943e-01
  9.203956758e-01  9.207902901e-01  9.212056429e-01  9.216411831e-01
  9.220962569e-01  9.225703389e-01  9.230628782e-01  9.235729966e-01
  9.240996199e-01  9.246419147e-01  9.251993504e-01  9.257720842e-01
  9.263608439e-01  9.269658226e-01  9.275857089e-01  9.282180599e-01
  9.288597874e-01  9.295070877e-01  9.301571090e-01  9.308088752e-01
  9.314626636e-01  9.321195883e-01  9.327817118e-01  9.334519336e-01
  9.341332666e-01  9.348285593e-01  9.355395633e-01  9.362660220e-01
  9.370054607e-01  9.377543518e-01  9.385097639e-01  9.392697447e-01
  9.400340764e-01  9.408046731e-01  9.415844784e-01  9.423764107e-01
  9.431823638e-01  9.440039031e-01  9.448418665e-01  9.456963435e-01
  9.465669964e-01  9.474531170e-01  9.483537793e-01  9.492682941e-01
  9.501964828e-01  9.511384273e-01  9.520941057e-01  9.530631055e-01
  9.540447504e-01  9.550379551e-01  9.560412801e-01  9.570534242e-01
  9.580735292e-01  9.591010989e-01  9.601359509e-01  9.611780206e-01
  9.622272671e-01  9.632833971e-01  9.643457727e-01  9.654136902e-01
  9.664862939e-01  9.675626507e-01  9.686418485e-01  9.697228236e-01
  9.708041028e-01  9.718829084e-01  9.729556448e-01  9.740197430e-01
  9.750734875e-01  9.761169466e-01  9.771518958e-01  9.781788939e-01
  9.791978364e-01  9.802024612e-01  9.811651338e-01  9.820290413e-01
  9.827380132e-01  9.833197946e-01  9.840321765e-01  9.853317056e-01
  9.875347296e-01  9.904911940e-01  9.934046856e-01  9.952396609e-01
  9.954956951e-01
@R GRADRHO 101 []
  1.005867405e+00  9.978889729e-01  9.979246029e-01  9.979651672e-01
  9.980350409e-01  9.981309310e-01  9.982330868e-01  9.983322445e-01
  9.984463930e-01  9.985898899e-01  9.987540814e-01  9.989224571e-01
  9.991189235e-01  9.993002472e-01  9.995315000e-01  9.996661462e-01
  9.998628098e-01  1.000102147e+00  1.000382147e+00  1.000729637e+00
  1.000934809e+00  1.001273163e+00  1.001630917e+00  1.001923032e+00
  1.002212929e+00  1.002540114e+00  1.002896250e+00  1.003239071e+00
  1.003582594e+00  1.003930878e+00  1.004283978e+00  1.004638477e+00
  1.004991314e+00  1.005338127e+00  1.005684971e+00  1.006010494e+00
  1.006300322e+00  1.006584632e+00  1.006882700e+00  1.007217617e+00
  1.007519173e+00  1.007795031e+00  1.008169333e+00  1.008518086e+00
  1.008839540e+00  1.009245037e+00  1.009584418e+00  1.009962466e+00
  1.010321585e+00  1.010689653e+00  1.011068947e+00  1.011452780e+00
  1.011875202e+00  1.012279254e+00  1.012763646e+00  1.013202694e+00
  1.013702635e+00  1.014239966e+00  1.014737004e+00  1.015305854e+00
  1.015898229e+00  1.016456517e+00  1.017071793e+00  1.017731541e+00
  1.018374772e+00  1.019023769e+00  1.019720241e+00  1.020446614e+00
  1.021167524e+00  1.021890275e+00  1.022639064e+00  1.023429889e+00
  1.024235887e+00  1.025051904e+00  1.025881032e+00  1.026727467e+00
  1.027613796e+00  1.028531450e+00  1.029460870e+00  1.030407746e+00
  1.031367785e+00  1.032350573e+00  1.033371425e+00  1.034414246e+00
  1.035465316e+00  1.036528678e+00  1.037607312e+00  1.038736299e+00
  1.039912013e+00  1.041101486e+00  1.042268316e+00  1.043387868e+00
  1.044429516e+00  1.045381343e+00  1.046530176e+00  1.048506151e+00
  1.051680244e+00  1.055786394e+00  1.059920815e+00  1.062806715e+00
  1.063836016e+00
@R AREA 101 []
  0.000000000e+00  2.438127707e+00  4.876146178e+00  7.314057588e+00
  9.751774952e+00  1.218919332e+01  1.462626902e+01  1.706297981e+01
  1.949930980e+01  2.193517523e+01  2.437050040e+01  2.680523273e+01
  2.923934541e+01  3.167276183e+01  3.410551764e+01  3.653747909e+01
  3.896898389e+01  4.139952249e+01  4.382936903e+01  4.625801659e+01
  4.868582807e+01  5.111273482e+01  5.353847630e+01  5.596320158e+01
  5.838696683e+01  6.080975835e+01  6.323146800e+01  6.565211433e+01
  6.807171814e+01  7.049028199e+01  7.290780407e+01  7.532429376e+01
  7.773977661e+01  8.015429704e+01  8.256790984e+01  8.498067191e+01
  8.739271944e+01  8.980414831e+01  9.221498987e+01  9.462522544e+01
  9.703483817e+01  9.944399714e+01  1.018526103e+02  1.042605406e+02
  1.066679983e+02  1.090748760e+02  1.114811704e+02  1.138870997e+02
  1.162925065e+02  1.186976905e+02  1.211024445e+02  1.235070342e+02
  1.259112371e+02  1.283152568e+02  1.307189441e+02  1.331223365e+02
  1.355255272e+02  1.379283463e+02  1.403309507e+02  1.427333583e+02
  1.451354834e+02  1.475374646e+02  1.499393746e+02  1.523411311e+02
  1.547428367e+02  1.571446110e+02  1.595465212e+02  1.619485722e+02
  1.643509035e+02  1.667536623e+02  1.691569963e+02  1.715609797e+02
  1.739657348e+02  1.763714365e+02  1.787782700e+02  1.811864334e+02
  1.835961146e+02  1.860074856e+02  1.884208043e+02  1.908363555e+02
  1.932544526e+02  1.956754436e+02  1.980996757e+02  2.005275400e+02
  2.029595303e+02  2.053962019e+02  2.078381636e+02  2.102860349e+02
  2.127404094e+02  2.152020113e+02  2.176717372e+02  2.201509120e+02
  2.226413063e+02  2.251451323e+02  2.276641097e+02  2.301971037e+02
  2.327394802e+02  2.352858151e+02  2.378342102e+02  2.403911754e+02
  2.429710772e+02
@R A 101 []
  0.000000000e+00  1.131086290e-02  2.262126479e-02  3.393143571e-02
  4.524165946e-02  5.655158637e-02  6.786111250e-02  7.917056989e-02
  9.047992756e-02  1.017889016e-01  1.130974811e-01  1.244056306e-01
  1.357132465e-01  1.470201550e-01  1.583268033e-01  1.696326430e-01
  1.809393260e-01  1.922446682e-01  2.035500070e-01  2.148529748e-01
  2.261553929e-01  2.374569789e-01  2.487564176e-01  2.600544444e-01
  2.713513309e-01  2.826468448e-01  2.939402992e-01  3.052317562e-01
  3.165212782e-01  3.278087595e-01  3.390941278e-01  3.503772880e-01
  3.616580625e-01  3.729361020e-01  3.842112051e-01  3.954830888e-01
  4.067518365e-01  4.180172914e-01  4.292790535e-01  4.405368859e-01
  4.517904949e-01  4.630403584e-01  4.742860331e-01  4.855268907e-01
  4.967639326e-01  5.079963807e-01  5.192237860e-01  5.304466213e-01
  5.416635899e-01  5.528755098e-01  5.640810980e-01  5.752813516e-01
  5.864749156e-01  5.976625401e-01  6.088433747e-01  6.200174275e-01
  6.311849042e-01  6.423447153e-01  6.534972724e-01  6.646423001e-01
  6.757789563e-01  6.869073914e-01  6.980274740e-01  7.091383047e-01
  7.202397321e-01  7.313315961e-01  7.424135132e-01  7.534846947e-01
  7.645448325e-01  7.755935720e-01  7.866305515e-01  7.976549959e-01
  8.086662749e-01  8.196639804e-01  8.306476829e-01  8.416168983e-01
  8.525709669e-01  8.635090015e-01  8.744303580e-01  8.853343512e-01
  8.962202393e-01  9.070873753e-01  9.179350408e-01  9.287624167e-01
  9.395688453e-01  9.503532612e-01  9.611138798e-01  9.718487908e-01
  9.825559323e-01  9.932347660e-01  1.003886935e+00  1.014512795e+00
  1.025109122e+00  1.035672586e+00  1.046201881e+00  1.056701854e+00
  1.067179004e+00  1.077639149e+00  1.088093127e+00  1.098548849e+00
  1.108969394e+00
@R RTOR 101 []
  4.750849268e+00  4.750831459e+00  4.750777948e+00  4.750688527e+00
  4.750563605e+00  4.750403296e+00  4.750207433e+00  4.749976300e+00
  4.749710143e+00  4.749409022e+00  4.749073238e+00  4.748703119e+00
  4.748298818e+00  4.747860642e+00  4.747389002e+00  4.746884196e+00
  4.746346457e+00  4.745776393e+00  4.745174339e+00  4.744540775e+00
  4.743876141e+00  4.743180957e+00  4.742455706e+00  4.741700893e+00
  4.740917177e+00  4.740105161e+00  4.739265434e+00  4.738398530e+00
  4.737504838e+00  4.736584695e+00  4.735638568e+00  4.734666940e+00
  4.733670254e+00  4.732649617e+00  4.731606694e+00  4.730542983e+00
  4.729459668e+00  4.728357730e+00  4.727237951e+00  4.726100617e+00
  4.724945692e+00  4.723772682e+00  4.722580867e+00  4.721369568e+00
  4.720138345e+00  4.718887275e+00  4.717616393e+00  4.716325794e+00
  4.715016047e+00  4.713687428e+00  4.712340125e+00  4.710973608e+00
  4.709587489e+00  4.708180996e+00  4.706753506e+00  4.705304349e+00
  4.703832817e+00  4.702338371e+00  4.700820371e+00  4.699278414e+00
  4.697712171e+00  4.696121136e+00  4.694504840e+00  4.692862931e+00
  4.691194937e+00  4.689500407e+00  4.687779055e+00  4.686030702e+00
  4.684255077e+00  4.682451893e+00  4.680620843e+00  4.678761648e+00
  4.676873945e+00  4.674957281e+00  4.673011220e+00  4.671035284e+00
  4.669028967e+00  4.666991759e+00  4.664923046e+00  4.662822164e+00
  4.660688420e+00  4.658521232e+00  4.656320275e+00  4.654085173e+00
  4.651815385e+00  4.649509997e+00  4.647167450e+00  4.644786175e+00
  4.642364574e+00  4.639900873e+00  4.637395751e+00  4.634851466e+00
  4.632272933e+00  4.629664553e+00  4.627015213e+00  4.624297922e+00
  4.621484824e+00  4.618550967e+00  4.615473208e+00  4.612253332e+00
  4.608940194e+00
@R SHIFT 101 []
  2.008492677e-01  2.008314594e-01  2.007779483e-01  2.006885267e-01
  2.005636046e-01  2.004032960e-01  2.002074330e-01  1.999763002e-01
  1.997101431e-01  1.994090221e-01  1.990732382e-01  1.987031191e-01
  1.982988178e-01  1.978606417e-01  1.973890022e-01  1.968841965e-01
  1.963464568e-01  1.957763927e-01  1.951743394e-01  1.945407753e-01
  1.938761415e-01  1.931809566e-01  1.924557064e-01  1.917008934e-01
  1.909171766e-01  1.901051607e-01  1.892654339e-01  1.883985297e-01
  1.875048383e-01  1.865846947e-01  1.856385683e-01  1.846669403e-01
  1.836702544e-01  1.826496174e-01  1.816066941e-01  1.805429826e-01
  1.794596678e-01  1.783577302e-01  1.772379507e-01  1.761006165e-01
  1.749456921e-01  1.737726822e-01  1.725808673e-01  1.713695676e-01
  1.701383453e-01  1.688872747e-01  1.676163928e-01  1.663257943e-01
  1.650160468e-01  1.636874279e-01  1.623401253e-01  1.609736083e-01
  1.595874893e-01  1.581809958e-01  1.567535063e-01  1.553043488e-01
  1.538328174e-01  1.523383710e-01  1.508203707e-01  1.492784138e-01
  1.477121709e-01  1.461211365e-01  1.445048404e-01  1.428629309e-01
  1.411949366e-01  1.395004067e-01  1.377790545e-01  1.360307017e-01
  1.342550773e-01  1.324518929e-01  1.306208428e-01  1.287616478e-01
  1.268739454e-01  1.249572813e-01  1.230112199e-01  1.210352839e-01
  1.190289670e-01  1.169917594e-01  1.149230459e-01  1.128221644e-01
  1.106884198e-01  1.085212318e-01  1.063202749e-01  1.040851730e-01
  1.018153854e-01  9.950999690e-02  9.716744994e-02  9.478617484e-02
  9.236457376e-02  8.990087328e-02  8.739575128e-02  8.485146600e-02
  8.227293349e-02  7.966455349e-02  7.701521325e-02  7.429792209e-02
  7.148482440e-02  6.855096745e-02  6.547320791e-02  6.225333151e-02
  5.894019441e-02
@R ELONG 101 []
  1.289560196e+00  1.289566067e+00  1.289583682e+00  1.289604516e+00
  1.289595654e+00  1.289575689e+00  1.289555237e+00  1.289532506e+00
  1.289511016e+00  1.289488854e+00  1.289464869e+00  1.289439343e+00
  1.289415559e+00  1.289392583e+00  1.289368360e+00  1.289344217e+00
  1.289321181e+00  1.289299513e+00  1.289279076e+00  1.289260788e+00
  1.289244622e+00  1.289231470e+00  1.289222529e+00  1.289217593e+00
  1.289217089e+00  1.289222059e+00  1.289233750e+00  1.289252111e+00
  1.289277191e+00  1.289309454e+00  1.289349221e+00  1.289397100e+00
  1.289453852e+00  1.289521484e+00  1.289601238e+00  1.289694710e+00
  1.289803209e+00  1.289927982e+00  1.290070057e+00  1.290229008e+00
  1.290404459e+00  1.290596383e+00  1.290804035e+00  1.291026594e+00
  1.291263521e+00  1.291515075e+00  1.291781824e+00  1.292064760e+00
  1.292364659e+00  1.292682341e+00  1.293017882e+00  1.293371225e+00
  1.293742435e+00  1.294131384e+00  1.294537778e+00  1.294961400e+00
  1.295402265e+00  1.295860397e+00  1.296336031e+00  1.296829436e+00
  1.297341065e+00  1.297871462e+00  1.298421058e+00  1.298990387e+00
  1.299580209e+00  1.300191455e+00  1.300824861e+00  1.301481361e+00
  1.302162184e+00  1.302868674e+00  1.303602113e+00  1.304363814e+00
  1.305155222e+00  1.305977806e+00  1.306833088e+00  1.307722691e+00
  1.308648381e+00  1.309612096e+00  1.310615907e+00  1.311662036e+00
  1.312752938e+00  1.313891430e+00  1.315080759e+00  1.316324605e+00
  1.317627008e+00  1.318992419e+00  1.320424591e+00  1.321927009e+00
  1.323503431e+00  1.325157020e+00  1.326897106e+00  1.328740602e+00
  1.330710163e+00  1.332830429e+00  1.335093107e+00  1.337450554e+00
  1.339847493e+00  1.342234722e+00  1.344616061e+00  1.347063075e+00
  1.349726874e+00
@R TRIAG 101 []
  0.000000000e+00  3.090278554e-02  2.917995641e-02  2.744365010e-02
  2.570774747e-02  2.396917753e-02  2.222059236e-02  2.046366265e-02
  1.869867946e-02  1.692376177e-02  1.513886185e-02  1.334356781e-02
  1.153618809e-02  9.716475830e-03  7.884588654e-03  6.038882148e-03
  4.177674948e-03  2.301295806e-03  4.089239206e-04 -1.500075659e-03
 -3.426307544e-03 -5.370214966e-03 -7.332481465e-03 -9.313720176e-03
 -1.131472347e-02 -1.333667727e-02 -1.538077033e-02 -1.744822474e-02
 -1.953973119e-02 -2.165505639e-02 -2.379367788e-02 -2.595517929e-02
 -2.814000435e-02 -3.035084306e-02 -3.258997249e-02 -3.486018638e-02
 -3.716489295e-02 -3.950507482e-02 -4.187804866e-02 -4.428204124e-02
 -4.671635774e-02 -4.918139925e-02 -5.167788873e-02 -5.420627730e-02
 -5.676679122e-02 -5.935867479e-02 -6.198233028e-02 -6.464017302e-02
 -6.733364752e-02 -7.006494342e-02 -7.283619151e-02 -7.564822311e-02
 -7.850064882e-02 -8.139375643e-02 -8.432762432e-02 -8.730294987e-02
 -9.032127005e-02 -9.338404523e-02 -9.649304871e-02 -9.964981621e-02
 -1.028558372e-01 -1.061130967e-01 -1.094236944e-01 -1.127903059e-01
 -1.162158584e-01 -1.197030766e-01 -1.232547183e-01 -1.268734979e-01
 -1.305625393e-01 -1.343249004e-01 -1.381638298e-01 -1.420827801e-01
 -1.460855901e-01 -1.501762859e-01 -1.543590586e-01 -1.586385002e-01
 -1.630196089e-01 -1.675075332e-01 -1.721072487e-01 -1.768247547e-01
 -1.816668638e-01 -1.866413922e-01 -1.917581764e-01 -1.970275106e-01
 -2.024601560e-01 -2.080683658e-01 -2.138609854e-01 -2.198507709e-01
 -2.260573287e-01 -2.325005247e-01 -2.392027295e-01 -2.461833676e-01
 -2.534660358e-01 -2.610891851e-01 -2.691454427e-01 -2.776464316e-01
 -2.864580417e-01 -2.953123544e-01 -3.039908866e-01 -3.127615326e-01
 -3.220738855e-01
@R PMHD 101 []
  1.653113855e+06  1.652467143e+06  1.650528936e+06  1.647305037e+06
  1.642805104e+06  1.637042652e+06  1.630035028e+06  1.621803388e+06
  1.612372611e+06  1.601771303e+06  1.590031626e+06  1.577189143e+06
  1.563282625e+06  1.548354335e+06  1.532448879e+06  1.515614935e+06
  1.497900623e+06  1.479362922e+06  1.460055567e+06  1.440040777e+06
  1.419376008e+06  1.398124182e+06  1.376351864e+06  1.354123602e+06
  1.331506269e+06  1.308568557e+06  1.285381011e+06  1.262005828e+06
  1.238423237e+06  1.214585904e+06  1.190578167e+06  1.166626628e+06
  1.142978939e+06  1.119807297e+06  1.097222681e+06  1.075304758e+06
  1.054060162e+06  1.033403935e+06  1.013204565e+06  9.933267044e+05
  9.736177447e+05  9.539244257e+05  9.341811553e+05  9.144333316e+05
  8.947678005e+05  8.753292023e+05  8.563225387e+05  8.378644031e+05
  8.199060291e+05  8.023284259e+05  7.850116736e+05  7.678382839e+05
  7.507189440e+05  7.335944776e+05  7.164237105e+05  6.991886535e+05
  6.819184251e+05  6.646703831e+05  6.474857642e+05  6.303921392e+05
  6.134092377e+05  5.965437754e+05  5.798062261e+05  5.632222434e+05
  5.468223522e+05  5.306446199e+05  5.147394378e+05  4.991484413e+05
  4.838883885e+05  4.689641143e+05  4.543732085e+05  4.401009372e+05
  4.261289658e+05  4.124469517e+05  3.990497302e+05  3.859342535e+05
  3.731019220e+05  3.605562199e+05  3.482983372e+05  3.363279521e+05
  3.246445546e+05  3.132464149e+05  3.021297951e+05  2.912895794e+05
  2.807199228e+05  2.704123128e+05  2.603548415e+05  2.505382775e+05
  2.409573689e+05  2.316016787e+05  2.224482259e+05  2.134451335e+05
  2.044130163e+05  1.949738810e+05  1.840503947e+05  1.661806274e+05
  1.347489838e+05  9.261362359e+04  5.128578534e+04  2.128791953e+04
  1.046066589e+04
@R QMHD 101 []
  9.845581277e-01  9.846154607e-01  9.847881933e-01  9.850784551e-01
  9.854895668e-01  9.860256959e-01  9.866913795e-01  9.874909133e-01
  9.884276174e-01  9.895029672e-01  9.907156198e-01  9.920604498e-01
  9.935329416e-01  9.951336778e-01  9.968640805e-01  9.987250933e-01
  1.000717841e+00  1.002841795e+00  1.005096723e+00  1.007481989e+00
  1.009999496e+00  1.012651371e+00  1.015435772e+00  1.018355296e+00
  1.021412404e+00  1.024604735e+00  1.027932403e+00  1.031396247e+00
  1.035000174e+00  1.038748719e+00  1.042645538e+00  1.046688993e+00
  1.050874022e+00  1.055200316e+00  1.059670805e+00  1.064289087e+00
  1.069058262e+00  1.073981404e+00  1.079064222e+00  1.084315144e+00
  1.089737121e+00  1.095335921e+00  1.101119617e+00  1.107093033e+00
  1.113262894e+00  1.119630408e+00  1.126196989e+00  1.132967354e+00
  1.139947306e+00  1.147145646e+00  1.154572859e+00  1.162236987e+00
  1.170144135e+00  1.178304809e+00  1.186728207e+00  1.195424529e+00
  1.204403504e+00  1.213672494e+00  1.223242860e+00  1.233125346e+00
  1.243331215e+00  1.253872448e+00  1.264762181e+00  1.276013118e+00
  1.287639154e+00  1.299655024e+00  1.312076511e+00  1.324918928e+00
  1.338199905e+00  1.351938515e+00  1.366154956e+00  1.380869830e+00
  1.396105727e+00  1.411888005e+00  1.428242763e+00  1.445197601e+00
  1.462781901e+00  1.481026447e+00  1.499965058e+00  1.519633596e+00
  1.540070619e+00  1.561323037e+00  1.583443062e+00  1.606486502e+00
  1.630515027e+00  1.655580556e+00  1.681713332e+00  1.708950790e+00
  1.737359749e+00  1.767085238e+00  1.798392780e+00  1.831511104e+00
  1.866496979e+00  1.903339105e+00  1.941819561e+00  1.981848741e+00
  2.023670638e+00  2.067536342e+00  2.114186307e+00  2.164590488e+00
  2.219891460e+00
@R ER 101 []
  0.000000000e+00  0.000000000e+00  0.000000000e+00  0.000000000e+00
  0.000000000e+00  0.000000000e+00  0.000000000e+00  0.000000000e+00
  0.000000000e+00  0.000000000e+00  0.000000000e+00  0.000000000e+00
  0.000000000e+00  0.000000000e+00  0.000000000e+00  0.000000000e+00
  0.000000000e+00  0.000000000e+00  0.000000000e+00  0.000000000e+00
  0.000000000e+00  0.000000000e+00  0.000000000e+00  0.000000000e+00
  0.000000000e+00  0.000000000e+00  0.000000000e+00  0.000000000e+00
  0.000000000e+00  0.000000000e+00  0.000000000e+00  0.000000000e+00
  0.000000000e+00  0.000000000e+00  0.000000000e+00  0.000000000e+00
  0.000000000e+00  0.000000000e+00  0.000000000e+00  0.000000000e+00
  0.000000000e+00  0.000000000e+00  0.000000000e+00  0.000000000e+00
  0.000000000e+00  0.000000000e+00  0.000000000e+00  0.000000000e+00
  0.000000000e+00  0.000000000e+00  0.000000000e+00  0.000000000e+00
  0.000000000e+00  0.000000000e+00  0.000000000e+00  0.000000000e+00
  0.000000000e+00  0.000000000e+00  0.000000000e+00  0.000000000e+00
  0.000000000e+00  0.000000000e+00  0.000000000e+00  0.000000000e+00
  0.000000000e+00  0.000000000e+00  0.000000000e+00  0.000000000e+00
  0.000000000e+00  0.000000000e+00  0.000000000e+00  0.000000000e+00
  0.000000000e+00  0.000000000e+00  0.000000000e+00  0.000000000e+00
  0.000000000e+00  0.000000000e+00  0.000000000e+00  0.000000000e+00
  0.000000000e+00  0.000000000e+00  0.000000000e+00  0.000000000e+00
  0.000000000e+00  0.000000000e+00  0.000000000e+00  0.000000000e+00
  0.000000000e+00  0.000000000e+00  0.000000000e+00  0.000000000e+00
  0.000000000e+00  0.000000000e+00  0.000000000e+00  0.000000000e+00
  0.000000000e+00  0.000000000e+00  0.000000000e+00  0.000000000e+00
  0.000000000e+00
@R NC1 101 []
  9.985000475e-01  9.385227558e-01  9.154008689e-01  8.984763557e-01
  8.847221517e-01  8.729732677e-01  8.626349548e-01  8.533545637e-01
  8.449040164e-01  8.371261062e-01  8.299062509e-01  8.231583775e-01
  8.168160769e-01  8.108260068e-01  8.051452748e-01  7.997396503e-01
  7.945789301e-01  7.896392869e-01  7.848992067e-01  7.803415584e-01
  7.759496264e-01  7.717096064e-01  7.676101129e-01  7.636397643e-01
  7.597882919e-01  7.560470324e-01  7.524088540e-01  7.488678069e-01
  7.454188122e-01  7.420567195e-01  7.387755319e-01  7.355690051e-01
  7.324296933e-01  7.293500264e-01  7.263252029e-01  7.233527207e-01
  7.204309411e-01  7.175586830e-01  7.147368230e-01  7.119663599e-01
  7.092471004e-01  7.065796547e-01  7.039637059e-01  7.013964003e-01
  6.988727225e-01  6.963884626e-01  6.939403112e-01  6.915248983e-01
  6.891407786e-01  6.867886045e-01  6.844706999e-01  6.821872832e-01
  6.799385530e-01  6.777242789e-01  6.755436162e-01  6.733951973e-01
  6.712775343e-01  6.691892420e-01  6.671283127e-01  6.650932247e-01
  6.630831112e-01  6.610971882e-01  6.591346208e-01  6.571944060e-01
  6.552753004e-01  6.533760395e-01  6.514952094e-01  6.496315295e-01
  6.477839844e-01  6.459520398e-01  6.441352212e-01  6.423330984e-01
  6.405454664e-01  6.387718469e-01  6.370115249e-01  6.352639032e-01
  6.335282842e-01  6.318040298e-01  6.300905141e-01  6.283870173e-01
  6.266927519e-01  6.250064349e-01  6.233266181e-01  6.216524472e-01
  6.199832375e-01  6.183186331e-01  6.166591511e-01  6.150049122e-01
  6.133577247e-01  6.117166622e-01  6.100701050e-01  6.083942008e-01
  6.066665610e-01  6.049134510e-01  6.032433683e-01  6.017998990e-01
  6.006602876e-01  5.997805703e-01  5.989076860e-01  5.976118750e-01
  5.956896208e-01
@R HFAC1 101 []
  1.000000000e+00  9.976199867e-01  9.952417605e-01  9.928653438e-01
  9.904906993e-01  9.881180488e-01  9.857474877e-01  9.833788904e-01
  9.810122846e-01  9.786477729e-01  9.762852835e-01  9.739247852e-01
  9.715662871e-01  9.692096886e-01  9.668547685e-01  9.645016117e-01
  9.621496825e-01  9.597992233e-01  9.574498253e-01  9.551018107e-01
  9.527545301e-01  9.504078582e-01  9.480618852e-01  9.457160574e-01
  9.433698187e-01  9.410228734e-01  9.386752265e-01  9.363270822e-01
  9.339788573e-01  9.316306697e-01  9.292818734e-01  9.269313349e-01
  9.245773112e-01  9.222176730e-01  9.198512117e-01  9.174778574e-01
  9.150980317e-01  9.127124919e-01  9.103228798e-01  9.079311205e-01
  9.055387495e-01  9.031473226e-01  9.007579393e-01  8.983702789e-01
  8.959823246e-01  8.935922231e-01  8.911985559e-01  8.887999818e-01
  8.863965577e-01  8.839893052e-01  8.815805443e-01  8.791714598e-01
  8.767632201e-01  8.743564017e-01  8.719513733e-01  8.695478991e-01
  8.671455204e-01  8.647439064e-01  8.623421649e-01  8.599397255e-01
  8.575365133e-01  8.551323818e-01  8.527271693e-01  8.503206429e-01
  8.479122425e-01  8.455012616e-01  8.430868690e-01  8.406683924e-01
  8.382453184e-01  8.358174108e-01  8.333845668e-01  8.309467835e-01
  8.285041293e-01  8.260564403e-01  8.236033306e-01  8.211444527e-01
  8.186793986e-01  8.162077953e-01  8.137292321e-01  8.112432000e-01
  8.087490334e-01  8.062454625e-01  8.037309532e-01  8.012045962e-01
  7.986657950e-01  7.961146420e-01  7.935520980e-01  7.909786005e-01
  7.883951544e-01  7.857993495e-01  7.831778225e-01  7.805036503e-01
  7.777531288e-01  7.749502691e-01  7.722177352e-01  7.697357754e-01
  7.676057627e-01  7.657535910e-01  7.638617396e-01  7.614794826e-01
  7.584003339e-01
@R HFAC2 101 []
  1.000000000e+00  9.952484585e-01  9.905173900e-01  9.858067319e-01
  9.811163052e-01  9.764464412e-01  9.717972187e-01  9.671682810e-01
  9.625595744e-01  9.579711915e-01  9.534028834e-01  9.488544809e-01
  9.443258930e-01  9.398168196e-01  9.353267325e-01  9.308556901e-01
  9.264025720e-01  9.219677373e-01  9.175503184e-01  9.131508237e-01
  9.087679385e-01  9.044013378e-01  9.000511015e-01  8.957161125e-01
  8.913952540e-01  8.870879026e-01  8.827940027e-01  8.785138816e-01
  8.742482563e-01  8.699972801e-01  8.657596895e-01  8.615333323e-01
  8.573149478e-01  8.531005990e-01  8.488880886e-01  8.446773209e-01
  8.404691030e-01  8.362648385e-01  8.320675274e-01  8.278806593e-01
  8.237069652e-01  8.195492028e-01  8.154092750e-01  8.112865124e-01
  8.071772413e-01  8.030780927e-01  7.989865103e-01  7.949001145e-01
  7.908189959e-01  7.867449868e-01  7.826821561e-01  7.786325611e-01
  7.745981671e-01  7.705799339e-01  7.665784193e-01  7.625931393e-01
  7.586232304e-01  7.546680368e-01  7.507259691e-01  7.467959949e-01
  7.428779282e-01  7.389714858e-01  7.350763573e-01  7.311920941e-01
  7.273177074e-01  7.234519776e-01  7.195934876e-01  7.157410843e-01
  7.118938978e-01  7.080515377e-01  7.042138423e-01  7.003808044e-01
  6.965525399e-01  6.927287854e-01  6.889089113e-01  6.850923542e-01
  6.812784471e-01  6.774665776e-01  6.736560855e-01  6.698461589e-01
  6.660357404e-01  6.622228115e-01  6.584049446e-01  6.545807304e-01
  6.507492510e-01  6.469106454e-01  6.430664122e-01  6.392172071e-01
  6.353648456e-01  6.315060041e-01  6.276197950e-01  6.236633506e-01
  6.195981743e-01  6.154614904e-01  6.114497917e-01  6.078514338e-01
  6.048273963e-01  6.022566535e-01  5.996292574e-01  5.962289979e-01
  5.917333184e-01
