&IN1
  ICONVR = 3 
  MXITER = -1 
  NXITER = 51 
  ERROR = 0.0001 
  RELAX = 0.5 
  IOUT = 4 
  ICURRT = 2 
  KPPFNC = 6 
  KPPCUR = 3 
  KFFFNC = 6 
  KFFCUR = 3 
  ISHOT = 1 
  ITIME = 5 
  ITIMEU = 0 
  ITEK = 0 
  ITRACE = 1 
  PLASMA = 10000000.0 
  BTOR = 11.0 
  RCENTR = 4.55 
  RZERO = 4.55 
  LIMITR = 5 
  XLIM = 6.0 3.5 3.5 6.0 6.0 
  YLIM = 1.93 1.93 -1.93 -1.93 1.93 
  NBDRY = 15 
  RBDRY = 5.75 5.717889612279765 5.599231274196216 5.333894952548324  
    4.862048988436734 4.215741544340384 3.606248672667517  
    3.3499999999999996 3.606248672667517 4.215741544340384  
    4.862048988436735 5.333894952548324 5.599231274196216  
    5.717889612279765 5.75 
  ZBDRY = 0.0 0.7289246817174976 1.3134768905462901 1.6378788924654637  
    1.6378788924654637 1.3134768905462901 0.7289246817174978  
    2.0574066225675533e-16 -0.7289246817174975 -1.31347689054629  
    -1.6378788924654637 -1.6378788924654637 -1.3134768905462901  
    -0.728924681717498 0.0 
  IERCHK = 0 
  NEXTRA = 0 
  SCRAPE = 0.01 
  PSIBRY = 0.0 
  CFCOIL = -10.0 
  ENP = 1.0 
  EMP = 1.0 
  FCURBD = 0 
  PCURBD = 0 
  FCZERO = 1.0 1.0 1.0 1.0 1.0 1.0 1.0 1.0 1.0 1.0 1.0 1.0 1.0 1.0 1.0  
    1.0 
  FCSUM = 1.0 1.0 1.0 1.0 1.0 1.0 1.0 1.0 1.0 1.0 1.0 1.0 1.0 1.0 1.0  
    1.0 
  IFREF = 2 
  PRBDRY = 5802.970218805656 
  KBETAPR = 1 
  FWTBDRY = 1.0 1.0 1.0 1.0 1.0 1.0 1.0 1.0 1.0 1.0 1.0 1.0 1.0 1.0 1.0 
  FWTBDRY(2) = 10.0 
  FWTBDRY(3) = 10.0 
  FWTBDRY(4) = 10.0 
  FWTBDRY(5) = 10.0 
  FWTBDRY(9) = 10.0 
  FWTBDRY(10) = 10.0 
  FWTBDRY(11) = 10.0 
  FWTBDRY(12) = 10.0 
/

&PROFILE_EXT
  NPSI_EXT = 257 
  PSIN_EXT = 0.0 0.00390625 0.0078125 0.01171875 0.015625 0.01953125  
    0.0234375 0.02734375 0.03125 0.03515625 0.0390625 0.04296875  
    0.046875 0.05078125 0.0546875 0.05859375 0.0625 0.06640625  
    0.0703125 0.07421875 0.078125 0.08203125 0.0859375 0.08984375  
    0.09375 0.09765625 0.1015625 0.10546875 0.109375 0.11328125  
    0.1171875 0.12109375 0.125 0.12890625 0.1328125 0.13671875 0.140625  
    0.14453125 0.1484375 0.15234375 0.15625 0.16015625 0.1640625  
    0.16796875 0.171875 0.17578125 0.1796875 0.18359375 0.1875  
    0.19140625 0.1953125 0.19921875 0.203125 0.20703125 0.2109375  
    0.21484375 0.21875 0.22265625 0.2265625 0.23046875 0.234375  
    0.23828125 0.2421875 0.24609375 0.25 0.25390625 0.2578125  
    0.26171875 0.265625 0.26953125 0.2734375 0.27734375 0.28125  
    0.28515625 0.2890625 0.29296875 0.296875 0.30078125 0.3046875  
    0.30859375 0.3125 0.31640625 0.3203125 0.32421875 0.328125  
    0.33203125 0.3359375 0.33984375 0.34375 0.34765625 0.3515625  
    0.35546875 0.359375 0.36328125 0.3671875 0.37109375 0.375  
    0.37890625 0.3828125 0.38671875 0.390625 0.39453125 0.3984375  
    0.40234375 0.40625 0.41015625 0.4140625 0.41796875 0.421875  
    0.42578125 0.4296875 0.43359375 0.4375 0.44140625 0.4453125  
    0.44921875 0.453125 0.45703125 0.4609375 0.46484375 0.46875  
    0.47265625 0.4765625 0.48046875 0.484375 0.48828125 0.4921875  
    0.49609375 0.5 0.50390625 0.5078125 0.51171875 0.515625 0.51953125  
    0.5234375 0.52734375 0.53125 0.53515625 0.5390625 0.54296875  
    0.546875 0.55078125 0.5546875 0.55859375 0.5625 0.56640625  
    0.5703125 0.57421875 0.578125 0.58203125 0.5859375 0.58984375  
    0.59375 0.59765625 0.6015625 0.60546875 0.609375 0.61328125  
    0.6171875 0.62109375 0.625 0.62890625 0.6328125 0.63671875 0.640625  
    0.64453125 0.6484375 0.65234375 0.65625 0.66015625 0.6640625  
    0.66796875 0.671875 0.67578125 0.6796875 0.68359375 0.6875  
    0.69140625 0.6953125 0.69921875 0.703125 0.70703125 0.7109375  
    0.71484375 0.71875 0.72265625 0.7265625 0.73046875 0.734375  
    0.73828125 0.7421875 0.74609375 0.75 0.75390625 0.7578125  
    0.76171875 0.765625 0.76953125 0.7734375 0.77734375 0.78125  
    0.78515625 0.7890625 0.79296875 0.796875 0.80078125 0.8046875  
    0.80859375 0.8125 0.81640625 0.8203125 0.82421875 0.828125  
    0.83203125 0.8359375 0.83984375 0.84375 0.84765625 0.8515625  
    0.85546875 0.859375 0.86328125 0.8671875 0.87109375 0.875  
    0.87890625 0.8828125 0.88671875 0.890625 0.89453125 0.8984375  
    0.90234375 0.90625 0.91015625 0.9140625 0.91796875 0.921875  
    0.92578125 0.9296875 0.93359375 0.9375 0.94140625 0.9453125  
    0.94921875 0.953125 0.95703125 0.9609375 0.96484375 0.96875  
    0.97265625 0.9765625 0.98046875 0.984375 0.98828125 0.9921875  
    0.99609375 1.0 
  PPRIME_EXT = 760144.2595773505 749707.1016254288 739362.8449881105  
    729111.4896653957 718953.0356572845 708887.4829637769  
    698914.8315848727 689035.0815205721 679248.2327708749  
    669554.2853357813 659953.2392152912 650445.0944094046  
    641029.8509181216 631707.5087414421 622478.0678793662  
    613341.5283318936 604297.8900990246 595347.1531807593  
    586489.3175770973 577724.383288039 569052.3503135841  
    560473.2186537328 551986.988308485 543593.6592778408 535293.2315618  
    527085.7051603626 520379.393318027 515900.3637227025  
    511342.3601654503 506468.9033554888 500769.0843065285  
    493570.72581514163 485004.5945096916 475324.29255665373  
    465163.18214630807 455289.08706374624 445908.80359614315  
    437202.65779350116 429154.38451906084 421563.8299289532  
    414371.9233288866 407417.9900722595 400564.18218001595  
    393843.9631081276 387161.27860625775 380602.2415355415  
    374279.93178591644 368185.6670207548 362308.4698626213  
    356557.74821556744 351109.7775261951 346095.93549431005  
    341619.385713642 337964.54148223513 335358.2818956116  
    333392.78613753716 331543.65946035256 329666.2148163528  
    327114.3090684033 323431.59485887736 318587.30267760175  
    312490.94228114735 305034.5399098156 296632.617621984  
    287750.1546289148 278482.2883071276 269826.51651351247  
    262646.6096930847 256952.26502840826 252654.29619292147  
    249823.234758511 248154.83331172622 246643.8007173952  
    244905.7656364381 242861.11050112193 240261.43118205792  
    237045.08533300314 233254.20389635742 229136.6303814596  
    224724.52362130035 220096.08313306843 215609.6165868065  
    211300.7416559342 207189.37358881946 203479.36924162647  
    200173.5532497111 197191.2354548215 194460.68640362838  
    191891.26984935865 189457.7464380064 187151.99025533276  
    184913.7809289135 182720.70331698138 180632.56813350366  
    178646.46385049116 176721.10111502788 174894.59982548543  
    173177.79093072825 171525.6032790748 169953.43867640375  
    168496.00167927577 167123.0860730319 165809.1903125747  
    164582.016640933 163443.9518403383 162358.75426631185  
    161328.3815218979 160378.8576428225 159493.55038454075  
    158645.72262321014 157852.88662386686 157130.531614985  
    156442.16722620616 155757.94184738255 155099.3076297574  
    154466.93164520076 153812.27398723952 153118.84236123034  
    152412.89400428045 151692.03813416653 150929.7129000086  
    150123.84155673994 149297.75260766724 148459.00466623827  
    147590.23533291958 146686.90256888507 145764.45983620101  
    144827.89872038778 143863.76411773253 142859.61660502185  
    141816.82571293076 140745.1834343197 139639.36352506984  
    138488.20420319377 137296.24459255137 136078.4372144245  
    134843.73349259203 133589.46932689723 132313.5882025005  
    131028.92307517964 129750.44237316155 128469.48152678742  
    127173.448979773 125869.69764557548 124573.4485295058  
    123283.28778948431 121987.22772534323 120689.0494623142  
    119401.58579467334 118133.97748722209 116885.08515828132  
    115648.35252257867 114422.59746457242 113217.66660411344  
    112040.7359001982 110879.45946153329 109723.69678955592  
    108577.29177347219 107447.99930656867 106336.47055406685  
    105236.21465341243 104142.34716132599 103053.42156534904  
    101977.14939896767 100918.6833698344 99867.43392545474  
    98814.96627378641 97765.59261827555 96727.83110308019  
    95705.3856207055 94695.99536241668 93696.57323893956  
    92709.76550872423 91749.59182279641 90822.82862929486  
    89920.61592631636 89037.34140705678 88176.87922969417  
    87346.29880473649 86544.60452702636 85769.09178846444  
    85020.620968156 84298.49031494024 83611.77988682728  
    82971.81003280346 82374.36355821986 81814.533890733  
    81288.80621119757 80793.4345985798 80326.68102856103  
    79881.40964326265 79436.72909227296 78978.38409241605  
    78513.24577655944 78044.48162596705 77566.82469472018  
    77075.92207424733 76576.63958905666 76061.85692063493  
    75512.25635417827 74921.70877245365 74285.13848229355  
    73578.63659905572 72790.47934170035 71922.43355834884  
    70969.71767687147 69934.21504548636 68821.97174121896  
    67638.5413215135 66561.2489946794 65751.93283788984  
    65246.55049780352 64894.1463558369 64183.59225052483  
    62898.00946976122 60957.26259668019 59739.844084681514  
    61086.43305693535 65176.29207041679 72144.1870612815  
    82893.7372457864 97909.9183604271 117492.66052115764  
    139167.93248290918 159040.8929390064 176388.2819869829  
    191401.68942184918 204144.19777952 214705.12888753743  
    222938.271458015 229681.57628978742 236202.8039602211  
    242754.21249043854 249094.5371591408 254381.63515282935  
    258056.92383679975 260149.65571027139 260519.0109583144  
    259070.5338090267 255763.377437328 250608.78716956815  
    243764.70677496068 235317.7161758277 225246.03205284  
    213797.5140430103 201246.92243098316 187485.01175340312  
    173346.60042127094 160042.02986841486 148021.076823892  
    136366.82508762268 122491.18355997081 105185.47613944154  
    84584.02587766034 60533.3601015466 32916.54893822706  
    1733.5923868119717 
  FFPRIM_EXT = 1.145255000911107 1.3859495057730251 1.617345799691115  
    1.8456083535635113 2.0709003880380097 2.293238852601236  
    2.51262936318718 2.7290812910547535 2.942598605277688  
    3.153195991743673 3.3608704055888463 3.565627984526029  
    3.7674751223293086 3.9664160004917526 4.162457070726094  
    4.355603863838348 4.5458620277621264 4.733236935058311  
    4.9177327043502075 5.0993570588721555 5.278116447694541  
    5.454014988929433 5.627060081598831 5.797251815686666  
    5.964595074949935 6.129175570305667 6.251643902284998  
    6.311693918992761 6.373907607083186 6.444747329296986  
    6.538320643138855 6.673374222192841 6.84619120136273  
    7.049724198163971 7.266337170376729 7.474674886750636  
    7.669071312278738 7.844522603683381 8.001506326923192  
    8.145599196544467 8.27843845474849 8.404482943751429  
    8.527561196798931 8.646738907920977 8.76468792230061  
    8.879033418212703 8.986642683271032 9.08777414749375  
    9.18273956799996 9.274069452735157 9.356875245834457  
    9.427554923985657 9.483302853333612 9.516241391433235  
    9.520111582153419 9.50617386034471 9.488933859077727  
    9.472279556107765 9.474027854701374 9.506719757137748  
    9.571112307454069 9.669691627742836 9.805438128267912  
    9.966908919066341 10.141298425645203 10.326123778170093  
    10.493976856650667 10.621113785140986 10.707432016574797  
    10.755392840519542 10.763052872007849 10.738691116332893  
    10.709984960665462 10.687408702177237 10.67302930271804  
    10.673687898357777 10.691052339914435 10.723963106146268  
    10.765595140222715 10.815098954608178 10.870371047962575  
    10.921582764825292 10.967791290585993 11.008486192087485  
    11.038082663814981 11.056505191456603 11.065990866341128  
    11.06849330199561 11.066474733161098 11.060630679354425  
    11.051171394134743 11.039737562712908 11.026952636617391  
    11.01117926963231 10.992492951627078 10.972032029328055  
    10.94875525698475 10.922360501145768 10.894089770017851  
    10.863530068044017 10.829723485384008 10.793492632162359  
    10.755545863104455 10.715126478500508 10.672157238084868  
    10.627628100268206 10.581491799300055 10.533032522601957  
    10.482697930693881 10.431221995950672 10.378128265918177  
    10.3229854475432 10.266784329182876 10.210338849618115  
    10.153055092168769 10.094901877243604 10.0371983074837  
    9.980392920373514 9.923760717006434 9.867356851096744  
    9.811904307660608 9.75746313989664 9.70339529351994  
    9.649488987516193 9.596217121439242 9.54370702576407  
    9.491537226969164 9.439563502895734 9.388145857587327  
    9.337622105328268 9.287954033344763 9.238867583974454  
    9.190499417832713 9.143154734078216 9.096716543920518  
    9.050779418473663 9.005094175219488 8.959734094316087  
    8.914763560922022 8.86984098523152 8.824556763308596  
    8.779137250384606 8.73392546678604 8.688727590928448  
    8.643130757544004 8.597165786810908 8.551156888627567  
    8.505007827665704 8.458376837887403 8.41101547590904  
    8.36294865997516 8.31435344583149 8.265266435808886  
    8.215423663825584 8.164623769915949 8.113190476732363  
    8.061397935268689 8.009146390210985 7.956226543320984  
    7.902611296226748 7.848469046576582 7.7939329833053765  
    7.73904534920354 7.683597364682594 7.627440465408009  
    7.570853565364663 7.514066122561637 7.456965487822611  
    7.399320172462142 7.341021956121036 7.28212922486008  
    7.222729175235434 7.162755486575846 7.101830685788926  
    7.039763836224349 6.976790457945478 6.913064866633679  
    6.848484469395314 6.782853314627919 6.716191794819888  
    6.648571370551725 6.579969375345353 6.5104063132925125  
    6.4396407607034 6.36736437384608 6.2936817329383725  
    6.218724214527382 6.142587844951738 6.0653682698780305  
    5.987097281537812 5.90795450462526 5.828492421088772  
    5.749087468782918 5.669551732063954 5.589790972321728  
    5.5099366982006845 5.430104210751635 5.350163629537262  
    5.270297205041536 5.191002417599478 5.112431274482498  
    5.034714408803879 4.958484597958041 4.884043637768672  
    4.811327826690235 4.740456799165932 4.671388180788144  
    4.603970423704803 4.538068593736483 4.469037499022718  
    4.392607583582718 4.3077980868436345 4.218565429964055  
    4.138244201344962 4.072502499229046 4.023820879268262  
    3.955970847579623 3.820528762022644 3.6132563618511266  
    3.3309517048336126 2.9498206666070654 2.457104867879405  
    1.844691036175364 1.1771362737231275 0.5568325985541536  
    0.0023241337088986853 -0.4919441816628646 -0.9276499915768424  
    -1.3069892332216089 -1.6259075952838427 -1.9063764902520175  
    -2.1815642126584773 -2.457901338675141 -2.729094381171243  
    -2.9730410693522185 -3.1751692746730713 -3.3363546254213126  
    -3.4528231217517718 -3.5219426923574995 -3.542462779516838  
    -3.514459154769809 -3.441813829363877 -3.3264900898589356  
    -3.1675554897657685 -2.9709908999991503 -2.7432188388323473  
    -2.4803794866983377 -2.2032642815332792 -1.9430552113678137  
    -1.7115497053604978 -1.484719631857522 -1.1945799297884072  
    -0.8077198793640081 -0.32715166525248124 0.2539557247652287  
    0.9467951753928282 1.7513666866248059 
/

