@I NRHO 1 []
101
@R RHOB 1 []
1.266637e+00
@R RHO 101 []
0.000000e+00 1.000000e-02 2.000000e-02 3.000000e-02 4.000000e-02 
5.000000e-02 6.000000e-02 7.000000e-02 8.000000e-02 9.000000e-02 
1.000000e-01 1.100000e-01 1.200000e-01 1.300000e-01 1.400000e-01 
1.500000e-01 1.600000e-01 1.700000e-01 1.800000e-01 1.900000e-01 
2.000000e-01 2.100000e-01 2.200000e-01 2.300000e-01 2.400000e-01 
2.500000e-01 2.600000e-01 2.700000e-01 2.800000e-01 2.900000e-01 
3.000000e-01 3.100000e-01 3.200000e-01 3.300000e-01 3.400000e-01 
3.500000e-01 3.600000e-01 3.700000e-01 3.800000e-01 3.900000e-01 
4.000000e-01 4.100000e-01 4.200000e-01 4.300000e-01 4.400000e-01 
4.500000e-01 4.600000e-01 4.700000e-01 4.800000e-01 4.900000e-01 
5.000000e-01 5.100000e-01 5.200000e-01 5.300000e-01 5.400000e-01 
5.500000e-01 5.600000e-01 5.700000e-01 5.800000e-01 5.900000e-01 
6.000000e-01 6.100000e-01 6.200000e-01 6.300000e-01 6.400000e-01 
6.500000e-01 6.600000e-01 6.700000e-01 6.800000e-01 6.900000e-01 
7.000000e-01 7.100000e-01 7.200000e-01 7.300000e-01 7.400000e-01 
7.500000e-01 7.600000e-01 7.700000e-01 7.800000e-01 7.900000e-01 
8.000000e-01 8.100000e-01 8.200000e-01 8.300000e-01 8.400000e-01 
8.500000e-01 8.600000e-01 8.700000e-01 8.800000e-01 8.900000e-01 
9.000000e-01 9.100000e-01 9.200000e-01 9.300000e-01 9.400000e-01 
9.500000e-01 9.600000e-01 9.700000e-01 9.800000e-01 9.900000e-01 
1.000000e+00 
@R VOLP 101 []
0.000000e+00 2.469136e+00 4.937986e+00 7.406263e+00 9.873684e+00 
1.233997e+01 1.480484e+01 1.726802e+01 1.972925e+01 2.218828e+01 
2.464484e+01 2.709869e+01 2.954960e+01 3.199736e+01 3.444176e+01 
3.688258e+01 3.931967e+01 4.175284e+01 4.418195e+01 4.660689e+01 
4.902752e+01 5.144376e+01 5.385554e+01 5.626282e+01 5.866558e+01 
6.106390e+01 6.345783e+01 6.584732e+01 6.823207e+01 7.061180e+01 
7.298663e+01 7.535720e+01 7.772449e+01 8.008945e+01 8.245284e+01 
8.481510e+01 8.717626e+01 8.953605e+01 9.189415e+01 9.425018e+01 
9.660374e+01 9.895449e+01 1.013021e+02 1.036465e+02 1.059874e+02 
1.083250e+02 1.106593e+02 1.129904e+02 1.153184e+02 1.176431e+02 
1.199642e+02 1.222814e+02 1.245943e+02 1.269028e+02 1.292065e+02 
1.315056e+02 1.338001e+02 1.360903e+02 1.383762e+02 1.406580e+02 
1.429358e+02 1.452095e+02 1.474791e+02 1.497445e+02 1.520057e+02 
1.542627e+02 1.565152e+02 1.587632e+02 1.610066e+02 1.632451e+02 
1.654788e+02 1.677074e+02 1.699308e+02 1.721489e+02 1.743616e+02 
1.765687e+02 1.787704e+02 1.809668e+02 1.831579e+02 1.853437e+02 
1.875240e+02 1.896982e+02 1.918657e+02 1.940261e+02 1.961797e+02 
1.983304e+02 2.004866e+02 2.026554e+02 2.048343e+02 2.070009e+02 
2.091086e+02 2.111149e+02 2.130153e+02 2.148306e+02 2.165907e+02 
2.183264e+02 2.200658e+02 2.218579e+02 2.237865e+02 2.259229e+02 
2.283009e+02 
@R IPOL 101 []
1.010637e+00 1.010638e+00 1.010642e+00 1.010651e+00 1.010663e+00 
1.010680e+00 1.010700e+00 1.010724e+00 1.010752e+00 1.010783e+00 
1.010816e+00 1.010853e+00 1.010891e+00 1.010931e+00 1.010973e+00 
1.011016e+00 1.011059e+00 1.011102e+00 1.011144e+00 1.011185e+00 
1.011223e+00 1.011260e+00 1.011292e+00 1.011321e+00 1.011344e+00 
1.011362e+00 1.011373e+00 1.011377e+00 1.011373e+00 1.011364e+00 
1.011348e+00 1.011322e+00 1.011284e+00 1.011229e+00 1.011153e+00 
1.011055e+00 1.010935e+00 1.010796e+00 1.010638e+00 1.010465e+00 
1.010278e+00 1.010079e+00 1.009872e+00 1.009655e+00 1.009431e+00 
1.009200e+00 1.008962e+00 1.008716e+00 1.008464e+00 1.008205e+00 
1.007941e+00 1.007672e+00 1.007400e+00 1.007126e+00 1.006851e+00 
1.006574e+00 1.006296e+00 1.006016e+00 1.005735e+00 1.005452e+00 
1.005168e+00 1.004883e+00 1.004597e+00 1.004311e+00 1.004025e+00 
1.003740e+00 1.003456e+00 1.003175e+00 1.002895e+00 1.002620e+00 
1.002348e+00 1.002080e+00 1.001818e+00 1.001562e+00 1.001312e+00 
1.001069e+00 1.000833e+00 1.000606e+00 1.000386e+00 1.000176e+00 
9.999751e-01 9.997846e-01 9.996050e-01 9.994365e-01 9.992790e-01 
9.991321e-01 9.989945e-01 9.988651e-01 9.987442e-01 9.986345e-01 
9.985606e-01 9.985693e-01 9.986734e-01 9.988439e-01 9.990554e-01 
9.992889e-01 9.995182e-01 9.997172e-01 9.998691e-01 9.999687e-01 
1.000003e+00 
@R G11 101 []
0.000000e+00 2.466012e+00 4.932085e+00 7.398543e+00 9.866005e+00 
1.233428e+01 1.480313e+01 1.727264e+01 1.974322e+01 2.221550e+01 
2.468967e+01 2.716518e+01 2.964320e+01 3.212104e+01 3.460381e+01 
3.707877e+01 3.956129e+01 4.204899e+01 4.453807e+01 4.703954e+01 
4.952675e+01 5.202624e+01 5.453376e+01 5.703625e+01 5.953983e+01 
6.204611e+01 6.455803e+01 6.707321e+01 6.958955e+01 7.210875e+01 
7.463080e+01 7.715554e+01 7.968121e+01 8.220731e+01 8.473058e+01 
8.724882e+01 8.976592e+01 9.228388e+01 9.480879e+01 9.733230e+01 
9.984787e+01 1.023742e+02 1.049110e+02 1.074365e+02 1.099766e+02 
1.125202e+02 1.150600e+02 1.176150e+02 1.201655e+02 1.227251e+02 
1.252908e+02 1.278567e+02 1.304387e+02 1.330171e+02 1.356104e+02 
1.382126e+02 1.408119e+02 1.434370e+02 1.460549e+02 1.486814e+02 
1.513306e+02 1.539776e+02 1.566282e+02 1.593011e+02 1.619869e+02 
1.646726e+02 1.673704e+02 1.700915e+02 1.728275e+02 1.755723e+02 
1.783285e+02 1.811067e+02 1.839114e+02 1.867333e+02 1.895736e+02 
1.924335e+02 1.953182e+02 1.982365e+02 2.011849e+02 2.041594e+02 
2.071650e+02 2.102029e+02 2.132868e+02 2.164233e+02 2.196041e+02 
2.228262e+02 2.260799e+02 2.293773e+02 2.327371e+02 2.361832e+02 
2.397647e+02 2.435338e+02 2.475162e+02 2.516806e+02 2.559805e+02 
2.604268e+02 2.649965e+02 2.696156e+02 2.742933e+02 2.790387e+02 
2.838746e+02 
@R G22 101 []
0.000000e+00 1.251697e-02 2.503437e-02 3.755395e-02 5.007896e-02 
6.260857e-02 7.514167e-02 8.767884e-02 1.002223e-01 1.127754e-01 
1.253392e-01 1.379110e-01 1.504971e-01 1.630840e-01 1.756977e-01 
1.882738e-01 2.008906e-01 2.135362e-01 2.261916e-01 2.389131e-01 
2.515656e-01 2.642842e-01 2.770477e-01 2.897901e-01 3.025432e-01 
3.153156e-01 3.281232e-01 3.409538e-01 3.537959e-01 3.666577e-01 
3.795399e-01 3.924442e-01 4.053652e-01 4.183037e-01 4.312452e-01 
4.441792e-01 4.571247e-01 4.700903e-01 4.831057e-01 4.961268e-01 
5.091184e-01 5.221752e-01 5.352944e-01 5.483652e-01 5.615191e-01 
5.747002e-01 5.878718e-01 6.011319e-01 6.143798e-01 6.276851e-01 
6.410314e-01 6.543872e-01 6.678334e-01 6.812682e-01 6.947866e-01 
7.083582e-01 7.219232e-01 7.356298e-01 7.493096e-01 7.630443e-01 
7.769071e-01 7.907697e-01 8.046617e-01 8.186797e-01 8.327742e-01 
8.468782e-01 8.610546e-01 8.753597e-01 8.897501e-01 9.041939e-01 
9.187025e-01 9.333305e-01 9.480996e-01 9.629604e-01 9.779186e-01 
9.929790e-01 1.008167e+00 1.023529e+00 1.039045e+00 1.054693e+00 
1.070494e+00 1.086450e+00 1.102624e+00 1.119044e+00 1.135668e+00 
1.152499e+00 1.169529e+00 1.186847e+00 1.204521e+00 1.222534e+00 
1.240926e+00 1.259800e+00 1.279251e+00 1.299202e+00 1.319565e+00 
1.340538e+00 1.362117e+00 1.384130e+00 1.406976e+00 1.430920e+00 
1.456078e+00 
@R G33 101 []
9.117475e-01 9.117633e-01 9.118106e-01 9.118892e-01 9.119992e-01 
9.121405e-01 9.123127e-01 9.125159e-01 9.127499e-01 9.130142e-01 
9.133087e-01 9.136332e-01 9.139871e-01 9.143699e-01 9.147816e-01 
9.152213e-01 9.156886e-01 9.161830e-01 9.167039e-01 9.172502e-01 
9.178214e-01 9.184168e-01 9.190355e-01 9.196764e-01 9.203385e-01 
9.210196e-01 9.217184e-01 9.224353e-01 9.231723e-01 9.239307e-01 
9.247089e-01 9.255015e-01 9.263009e-01 9.271000e-01 9.278940e-01 
9.286814e-01 9.294631e-01 9.302418e-01 9.310203e-01 9.318016e-01 
9.325885e-01 9.333830e-01 9.341864e-01 9.350000e-01 9.358236e-01 
9.366569e-01 9.374989e-01 9.383487e-01 9.392059e-01 9.400709e-01 
9.409449e-01 9.418293e-01 9.427253e-01 9.436337e-01 9.445548e-01 
9.454878e-01 9.464319e-01 9.473854e-01 9.483470e-01 9.493156e-01 
9.502905e-01 9.512714e-01 9.522578e-01 9.532495e-01 9.542463e-01 
9.552481e-01 9.562546e-01 9.572657e-01 9.582815e-01 9.593018e-01 
9.603267e-01 9.613559e-01 9.623895e-01 9.634273e-01 9.644691e-01 
9.655143e-01 9.665621e-01 9.676109e-01 9.686596e-01 9.697076e-01 
9.707552e-01 9.718044e-01 9.728574e-01 9.739161e-01 9.749781e-01 
9.760247e-01 9.770176e-01 9.779235e-01 9.787558e-01 9.796183e-01 
9.806842e-01 9.820964e-01 9.838864e-01 9.859848e-01 9.882623e-01 
9.905989e-01 9.928955e-01 9.949571e-01 9.964257e-01 9.970017e-01 
9.965881e-01 
@R GRADRHO 101 []
1.003579e+00 9.951506e-01 9.951755e-01 9.952351e-01 9.953460e-01 
9.954775e-01 9.956162e-01 9.957660e-01 9.959383e-01 9.961450e-01 
9.963822e-01 9.966342e-01 9.969199e-01 9.971927e-01 9.975311e-01 
9.977524e-01 9.980740e-01 9.984513e-01 9.988341e-01 9.993399e-01 
9.996818e-01 1.000139e+00 1.000657e+00 1.001114e+00 1.001570e+00 
1.002038e+00 1.002539e+00 1.003052e+00 1.003562e+00 1.004081e+00 
1.004607e+00 1.005135e+00 1.005654e+00 1.006159e+00 1.006629e+00 
1.007051e+00 1.007450e+00 1.007837e+00 1.008247e+00 1.008635e+00 
1.008969e+00 1.009347e+00 1.009764e+00 1.010116e+00 1.010526e+00 
1.010939e+00 1.011323e+00 1.011761e+00 1.012166e+00 1.012597e+00 
1.013039e+00 1.013469e+00 1.013950e+00 1.014404e+00 1.014901e+00 
1.015418e+00 1.015910e+00 1.016477e+00 1.017002e+00 1.017538e+00 
1.018132e+00 1.018697e+00 1.019254e+00 1.019861e+00 1.020485e+00 
1.021085e+00 1.021697e+00 1.022354e+00 1.023028e+00 1.023698e+00 
1.024372e+00 1.025076e+00 1.025822e+00 1.026578e+00 1.027347e+00 
1.028128e+00 1.028931e+00 1.029776e+00 1.030648e+00 1.031532e+00 
1.032436e+00 1.033357e+00 1.034324e+00 1.035348e+00 1.036401e+00 
1.037463e+00 1.038485e+00 1.039465e+00 1.040437e+00 1.041486e+00 
1.042822e+00 1.044659e+00 1.047042e+00 1.049822e+00 1.052800e+00 
1.055897e+00 1.058981e+00 1.061751e+00 1.063947e+00 1.065248e+00 
1.065471e+00 
@R AREA 101 []
0.000000e+00 2.457248e+00 4.914409e+00 7.371420e+00 9.828115e+00 
1.228435e+01 1.474008e+01 1.719524e+01 1.964979e+01 2.210361e+01 
2.455658e+01 2.700862e+01 2.945967e+01 3.190962e+01 3.435848e+01 
3.680609e+01 3.925282e+01 4.169798e+01 4.414194e+01 4.658414e+01 
4.902485e+01 5.146410e+01 5.390156e+01 5.633731e+01 5.877141e+01 
6.120384e+01 6.363457e+01 6.606353e+01 6.849073e+01 7.091615e+01 
7.333978e+01 7.576163e+01 7.818173e+01 8.060018e+01 8.301708e+01 
8.543263e+01 8.784698e+01 9.026024e+01 9.267247e+01 9.508369e+01 
9.749408e+01 9.990368e+01 1.023124e+02 1.047203e+02 1.071275e+02 
1.095338e+02 1.119395e+02 1.143444e+02 1.167487e+02 1.191523e+02 
1.215554e+02 1.239578e+02 1.263598e+02 1.287612e+02 1.311621e+02 
1.335625e+02 1.359625e+02 1.383620e+02 1.407612e+02 1.431601e+02 
1.455587e+02 1.479571e+02 1.503556e+02 1.527540e+02 1.551526e+02 
1.575513e+02 1.599504e+02 1.623499e+02 1.647500e+02 1.671507e+02 
1.695522e+02 1.719547e+02 1.743583e+02 1.767631e+02 1.791694e+02 
1.815773e+02 1.839871e+02 1.863990e+02 1.888132e+02 1.912300e+02 
1.936497e+02 1.960727e+02 1.984994e+02 2.009300e+02 2.033649e+02 
2.058047e+02 2.082501e+02 2.107022e+02 2.131620e+02 2.156305e+02 
2.181078e+02 2.205927e+02 2.230835e+02 2.255787e+02 2.280777e+02 
2.305810e+02 2.330896e+02 2.356060e+02 2.381350e+02 2.406840e+02 
2.432640e+02 
@R A 101 []
0.000000e+00 1.131738e-02 2.263486e-02 3.395226e-02 4.526942e-02 
5.658642e-02 6.790346e-02 7.922045e-02 9.053732e-02 1.018541e-01 
1.131707e-01 1.244870e-01 1.358030e-01 1.471186e-01 1.584341e-01 
1.697490e-01 1.810656e-01 1.923806e-01 2.036960e-01 2.150095e-01 
2.263226e-01 2.376354e-01 2.489465e-01 2.602565e-01 2.715654e-01 
2.828731e-01 2.941795e-01 3.054840e-01 3.167870e-01 3.280886e-01 
3.393886e-01 3.506863e-01 3.619812e-01 3.732736e-01 3.845632e-01 
3.958495e-01 4.071320e-01 4.184106e-01 4.296848e-01 4.409541e-01 
4.522189e-01 4.634793e-01 4.747343e-01 4.859843e-01 4.972297e-01 
5.084694e-01 5.197040e-01 5.309329e-01 5.421561e-01 5.533736e-01 
5.645848e-01 5.757898e-01 5.869883e-01 5.981799e-01 6.093651e-01 
6.205428e-01 6.317136e-01 6.428766e-01 6.540315e-01 6.651786e-01 
6.763169e-01 6.874461e-01 6.985662e-01 7.096767e-01 7.207768e-01 
7.318664e-01 7.429451e-01 7.540124e-01 7.650676e-01 7.761103e-01 
7.871402e-01 7.981569e-01 8.091595e-01 8.201475e-01 8.311203e-01 
8.420775e-01 8.530184e-01 8.639424e-01 8.748486e-01 8.857367e-01 
8.966059e-01 9.074552e-01 9.182837e-01 9.290900e-01 9.398734e-01 
9.506338e-01 9.613709e-01 9.720831e-01 9.827683e-01 9.934266e-01 
1.004057e+00 1.014661e+00 1.025242e+00 1.035810e+00 1.046373e+00 
1.056932e+00 1.067489e+00 1.078035e+00 1.088557e+00 1.099039e+00 
1.109460e+00 
@R RTOR 101 []
4.765123e+00 4.765101e+00 4.765035e+00 4.764927e+00 4.764774e+00 
4.764578e+00 4.764339e+00 4.764057e+00 4.763731e+00 4.763363e+00 
4.762953e+00 4.762500e+00 4.762006e+00 4.761469e+00 4.760892e+00 
4.760274e+00 4.759615e+00 4.758916e+00 4.758178e+00 4.757401e+00 
4.756586e+00 4.755733e+00 4.754843e+00 4.753917e+00 4.752955e+00 
4.751959e+00 4.750929e+00 4.749867e+00 4.748773e+00 4.747648e+00 
4.746491e+00 4.745302e+00 4.744084e+00 4.742839e+00 4.741570e+00 
4.740279e+00 4.738969e+00 4.737642e+00 4.736299e+00 4.734940e+00 
4.733566e+00 4.732178e+00 4.730774e+00 4.729355e+00 4.727920e+00 
4.726468e+00 4.725000e+00 4.723516e+00 4.722015e+00 4.720497e+00 
4.718962e+00 4.717410e+00 4.715840e+00 4.714251e+00 4.712644e+00 
4.711017e+00 4.709371e+00 4.707705e+00 4.706018e+00 4.704310e+00 
4.702582e+00 4.700833e+00 4.699063e+00 4.697273e+00 4.695460e+00 
4.693627e+00 4.691771e+00 4.689894e+00 4.687994e+00 4.686072e+00 
4.684127e+00 4.682158e+00 4.680165e+00 4.678147e+00 4.676105e+00 
4.674036e+00 4.671941e+00 4.669819e+00 4.667670e+00 4.665492e+00 
4.663286e+00 4.661049e+00 4.658781e+00 4.656480e+00 4.654145e+00 
4.651774e+00 4.649369e+00 4.646932e+00 4.644465e+00 4.641964e+00 
4.639419e+00 4.636819e+00 4.634149e+00 4.631392e+00 4.628536e+00 
4.625577e+00 4.622512e+00 4.619346e+00 4.616092e+00 4.612771e+00 
4.609402e+00 
@R SHIFT 101 []
2.151230e-01 2.151010e-01 2.150354e-01 2.149265e-01 2.147740e-01 
2.145780e-01 2.143388e-01 2.140567e-01 2.137314e-01 2.133635e-01 
2.129530e-01 2.125003e-01 2.120056e-01 2.114694e-01 2.108920e-01 
2.102737e-01 2.096149e-01 2.089162e-01 2.081780e-01 2.074010e-01 
2.065858e-01 2.057330e-01 2.048432e-01 2.039172e-01 2.029555e-01 
2.019590e-01 2.009291e-01 1.998671e-01 1.987734e-01 1.976480e-01 
1.964908e-01 1.953024e-01 1.940844e-01 1.928393e-01 1.915700e-01 
1.902793e-01 1.889695e-01 1.876421e-01 1.862987e-01 1.849401e-01 
1.835664e-01 1.821777e-01 1.807740e-01 1.793547e-01 1.779195e-01 
1.764682e-01 1.750003e-01 1.735159e-01 1.720148e-01 1.704968e-01 
1.689620e-01 1.674097e-01 1.658396e-01 1.642513e-01 1.626440e-01 
1.610175e-01 1.593711e-01 1.577045e-01 1.560176e-01 1.543102e-01 
1.525821e-01 1.508333e-01 1.490635e-01 1.472726e-01 1.454604e-01 
1.436268e-01 1.417714e-01 1.398940e-01 1.379943e-01 1.360720e-01 
1.341266e-01 1.321576e-01 1.301646e-01 1.281471e-01 1.261045e-01 
1.240361e-01 1.219412e-01 1.198193e-01 1.176699e-01 1.154922e-01 
1.132856e-01 1.110489e-01 1.087809e-01 1.064800e-01 1.041446e-01 
1.017739e-01 9.936903e-02 9.693206e-02 9.446497e-02 9.196387e-02 
8.941903e-02 8.681923e-02 8.414923e-02 8.139212e-02 7.853609e-02 
7.557695e-02 7.251156e-02 6.934553e-02 6.609242e-02 6.277115e-02 
5.940192e-02 
@R ELONG 101 []
1.298785e+00 1.298781e+00 1.298770e+00 1.298761e+00 1.298729e+00 
1.298674e+00 1.298603e+00 1.298530e+00 1.298455e+00 1.298370e+00 
1.298276e+00 1.298175e+00 1.298069e+00 1.297956e+00 1.297836e+00 
1.297709e+00 1.297577e+00 1.297440e+00 1.297299e+00 1.297153e+00 
1.297003e+00 1.296852e+00 1.296699e+00 1.296545e+00 1.296392e+00 
1.296241e+00 1.296092e+00 1.295948e+00 1.295806e+00 1.295667e+00 
1.295532e+00 1.295404e+00 1.295286e+00 1.295177e+00 1.295082e+00 
1.295004e+00 1.294948e+00 1.294915e+00 1.294905e+00 1.294920e+00 
1.294958e+00 1.295020e+00 1.295103e+00 1.295209e+00 1.295334e+00 
1.295481e+00 1.295647e+00 1.295833e+00 1.296039e+00 1.296265e+00 
1.296511e+00 1.296777e+00 1.297063e+00 1.297368e+00 1.297693e+00 
1.298037e+00 1.298401e+00 1.298785e+00 1.299189e+00 1.299614e+00 
1.300061e+00 1.300531e+00 1.301025e+00 1.301542e+00 1.302085e+00 
1.302655e+00 1.303251e+00 1.303877e+00 1.304531e+00 1.305216e+00 
1.305933e+00 1.306682e+00 1.307466e+00 1.308286e+00 1.309142e+00 
1.310037e+00 1.310971e+00 1.311949e+00 1.312970e+00 1.314039e+00 
1.315156e+00 1.316325e+00 1.317548e+00 1.318827e+00 1.320163e+00 
1.321560e+00 1.323026e+00 1.324571e+00 1.326209e+00 1.327948e+00 
1.329780e+00 1.331690e+00 1.333656e+00 1.335650e+00 1.337660e+00 
1.339687e+00 1.341738e+00 1.343836e+00 1.346042e+00 1.348430e+00 
1.351095e+00 
@R TRIAG 101 []
0.000000e+00 3.178784e-02 3.013384e-02 2.847994e-02 2.681450e-02 
2.513911e-02 2.345957e-02 2.177235e-02 2.007401e-02 1.836637e-02 
1.664840e-02 1.491779e-02 1.317465e-02 1.141899e-02 9.649411e-03 
7.864655e-03 6.063839e-03 4.246157e-03 2.410339e-03 5.568387e-04 
-1.315122e-03 -3.206660e-03 -5.117758e-03 -7.049125e-03 -9.003473e-03 
-1.098211e-02 -1.298476e-02 -1.501197e-02 -1.706470e-02 -1.914387e-02 
-2.125041e-02 -2.338320e-02 -2.554014e-02 -2.772487e-02 -2.994169e-02 
-3.219525e-02 -3.449096e-02 -3.683052e-02 -3.920993e-02 -4.162647e-02 
-4.407957e-02 -4.656881e-02 -4.909326e-02 -5.165244e-02 -5.424618e-02 
-5.687407e-02 -5.953664e-02 -6.223482e-02 -6.496965e-02 -6.774240e-02 
-7.055430e-02 -7.340593e-02 -7.629774e-02 -7.923013e-02 -8.220402e-02 
-8.522034e-02 -8.828114e-02 -9.138806e-02 -9.454284e-02 -9.774751e-02 
-1.010039e-01 -1.043143e-01 -1.076811e-01 -1.111070e-01 -1.145952e-01 
-1.181486e-01 -1.217701e-01 -1.254625e-01 -1.292287e-01 -1.330718e-01 
-1.369950e-01 -1.410019e-01 -1.450962e-01 -1.492817e-01 -1.535624e-01 
-1.579428e-01 -1.624280e-01 -1.670234e-01 -1.717347e-01 -1.765689e-01 
-1.815334e-01 -1.866362e-01 -1.918844e-01 -1.972847e-01 -2.028444e-01 
-2.085722e-01 -2.144876e-01 -2.206198e-01 -2.270026e-01 -2.336739e-01 
-2.406170e-01 -2.477876e-01 -2.551389e-01 -2.626336e-01 -2.703144e-01 
-2.782492e-01 -2.864780e-01 -2.949561e-01 -3.035065e-01 -3.122051e-01 
-3.214676e-01 
