@R RHO 101 []
0.000000e+00 1.000000e-02 2.000000e-02 3.000000e-02 4.000000e-02 
5.000000e-02 6.000000e-02 7.000000e-02 8.000000e-02 9.000000e-02 
1.000000e-01 1.100000e-01 1.200000e-01 1.300000e-01 1.400000e-01 
1.500000e-01 1.600000e-01 1.700000e-01 1.800000e-01 1.900000e-01 
2.000000e-01 2.100000e-01 2.200000e-01 2.300000e-01 2.400000e-01 
2.500000e-01 2.600000e-01 2.700000e-01 2.800000e-01 2.900000e-01 
3.000000e-01 3.100000e-01 3.200000e-01 3.300000e-01 3.400000e-01 
3.500000e-01 3.600000e-01 3.700000e-01 3.800000e-01 3.900000e-01 
4.000000e-01 4.100000e-01 4.200000e-01 4.300000e-01 4.400000e-01 
4.500000e-01 4.600000e-01 4.700000e-01 4.800000e-01 4.900000e-01 
5.000000e-01 5.100000e-01 5.200000e-01 5.300000e-01 5.400000e-01 
5.500000e-01 5.600000e-01 5.700000e-01 5.800000e-01 5.900000e-01 
6.000000e-01 6.100000e-01 6.200000e-01 6.300000e-01 6.400000e-01 
6.500000e-01 6.600000e-01 6.700000e-01 6.800000e-01 6.900000e-01 
7.000000e-01 7.100000e-01 7.200000e-01 7.300000e-01 7.400000e-01 
7.500000e-01 7.600000e-01 7.700000e-01 7.800000e-01 7.900000e-01 
8.000000e-01 8.100000e-01 8.200000e-01 8.300000e-01 8.400000e-01 
8.500000e-01 8.600000e-01 8.700000e-01 8.800000e-01 8.900000e-01 
9.000000e-01 9.100000e-01 9.200000e-01 9.300000e-01 9.400000e-01 
9.500000e-01 9.600000e-01 9.700000e-01 9.800000e-01 9.900000e-01 
1.000000e+00 
@R ENE 101 []
2.931643e+01 2.931519e+01 2.931145e+01 2.930523e+01 2.929653e+01 
2.928533e+01 2.927166e+01 2.925551e+01 2.923689e+01 2.921580e+01 
2.919224e+01 2.916623e+01 2.913777e+01 2.910686e+01 2.907352e+01 
2.903775e+01 2.899956e+01 2.895896e+01 2.891597e+01 2.887059e+01 
2.882283e+01 2.877270e+01 2.872023e+01 2.866542e+01 2.860828e+01 
2.854884e+01 2.848709e+01 2.842307e+01 2.835679e+01 2.828825e+01 
2.821749e+01 2.811716e+01 2.797970e+01 2.783482e+01 2.771224e+01 
2.764165e+01 2.757867e+01 2.747212e+01 2.734155e+01 2.720650e+01 
2.708651e+01 2.698020e+01 2.687252e+01 2.676248e+01 2.664910e+01 
2.653140e+01 2.640739e+01 2.627489e+01 2.613263e+01 2.597934e+01 
2.581375e+01 2.563516e+01 2.544410e+01 2.524115e+01 2.502692e+01 
2.480197e+01 2.456762e+01 2.432553e+01 2.407685e+01 2.382272e+01 
2.356427e+01 2.330254e+01 2.303826e+01 2.277211e+01 2.250477e+01 
2.223690e+01 2.196906e+01 2.170153e+01 2.143461e+01 2.116861e+01 
2.090382e+01 2.064040e+01 2.037835e+01 2.011775e+01 1.985870e+01 
1.960128e+01 1.934567e+01 1.909179e+01 1.883935e+01 1.858804e+01 
1.833757e+01 1.808613e+01 1.783333e+01 1.758106e+01 1.733119e+01 
1.708558e+01 1.685761e+01 1.665279e+01 1.646120e+01 1.627292e+01 
1.607803e+01 1.555001e+01 1.492371e+01 1.419496e+01 1.337591e+01 
1.249951e+01 1.161673e+01 1.078500e+01 1.005243e+01 9.446403e+00 
8.971580e+00 
@R TE 101 []
2.153457e+01 2.152747e+01 2.150619e+01 2.147076e+01 2.142126e+01 
2.135779e+01 2.128047e+01 2.118945e+01 2.108491e+01 2.096706e+01 
2.083612e+01 2.069235e+01 2.053602e+01 2.036744e+01 2.018693e+01 
1.999482e+01 1.979149e+01 1.957732e+01 1.935269e+01 1.911804e+01 
1.887377e+01 1.862035e+01 1.835821e+01 1.808784e+01 1.780970e+01 
1.752428e+01 1.723206e+01 1.693355e+01 1.662924e+01 1.631963e+01 
1.600523e+01 1.568953e+01 1.537615e+01 1.506572e+01 1.475890e+01 
1.445634e+01 1.415948e+01 1.386926e+01 1.358557e+01 1.330826e+01 
1.303723e+01 1.277155e+01 1.251021e+01 1.225295e+01 1.199951e+01 
1.174962e+01 1.150328e+01 1.126081e+01 1.102240e+01 1.078827e+01 
1.055862e+01 1.033370e+01 1.011379e+01 9.899195e+00 9.690209e+00 
9.487127e+00 9.290365e+00 9.100133e+00 8.916417e+00 8.739202e+00 
8.568473e+00 8.404148e+00 8.245949e+00 8.093570e+00 7.946703e+00 
7.805042e+00 7.668278e+00 7.536019e+00 7.407827e+00 7.283265e+00 
7.161898e+00 7.043332e+00 6.927293e+00 6.813518e+00 6.701744e+00 
6.591709e+00 6.483212e+00 6.376017e+00 6.269805e+00 6.164258e+00 
6.059058e+00 5.953564e+00 5.847351e+00 5.740424e+00 5.632787e+00 
5.524446e+00 5.417144e+00 5.312007e+00 5.208107e+00 5.104516e+00 
5.000307e+00 4.667402e+00 4.263379e+00 3.773490e+00 3.196928e+00 
2.557197e+00 1.903612e+00 1.296780e+00 7.849530e-01 3.886620e-01 
1.022746e-01 
@R TI 101 []
2.447159e+01 2.446024e+01 2.442624e+01 2.436967e+01 2.429069e+01 
2.418953e+01 2.406645e+01 2.392181e+01 2.375599e+01 2.356945e+01 
2.336270e+01 2.313630e+01 2.289085e+01 2.262701e+01 2.234548e+01 
2.204699e+01 2.173233e+01 2.140229e+01 2.105774e+01 2.069952e+01 
2.032853e+01 1.994569e+01 1.955191e+01 1.914814e+01 1.873533e+01 
1.831442e+01 1.788637e+01 1.745214e+01 1.701266e+01 1.656887e+01 
1.612170e+01 1.567895e+01 1.524861e+01 1.483185e+01 1.442986e+01 
1.404381e+01 1.367710e+01 1.333101e+01 1.300357e+01 1.269280e+01 
1.239674e+01 1.211174e+01 1.183513e+01 1.156643e+01 1.130514e+01 
1.105077e+01 1.080399e+01 1.056585e+01 1.033640e+01 1.011568e+01 
9.903764e+00 9.700520e+00 9.505510e+00 9.318307e+00 9.138484e+00 
8.965613e+00 8.799189e+00 8.638758e+00 8.483970e+00 8.334474e+00 
8.189919e+00 8.049991e+00 7.914442e+00 7.783022e+00 7.655479e+00 
7.531563e+00 7.411057e+00 7.293761e+00 7.179451e+00 7.067903e+00 
6.958891e+00 6.852177e+00 6.747555e+00 6.644846e+00 6.543870e+00 
6.444449e+00 6.346451e+00 6.249728e+00 6.154078e+00 6.059299e+00 
5.965189e+00 5.871507e+00 5.777962e+00 5.684285e+00 5.590207e+00 
5.495458e+00 5.398895e+00 5.300174e+00 5.200218e+00 5.099954e+00 
5.000307e+00 4.667402e+00 4.263379e+00 3.773490e+00 3.196928e+00 
2.557197e+00 1.903612e+00 1.296780e+00 7.849530e-01 3.886620e-01 
1.022746e-01 
@R FP 102 []
-5.566331e-13 -5.566331e-13 1.125741e-02 3.376891e-02 6.752584e-02 
1.125122e-01 1.687081e-01 2.360909e-01 3.146328e-01 4.043004e-01 
5.050533e-01 6.168464e-01 7.396332e-01 8.733579e-01 1.017973e+00 
1.173404e+00 1.339631e+00 1.516559e+00 1.704103e+00 1.902189e+00 
2.110691e+00 2.329600e+00 2.558783e+00 2.798123e+00 3.047560e+00 
3.307000e+00 3.576340e+00 3.855463e+00 4.144255e+00 4.442614e+00 
4.750426e+00 5.067574e+00 5.393936e+00 5.729394e+00 6.073827e+00 
6.427124e+00 6.789183e+00 7.159881e+00 7.539090e+00 7.926655e+00 
8.322454e+00 8.726390e+00 9.138291e+00 9.557983e+00 9.985376e+00 
1.042028e+01 1.086253e+01 1.131201e+01 1.176852e+01 1.223191e+01 
1.270201e+01 1.317864e+01 1.366164e+01 1.415080e+01 1.464597e+01 
1.514694e+01 1.565351e+01 1.616553e+01 1.668272e+01 1.720495e+01 
1.773201e+01 1.826364e+01 1.879966e+01 1.933989e+01 1.988406e+01 
2.043194e+01 2.098335e+01 2.153806e+01 2.209579e+01 2.265631e+01 
2.321939e+01 2.378482e+01 2.435231e+01 2.492159e+01 2.549242e+01 
2.606454e+01 2.663769e+01 2.721160e+01 2.778598e+01 2.836054e+01 
2.893500e+01 2.950909e+01 3.008253e+01 3.065499e+01 3.122615e+01 
3.179572e+01 3.236339e+01 3.292886e+01 3.349181e+01 3.405189e+01 
3.460873e+01 3.516200e+01 3.571129e+01 3.625619e+01 3.679631e+01 
3.733133e+01 3.786086e+01 3.838456e+01 3.890217e+01 3.941336e+01 
3.991779e+01 4.016648e+01 
@R CURPAR 102 []
3.632660e+00 3.632660e+00 3.632660e+00 3.631575e+00 3.629727e+00 
3.627096e+00 3.623712e+00 3.619601e+00 3.614779e+00 3.609256e+00 
3.603038e+00 3.596128e+00 3.588526e+00 3.580233e+00 3.571248e+00 
3.561573e+00 3.551206e+00 3.540148e+00 3.528399e+00 3.515959e+00 
3.502828e+00 3.489006e+00 3.474493e+00 3.459288e+00 3.443393e+00 
3.426806e+00 3.409528e+00 3.391559e+00 3.372899e+00 3.353548e+00 
3.333506e+00 3.312773e+00 3.291348e+00 3.269233e+00 3.246426e+00 
3.222929e+00 3.198740e+00 3.173860e+00 3.148289e+00 3.122026e+00 
3.095073e+00 3.067429e+00 3.039093e+00 3.010067e+00 2.980349e+00 
2.949940e+00 2.918840e+00 2.887049e+00 2.854567e+00 2.821394e+00 
2.787529e+00 2.752974e+00 2.717727e+00 2.681789e+00 2.645160e+00 
2.607841e+00 2.569829e+00 2.531127e+00 2.491734e+00 2.451650e+00 
2.410874e+00 2.369408e+00 2.327250e+00 2.284401e+00 2.240861e+00 
2.196630e+00 2.151708e+00 2.106095e+00 2.059790e+00 2.012795e+00 
1.965108e+00 1.916730e+00 1.867662e+00 1.817902e+00 1.767451e+00 
1.716308e+00 1.664475e+00 1.611951e+00 1.558735e+00 1.504829e+00 
1.450231e+00 1.394942e+00 1.338962e+00 1.282291e+00 1.224929e+00 
1.166876e+00 1.108131e+00 1.048696e+00 9.885700e-01 9.277551e-01 
8.662587e-01 8.041071e-01 7.413780e-01 6.782710e-01 6.152323e-01 
5.531329e-01 4.934597e-01 4.384691e-01 3.909640e-01 3.542869e-01 
3.334289e-01 3.334289e-01 
