&PROFILE_EXT
  NPSI_EXT = 257 
  PSIN_EXT = 0.0 0.00390625 0.0078125 0.01171875 0.015625 0.01953125  
    0.0234375 0.02734375 0.03125 0.03515625 0.0390625 0.04296875  
    0.046875 0.05078125 0.0546875 0.05859375 0.0625 0.06640625  
    0.0703125 0.07421875 0.078125 0.08203125 0.0859375 0.08984375  
    0.09375 0.09765625 0.1015625 0.10546875 0.109375 0.11328125  
    0.1171875 0.12109375 0.125 0.12890625 0.1328125 0.13671875 0.140625  
    0.14453125 0.1484375 0.15234375 0.15625 0.16015625 0.1640625  
    0.16796875 0.171875 0.17578125 0.1796875 0.18359375 0.1875  
    0.19140625 0.1953125 0.19921875 0.203125 0.20703125 0.2109375  
    0.21484375 0.21875 0.22265625 0.2265625 0.23046875 0.234375  
    0.23828125 0.2421875 0.24609375 0.25 0.25390625 0.2578125  
    0.26171875 0.265625 0.26953125 0.2734375 0.27734375 0.28125  
    0.28515625 0.2890625 0.29296875 0.296875 0.30078125 0.3046875  
    0.30859375 0.3125 0.31640625 0.3203125 0.32421875 0.328125  
    0.33203125 0.3359375 0.33984375 0.34375 0.34765625 0.3515625  
    0.35546875 0.359375 0.36328125 0.3671875 0.37109375 0.375  
    0.37890625 0.3828125 0.38671875 0.390625 0.39453125 0.3984375  
    0.40234375 0.40625 0.41015625 0.4140625 0.41796875 0.421875  
    0.42578125 0.4296875 0.43359375 0.4375 0.44140625 0.4453125  
    0.44921875 0.453125 0.45703125 0.4609375 0.46484375 0.46875  
    0.47265625 0.4765625 0.48046875 0.484375 0.48828125 0.4921875  
    0.49609375 0.5 0.50390625 0.5078125 0.51171875 0.515625 0.51953125  
    0.5234375 0.52734375 0.53125 0.53515625 0.5390625 0.54296875  
    0.546875 0.55078125 0.5546875 0.55859375 0.5625 0.56640625  
    0.5703125 0.57421875 0.578125 0.58203125 0.5859375 0.58984375  
    0.59375 0.59765625 0.6015625 0.60546875 0.609375 0.61328125  
    0.6171875 0.62109375 0.625 0.62890625 0.6328125 0.63671875 0.640625  
    0.64453125 0.6484375 0.65234375 0.65625 0.66015625 0.6640625  
    0.66796875 0.671875 0.67578125 0.6796875 0.68359375 0.6875  
    0.69140625 0.6953125 0.69921875 0.703125 0.70703125 0.7109375  
    0.71484375 0.71875 0.72265625 0.7265625 0.73046875 0.734375  
    0.73828125 0.7421875 0.74609375 0.75 0.75390625 0.7578125  
    0.76171875 0.765625 0.76953125 0.7734375 0.77734375 0.78125  
    0.78515625 0.7890625 0.79296875 0.796875 0.80078125 0.8046875  
    0.80859375 0.8125 0.81640625 0.8203125 0.82421875 0.828125  
    0.83203125 0.8359375 0.83984375 0.84375 0.84765625 0.8515625  
    0.85546875 0.859375 0.86328125 0.8671875 0.87109375 0.875  
    0.87890625 0.8828125 0.88671875 0.890625 0.89453125 0.8984375  
    0.90234375 0.90625 0.91015625 0.9140625 0.91796875 0.921875  
    0.92578125 0.9296875 0.93359375 0.9375 0.94140625 0.9453125  
    0.94921875 0.953125 0.95703125 0.9609375 0.96484375 0.96875  
    0.97265625 0.9765625 0.98046875 0.984375 0.98828125 0.9921875  
    0.99609375 1.0 
  PPRIME_EXT = 581428.0696682248 573341.7401983939 565338.7316214975  
    557419.0439375357 549582.6771465085 541829.6312484157  
    534159.9062432575 526573.5021310339 519070.4189117447  
    511650.65658539016 504314.2151519701 497061.09461148456  
    489891.29496393364 482804.8162093172 475801.6583476353  
    468881.821378888 462045.3053030752 455292.1101201969  
    448622.2358302532 442035.682433244 435532.4499291694  
    429112.53831802926 422775.9475998237 416522.6777745527  
    410352.7288422162 404266.10080281424 399246.11319019506  
    395754.09050610824 392178.0343849729 388220.88889045897  
    383466.9574117764 377850.525404501 371477.14542762213  
    364671.89345114946 357888.02761065925 351286.85349346837  
    344948.9218173367 338874.9158705671 333024.23577936774  
    327386.80348231574 321958.368630327 316756.26469068555  
    311788.4791276903 307022.23654855066 302466.8217497383  
    298101.21128822665 293896.30448814284 289869.02775052015  
    285977.2036181125 282240.9709405118 278639.51956501615  
    275164.5044265209 271815.5661226682 268566.3521571753  
    265412.9130174322 262329.50594307896 259315.80468207004  
    256349.60809777287 253432.4742885594 250563.78635097045  
    247734.3161546966 244950.1171351313 242188.5699304712  
    239464.4554905248 236745.034615741 234036.29879489553  
    231333.84898638976 228644.38450027822 225981.7987257944  
    223333.25742283242 220751.70067384496 218196.0014635875  
    215706.72195644327 213261.88322151807 210859.8137987721  
    208523.6058567232 206200.71081699635 203940.25819663593  
    201716.35868692625 199518.96105326695 197390.2068403965  
    195290.78264457436 193255.61601118758 191290.88923540263  
    189362.99913200288 187522.05649401533 185746.1575934708  
    184009.97227531948 182357.56052228747 180757.56810949938  
    179200.27124674077 177726.73696068942 176306.10565235943  
    174937.57858239685 173663.49179564256 172450.20396636348  
    171273.44122701586 170167.5281407702 169111.36854764202  
    168065.4714536382 167054.36932015352 166073.7813225733  
    165088.185431401 164120.09009881568 163185.99438883027  
    162252.17526010232 161315.99625484852 160407.23342402943  
    159503.8411293226 158571.31041663172 157630.34881927478  
    156688.27809786567 155711.95099682728 154700.26175735588  
    153679.60072216956 152647.31916614893 151586.60902789468  
    150510.5881739963 149441.05567978832 148366.27515467792  
    147270.17315453754 146169.1998149833 145077.9688997551  
    143979.8808155777 142861.5155598679 141740.4933639265  
    140631.28661196015 139518.5586211502 138391.0346371499  
    137265.85186296905 136157.2193920819 135052.50444666663  
    133940.4416902234 132832.62213166972 131742.62128455547  
    130662.73011007701 129579.76066618477 128498.17688172386  
    127430.78952654239 126376.36076916943 125323.79829323148  
    124271.0062919347 123225.8422818569 122195.90853335842  
    121176.89150366283 120160.25877529386 119147.15565981944  
    118149.12904988404 117170.34213041357 116200.58199012575  
    115233.92378505695 114277.60626789236 113340.66536245102  
    112418.37099601427 111502.44088378266 110593.07508074051  
    109694.15345894155 108811.38098997693 107943.71680080357  
    107083.81573187449 106229.04528843042 105387.00146963997  
    104565.12979169046 103757.39404122211 102957.33263613677  
    102166.1142846362 101386.65419546406 100623.05731771758  
    99873.48861380873 99131.11957727109 98392.94672531667  
    97663.61477348818 96949.86911749313 96248.38198038616  
    95553.87264687999 94866.5995623873 94186.90409083608  
    93519.59734205643 92867.65831196711 92224.81152089965  
    91587.35722840132 90957.47858286941 90339.187845912  
    89736.81322387623 89149.87687140322 88574.26673270352  
    88009.8912910748 87464.28172153165 86944.28767943312  
    86446.71738047767 85970.4434939771 85519.2423166291  
    85092.61920129893 84694.25793057088 84332.05754607375  
    84004.93298996697 83708.42704663472 83447.63731477234  
    83241.41293998343 83103.81389928206 83036.29720966166  
    83025.99664017148 83049.28742584371 83102.84102513458  
    83182.63926091966 83363.7460809123 83754.53136711729  
    84369.7145615849 85204.73045907865 85940.56087544511  
    86276.78877895049 86153.42908257444 85798.19003846294  
    86642.61526855329 89677.53208657478 94752.84653180305  
    102145.62781541972 112528.16646340926 126123.81012705715  
    143124.514644744 161781.22628740134 179235.20814229376  
    194910.61896822025 208933.89034757778 221309.98992819292  
    232117.22474476317 241322.1400034689 249061.13697391225  
    256192.13785574498 263278.8976083441 270305.33391536423  
    277017.6001674123 282718.5887419501 287116.1845701479  
    290255.0471137958 291999.6402849082 292186.8586151466  
    290793.9622601409 287828.2102694879 283348.5721295888  
    277410.7618543466 269993.3113085332 261147.38165469642  
    250996.43642311456 239609.43447960576 226855.19916972838  
    213613.37998578887 201164.38426731183 189794.3189277797  
    179182.38676505885 166590.39764759832 149822.80102388462  
    128978.52123360768 103923.06213359622 74571.84180362988  
    40801.4583799259 2611.911861360073 
  FFPRIM_EXT = 4.062115213114263 4.089432188338995 4.137758726693875  
    4.213191687660393 4.304731554284505 4.40627821983173  
    4.5143708684394745 4.626885842557236 4.742410026400576  
    4.85997219032255 4.978836069030269 5.098454167289949  
    5.218400555998455 5.3383348804475546 5.4579809870846185  
    5.577111562187575 5.695536217592158 5.8130921936108635  
    5.929643031688215 6.045071170962954 6.159272978561322  
    6.27216041339447 6.383653075515237 6.493679771897273  
    6.6021765691721 6.709126093540165 6.786999217923644  
    6.822853246051114 6.861749004553282 6.911881972179408  
    6.9847462114639285 7.082129516497316 7.2010384248021095  
    7.332381680238545 7.463505134766747 7.589908226615946  
    7.709350265095695 7.821796741043396 7.928364496532247  
    8.029320398797916 8.124771998480028 8.214229610508688  
    8.297461290375214 8.37537282903379 8.447700754727052  
    8.515017985276177 8.578128872081628 8.636551477257203  
    8.691448223339238 8.742255878304903 8.789542134038847  
    8.83353621881162 8.87423513027682 8.912363262456127  
    8.948014898663342 8.981890308409078 9.01398118595388  
    9.044892606521199 9.074571239442072 9.103028210004215  
    9.13051426116656 9.156854431225558 9.182665729994628  
    9.20753398319949 9.232353657432666 9.256959190992445  
    9.281462118614126 9.30568899831935 9.329257634935994  
    9.35253311663539 9.374056045954871 9.394964416396949  
    9.414141902203731 9.432186907680244 9.449149947489703  
    9.464382530330719 9.479333670047993 9.492648087653862  
    9.505032600908985 9.516768940195151 9.526688414542704  
    9.535868235276798 9.543345646958784 9.548937482798703  
    9.553568511086029 9.555853882381363 9.556383418449776  
    9.55585638794108 9.553056215217762 9.548838642254516  
    9.543475572174028 9.535832798485051 9.52675008564864  
    9.516249877719376 9.503161329458194 9.488400817792717  
    9.472637802014894 9.454926035603403 9.435835342378251  
    9.416449286426815 9.39609199640498 9.374876044977267  
    9.353778054581271 9.332181859227966 9.30962648322031  
    9.287031771081308 9.264472607864626 9.241129809901338  
    9.21759941630595 9.19482533766093 9.172239843461094  
    9.149633129972596 9.127907021260267 9.107094337915763  
    9.086471796697673 9.066103251352402 9.046446459143466  
    9.02714562125366 9.00760229346023 8.988130388232085  
    8.969168650331003 8.950268867345976 8.931026609661352  
    8.911888256122278 8.893220040922813 8.87454280680867  
    8.855457616537631 8.836375258294787 8.817602396900764  
    8.79867348351829 8.7791980447063 8.75951519907293 8.739931511640759  
    8.72013137265412 8.699739561556967 8.67896014836335  
    8.658151122903888 8.637192183595237 8.61573263608311  
    8.593796915364653 8.571681685450496 8.549445650097628  
    8.5268768381555 8.503761232607644 8.480207187870253  
    8.456446250892991 8.432449062694518 8.407900547409223  
    8.382680039632241 8.357057834477654 8.331193206205501  
    8.30489059853749 8.277902583880326 8.250347371302794  
    8.222443670414034 8.194184882382302 8.165464556281762  
    8.136123880402412 8.106183906209218 8.075837688838458  
    8.045153970776258 8.01392583515019 7.9819467662265895  
    7.949370414900111 7.916366738045175 7.882902310787978  
    7.848895766413392 7.814227708415444 7.778937092418371  
    7.743204470799268 7.707108485487092 7.670518652010665  
    7.633242414171234 7.595362888178699 7.557017955954178  
    7.518193500640633 7.478872752649663 7.438920934181823  
    7.398249910170453 7.357015995666275 7.315311399746312  
    7.273072705235205 7.230186715029877 7.186525428416382  
    7.142089116532178 7.096980538451483 7.051195833925744  
    7.004525627670981 6.9567742117515765 6.9080136522605615  
    6.858263670736319 6.807413337886393 6.75546613689918  
    6.702312427449264 6.647724986407965 6.591718749071422  
    6.534402929566651 6.47563086018193 6.414887034542364  
    6.35178535480628 6.2862711195135645 6.218663484194547  
    6.149573401001156 6.079071840363568 6.007251244103422  
    5.932112637652642 5.85076794362255 5.76280242534361  
    5.6682672309352204 5.575546659073295 5.4924927181913645  
    5.420742038955543 5.354407523651158 5.255594934974611  
    5.098179167020269 4.886362681210534 4.612881639213327  
    4.260098568710012 3.8220774942814586 3.293361873260613  
    2.719995361555951 2.17732553040367 1.6799495539417983  
    1.224328064981528 0.8102350715540128 0.43548346070402566  
    0.10088441276028132 -0.19714346756995044 -0.48128069247006755  
    -0.7664130696757729 -1.0521302616440091 -1.3318426811431852  
    -1.5873291573803954 -1.8110340485209526 -2.0042432032818014  
    -2.1633876950584825 -2.2840565371547052 -2.365502483107169  
    -2.407728503375206 -2.4120194031396043 -2.3795010509668315  
    -2.3091934076715424 -2.2019457660803607 -2.060326789060602  
    -1.8851304543239866 -1.6715579591753986 -1.4416209214755646  
    -1.2280635667643927 -1.0378657818961496 -0.8628224929366881  
    -0.6307896962596682 -0.28276483452551976 0.18087678551716285  
    0.7628896186721577 1.474339695563711 2.3207039681550308  
    3.3019824364278065 
  P_EXT = 1202879.139771871 1187669.2989050602 1174850.458650174  
    1162708.0891136 1150950.154156443 1139464.4386958485  
    1128193.1548422547 1117102.381251449 1106169.0220509833  
    1095379.2436831994 1084719.8464822238 1074182.108526189  
    1063759.4301369847 1053446.4598918837 1043238.7848783022  
    1033132.81545321 1023125.5297069578 1013214.109860799  
    1003396.3926822887 993670.3631455617 984033.9812638717  
    974485.8484419326 965024.3255408497 955648.0503287052  
    946355.7605712716 937146.6597231057 928019.4287097594  
    918972.0260709177 910004.8081038871 901122.4460757398  
    892338.516532898 883673.0584215379 875143.9955941134  
    866766.195987612 858543.478555937 850473.2658323274  
    842550.4315894644 834768.724850792 827122.6955497153  
    819607.3960938456 812218.0225353068 804949.7012234144  
    797797.0738284905 790755.1414562897 783819.409387481  
    776985.0051225561 770248.2222937089 763605.1026195594  
    757051.9668368078 750585.8554371588 744202.9558722607  
    737900.8506933 731676.1412151603 725526.6841428492  
    719449.9132163429 713444.2002398921 707507.7926231867  
    701639.4358165814 695838.0416342545 690102.4813600793  
    684431.7437214286 678824.9388070463 673281.1132607373  
    667799.9055454854 662380.3337387408 657022.8722600152  
    651726.6391236968 646492.1459655715 641318.2354599723  
    636205.0441569784 631151.2971608217 626155.9338171125  
    621218.2179434062 616336.3367005496 611509.9258532596  
    606737.214841499 602017.5500000836 597350.2075524037  
    592733.6379720087 588167.6066766563 583650.7458668689  
    579181.9165911172 574760.3594011217 570384.1267418681  
    566052.2614992944 561763.4088039227 557515.5119262093  
    553307.6927130354 549138.4950466218 545006.1337188967  
    540909.8436311664 536848.0609791486 532819.0822815483  
    528821.9747363392 524854.9720318773 520916.1178632329  
    517004.52981497056 513118.9830515762 509257.8977081741  
    505420.7283631051 501607.0675363396 497815.95739792625  
    494047.20375678403 490300.78849908046 486575.9786824285  
    482872.34057023725 479190.05945810466 475528.81156517414  
    471888.06581672706 468268.2033710631 464669.7505683768  
    461092.66641022963 457537.3494178016 454004.71737089823  
    450495.2536119735 447009.1035230966 443546.7581291775  
    440108.79346780875 436695.2646024849 433306.0755407972  
    429941.5940772333 426602.1762466673 423287.7016965917  
    419998.08410358184 416733.6978153159 413494.85602937423  
    410281.39037812554 407093.1575324327 403930.4302954746  
    400793.393839168 397681.77863190253 394595.30445958045  
    391534.06283057976 388498.1233101539 385487.2081208199  
    382500.94539195945 379539.2883560882 376602.2899847997  
    373689.7709028912 370801.37083027395 367936.93491911306  
    365096.46480600815 362279.8937878972 359486.9432680217  
    356717.2889451344 353970.79018484394 351247.4056610527  
    348546.9371115195 345868.9525150999 343213.1171462101  
    340579.3222861777 337967.4355786461 335377.10502304835  
    332807.90501166775 330259.6213722932 327732.11421311024  
    325225.1966913912 322738.5663699041 320271.84173472796  
    317824.76438047143 315397.2035703656 312988.9788857597  
    310599.6925539651 308228.9263691154 305876.4582778576  
    303542.1030968267 301225.63021119835 298926.72595749074  
    296645.0269505116 294380.2958789931 292132.41329561366  
    289901.24960569286 287686.51601663965 285487.86823597807  
    283305.10734863766 281138.07260565995 278986.59472312604  
    276850.4641303716 274729.34034680633 272622.9345064881  
    270531.10204254603 268453.69741522305 266390.50743336696  
    264341.2153939433 262305.44994002976 260282.9072300951  
    258273.3450177961 256276.43629844463 254291.65899963828  
    252318.44532385358 250356.3266468888 248404.76494832625  
    246463.18930834584 244531.0201190683 242607.5184905224  
    240691.8453819118 238783.2687193537 236881.0542849774  
    234984.2061152294 233091.27262019325 231200.67708961962  
    229310.91465982492 227420.967263577 225530.16985920817  
    223637.81511661812 221742.81568739147 219841.39452864544  
    217928.49435334327 215999.1038646029 214050.61299933423  
    212090.00575173154 210126.66444005677 208169.94509350118  
    206211.9137762484 204209.23776178682 202114.19170051278  
    199878.37845904622 197441.70246473735 194731.56759717938  
    191674.54328357393 188203.78337599317 184319.16939393285  
    180058.2496122297 175459.11063267873 170559.79499542218  
    165396.68521677796 160005.66353808995 154422.49877873005  
    148672.67859036324 142760.62393584615 136688.32693003083  
    130458.34535381402 124085.78584176893 117598.50384388858  
    111025.42102853757 104396.28208262235 97745.02050148738  
    91107.5316479009 84519.6215059594 78016.69027369685  
    71632.27658538215 65399.80533595575 59352.65581497778  
    53521.92647275583 47936.33844394784 42624.955963854474  
    37613.28407068225 32894.97269335916 28447.82516119865  
    24249.528298428915 20306.224535429894 16697.789348867438  
    13517.018597678558 10858.463455006755 8818.892595397838  
    7497.380691048931 6995.655288892948 
  F_EXT = 50.8150967575 50.81308204375485 50.81105496025428  
    50.809006115541514 50.80692613564706 50.80480679353461  
    50.802644450430016 50.80043676751971 50.79818198935184  
    50.795878683052 50.79352610186901 50.79112373082202  
    50.788671299872945 50.786168641914756 50.78361577875171  
    50.78101280834362 50.77835997802076 50.77565758008018  
    50.77290597154804 50.77010554068313 50.76725676769067  
    50.76436016602603 50.76141633801287 50.75842586562638  
    50.75538921984878 50.752308370681604 50.749191485000736  
    50.74604742662201 50.742881963684056 50.739697333397075  
    50.73648632673089 50.73323943305118 50.72994847214225  
    50.72660673064162 50.72321183261826 50.71976325649509  
    50.71626302590744 50.71271382206109 50.709117912065906  
    50.70547744413622 50.70179460029473 50.698071570634674  
    50.69431075808431 50.690514622228896 50.68668571977707  
    50.68282657251561 50.678939634409794 50.67502719779272  
    50.671091412670506 50.667134304201596 50.663157971390035  
    50.659164440449835 50.65515561904448 50.651133240530285  
    50.64709859213681 50.64305264475548 50.638995594813295  
    50.6349273640006 50.63084755752095 50.62675570904948  
    50.62265138370597 50.61853410794455 50.6144032238971  
    50.61025797856171 50.606097438263326 50.60192062675512  
    50.59772659015454 50.59351460417817 50.58928460962582  
    50.585036986227564 50.58077264111569 50.576492788428595  
    50.57219887175897 50.567892417882106 50.56357497001181  
    50.5592480424983 50.55491308944084 50.55057156726311  
    50.546225031331424 50.541875056699865 50.53752327954078  
    50.533171242373356 50.52882037007482 50.524471948350126  
    50.52012714349057 50.51578700585469 50.51145235213524  
    50.50712389074296 50.502802291970255 50.498488184801474  
    50.494182227374026 50.489885051633266 50.48559720836202  
    50.481319133632304 50.47705111024995 50.4727932985998  
    50.46854583833169 50.464308816287144 50.46008223788348  
    50.455866035695976 50.451660067524614 50.44746419054435  
    50.44327841898316 50.439102783081566 50.43493725288161  
    50.430781766155256 50.42663627601322 50.42250072718515  
    50.4183750495052 50.41425914685421 50.41015290766398  
    50.406056178862016 50.40196873951568 50.39789038190878  
    50.39382096622351 50.389760374517834 50.38570845003403  
    50.38166505581931 50.377630125530814 50.373603624635756  
    50.36958550915187 50.365575736130694 50.36157427311318  
    50.35758108277044 50.35359612285852 50.34961936357847  
    50.34565083096619 50.341690551370746 50.337738514104785  
    50.333794716790806 50.32985920813838 50.32593208395451  
    50.32201347205567 50.31810349719227 50.314202243751744  
    50.31030978524709 50.30642624216824 50.30255175545952  
    50.29868649440073 50.294830611214195 50.29098416401465  
    50.28714725499609 50.28332007339601 50.27950284751684  
    50.27569565436379 50.27189860128664 50.2681118762392  
    50.264335715553145 50.260570332958295 50.25681591166247  
    50.25307261734468 50.249340632825394 50.24562021665801  
    50.241911635749815 50.238215053824895 50.23453063934122  
    50.230858592692016 50.22719914775307 50.223552544790905  
    50.21991901019548 50.216298755709595 50.21269199606236  
    50.20909899343188 50.205520013033855 50.20195527010575  
    50.19840500079981 50.194869481738365 50.19134900435858  
    50.18784374555413 50.18435391095103 50.180879773482275  
    50.17742161734406 50.173979645334505 50.17055405040169  
    50.167145141574686 50.16375320617544 50.16037848667222  
    50.15702119824057 50.153681650603986 50.15036014337177  
    50.14705690580766 50.14377219048765 50.14050631895297  
    50.13725966332507 50.1340325312322 50.130825260203835  
    50.12763824187813 50.12447190982087 50.12132671479516  
    50.11820312589923 50.11510163732267 50.11202278209102  
    50.108967132203176 50.10593529678587 50.10292789342395  
    50.09994558801894 50.096989130594025 50.094059348070566  
    50.09115713408 50.08828346911196 50.08543951265705  
    50.08262637393425 50.0798450093361 50.07709634982981  
    50.07438139829305 50.07170150324458 50.06905906718913  
    50.066456892049956 50.0638974657225 50.06138161306624  
    50.0589069809824 50.056470251768026 50.054072337582596  
    50.051721274034335 50.04943242622133 50.047228421713996  
    50.04513493096681 50.043182493506905 50.04140829730716  
    50.03984366631958 50.038510141617564 50.03741552659265  
    50.03654876121567 50.03589209227424 50.03542842590204  
    50.03514069745374 50.03501237742637 50.035028871626764  
    50.035181138887474 50.03546437676137 50.03587643673382  
    50.03641503591612 50.0370734565799 50.03784065955638  
    50.038702778829396 50.03964447163311 50.040649555592054  
    50.04170132278413 50.042782336881736 50.043875131559226  
    50.04496266833891 50.04602834772535 50.04705633773126  
    50.048030833520286 50.04893448581093 50.04975363681706  
    50.050479576798026 50.05110979643178 50.051653259513444  
    50.05211263146983 50.05247229500262 50.052700831732935  
    50.05275071880084 50.05256407303543 50.052082683355934  
    50.05124791776946 50.05 
/

