  PS-state 101   8   1   1   1
   2   1
   3   1
 182  74
  83  36
   3   2
   4   2
   2   1
   4   2
  Sqrt(Psi / Psilim)
 0.000000000E+00 0.117870380E-01 0.235730892E-01 0.353571188E-01 0.471381133E-01
 0.589150204E-01 0.706867708E-01 0.824522666E-01 0.942104248E-01 0.105960094E+00
 0.117700152E+00 0.129429523E+00 0.141147241E+00 0.152852091E+00 0.164543431E+00
 0.176219811E+00 0.187881929E+00 0.199526673E+00 0.211154219E+00 0.222761412E+00
 0.234349172E+00 0.245915984E+00 0.257459841E+00 0.268980543E+00 0.280477373E+00
 0.291949173E+00 0.303394418E+00 0.314812247E+00 0.326201754E+00 0.337561967E+00
 0.348891887E+00 0.360190490E+00 0.371456752E+00 0.382689635E+00 0.393888063E+00
 0.405050905E+00 0.416177293E+00 0.427266444E+00 0.438317211E+00 0.449328302E+00
 0.460298404E+00 0.471227234E+00 0.482113501E+00 0.492955500E+00 0.503753056E+00
 0.514504737E+00 0.525209052E+00 0.535865823E+00 0.546472895E+00 0.557030275E+00
 0.567535778E+00 0.577989358E+00 0.588388860E+00 0.598734127E+00 0.609023241E+00
 0.619255452E+00 0.629429825E+00 0.639544554E+00 0.649599133E+00 0.659592176E+00
 0.669522178E+00 0.679388395E+00 0.689189660E+00 0.698924296E+00 0.708591347E+00
 0.718189806E+00 0.727718289E+00 0.737175298E+00 0.746559743E+00 0.755870480E+00
 0.765106288E+00 0.774265600E+00 0.783347109E+00 0.792349582E+00 0.801271747E+00
 0.810112305E+00 0.818869768E+00 0.827542622E+00 0.836129507E+00 0.844629029E+00
 0.853039770E+00 0.861360283E+00 0.869588896E+00 0.877724014E+00 0.885764115E+00
 0.893707640E+00 0.901552968E+00 0.909298282E+00 0.916941558E+00 0.924480928E+00
 0.931914527E+00 0.939240597E+00 0.946457050E+00 0.953562102E+00 0.960554203E+00
 0.967431579E+00 0.974191742E+00 0.980832458E+00 0.987350959E+00 0.993742367E+00
 0.100000000E+01
       n_e
 0.220355274E+15 0.220355274E+15 0.220355275E+15 0.220355276E+15 0.220355278E+15
 0.220355280E+15 0.220355283E+15 0.220355287E+15 0.220355290E+15 0.220355295E+15
 0.220355300E+15 0.220355305E+15 0.220355311E+15 0.220355317E+15 0.220355324E+15
 0.220355331E+15 0.220355339E+15 0.220355348E+15 0.220355356E+15 0.220355366E+15
 0.220355376E+15 0.220355386E+15 0.220355397E+15 0.220355408E+15 0.220355420E+15
 0.220355432E+15 0.220355440E+15 0.220355441E+15 0.220355455E+15 0.220355519E+15
 0.220355589E+15 0.220355288E+15 0.220354125E+15 0.220351861E+15 0.220348374E+15
 0.220328044E+15 0.220249419E+15 0.220103785E+15 0.219898354E+15 0.219643212E+15
 0.219354959E+15 0.219041521E+15 0.218693998E+15 0.218298372E+15 0.217850152E+15
 0.217355904E+15 0.216806932E+15 0.216176286E+15 0.215441372E+15 0.214567523E+15
 0.213512366E+15 0.212240208E+15 0.210722244E+15 0.208942026E+15 0.206928514E+15
 0.204748482E+15 0.202460724E+15 0.200110685E+15 0.197737922E+15 0.195367091E+15
 0.193009069E+15 0.190672784E+15 0.188369009E+15 0.186107480E+15 0.183894363E+15
 0.181731245E+15 0.179617466E+15 0.177552321E+15 0.175535067E+15 0.173565141E+15
 0.171641323E+15 0.169762894E+15 0.167924038E+15 0.166120924E+15 0.164349280E+15
 0.162604384E+15 0.160882502E+15 0.159181151E+15 0.157498623E+15 0.155833268E+15
 0.154184433E+15 0.152553582E+15 0.150941474E+15 0.149348344E+15 0.147774144E+15
 0.146218763E+15 0.143937132E+15 0.140900191E+15 0.137258400E+15 0.133263569E+15
 0.128846918E+15 0.124231675E+15 0.119487968E+15 0.114682314E+15 0.110039311E+15
 0.105628220E+15 0.101532714E+15 0.980019511E+14 0.948336017E+14 0.921275905E+14
 0.915951305E+14
       t_e
 0.169033072E+02 0.168973370E+02 0.168744182E+02 0.168343127E+02 0.167768643E+02
 0.167039118E+02 0.166156755E+02 0.165124196E+02 0.163944505E+02 0.162611151E+02
 0.161130561E+02 0.159515495E+02 0.157770625E+02 0.155900981E+02 0.153911799E+02
 0.151798583E+02 0.149574334E+02 0.147249483E+02 0.144830056E+02 0.142322928E+02
 0.139734242E+02 0.137065660E+02 0.134326771E+02 0.131528033E+02 0.128676134E+02
 0.125777850E+02 0.122851300E+02 0.119934574E+02 0.117057564E+02 0.114222416E+02
 0.111431737E+02 0.108692014E+02 0.106010505E+02 0.103391364E+02 0.100837418E+02
 0.983508300E+01 0.959362589E+01 0.935876461E+01 0.913048863E+01 0.890878965E+01
 0.869363787E+01 0.848490181E+01 0.828240024E+01 0.808594431E+01 0.789527432E+01
 0.771009901E+01 0.753026627E+01 0.735568121E+01 0.718600601E+01 0.702099968E+01
 0.686063308E+01 0.670519119E+01 0.655511602E+01 0.641092018E+01 0.627337634E+01
 0.614298608E+01 0.601962464E+01 0.590291857E+01 0.579239491E+01 0.568738085E+01
 0.558715499E+01 0.549115933E+01 0.539894991E+01 0.531010899E+01 0.522426576E+01
 0.514113156E+01 0.506047708E+01 0.498208968E+01 0.490577006E+01 0.483137029E+01
 0.475880974E+01 0.468810684E+01 0.461906845E+01 0.455157718E+01 0.448555755E+01
 0.442092347E+01 0.435753675E+01 0.429521731E+01 0.423377393E+01 0.417302350E+01
 0.411196886E+01 0.404975106E+01 0.398648466E+01 0.392267794E+01 0.385900167E+01
 0.379626042E+01 0.367957497E+01 0.350568177E+01 0.328432616E+01 0.303198928E+01
 0.273848088E+01 0.242277827E+01 0.209132525E+01 0.174983027E+01 0.142116408E+01
 0.111243681E+01 0.831727418E+00 0.600528582E+00 0.398888098E+00 0.234626351E+00
 0.202304675E+00
n_i_01
 0.801873959E+14 0.801944945E+14 0.802196080E+14 0.802566870E+14 0.802977047E+14
 0.803396591E+14 0.803916707E+14 0.804705156E+14 0.805950026E+14 0.807973030E+14
 0.810995365E+14 0.814907305E+14 0.819531654E+14 0.824692494E+14 0.830310521E+14
 0.836400376E+14 0.842856211E+14 0.849558603E+14 0.856403383E+14 0.863317022E+14
 0.870248045E+14 0.877137569E+14 0.883944895E+14 0.890669110E+14 0.897307707E+14
 0.903854159E+14 0.910304459E+14 0.916650248E+14 0.922860661E+14 0.928920334E+14
 0.934809276E+14 0.940502357E+14 0.945974693E+14 0.951208059E+14 0.956188949E+14
 0.960841571E+14 0.964964900E+14 0.968539908E+14 0.971595245E+14 0.974175563E+14
 0.976357332E+14 0.978185429E+14 0.979635526E+14 0.980661266E+14 0.981258209E+14
 0.981469204E+14 0.981263792E+14 0.980528340E+14 0.979175938E+14 0.977057269E+14
 0.973984505E+14 0.969797066E+14 0.964364065E+14 0.957610069E+14 0.949664232E+14
 0.940830988E+14 0.931384978E+14 0.921543269E+14 0.911497261E+14 0.901371199E+14
 0.891225521E+14 0.881109696E+14 0.871080327E+14 0.861188570E+14 0.851468309E+14
 0.841931549E+14 0.832579513E+14 0.823412902E+14 0.814431891E+14 0.805637083E+14
 0.797025704E+14 0.788595129E+14 0.780322806E+14 0.772193534E+14 0.764189755E+14
 0.756291529E+14 0.748482869E+14 0.740753082E+14 0.733094904E+14 0.725500700E+14
 0.717964849E+14 0.710495897E+14 0.703099449E+14 0.695779343E+14 0.688538149E+14
 0.681376843E+14 0.670887924E+14 0.656920726E+14 0.640148703E+14 0.621702344E+14
 0.601239216E+14 0.579810691E+14 0.557747429E+14 0.535355544E+14 0.513699711E+14
 0.493116594E+14 0.473999652E+14 0.457517025E+14 0.442725917E+14 0.430093048E+14
 0.427607287E+14
t_i_01
 0.234269425E+02 0.234143557E+02 0.233660555E+02 0.232816145E+02 0.231608567E+02
 0.230078183E+02 0.228231748E+02 0.226077327E+02 0.223624228E+02 0.220863152E+02
 0.217811518E+02 0.214499085E+02 0.210939633E+02 0.207147826E+02 0.203138854E+02
 0.198911413E+02 0.194495409E+02 0.189915504E+02 0.185188399E+02 0.180332305E+02
 0.175363818E+02 0.170294441E+02 0.165146425E+02 0.159941284E+02 0.154695388E+02
 0.149424882E+02 0.144181587E+02 0.139079160E+02 0.134210014E+02 0.129557141E+02
 0.125111725E+02 0.120871614E+02 0.116835463E+02 0.112998702E+02 0.109355436E+02
 0.105900643E+02 0.102641451E+02 0.995537908E+01 0.966289893E+01 0.938585511E+01
 0.912339052E+01 0.887451625E+01 0.863816481E+01 0.841326307E+01 0.819864514E+01
 0.799320944E+01 0.779632507E+01 0.760757022E+01 0.742615894E+01 0.725168719E+01
 0.708402382E+01 0.692316459E+01 0.676915477E+01 0.662206875E+01 0.648211495E+01
 0.634925850E+01 0.622304305E+01 0.610286765E+01 0.598805774E+01 0.587782711E+01
 0.577145638E+01 0.566844104E+01 0.556839234E+01 0.547096862E+01 0.537592583E+01
 0.528312304E+01 0.519244103E+01 0.510374516E+01 0.501690624E+01 0.493181999E+01
 0.484840191E+01 0.476661639E+01 0.468626799E+01 0.460722662E+01 0.452927603E+01
 0.445221625E+01 0.437604333E+01 0.430093247E+01 0.422713343E+01 0.415493214E+01
 0.408593384E+01 0.402122584E+01 0.396047294E+01 0.390272107E+01 0.384677191E+01
 0.379118258E+01 0.367812190E+01 0.350551130E+01 0.328416968E+01 0.303194914E+01
 0.273857970E+01 0.242296599E+01 0.209153882E+01 0.174996805E+01 0.142117432E+01
 0.111232477E+01 0.831525152E+00 0.600347041E+00 0.398787758E+00 0.234685551E+00
 0.202395268E+00
n_i_02
 0.801873959E+14 0.801944945E+14 0.802196080E+14 0.802566870E+14 0.802977047E+14
 0.803396591E+14 0.803916707E+14 0.804705156E+14 0.805950026E+14 0.807973030E+14
 0.810995365E+14 0.814907305E+14 0.819531654E+14 0.824692494E+14 0.830310521E+14
 0.836400376E+14 0.842856211E+14 0.849558603E+14 0.856403383E+14 0.863317022E+14
 0.870248045E+14 0.877137569E+14 0.883944895E+14 0.890669110E+14 0.897307707E+14
 0.903854159E+14 0.910304459E+14 0.916650248E+14 0.922860661E+14 0.928920334E+14
 0.934809276E+14 0.940502357E+14 0.945974693E+14 0.951208059E+14 0.956188949E+14
 0.960841571E+14 0.964964900E+14 0.968539908E+14 0.971595245E+14 0.974175563E+14
 0.976357332E+14 0.978185429E+14 0.979635526E+14 0.980661266E+14 0.981258209E+14
 0.981469204E+14 0.981263792E+14 0.980528340E+14 0.979175938E+14 0.977057269E+14
 0.973984505E+14 0.969797066E+14 0.964364065E+14 0.957610069E+14 0.949664232E+14
 0.940830988E+14 0.931384978E+14 0.921543269E+14 0.911497261E+14 0.901371199E+14
 0.891225521E+14 0.881109696E+14 0.871080327E+14 0.861188570E+14 0.851468309E+14
 0.841931549E+14 0.832579513E+14 0.823412902E+14 0.814431891E+14 0.805637083E+14
 0.797025704E+14 0.788595129E+14 0.780322806E+14 0.772193534E+14 0.764189755E+14
 0.756291529E+14 0.748482869E+14 0.740753082E+14 0.733094904E+14 0.725500700E+14
 0.717964849E+14 0.710495897E+14 0.703099449E+14 0.695779343E+14 0.688538149E+14
 0.681376843E+14 0.670887924E+14 0.656920726E+14 0.640148703E+14 0.621702344E+14
 0.601239216E+14 0.579810691E+14 0.557747429E+14 0.535355544E+14 0.513699711E+14
 0.493116594E+14 0.473999652E+14 0.457517025E+14 0.442725917E+14 0.430093048E+14
 0.427607287E+14
t_i_02
 0.234269425E+02 0.234143557E+02 0.233660555E+02 0.232816145E+02 0.231608567E+02
 0.230078183E+02 0.228231748E+02 0.226077327E+02 0.223624228E+02 0.220863152E+02
 0.217811518E+02 0.214499085E+02 0.210939633E+02 0.207147826E+02 0.203138854E+02
 0.198911413E+02 0.194495409E+02 0.189915504E+02 0.185188399E+02 0.180332305E+02
 0.175363818E+02 0.170294441E+02 0.165146425E+02 0.159941284E+02 0.154695388E+02
 0.149424882E+02 0.144181587E+02 0.139079160E+02 0.134210014E+02 0.129557141E+02
 0.125111725E+02 0.120871614E+02 0.116835463E+02 0.112998702E+02 0.109355436E+02
 0.105900643E+02 0.102641451E+02 0.995537908E+01 0.966289893E+01 0.938585511E+01
 0.912339052E+01 0.887451625E+01 0.863816481E+01 0.841326307E+01 0.819864514E+01
 0.799320944E+01 0.779632507E+01 0.760757022E+01 0.742615894E+01 0.725168719E+01
 0.708402382E+01 0.692316459E+01 0.676915477E+01 0.662206875E+01 0.648211495E+01
 0.634925850E+01 0.622304305E+01 0.610286765E+01 0.598805774E+01 0.587782711E+01
 0.577145638E+01 0.566844104E+01 0.556839234E+01 0.547096862E+01 0.537592583E+01
 0.528312304E+01 0.519244103E+01 0.510374516E+01 0.501690624E+01 0.493181999E+01
 0.484840191E+01 0.476661639E+01 0.468626799E+01 0.460722662E+01 0.452927603E+01
 0.445221625E+01 0.437604333E+01 0.430093247E+01 0.422713343E+01 0.415493214E+01
 0.408593384E+01 0.402122584E+01 0.396047294E+01 0.390272107E+01 0.384677191E+01
 0.379118258E+01 0.367812190E+01 0.350551130E+01 0.328416968E+01 0.303194914E+01
 0.273857970E+01 0.242296599E+01 0.209153882E+01 0.174996805E+01 0.142117432E+01
 0.111232477E+01 0.831525152E+00 0.600347041E+00 0.398787758E+00 0.234685551E+00
 0.202395268E+00
n_i_03
 0.330532911E+10 0.330532911E+10 0.330532912E+10 0.330532914E+10 0.330532917E+10
 0.330532921E+10 0.330532925E+10 0.330532930E+10 0.330532936E+10 0.330532942E+10
 0.330532949E+10 0.330532957E+10 0.330532966E+10 0.330532976E+10 0.330532986E+10
 0.330532997E+10 0.330533009E+10 0.330533021E+10 0.330533035E+10 0.330533049E+10
 0.330533063E+10 0.330533079E+10 0.330533095E+10 0.330533112E+10 0.330533129E+10
 0.330533148E+10 0.330533160E+10 0.330533161E+10 0.330533182E+10 0.330533279E+10
 0.330533383E+10 0.330532932E+10 0.330531187E+10 0.330527792E+10 0.330522561E+10
 0.330492067E+10 0.330374128E+10 0.330155678E+10 0.329847531E+10 0.329464818E+10
 0.329032439E+10 0.328562282E+10 0.328040997E+10 0.327447558E+10 0.326775228E+10
 0.326033857E+10 0.325210398E+10 0.324264429E+10 0.323162057E+10 0.321851284E+10
 0.320268549E+10 0.318360313E+10 0.316083366E+10 0.313413039E+10 0.310392770E+10
 0.307122723E+10 0.303691085E+10 0.300166028E+10 0.296606884E+10 0.293050637E+10
 0.289513604E+10 0.286009176E+10 0.282553513E+10 0.279161220E+10 0.275841545E+10
 0.272596867E+10 0.269426200E+10 0.266328481E+10 0.263302600E+10 0.260347712E+10
 0.257461984E+10 0.254644341E+10 0.251886057E+10 0.249181386E+10 0.246523921E+10
 0.243906576E+10 0.241323753E+10 0.238771726E+10 0.236247935E+10 0.233749902E+10
 0.231276649E+10 0.228830373E+10 0.226412211E+10 0.224022516E+10 0.221661215E+10
 0.219328145E+10 0.215905698E+10 0.211350287E+10 0.205887599E+10 0.199895354E+10
 0.193270377E+10 0.186347512E+10 0.179231953E+10 0.172023471E+10 0.165058967E+10
 0.158442330E+10 0.152299072E+10 0.147002927E+10 0.142250403E+10 0.138191386E+10
 0.137392696E+10
t_i_03
 0.234269425E+02 0.234143557E+02 0.233660555E+02 0.232816145E+02 0.231608567E+02
 0.230078183E+02 0.228231748E+02 0.226077327E+02 0.223624228E+02 0.220863152E+02
 0.217811518E+02 0.214499085E+02 0.210939633E+02 0.207147826E+02 0.203138854E+02
 0.198911413E+02 0.194495409E+02 0.189915504E+02 0.185188399E+02 0.180332305E+02
 0.175363818E+02 0.170294441E+02 0.165146425E+02 0.159941284E+02 0.154695388E+02
 0.149424882E+02 0.144181587E+02 0.139079160E+02 0.134210014E+02 0.129557141E+02
 0.125111725E+02 0.120871614E+02 0.116835463E+02 0.112998702E+02 0.109355436E+02
 0.105900643E+02 0.102641451E+02 0.995537908E+01 0.966289893E+01 0.938585511E+01
 0.912339052E+01 0.887451625E+01 0.863816481E+01 0.841326307E+01 0.819864514E+01
 0.799320944E+01 0.779632507E+01 0.760757022E+01 0.742615894E+01 0.725168719E+01
 0.708402382E+01 0.692316459E+01 0.676915477E+01 0.662206875E+01 0.648211495E+01
 0.634925850E+01 0.622304305E+01 0.610286765E+01 0.598805774E+01 0.587782711E+01
 0.577145638E+01 0.566844104E+01 0.556839234E+01 0.547096862E+01 0.537592583E+01
 0.528312304E+01 0.519244103E+01 0.510374516E+01 0.501690624E+01 0.493181999E+01
 0.484840191E+01 0.476661639E+01 0.468626799E+01 0.460722662E+01 0.452927603E+01
 0.445221625E+01 0.437604333E+01 0.430093247E+01 0.422713343E+01 0.415493214E+01
 0.408593384E+01 0.402122584E+01 0.396047294E+01 0.390272107E+01 0.384677191E+01
 0.379118258E+01 0.367812190E+01 0.350551130E+01 0.328416968E+01 0.303194914E+01
 0.273857970E+01 0.242296599E+01 0.209153882E+01 0.174996805E+01 0.142117432E+01
 0.111232477E+01 0.831525152E+00 0.600347041E+00 0.398787758E+00 0.234685551E+00
 0.202395268E+00
n_i_04
 0.154248692E+12 0.154248692E+12 0.154248692E+12 0.154248693E+12 0.154248695E+12
 0.154248696E+12 0.154248698E+12 0.154248701E+12 0.154248703E+12 0.154248706E+12
 0.154248710E+12 0.154248713E+12 0.154248718E+12 0.154248722E+12 0.154248727E+12
 0.154248732E+12 0.154248738E+12 0.154248743E+12 0.154248750E+12 0.154248756E+12
 0.154248763E+12 0.154248770E+12 0.154248778E+12 0.154248786E+12 0.154248794E+12
 0.154248802E+12 0.154248808E+12 0.154248808E+12 0.154248818E+12 0.154248863E+12
 0.154248912E+12 0.154248702E+12 0.154247887E+12 0.154246303E+12 0.154243862E+12
 0.154229631E+12 0.154174593E+12 0.154072650E+12 0.153928848E+12 0.153750249E+12
 0.153548472E+12 0.153329065E+12 0.153085799E+12 0.152808860E+12 0.152495106E+12
 0.152149133E+12 0.151764852E+12 0.151323400E+12 0.150808960E+12 0.150197266E+12
 0.149458656E+12 0.148568146E+12 0.147505571E+12 0.146259418E+12 0.144849960E+12
 0.143323937E+12 0.141722507E+12 0.140077480E+12 0.138416546E+12 0.136756964E+12
 0.135106348E+12 0.133470949E+12 0.131858306E+12 0.130275236E+12 0.128726054E+12
 0.127211871E+12 0.125732226E+12 0.124286625E+12 0.122874547E+12 0.121495599E+12
 0.120148926E+12 0.118834026E+12 0.117546827E+12 0.116284647E+12 0.115044496E+12
 0.113823069E+12 0.112617751E+12 0.111426805E+12 0.110249036E+12 0.109083288E+12
 0.107929103E+12 0.106787507E+12 0.105659032E+12 0.104543841E+12 0.103441901E+12
 0.102353134E+12 0.100755992E+12 0.986301339E+11 0.960808797E+11 0.932844986E+11
 0.901928425E+11 0.869621722E+11 0.836415779E+11 0.802776197E+11 0.770275180E+11
 0.739397540E+11 0.710729001E+11 0.686013658E+11 0.663835212E+11 0.644893134E+11
 0.641165914E+11
t_i_04
 0.234269425E+02 0.234143557E+02 0.233660555E+02 0.232816145E+02 0.231608567E+02
 0.230078183E+02 0.228231748E+02 0.226077327E+02 0.223624228E+02 0.220863152E+02
 0.217811518E+02 0.214499085E+02 0.210939633E+02 0.207147826E+02 0.203138854E+02
 0.198911413E+02 0.194495409E+02 0.189915504E+02 0.185188399E+02 0.180332305E+02
 0.175363818E+02 0.170294441E+02 0.165146425E+02 0.159941284E+02 0.154695388E+02
 0.149424882E+02 0.144181587E+02 0.139079160E+02 0.134210014E+02 0.129557141E+02
 0.125111725E+02 0.120871614E+02 0.116835463E+02 0.112998702E+02 0.109355436E+02
 0.105900643E+02 0.102641451E+02 0.995537908E+01 0.966289893E+01 0.938585511E+01
 0.912339052E+01 0.887451625E+01 0.863816481E+01 0.841326307E+01 0.819864514E+01
 0.799320944E+01 0.779632507E+01 0.760757022E+01 0.742615894E+01 0.725168719E+01
 0.708402382E+01 0.692316459E+01 0.676915477E+01 0.662206875E+01 0.648211495E+01
 0.634925850E+01 0.622304305E+01 0.610286765E+01 0.598805774E+01 0.587782711E+01
 0.577145638E+01 0.566844104E+01 0.556839234E+01 0.547096862E+01 0.537592583E+01
 0.528312304E+01 0.519244103E+01 0.510374516E+01 0.501690624E+01 0.493181999E+01
 0.484840191E+01 0.476661639E+01 0.468626799E+01 0.460722662E+01 0.452927603E+01
 0.445221625E+01 0.437604333E+01 0.430093247E+01 0.422713343E+01 0.415493214E+01
 0.408593384E+01 0.402122584E+01 0.396047294E+01 0.390272107E+01 0.384677191E+01
 0.379118258E+01 0.367812190E+01 0.350551130E+01 0.328416968E+01 0.303194914E+01
 0.273857970E+01 0.242296599E+01 0.209153882E+01 0.174996805E+01 0.142117432E+01
 0.111232477E+01 0.831525152E+00 0.600347041E+00 0.398787758E+00 0.234685551E+00
 0.202395268E+00
n_i_05
 0.440710548E+13 0.440710548E+13 0.440710550E+13 0.440710552E+13 0.440710556E+13
 0.440710561E+13 0.440710566E+13 0.440710573E+13 0.440710581E+13 0.440710589E+13
 0.440710599E+13 0.440710610E+13 0.440710622E+13 0.440710634E+13 0.440710648E+13
 0.440710663E+13 0.440710679E+13 0.440710695E+13 0.440710713E+13 0.440710732E+13
 0.440710751E+13 0.440710772E+13 0.440710793E+13 0.440710816E+13 0.440710839E+13
 0.440710864E+13 0.440710880E+13 0.440710881E+13 0.440710909E+13 0.440711038E+13
 0.440711178E+13 0.440710576E+13 0.440708249E+13 0.440703722E+13 0.440696749E+13
 0.440656089E+13 0.440498838E+13 0.440207571E+13 0.439796708E+13 0.439286424E+13
 0.438709919E+13 0.438083042E+13 0.437387996E+13 0.436596744E+13 0.435700303E+13
 0.434711809E+13 0.433613864E+13 0.432352573E+13 0.430882743E+13 0.429135045E+13
 0.427024732E+13 0.424480417E+13 0.421444488E+13 0.417884053E+13 0.413857027E+13
 0.409496963E+13 0.404921447E+13 0.400221371E+13 0.395475845E+13 0.390734183E+13
 0.386018138E+13 0.381345568E+13 0.376738017E+13 0.372214961E+13 0.367788726E+13
 0.363462489E+13 0.359234933E+13 0.355104642E+13 0.351070134E+13 0.347130282E+13
 0.343282646E+13 0.339525788E+13 0.335848076E+13 0.332241848E+13 0.328698561E+13
 0.325208767E+13 0.321765004E+13 0.318362301E+13 0.314997247E+13 0.311666536E+13
 0.308368865E+13 0.305107164E+13 0.301882948E+13 0.298696688E+13 0.295548287E+13
 0.292437526E+13 0.287874264E+13 0.281800383E+13 0.274516799E+13 0.266527139E+13
 0.257693836E+13 0.248463349E+13 0.238975937E+13 0.229364628E+13 0.220078623E+13
 0.211256440E+13 0.203065429E+13 0.196003902E+13 0.189667203E+13 0.184255181E+13
 0.183190261E+13
t_i_05
 0.234269425E+02 0.234143557E+02 0.233660555E+02 0.232816145E+02 0.231608567E+02
 0.230078183E+02 0.228231748E+02 0.226077327E+02 0.223624228E+02 0.220863152E+02
 0.217811518E+02 0.214499085E+02 0.210939633E+02 0.207147826E+02 0.203138854E+02
 0.198911413E+02 0.194495409E+02 0.189915504E+02 0.185188399E+02 0.180332305E+02
 0.175363818E+02 0.170294441E+02 0.165146425E+02 0.159941284E+02 0.154695388E+02
 0.149424882E+02 0.144181587E+02 0.139079160E+02 0.134210014E+02 0.129557141E+02
 0.125111725E+02 0.120871614E+02 0.116835463E+02 0.112998702E+02 0.109355436E+02
 0.105900643E+02 0.102641451E+02 0.995537908E+01 0.966289893E+01 0.938585511E+01
 0.912339052E+01 0.887451625E+01 0.863816481E+01 0.841326307E+01 0.819864514E+01
 0.799320944E+01 0.779632507E+01 0.760757022E+01 0.742615894E+01 0.725168719E+01
 0.708402382E+01 0.692316459E+01 0.676915477E+01 0.662206875E+01 0.648211495E+01
 0.634925850E+01 0.622304305E+01 0.610286765E+01 0.598805774E+01 0.587782711E+01
 0.577145638E+01 0.566844104E+01 0.556839234E+01 0.547096862E+01 0.537592583E+01
 0.528312304E+01 0.519244103E+01 0.510374516E+01 0.501690624E+01 0.493181999E+01
 0.484840191E+01 0.476661639E+01 0.468626799E+01 0.460722662E+01 0.452927603E+01
 0.445221625E+01 0.437604333E+01 0.430093247E+01 0.422713343E+01 0.415493214E+01
 0.408593384E+01 0.402122584E+01 0.396047294E+01 0.390272107E+01 0.384677191E+01
 0.379118258E+01 0.367812190E+01 0.350551130E+01 0.328416968E+01 0.303194914E+01
 0.273857970E+01 0.242296599E+01 0.209153882E+01 0.174996805E+01 0.142117432E+01
 0.111232477E+01 0.831525152E+00 0.600347041E+00 0.398787758E+00 0.234685551E+00
 0.202395268E+00
n_i_06
 0.226843620E+14 0.226772635E+14 0.226521504E+14 0.226150719E+14 0.225740551E+14
 0.225321017E+14 0.224800915E+14 0.224012481E+14 0.222767629E+14 0.220744645E+14
 0.217722334E+14 0.213810419E+14 0.209186097E+14 0.204025287E+14 0.198407291E+14
 0.192317471E+14 0.185861673E+14 0.179159319E+14 0.172314581E+14 0.165400985E+14
 0.158470009E+14 0.151580532E+14 0.144773257E+14 0.138049094E+14 0.131410552E+14
 0.124864156E+14 0.118413895E+14 0.112068109E+14 0.105857762E+14 0.997983886E+13
 0.939097729E+13 0.882152866E+13 0.827375196E+13 0.774935866E+13 0.724964194E+13
 0.677488886E+13 0.632584996E+13 0.590036088E+13 0.549892249E+13 0.512177911E+13
 0.476903282E+13 0.443989607E+13 0.413264704E+13 0.384537692E+13 0.357643319E+13
 0.332459681E+13 0.308885297E+13 0.286798433E+13 0.266013334E+13 0.246404827E+13
 0.227872988E+13 0.210357346E+13 0.193821949E+13 0.178253336E+13 0.163711875E+13
 0.150270608E+13 0.137927876E+13 0.126634599E+13 0.116323437E+13 0.106902988E+13
 0.982766729E+12 0.903666157E+12 0.831097195E+12 0.764489678E+12 0.703333098E+12
 0.647167978E+12 0.595564749E+12 0.548123134E+12 0.504479192E+12 0.464309977E+12
 0.427323044E+12 0.393445429E+12 0.362216970E+12 0.333369296E+12 0.306664253E+12
 0.281890596E+12 0.258904600E+12 0.237616036E+12 0.217954477E+12 0.199912065E+12
 0.183746476E+12 0.169287365E+12 0.156327525E+12 0.144593328E+12 0.133805234E+12
 0.123814209E+12 0.107538033E+12 0.864772057E+11 0.635271876E+11 0.431966925E+11
 0.276177675E+11 0.158670439E+11 0.761772545E+10 0.331042910E+10 0.133126864E+10
 0.346929784E+09 0.748019303E+08 0.184255918E+08 0.106496399E+07 0.179283787E+06
 0.500907853E+04
t_i_06
 0.234269425E+02 0.234143557E+02 0.233660555E+02 0.232816145E+02 0.231608567E+02
 0.230078183E+02 0.228231748E+02 0.226077327E+02 0.223624228E+02 0.220863152E+02
 0.217811518E+02 0.214499085E+02 0.210939633E+02 0.207147826E+02 0.203138854E+02
 0.198911413E+02 0.194495409E+02 0.189915504E+02 0.185188399E+02 0.180332305E+02
 0.175363818E+02 0.170294441E+02 0.165146425E+02 0.159941284E+02 0.154695388E+02
 0.149424882E+02 0.144181587E+02 0.139079160E+02 0.134210014E+02 0.129557141E+02
 0.125111725E+02 0.120871614E+02 0.116835463E+02 0.112998702E+02 0.109355436E+02
 0.105900643E+02 0.102641451E+02 0.995537908E+01 0.966289893E+01 0.938585511E+01
 0.912339052E+01 0.887451625E+01 0.863816481E+01 0.841326307E+01 0.819864514E+01
 0.799320944E+01 0.779632507E+01 0.760757022E+01 0.742615894E+01 0.725168719E+01
 0.708402382E+01 0.692316459E+01 0.676915477E+01 0.662206875E+01 0.648211495E+01
 0.634925850E+01 0.622304305E+01 0.610286765E+01 0.598805774E+01 0.587782711E+01
 0.577145638E+01 0.566844104E+01 0.556839234E+01 0.547096862E+01 0.537592583E+01
 0.528312304E+01 0.519244103E+01 0.510374516E+01 0.501690624E+01 0.493181999E+01
 0.484840191E+01 0.476661639E+01 0.468626799E+01 0.460722662E+01 0.452927603E+01
 0.445221625E+01 0.437604333E+01 0.430093247E+01 0.422713343E+01 0.415493214E+01
 0.408593384E+01 0.402122584E+01 0.396047294E+01 0.390272107E+01 0.384677191E+01
 0.379118258E+01 0.367812190E+01 0.350551130E+01 0.328416968E+01 0.303194914E+01
 0.273857970E+01 0.242296599E+01 0.209153882E+01 0.174996805E+01 0.142117432E+01
 0.111232477E+01 0.831525152E+00 0.600347041E+00 0.398787758E+00 0.234685551E+00
 0.202395268E+00
n_i_07
 0.000000000E+00 0.000000000E+00 0.000000000E+00 0.000000000E+00 0.000000000E+00
 0.000000000E+00 0.000000000E+00 0.000000000E+00 0.000000000E+00 0.000000000E+00
 0.000000000E+00 0.000000000E+00 0.000000000E+00 0.000000000E+00 0.000000000E+00
 0.000000000E+00 0.000000000E+00 0.000000000E+00 0.000000000E+00 0.000000000E+00
 0.000000000E+00 0.000000000E+00 0.000000000E+00 0.000000000E+00 0.000000000E+00
 0.000000000E+00 0.000000000E+00 0.000000000E+00 0.000000000E+00 0.000000000E+00
 0.000000000E+00 0.000000000E+00 0.000000000E+00 0.000000000E+00 0.000000000E+00
 0.000000000E+00 0.000000000E+00 0.000000000E+00 0.000000000E+00 0.000000000E+00
 0.000000000E+00 0.000000000E+00 0.000000000E+00 0.000000000E+00 0.000000000E+00
 0.000000000E+00 0.000000000E+00 0.000000000E+00 0.000000000E+00 0.000000000E+00
 0.000000000E+00 0.000000000E+00 0.000000000E+00 0.000000000E+00 0.000000000E+00
 0.000000000E+00 0.000000000E+00 0.000000000E+00 0.000000000E+00 0.000000000E+00
 0.000000000E+00 0.000000000E+00 0.000000000E+00 0.000000000E+00 0.000000000E+00
 0.000000000E+00 0.000000000E+00 0.000000000E+00 0.000000000E+00 0.000000000E+00
 0.000000000E+00 0.000000000E+00 0.000000000E+00 0.000000000E+00 0.000000000E+00
 0.000000000E+00 0.000000000E+00 0.000000000E+00 0.000000000E+00 0.000000000E+00
 0.000000000E+00 0.000000000E+00 0.000000000E+00 0.000000000E+00 0.000000000E+00
 0.000000000E+00 0.000000000E+00 0.000000000E+00 0.000000000E+00 0.000000000E+00
 0.000000000E+00 0.000000000E+00 0.000000000E+00 0.000000000E+00 0.000000000E+00
 0.000000000E+00 0.000000000E+00 0.000000000E+00 0.000000000E+00 0.000000000E+00
 0.000000000E+00
t_i_07
 0.000000000E+00 0.000000000E+00 0.000000000E+00 0.000000000E+00 0.000000000E+00
 0.000000000E+00 0.000000000E+00 0.000000000E+00 0.000000000E+00 0.000000000E+00
 0.000000000E+00 0.000000000E+00 0.000000000E+00 0.000000000E+00 0.000000000E+00
 0.000000000E+00 0.000000000E+00 0.000000000E+00 0.000000000E+00 0.000000000E+00
 0.000000000E+00 0.000000000E+00 0.000000000E+00 0.000000000E+00 0.000000000E+00
 0.000000000E+00 0.000000000E+00 0.000000000E+00 0.000000000E+00 0.000000000E+00
 0.000000000E+00 0.000000000E+00 0.000000000E+00 0.000000000E+00 0.000000000E+00
 0.000000000E+00 0.000000000E+00 0.000000000E+00 0.000000000E+00 0.000000000E+00
 0.000000000E+00 0.000000000E+00 0.000000000E+00 0.000000000E+00 0.000000000E+00
 0.000000000E+00 0.000000000E+00 0.000000000E+00 0.000000000E+00 0.000000000E+00
 0.000000000E+00 0.000000000E+00 0.000000000E+00 0.000000000E+00 0.000000000E+00
 0.000000000E+00 0.000000000E+00 0.000000000E+00 0.000000000E+00 0.000000000E+00
 0.000000000E+00 0.000000000E+00 0.000000000E+00 0.000000000E+00 0.000000000E+00
 0.000000000E+00 0.000000000E+00 0.000000000E+00 0.000000000E+00 0.000000000E+00
 0.000000000E+00 0.000000000E+00 0.000000000E+00 0.000000000E+00 0.000000000E+00
 0.000000000E+00 0.000000000E+00 0.000000000E+00 0.000000000E+00 0.000000000E+00
 0.000000000E+00 0.000000000E+00 0.000000000E+00 0.000000000E+00 0.000000000E+00
 0.000000000E+00 0.000000000E+00 0.000000000E+00 0.000000000E+00 0.000000000E+00
 0.000000000E+00 0.000000000E+00 0.000000000E+00 0.000000000E+00 0.000000000E+00
 0.000000000E+00 0.000000000E+00 0.000000000E+00 0.000000000E+00 0.000000000E+00
 0.000000000E+00
n_i_08
 0.000000000E+00 0.000000000E+00 0.000000000E+00 0.000000000E+00 0.000000000E+00
 0.000000000E+00 0.000000000E+00 0.000000000E+00 0.000000000E+00 0.000000000E+00
 0.000000000E+00 0.000000000E+00 0.000000000E+00 0.000000000E+00 0.000000000E+00
 0.000000000E+00 0.000000000E+00 0.000000000E+00 0.000000000E+00 0.000000000E+00
 0.000000000E+00 0.000000000E+00 0.000000000E+00 0.000000000E+00 0.000000000E+00
 0.000000000E+00 0.000000000E+00 0.000000000E+00 0.000000000E+00 0.000000000E+00
 0.000000000E+00 0.000000000E+00 0.000000000E+00 0.000000000E+00 0.000000000E+00
 0.000000000E+00 0.000000000E+00 0.000000000E+00 0.000000000E+00 0.000000000E+00
 0.000000000E+00 0.000000000E+00 0.000000000E+00 0.000000000E+00 0.000000000E+00
 0.000000000E+00 0.000000000E+00 0.000000000E+00 0.000000000E+00 0.000000000E+00
 0.000000000E+00 0.000000000E+00 0.000000000E+00 0.000000000E+00 0.000000000E+00
 0.000000000E+00 0.000000000E+00 0.000000000E+00 0.000000000E+00 0.000000000E+00
 0.000000000E+00 0.000000000E+00 0.000000000E+00 0.000000000E+00 0.000000000E+00
 0.000000000E+00 0.000000000E+00 0.000000000E+00 0.000000000E+00 0.000000000E+00
 0.000000000E+00 0.000000000E+00 0.000000000E+00 0.000000000E+00 0.000000000E+00
 0.000000000E+00 0.000000000E+00 0.000000000E+00 0.000000000E+00 0.000000000E+00
 0.000000000E+00 0.000000000E+00 0.000000000E+00 0.000000000E+00 0.000000000E+00
 0.000000000E+00 0.000000000E+00 0.000000000E+00 0.000000000E+00 0.000000000E+00
 0.000000000E+00 0.000000000E+00 0.000000000E+00 0.000000000E+00 0.000000000E+00
 0.000000000E+00 0.000000000E+00 0.000000000E+00 0.000000000E+00 0.000000000E+00
 0.000000000E+00
t_i_08
 0.000000000E+00 0.000000000E+00 0.000000000E+00 0.000000000E+00 0.000000000E+00
 0.000000000E+00 0.000000000E+00 0.000000000E+00 0.000000000E+00 0.000000000E+00
 0.000000000E+00 0.000000000E+00 0.000000000E+00 0.000000000E+00 0.000000000E+00
 0.000000000E+00 0.000000000E+00 0.000000000E+00 0.000000000E+00 0.000000000E+00
 0.000000000E+00 0.000000000E+00 0.000000000E+00 0.000000000E+00 0.000000000E+00
 0.000000000E+00 0.000000000E+00 0.000000000E+00 0.000000000E+00 0.000000000E+00
 0.000000000E+00 0.000000000E+00 0.000000000E+00 0.000000000E+00 0.000000000E+00
 0.000000000E+00 0.000000000E+00 0.000000000E+00 0.000000000E+00 0.000000000E+00
 0.000000000E+00 0.000000000E+00 0.000000000E+00 0.000000000E+00 0.000000000E+00
 0.000000000E+00 0.000000000E+00 0.000000000E+00 0.000000000E+00 0.000000000E+00
 0.000000000E+00 0.000000000E+00 0.000000000E+00 0.000000000E+00 0.000000000E+00
 0.000000000E+00 0.000000000E+00 0.000000000E+00 0.000000000E+00 0.000000000E+00
 0.000000000E+00 0.000000000E+00 0.000000000E+00 0.000000000E+00 0.000000000E+00
 0.000000000E+00 0.000000000E+00 0.000000000E+00 0.000000000E+00 0.000000000E+00
 0.000000000E+00 0.000000000E+00 0.000000000E+00 0.000000000E+00 0.000000000E+00
 0.000000000E+00 0.000000000E+00 0.000000000E+00 0.000000000E+00 0.000000000E+00
 0.000000000E+00 0.000000000E+00 0.000000000E+00 0.000000000E+00 0.000000000E+00
 0.000000000E+00 0.000000000E+00 0.000000000E+00 0.000000000E+00 0.000000000E+00
 0.000000000E+00 0.000000000E+00 0.000000000E+00 0.000000000E+00 0.000000000E+00
 0.000000000E+00 0.000000000E+00 0.000000000E+00 0.000000000E+00 0.000000000E+00
 0.000000000E+00
