 # generated by zfastran.py Ver+Oct2009
@R INFLAG 1 []
  1.000000000e+00
@R TIME0 1 [s]
  0.000000000e+00
@R IP 1 []
  9.999999995e+00
@R BCENTR 1 []
  1.100000000e+01
@R RMAJOR 1 []
  4.550000000e+00
@R AMINOR 1 []
  1.108999401e+00
@R ELONGB 1 []
  1.349867643e+00
@R TRIANB 1 []
 -3.221684026e-01
@R RHO 101 []
  0.000000000e+00  1.000000000e-02  2.000000000e-02  3.000000000e-02
  4.000000000e-02  5.000000000e-02  6.000000000e-02  7.000000000e-02
  8.000000000e-02  9.000000000e-02  1.000000000e-01  1.100000000e-01
  1.200000000e-01  1.300000000e-01  1.400000000e-01  1.500000000e-01
  1.600000000e-01  1.700000000e-01  1.800000000e-01  1.900000000e-01
  2.000000000e-01  2.100000000e-01  2.200000000e-01  2.300000000e-01
  2.400000000e-01  2.500000000e-01  2.600000000e-01  2.700000000e-01
  2.800000000e-01  2.900000000e-01  3.000000000e-01  3.100000000e-01
  3.200000000e-01  3.300000000e-01  3.400000000e-01  3.500000000e-01
  3.600000000e-01  3.700000000e-01  3.800000000e-01  3.900000000e-01
  4.000000000e-01  4.100000000e-01  4.200000000e-01  4.300000000e-01
  4.400000000e-01  4.500000000e-01  4.600000000e-01  4.700000000e-01
  4.800000000e-01  4.900000000e-01  5.000000000e-01  5.100000000e-01
  5.200000000e-01  5.300000000e-01  5.400000000e-01  5.500000000e-01
  5.600000000e-01  5.700000000e-01  5.800000000e-01  5.900000000e-01
  6.000000000e-01  6.100000000e-01  6.200000000e-01  6.300000000e-01
  6.400000000e-01  6.500000000e-01  6.600000000e-01  6.700000000e-01
  6.800000000e-01  6.900000000e-01  7.000000000e-01  7.100000000e-01
  7.200000000e-01  7.300000000e-01  7.400000000e-01  7.500000000e-01
  7.600000000e-01  7.700000000e-01  7.800000000e-01  7.900000000e-01
  8.000000000e-01  8.100000000e-01  8.200000000e-01  8.300000000e-01
  8.400000000e-01  8.500000000e-01  8.600000000e-01  8.700000000e-01
  8.800000000e-01  8.900000000e-01  9.000000000e-01  9.100000000e-01
  9.200000000e-01  9.300000000e-01  9.400000000e-01  9.500000000e-01
  9.600000000e-01  9.700000000e-01  9.800000000e-01  9.900000000e-01
  1.000000000e+00
@R AMAIN 1 []
  2.500000000e+00
@R ZMAIN 1 []
  1.000000000e+00
@I NIMP 1 []
                2
@R AIMP 2 []
  1.820000000e+02  8.300000000e+01
@R ZIMP 2 []
  7.400000000e+01  3.600000000e+01
@R FIMP 2 []
  1.681485347e-05  1.233089255e-03
@R ENE 101 []
  2.762277393e+01  2.762277393e+01  2.757846936e+01  2.753107480e+01
  2.748062933e+01  2.742717202e+01  2.737074191e+01  2.731137808e+01
  2.724911960e+01  2.718400553e+01  2.711607492e+01  2.704536685e+01
  2.697192039e+01  2.689577458e+01  2.681696851e+01  2.673554123e+01
  2.665153180e+01  2.656497930e+01  2.647592278e+01  2.638440132e+01
  2.629045396e+01  2.619411979e+01  2.609543786e+01  2.599444724e+01
  2.589118699e+01  2.578569618e+01  2.567801386e+01  2.556817912e+01
  2.545623100e+01  2.534220857e+01  2.522615090e+01  2.510809706e+01
  2.498808610e+01  2.486615709e+01  2.474234909e+01  2.461670118e+01
  2.448925241e+01  2.436004184e+01  2.422910855e+01  2.409649160e+01
  2.396223004e+01  2.382636295e+01  2.368892939e+01  2.354996843e+01
  2.340951912e+01  2.326762053e+01  2.312431173e+01  2.297963178e+01
  2.283361975e+01  2.268631470e+01  2.253775569e+01  2.238798178e+01
  2.223703205e+01  2.208494556e+01  2.193176137e+01  2.177751854e+01
  2.162225615e+01  2.146601324e+01  2.130882890e+01  2.115074218e+01
  2.099179214e+01  2.083201786e+01  2.067145839e+01  2.051015280e+01
  2.034814015e+01  2.018545952e+01  2.002214995e+01  1.985825053e+01
  1.969380030e+01  1.952883834e+01  1.936340371e+01  1.919753547e+01
  1.903127269e+01  1.886465442e+01  1.869771972e+01  1.853050763e+01
  1.836305717e+01  1.819540729e+01  1.802759684e+01  1.785966439e+01
  1.769164789e+01  1.752358405e+01  1.735550673e+01  1.718744365e+01
  1.701940910e+01  1.685138814e+01  1.668330201e+01  1.651493301e+01
  1.634576110e+01  1.617460934e+01  1.599887885e+01  1.581291440e+01
  1.560459306e+01  1.534857328e+01  1.499458496e+01  1.445394201e+01
  1.360891210e+01  1.240518740e+01  1.101627130e+01  9.804787057e+00
  8.995343210e+00
@R TE 101 []
  1.881349899e+01  1.881349899e+01  1.874769404e+01  1.867654684e+01
  1.860016813e+01  1.851866863e+01  1.843215910e+01  1.834075026e+01
  1.824455286e+01  1.814367762e+01  1.803823529e+01  1.792833661e+01
  1.781409231e+01  1.769561312e+01  1.757300979e+01  1.744639305e+01
  1.731587364e+01  1.718156229e+01  1.704356975e+01  1.690200674e+01
  1.675698401e+01  1.660861230e+01  1.645700233e+01  1.630226485e+01
  1.614451059e+01  1.598385030e+01  1.582039470e+01  1.565425454e+01
  1.548554055e+01  1.531436347e+01  1.514083403e+01  1.496506298e+01
  1.478716104e+01  1.460723896e+01  1.442540747e+01  1.424177732e+01
  1.405645923e+01  1.386956394e+01  1.368120220e+01  1.349148473e+01
  1.330052228e+01  1.310842558e+01  1.291530537e+01  1.272127238e+01
  1.252643736e+01  1.233091104e+01  1.213480415e+01  1.193822743e+01
  1.174129163e+01  1.154410747e+01  1.134678570e+01  1.114943705e+01
  1.095217225e+01  1.075510205e+01  1.055833719e+01  1.036198839e+01
  1.016616640e+01  9.970981944e+00  9.776545773e+00  9.582968619e+00
  9.390361218e+00  9.198834307e+00  9.008498623e+00  8.819464903e+00
  8.631843885e+00  8.445746305e+00  8.261282899e+00  8.078564406e+00
  7.897701561e+00  7.718805102e+00  7.541985766e+00  7.367354289e+00
  7.195021409e+00  7.025097862e+00  6.857694384e+00  6.692921709e+00
  6.530890572e+00  6.371711698e+00  6.215495797e+00  6.062353544e+00
  5.912395526e+00  5.765732114e+00  5.622473170e+00  5.482727316e+00
  5.346600191e+00  5.214190238e+00  5.085578542e+00  4.960804298e+00
  4.839805611e+00  4.722276667e+00  4.607323640e+00  4.492639526e+00
  4.372548958e+00  4.233518305e+00  4.044663161e+00  3.741993157e+00
  3.221569572e+00  2.406970787e+00  1.426272870e+00  5.996588162e-01
  9.664111306e-02
@R TI 101 []
  1.901366756e+01  1.901366756e+01  1.894695701e+01  1.887483020e+01
  1.879739940e+01  1.871477688e+01  1.862707493e+01  1.853440580e+01
  1.843688178e+01  1.833461512e+01  1.822771812e+01  1.811630303e+01
  1.800048214e+01  1.788036771e+01  1.775607201e+01  1.762770732e+01
  1.749538591e+01  1.735922006e+01  1.721932203e+01  1.707580410e+01
  1.692877853e+01  1.677835761e+01  1.662465361e+01  1.646777879e+01
  1.630784543e+01  1.614496580e+01  1.597925218e+01  1.581081683e+01
  1.563977203e+01  1.546623005e+01  1.529030317e+01  1.511210365e+01
  1.493174376e+01  1.474933579e+01  1.456499200e+01  1.437882467e+01
  1.419094606e+01  1.400146846e+01  1.381050412e+01  1.361816533e+01
  1.342456436e+01  1.322981348e+01  1.303402495e+01  1.283731107e+01
  1.263978408e+01  1.244155628e+01  1.224273993e+01  1.204344730e+01
  1.184379066e+01  1.164388230e+01  1.144383447e+01  1.124375946e+01
  1.104376953e+01  1.084397695e+01  1.064449401e+01  1.044543297e+01
  1.024690611e+01  1.004902569e+01  9.851903989e+00  9.655653280e+00
  9.460385835e+00  9.266213926e+00  9.073249826e+00  8.881605806e+00
  8.691394140e+00  8.502727099e+00  8.315716956e+00  8.130475982e+00
  7.947116452e+00  7.765750636e+00  7.586490807e+00  7.409449238e+00
  7.234738200e+00  7.062469966e+00  6.892756808e+00  6.725710995e+00
  6.561444796e+00  6.400070473e+00  6.241700273e+00  6.086446406e+00
  5.934420999e+00  5.785735967e+00  5.640502725e+00  5.498831472e+00
  5.360829476e+00  5.226596925e+00  5.096216908e+00  4.969731191e+00
  4.847081698e+00  4.727969115e+00  4.611511824e+00  4.495426815e+00
  4.374085922e+00  4.234043967e+00  4.044560572e+00  3.741797389e+00
  3.221727600e+00  2.407293842e+00  1.426164137e+00  5.993649464e-01
  9.685720340e-02
@R ZEFF 101 []
  2.644526299e+00  2.644526299e+00  2.643715862e+00  2.642838888e+00
  2.641895893e+00  2.640887368e+00  2.639813779e+00  2.638675574e+00
  2.637473188e+00  2.636207042e+00  2.634877556e+00  2.633485145e+00
  2.632030229e+00  2.630513233e+00  2.628934598e+00  2.627294778e+00
  2.625594251e+00  2.623833521e+00  2.622013124e+00  2.620133633e+00
  2.618195664e+00  2.616199884e+00  2.614147011e+00  2.612037827e+00
  2.609873181e+00  2.607653996e+00  2.605381277e+00  2.603056116e+00
  2.600679701e+00  2.598253325e+00  2.595778387e+00  2.593256409e+00
  2.590689035e+00  2.588078042e+00  2.585425347e+00  2.582733016e+00
  2.580003264e+00  2.577238468e+00  2.574441170e+00  2.571614080e+00
  2.568760082e+00  2.565882236e+00  2.562983778e+00  2.560068122e+00
  2.557138860e+00  2.554199753e+00  2.551254733e+00  2.548307890e+00
  2.545363466e+00  2.542425840e+00  2.539499517e+00  2.536589108e+00
  2.533699310e+00  2.530834888e+00  2.528000642e+00  2.525201387e+00
  2.522441919e+00  2.519726982e+00  2.517061239e+00  2.514449229e+00
  2.511895340e+00  2.509403765e+00  2.506978468e+00  2.504623150e+00
  2.502341216e+00  2.500135738e+00  2.498009431e+00  2.495964628e+00
  2.494003255e+00  2.492126820e+00  2.490336397e+00  2.488632623e+00
  2.487015699e+00  2.485485391e+00  2.484041047e+00  2.482681610e+00
  2.481405639e+00  2.480211340e+00  2.479096589e+00  2.478058972e+00
  2.477095815e+00  2.476204226e+00  2.475381127e+00  2.474623291e+00
  2.473927376e+00  2.473289937e+00  2.472707430e+00  2.472176157e+00
  2.471692106e+00  2.471250568e+00  2.470845240e+00  2.470466261e+00
  2.470096085e+00  2.469701822e+00  2.469225949e+00  2.468597885e+00
  2.467839872e+00  2.467239464e+00  2.467043789e+00  2.467030050e+00
  2.467030000e+00
@R OMEGA 101 []
  4.992501875e+03  4.992501875e+03  4.978801804e+03  4.961079526e+03
  4.940120160e+03  4.916382264e+03  4.890178959e+03  4.861743180e+03
  4.831258024e+03  4.798873089e+03  4.764714177e+03  4.728889466e+03
  4.691493659e+03  4.652610886e+03  4.612316799e+03  4.570680145e+03
  4.527763951e+03  4.483626454e+03  4.438321832e+03  4.391900796e+03
  4.344411068e+03  4.295897774e+03  4.246403778e+03  4.195969955e+03
  4.144635428e+03  4.092437767e+03  4.039413164e+03  3.985596584e+03
  3.931021896e+03  3.875721988e+03  3.819728870e+03  3.763073767e+03
  3.705787199e+03  3.647899055e+03  3.589438660e+03  3.530434837e+03
  3.470915960e+03  3.410910006e+03  3.350444605e+03  3.289547080e+03
  3.228244492e+03  3.166563674e+03  3.104531273e+03  3.042173783e+03
  2.979517575e+03  2.916588934e+03  2.853414088e+03  2.790019238e+03
  2.726430588e+03  2.662674375e+03  2.598776897e+03  2.534764544e+03
  2.470663824e+03  2.406501396e+03  2.342304099e+03  2.278098979e+03
  2.213913327e+03  2.149774707e+03  2.085710992e+03  2.021750397e+03
  1.957921519e+03  1.894253376e+03  1.830775447e+03  1.767517715e+03
  1.704510722e+03  1.641785608e+03  1.579374179e+03  1.517308956e+03
  1.455623246e+03  1.394351213e+03  1.333527952e+03  1.273189580e+03
  1.213373329e+03  1.154117653e+03  1.095462349e+03  1.037448686e+03
  9.801195629e+02  9.235196753e+02  8.676957162e+02  8.126966008e+02
  7.585737302e+02  7.053812976e+02  6.531766492e+02  6.020207128e+02
  5.519785103e+02  5.031197796e+02  4.555197357e+02  4.092600162e+02
  3.644298727e+02  3.211276991e+02  2.794630303e+02  2.395592200e+02
  2.015571260e+02  1.656203590e+02  1.319430748e+02  1.007621703e+02
  7.237775876e+01  4.719105135e+01  2.578549737e+01  9.151104569e+00
 -2.470912364e-12
@R Q 101 []
  0.000000000e+00  0.000000000e+00  0.000000000e+00  0.000000000e+00
  0.000000000e+00  0.000000000e+00  0.000000000e+00  0.000000000e+00
  0.000000000e+00  0.000000000e+00  0.000000000e+00  0.000000000e+00
  0.000000000e+00  0.000000000e+00  0.000000000e+00  0.000000000e+00
  0.000000000e+00  0.000000000e+00  0.000000000e+00  0.000000000e+00
  0.000000000e+00  0.000000000e+00  0.000000000e+00  0.000000000e+00
  0.000000000e+00  0.000000000e+00  0.000000000e+00  0.000000000e+00
  0.000000000e+00  0.000000000e+00  0.000000000e+00  0.000000000e+00
  0.000000000e+00  0.000000000e+00  0.000000000e+00  0.000000000e+00
  0.000000000e+00  0.000000000e+00  0.000000000e+00  0.000000000e+00
  0.000000000e+00  0.000000000e+00  0.000000000e+00  0.000000000e+00
  0.000000000e+00  0.000000000e+00  0.000000000e+00  0.000000000e+00
  0.000000000e+00  0.000000000e+00  0.000000000e+00  0.000000000e+00
  0.000000000e+00  0.000000000e+00  0.000000000e+00  0.000000000e+00
  0.000000000e+00  0.000000000e+00  0.000000000e+00  0.000000000e+00
  0.000000000e+00  0.000000000e+00  0.000000000e+00  0.000000000e+00
  0.000000000e+00  0.000000000e+00  0.000000000e+00  0.000000000e+00
  0.000000000e+00  0.000000000e+00  0.000000000e+00  0.000000000e+00
  0.000000000e+00  0.000000000e+00  0.000000000e+00  0.000000000e+00
  0.000000000e+00  0.000000000e+00  0.000000000e+00  0.000000000e+00
  0.000000000e+00  0.000000000e+00  0.000000000e+00  0.000000000e+00
  0.000000000e+00  0.000000000e+00  0.000000000e+00  0.000000000e+00
  0.000000000e+00  0.000000000e+00  0.000000000e+00  0.000000000e+00
  0.000000000e+00  0.000000000e+00  0.000000000e+00  0.000000000e+00
  0.000000000e+00  0.000000000e+00  0.000000000e+00  0.000000000e+00
  0.000000000e+00
@R FP 101 []
  0.000000000e+00  0.000000000e+00  0.000000000e+00  0.000000000e+00
  0.000000000e+00  0.000000000e+00  0.000000000e+00  0.000000000e+00
  0.000000000e+00  0.000000000e+00  0.000000000e+00  0.000000000e+00
  0.000000000e+00  0.000000000e+00  0.000000000e+00  0.000000000e+00
  0.000000000e+00  0.000000000e+00  0.000000000e+00  0.000000000e+00
  0.000000000e+00  0.000000000e+00  0.000000000e+00  0.000000000e+00
  0.000000000e+00  0.000000000e+00  0.000000000e+00  0.000000000e+00
  0.000000000e+00  0.000000000e+00  0.000000000e+00  0.000000000e+00
  0.000000000e+00  0.000000000e+00  0.000000000e+00  0.000000000e+00
  0.000000000e+00  0.000000000e+00  0.000000000e+00  0.000000000e+00
  0.000000000e+00  0.000000000e+00  0.000000000e+00  0.000000000e+00
  0.000000000e+00  0.000000000e+00  0.000000000e+00  0.000000000e+00
  0.000000000e+00  0.000000000e+00  0.000000000e+00  0.000000000e+00
  0.000000000e+00  0.000000000e+00  0.000000000e+00  0.000000000e+00
  0.000000000e+00  0.000000000e+00  0.000000000e+00  0.000000000e+00
  0.000000000e+00  0.000000000e+00  0.000000000e+00  0.000000000e+00
  0.000000000e+00  0.000000000e+00  0.000000000e+00  0.000000000e+00
  0.000000000e+00  0.000000000e+00  0.000000000e+00  0.000000000e+00
  0.000000000e+00  0.000000000e+00  0.000000000e+00  0.000000000e+00
  0.000000000e+00  0.000000000e+00  0.000000000e+00  0.000000000e+00
  0.000000000e+00  0.000000000e+00  0.000000000e+00  0.000000000e+00
  0.000000000e+00  0.000000000e+00  0.000000000e+00  0.000000000e+00
  0.000000000e+00  0.000000000e+00  0.000000000e+00  0.000000000e+00
  0.000000000e+00  0.000000000e+00  0.000000000e+00  0.000000000e+00
  0.000000000e+00  0.000000000e+00  0.000000000e+00  0.000000000e+00
  0.000000000e+00
@R CURPAR 101 []
  3.651982906e+00  3.651749539e+00  3.650918013e+00  3.649308429e+00
  3.646912399e+00  3.643793222e+00  3.639976233e+00  3.635464230e+00
  3.630257974e+00  3.624357552e+00  3.617762961e+00  3.610474204e+00
  3.602491279e+00  3.593814186e+00  3.584442927e+00  3.574377500e+00
  3.563617905e+00  3.552164143e+00  3.540016214e+00  3.527174117e+00
  3.513637853e+00  3.499407421e+00  3.484482822e+00  3.468864056e+00
  3.452551122e+00  3.435544021e+00  3.417842753e+00  3.399447317e+00
  3.380357714e+00  3.360573943e+00  3.340096005e+00  3.318923900e+00
  3.297057627e+00  3.274497187e+00  3.251242579e+00  3.227293804e+00
  3.202650862e+00  3.177313752e+00  3.151282475e+00  3.124557030e+00
  3.097137418e+00  3.069023639e+00  3.040215692e+00  3.010713578e+00
  2.980517297e+00  2.949626848e+00  2.918042232e+00  2.885763448e+00
  2.852790497e+00  2.819123379e+00  2.784762093e+00  2.749706639e+00
  2.713957019e+00  2.677513231e+00  2.640375275e+00  2.602543153e+00
  2.564016863e+00  2.524796405e+00  2.484881780e+00  2.444272988e+00
  2.402970028e+00  2.360972901e+00  2.318281606e+00  2.274896144e+00
  2.230816515e+00  2.186042718e+00  2.140574754e+00  2.094412623e+00
  2.047556324e+00  2.000005858e+00  1.951761224e+00  1.902822423e+00
  1.853189455e+00  1.802862319e+00  1.751841016e+00  1.700125545e+00
  1.647715907e+00  1.594612102e+00  1.540814129e+00  1.486321989e+00
  1.431135681e+00  1.375255206e+00  1.318680564e+00  1.261411754e+00
  1.203448777e+00  1.144791632e+00  1.085440321e+00  1.025394841e+00
  9.646551946e-01  9.032213805e-01  8.410933991e-01  7.782712502e-01
  7.147549340e-01  6.505444504e-01  5.856397993e-01  5.200748758e-01
  4.542225236e-01  3.899130669e-01  3.312016906e-01  2.862448615e-01
  2.686032480e-01
@R CURBEAM 101 []
  0.000000000e+00  0.000000000e+00  0.000000000e+00  0.000000000e+00
  0.000000000e+00  0.000000000e+00  0.000000000e+00  0.000000000e+00
  0.000000000e+00  0.000000000e+00  0.000000000e+00  0.000000000e+00
  0.000000000e+00  0.000000000e+00  0.000000000e+00  0.000000000e+00
  0.000000000e+00  0.000000000e+00  0.000000000e+00  0.000000000e+00
  0.000000000e+00  0.000000000e+00  0.000000000e+00  0.000000000e+00
  0.000000000e+00  0.000000000e+00  0.000000000e+00  0.000000000e+00
  0.000000000e+00  0.000000000e+00  0.000000000e+00  0.000000000e+00
  0.000000000e+00  0.000000000e+00  0.000000000e+00  0.000000000e+00
  0.000000000e+00  0.000000000e+00  0.000000000e+00  0.000000000e+00
  0.000000000e+00  0.000000000e+00  0.000000000e+00  0.000000000e+00
  0.000000000e+00  0.000000000e+00  0.000000000e+00  0.000000000e+00
  0.000000000e+00  0.000000000e+00  0.000000000e+00  0.000000000e+00
  0.000000000e+00  0.000000000e+00  0.000000000e+00  0.000000000e+00
  0.000000000e+00  0.000000000e+00  0.000000000e+00  0.000000000e+00
  0.000000000e+00  0.000000000e+00  0.000000000e+00  0.000000000e+00
  0.000000000e+00  0.000000000e+00  0.000000000e+00  0.000000000e+00
  0.000000000e+00  0.000000000e+00  0.000000000e+00  0.000000000e+00
  0.000000000e+00  0.000000000e+00  0.000000000e+00  0.000000000e+00
  0.000000000e+00  0.000000000e+00  0.000000000e+00  0.000000000e+00
  0.000000000e+00  0.000000000e+00  0.000000000e+00  0.000000000e+00
  0.000000000e+00  0.000000000e+00  0.000000000e+00  0.000000000e+00
  0.000000000e+00  0.000000000e+00  0.000000000e+00  0.000000000e+00
  0.000000000e+00  0.000000000e+00  0.000000000e+00  0.000000000e+00
  0.000000000e+00  0.000000000e+00  0.000000000e+00  0.000000000e+00
  0.000000000e+00
@R CURRF 101 []
  5.644329755e-01  4.956539950e-01  3.730705295e-01  3.677579070e-01
  4.437542043e-01  4.112174976e-01  3.132738629e-01  3.267444085e-01
  4.252758240e-01  4.552281674e-01  4.336734681e-01  4.492956321e-01
  4.484187417e-01  3.740455143e-01  2.980067094e-01  2.810838578e-01
  2.714449431e-01  2.290917045e-01  1.991674851e-01  2.043798707e-01
  2.000410536e-01  1.674577925e-01  1.461728319e-01  1.535353669e-01
  1.576555606e-01  1.418913208e-01  1.297579810e-01  1.346845540e-01
  1.368070849e-01  1.247363140e-01  1.171429383e-01  1.212597941e-01
  1.155477152e-01  8.846012340e-02  6.170003021e-02  5.661239558e-02
  6.080220736e-02  5.424092627e-02  4.108759418e-02  3.694256935e-02
  4.103657655e-02  4.034274921e-02  3.286338003e-02  2.824152365e-02
  2.961201273e-02  2.992398977e-02  2.545971966e-02  2.140597629e-02
  2.163494373e-02  2.262466876e-02  2.037559618e-02  1.677529689e-02
  1.553026626e-02  1.622406778e-02  1.591111627e-02  1.399473952e-02
  1.227534451e-02  1.167444424e-02  1.136398861e-02  1.047143682e-02
  9.237398972e-03  8.410333258e-03  8.152511159e-03  7.870447042e-03
  7.071720801e-03  6.033939218e-03  5.369550599e-03  5.295993505e-03
  5.446707904e-03  5.321400557e-03  4.799661717e-03  4.154198702e-03
  3.632306552e-03  3.510064069e-03  3.709344941e-03  3.853371947e-03
  3.764255101e-03  3.405459145e-03  3.049212055e-03  2.984343447e-03
  3.204251387e-03  3.389299835e-03  3.144358828e-03  2.624873053e-03
  2.173576929e-03  1.990373723e-03  2.270666143e-03  2.711983598e-03
  2.726324399e-03  2.258776118e-03  1.723837728e-03  1.512500665e-03
  1.804315234e-03  2.299318124e-03  1.930579226e-03  8.621291110e-04
  3.792387922e-05 -3.982150509e-04 -3.532176596e-04 -1.810656523e-05
  1.912095850e-04
@R CURBOOT 101 []
  0.000000000e+00  0.000000000e+00  0.000000000e+00  0.000000000e+00
  0.000000000e+00  0.000000000e+00  0.000000000e+00  0.000000000e+00
  0.000000000e+00  0.000000000e+00  0.000000000e+00  0.000000000e+00
  0.000000000e+00  0.000000000e+00  0.000000000e+00  0.000000000e+00
  0.000000000e+00  0.000000000e+00  0.000000000e+00  0.000000000e+00
  0.000000000e+00  0.000000000e+00  0.000000000e+00  0.000000000e+00
  0.000000000e+00  0.000000000e+00  0.000000000e+00  0.000000000e+00
  0.000000000e+00  0.000000000e+00  0.000000000e+00  0.000000000e+00
  0.000000000e+00  0.000000000e+00  0.000000000e+00  0.000000000e+00
  0.000000000e+00  0.000000000e+00  0.000000000e+00  0.000000000e+00
  0.000000000e+00  0.000000000e+00  0.000000000e+00  0.000000000e+00
  0.000000000e+00  0.000000000e+00  0.000000000e+00  0.000000000e+00
  0.000000000e+00  0.000000000e+00  0.000000000e+00  0.000000000e+00
  0.000000000e+00  0.000000000e+00  0.000000000e+00  0.000000000e+00
  0.000000000e+00  0.000000000e+00  0.000000000e+00  0.000000000e+00
  0.000000000e+00  0.000000000e+00  0.000000000e+00  0.000000000e+00
  0.000000000e+00  0.000000000e+00  0.000000000e+00  0.000000000e+00
  0.000000000e+00  0.000000000e+00  0.000000000e+00  0.000000000e+00
  0.000000000e+00  0.000000000e+00  0.000000000e+00  0.000000000e+00
  0.000000000e+00  0.000000000e+00  0.000000000e+00  0.000000000e+00
  0.000000000e+00  0.000000000e+00  0.000000000e+00  0.000000000e+00
  0.000000000e+00  0.000000000e+00  0.000000000e+00  0.000000000e+00
  0.000000000e+00  0.000000000e+00  0.000000000e+00  0.000000000e+00
  0.000000000e+00  0.000000000e+00  0.000000000e+00  0.000000000e+00
  0.000000000e+00  0.000000000e+00  0.000000000e+00  0.000000000e+00
  0.000000000e+00
@R ENBEAM 101 []
  0.000000000e+00  0.000000000e+00  0.000000000e+00  0.000000000e+00
  0.000000000e+00  0.000000000e+00  0.000000000e+00  0.000000000e+00
  0.000000000e+00  0.000000000e+00  0.000000000e+00  0.000000000e+00
  0.000000000e+00  0.000000000e+00  0.000000000e+00  0.000000000e+00
  0.000000000e+00  0.000000000e+00  0.000000000e+00  0.000000000e+00
  0.000000000e+00  0.000000000e+00  0.000000000e+00  0.000000000e+00
  0.000000000e+00  0.000000000e+00  0.000000000e+00  0.000000000e+00
  0.000000000e+00  0.000000000e+00  0.000000000e+00  0.000000000e+00
  0.000000000e+00  0.000000000e+00  0.000000000e+00  0.000000000e+00
  0.000000000e+00  0.000000000e+00  0.000000000e+00  0.000000000e+00
  0.000000000e+00  0.000000000e+00  0.000000000e+00  0.000000000e+00
  0.000000000e+00  0.000000000e+00  0.000000000e+00  0.000000000e+00
  0.000000000e+00  0.000000000e+00  0.000000000e+00  0.000000000e+00
  0.000000000e+00  0.000000000e+00  0.000000000e+00  0.000000000e+00
  0.000000000e+00  0.000000000e+00  0.000000000e+00  0.000000000e+00
  0.000000000e+00  0.000000000e+00  0.000000000e+00  0.000000000e+00
  0.000000000e+00  0.000000000e+00  0.000000000e+00  0.000000000e+00
  0.000000000e+00  0.000000000e+00  0.000000000e+00  0.000000000e+00
  0.000000000e+00  0.000000000e+00  0.000000000e+00  0.000000000e+00
  0.000000000e+00  0.000000000e+00  0.000000000e+00  0.000000000e+00
  0.000000000e+00  0.000000000e+00  0.000000000e+00  0.000000000e+00
  0.000000000e+00  0.000000000e+00  0.000000000e+00  0.000000000e+00
  0.000000000e+00  0.000000000e+00  0.000000000e+00  0.000000000e+00
  0.000000000e+00  0.000000000e+00  0.000000000e+00  0.000000000e+00
  0.000000000e+00  0.000000000e+00  0.000000000e+00  0.000000000e+00
  0.000000000e+00
@R WBEAM 101 []
  0.000000000e+00  0.000000000e+00  0.000000000e+00  0.000000000e+00
  0.000000000e+00  0.000000000e+00  0.000000000e+00  0.000000000e+00
  0.000000000e+00  0.000000000e+00  0.000000000e+00  0.000000000e+00
  0.000000000e+00  0.000000000e+00  0.000000000e+00  0.000000000e+00
  0.000000000e+00  0.000000000e+00  0.000000000e+00  0.000000000e+00
  0.000000000e+00  0.000000000e+00  0.000000000e+00  0.000000000e+00
  0.000000000e+00  0.000000000e+00  0.000000000e+00  0.000000000e+00
  0.000000000e+00  0.000000000e+00  0.000000000e+00  0.000000000e+00
  0.000000000e+00  0.000000000e+00  0.000000000e+00  0.000000000e+00
  0.000000000e+00  0.000000000e+00  0.000000000e+00  0.000000000e+00
  0.000000000e+00  0.000000000e+00  0.000000000e+00  0.000000000e+00
  0.000000000e+00  0.000000000e+00  0.000000000e+00  0.000000000e+00
  0.000000000e+00  0.000000000e+00  0.000000000e+00  0.000000000e+00
  0.000000000e+00  0.000000000e+00  0.000000000e+00  0.000000000e+00
  0.000000000e+00  0.000000000e+00  0.000000000e+00  0.000000000e+00
  0.000000000e+00  0.000000000e+00  0.000000000e+00  0.000000000e+00
  0.000000000e+00  0.000000000e+00  0.000000000e+00  0.000000000e+00
  0.000000000e+00  0.000000000e+00  0.000000000e+00  0.000000000e+00
  0.000000000e+00  0.000000000e+00  0.000000000e+00  0.000000000e+00
  0.000000000e+00  0.000000000e+00  0.000000000e+00  0.000000000e+00
  0.000000000e+00  0.000000000e+00  0.000000000e+00  0.000000000e+00
  0.000000000e+00  0.000000000e+00  0.000000000e+00  0.000000000e+00
  0.000000000e+00  0.000000000e+00  0.000000000e+00  0.000000000e+00
  0.000000000e+00  0.000000000e+00  0.000000000e+00  0.000000000e+00
  0.000000000e+00  0.000000000e+00  0.000000000e+00  0.000000000e+00
  0.000000000e+00
@R QBEAME 101 []
  0.000000000e+00  0.000000000e+00  0.000000000e+00  0.000000000e+00
  0.000000000e+00  0.000000000e+00  0.000000000e+00  0.000000000e+00
  0.000000000e+00  0.000000000e+00  0.000000000e+00  0.000000000e+00
  0.000000000e+00  0.000000000e+00  0.000000000e+00  0.000000000e+00
  0.000000000e+00  0.000000000e+00  0.000000000e+00  0.000000000e+00
  0.000000000e+00  0.000000000e+00  0.000000000e+00  0.000000000e+00
  0.000000000e+00  0.000000000e+00  0.000000000e+00  0.000000000e+00
  0.000000000e+00  0.000000000e+00  0.000000000e+00  0.000000000e+00
  0.000000000e+00  0.000000000e+00  0.000000000e+00  0.000000000e+00
  0.000000000e+00  0.000000000e+00  0.000000000e+00  0.000000000e+00
  0.000000000e+00  0.000000000e+00  0.000000000e+00  0.000000000e+00
  0.000000000e+00  0.000000000e+00  0.000000000e+00  0.000000000e+00
  0.000000000e+00  0.000000000e+00  0.000000000e+00  0.000000000e+00
  0.000000000e+00  0.000000000e+00  0.000000000e+00  0.000000000e+00
  0.000000000e+00  0.000000000e+00  0.000000000e+00  0.000000000e+00
  0.000000000e+00  0.000000000e+00  0.000000000e+00  0.000000000e+00
  0.000000000e+00  0.000000000e+00  0.000000000e+00  0.000000000e+00
  0.000000000e+00  0.000000000e+00  0.000000000e+00  0.000000000e+00
  0.000000000e+00  0.000000000e+00  0.000000000e+00  0.000000000e+00
  0.000000000e+00  0.000000000e+00  0.000000000e+00  0.000000000e+00
  0.000000000e+00  0.000000000e+00  0.000000000e+00  0.000000000e+00
  0.000000000e+00  0.000000000e+00  0.000000000e+00  0.000000000e+00
  0.000000000e+00  0.000000000e+00  0.000000000e+00  0.000000000e+00
  0.000000000e+00  0.000000000e+00  0.000000000e+00  0.000000000e+00
  0.000000000e+00  0.000000000e+00  0.000000000e+00  0.000000000e+00
  0.000000000e+00
@R QBEAMI 101 []
  0.000000000e+00  0.000000000e+00  0.000000000e+00  0.000000000e+00
  0.000000000e+00  0.000000000e+00  0.000000000e+00  0.000000000e+00
  0.000000000e+00  0.000000000e+00  0.000000000e+00  0.000000000e+00
  0.000000000e+00  0.000000000e+00  0.000000000e+00  0.000000000e+00
  0.000000000e+00  0.000000000e+00  0.000000000e+00  0.000000000e+00
  0.000000000e+00  0.000000000e+00  0.000000000e+00  0.000000000e+00
  0.000000000e+00  0.000000000e+00  0.000000000e+00  0.000000000e+00
  0.000000000e+00  0.000000000e+00  0.000000000e+00  0.000000000e+00
  0.000000000e+00  0.000000000e+00  0.000000000e+00  0.000000000e+00
  0.000000000e+00  0.000000000e+00  0.000000000e+00  0.000000000e+00
  0.000000000e+00  0.000000000e+00  0.000000000e+00  0.000000000e+00
  0.000000000e+00  0.000000000e+00  0.000000000e+00  0.000000000e+00
  0.000000000e+00  0.000000000e+00  0.000000000e+00  0.000000000e+00
  0.000000000e+00  0.000000000e+00  0.000000000e+00  0.000000000e+00
  0.000000000e+00  0.000000000e+00  0.000000000e+00  0.000000000e+00
  0.000000000e+00  0.000000000e+00  0.000000000e+00  0.000000000e+00
  0.000000000e+00  0.000000000e+00  0.000000000e+00  0.000000000e+00
  0.000000000e+00  0.000000000e+00  0.000000000e+00  0.000000000e+00
  0.000000000e+00  0.000000000e+00  0.000000000e+00  0.000000000e+00
  0.000000000e+00  0.000000000e+00  0.000000000e+00  0.000000000e+00
  0.000000000e+00  0.000000000e+00  0.000000000e+00  0.000000000e+00
  0.000000000e+00  0.000000000e+00  0.000000000e+00  0.000000000e+00
  0.000000000e+00  0.000000000e+00  0.000000000e+00  0.000000000e+00
  0.000000000e+00  0.000000000e+00  0.000000000e+00  0.000000000e+00
  0.000000000e+00  0.000000000e+00  0.000000000e+00  0.000000000e+00
  0.000000000e+00
@R ENALP 101 []
  0.000000000e+00  0.000000000e+00  0.000000000e+00  0.000000000e+00
  0.000000000e+00  0.000000000e+00  0.000000000e+00  0.000000000e+00
  0.000000000e+00  0.000000000e+00  0.000000000e+00  0.000000000e+00
  0.000000000e+00  0.000000000e+00  0.000000000e+00  0.000000000e+00
  0.000000000e+00  0.000000000e+00  0.000000000e+00  0.000000000e+00
  0.000000000e+00  0.000000000e+00  0.000000000e+00  0.000000000e+00
  0.000000000e+00  0.000000000e+00  0.000000000e+00  0.000000000e+00
  0.000000000e+00  0.000000000e+00  0.000000000e+00  0.000000000e+00
  0.000000000e+00  0.000000000e+00  0.000000000e+00  0.000000000e+00
  0.000000000e+00  0.000000000e+00  0.000000000e+00  0.000000000e+00
  0.000000000e+00  0.000000000e+00  0.000000000e+00  0.000000000e+00
  0.000000000e+00  0.000000000e+00  0.000000000e+00  0.000000000e+00
  0.000000000e+00  0.000000000e+00  0.000000000e+00  0.000000000e+00
  0.000000000e+00  0.000000000e+00  0.000000000e+00  0.000000000e+00
  0.000000000e+00  0.000000000e+00  0.000000000e+00  0.000000000e+00
  0.000000000e+00  0.000000000e+00  0.000000000e+00  0.000000000e+00
  0.000000000e+00  0.000000000e+00  0.000000000e+00  0.000000000e+00
  0.000000000e+00  0.000000000e+00  0.000000000e+00  0.000000000e+00
  0.000000000e+00  0.000000000e+00  0.000000000e+00  0.000000000e+00
  0.000000000e+00  0.000000000e+00  0.000000000e+00  0.000000000e+00
  0.000000000e+00  0.000000000e+00  0.000000000e+00  0.000000000e+00
  0.000000000e+00  0.000000000e+00  0.000000000e+00  0.000000000e+00
  0.000000000e+00  0.000000000e+00  0.000000000e+00  0.000000000e+00
  0.000000000e+00  0.000000000e+00  0.000000000e+00  0.000000000e+00
  0.000000000e+00  0.000000000e+00  0.000000000e+00  0.000000000e+00
  0.000000000e+00
@R WALP 101 []
  0.000000000e+00  0.000000000e+00  0.000000000e+00  0.000000000e+00
  0.000000000e+00  0.000000000e+00  0.000000000e+00  0.000000000e+00
  0.000000000e+00  0.000000000e+00  0.000000000e+00  0.000000000e+00
  0.000000000e+00  0.000000000e+00  0.000000000e+00  0.000000000e+00
  0.000000000e+00  0.000000000e+00  0.000000000e+00  0.000000000e+00
  0.000000000e+00  0.000000000e+00  0.000000000e+00  0.000000000e+00
  0.000000000e+00  0.000000000e+00  0.000000000e+00  0.000000000e+00
  0.000000000e+00  0.000000000e+00  0.000000000e+00  0.000000000e+00
  0.000000000e+00  0.000000000e+00  0.000000000e+00  0.000000000e+00
  0.000000000e+00  0.000000000e+00  0.000000000e+00  0.000000000e+00
  0.000000000e+00  0.000000000e+00  0.000000000e+00  0.000000000e+00
  0.000000000e+00  0.000000000e+00  0.000000000e+00  0.000000000e+00
  0.000000000e+00  0.000000000e+00  0.000000000e+00  0.000000000e+00
  0.000000000e+00  0.000000000e+00  0.000000000e+00  0.000000000e+00
  0.000000000e+00  0.000000000e+00  0.000000000e+00  0.000000000e+00
  0.000000000e+00  0.000000000e+00  0.000000000e+00  0.000000000e+00
  0.000000000e+00  0.000000000e+00  0.000000000e+00  0.000000000e+00
  0.000000000e+00  0.000000000e+00  0.000000000e+00  0.000000000e+00
  0.000000000e+00  0.000000000e+00  0.000000000e+00  0.000000000e+00
  0.000000000e+00  0.000000000e+00  0.000000000e+00  0.000000000e+00
  0.000000000e+00  0.000000000e+00  0.000000000e+00  0.000000000e+00
  0.000000000e+00  0.000000000e+00  0.000000000e+00  0.000000000e+00
  0.000000000e+00  0.000000000e+00  0.000000000e+00  0.000000000e+00
  0.000000000e+00  0.000000000e+00  0.000000000e+00  0.000000000e+00
  0.000000000e+00  0.000000000e+00  0.000000000e+00  0.000000000e+00
  0.000000000e+00
@R QTFUSE 101 []
  1.816276672e+00  1.813907064e+00  1.806621900e+00  1.796431475e+00
  1.785518418e+00  1.773879982e+00  1.761523998e+00  1.748460706e+00
  1.734698833e+00  1.720249246e+00  1.705120543e+00  1.689316789e+00
  1.672843095e+00  1.655708099e+00  1.637920021e+00  1.619487229e+00
  1.600416325e+00  1.580717047e+00  1.560398981e+00  1.539469427e+00
  1.517941727e+00  1.495825405e+00  1.473129830e+00  1.449868891e+00
  1.426056409e+00  1.401706004e+00  1.376831152e+00  1.351447750e+00
  1.325573157e+00  1.299225323e+00  1.272423362e+00  1.245187523e+00
  1.217539402e+00  1.189501978e+00  1.161099804e+00  1.132360256e+00
  1.103309124e+00  1.073973658e+00  1.044385529e+00  1.014578457e+00
  9.845863522e-01  9.544409969e-01  9.241803000e-01  8.938455675e-01
  8.634722655e-01  8.331039829e-01  8.027831447e-01  7.725512603e-01
  7.424553898e-01  7.125396698e-01  6.828507440e-01  6.534359606e-01
  6.243410074e-01  5.956152001e-01  5.673038927e-01  5.394533543e-01
  5.121112933e-01  4.853187083e-01  4.591223237e-01  4.335624798e-01
  4.086755767e-01  3.845013927e-01  3.610737571e-01  3.384214007e-01
  3.165721106e-01  2.955513898e-01  2.753783708e-01  2.560675422e-01
  2.376312213e-01  2.200772137e-01  2.034090952e-01  1.876248089e-01
  1.727183765e-01  1.586809955e-01  1.454992378e-01  1.331562867e-01
  1.216314246e-01  1.109006582e-01  1.009378543e-01  9.171437728e-02
  8.319945130e-02  7.536083289e-02  6.816461333e-02  6.157594627e-02
  5.555971478e-02  5.008011271e-02  4.510081417e-02  4.058423475e-02
  3.648997617e-02  3.277123405e-02  2.936622500e-02  2.618053840e-02
  2.305349201e-02  1.970905014e-02  1.574943264e-02  1.092210123e-02
  5.837425096e-03  2.043518193e-03  3.680463236e-04  1.981856851e-05
  1.308253569e-07
@R QTFUSI 101 []
  7.930738081e-01  7.914663740e-01  7.865267304e-01  7.796271451e-01
  7.722604078e-01  7.644353330e-01  7.561656129e-01  7.474662284e-01
  7.383517254e-01  7.288377600e-01  7.189392002e-01  7.086691728e-01
  6.980414209e-01  6.870713105e-01  6.757741486e-01  6.641653943e-01
  6.522598724e-01  6.400737434e-01  6.276231560e-01  6.149233470e-01
  6.019919800e-01  5.888451678e-01  5.754989188e-01  5.619709594e-01
  5.482788764e-01  5.344400563e-01  5.204716883e-01  5.063917154e-01
  4.922184281e-01  4.779700986e-01  4.636651674e-01  4.493221970e-01
  4.349599114e-01  4.205971702e-01  4.062529965e-01  3.919469609e-01
  3.776976172e-01  3.635235222e-01  3.494442102e-01  3.354792905e-01
  3.216478000e-01  3.079674214e-01  2.944571341e-01  2.811362446e-01
  2.680214202e-01  2.551310362e-01  2.424822689e-01  2.300910775e-01
  2.179741962e-01  2.061464931e-01  1.946225951e-01  1.834163026e-01
  1.725399232e-01  1.620057045e-01  1.518237735e-01  1.420034125e-01
  1.325532650e-01  1.234791485e-01  1.147873419e-01  1.064815062e-01
  9.856336472e-02  9.103456920e-02  8.389446109e-02  7.714039030e-02
  7.076877831e-02  6.477486377e-02  5.915189652e-02  5.389164447e-02
  4.898504038e-02  4.442177676e-02  4.019048166e-02  3.627856925e-02
  3.267269652e-02  2.935908727e-02  2.632328275e-02  2.355048005e-02
  2.102553684e-02  1.873316985e-02  1.665822744e-02  1.478568599e-02
  1.310076503e-02  1.158907814e-02  1.023663582e-02  9.029978550e-03
  7.956287609e-03  7.003319538e-03  6.159423230e-03  5.413419201e-03
  4.754359380e-03  4.171006276e-03  3.650653528e-03  3.176806050e-03
  2.725033400e-03  2.257894332e-03  1.728730090e-03  1.124324980e-03
  5.456240396e-04  1.654382244e-04  2.363715578e-05  8.111766768e-07
  2.413339324e-09
@R QRFE 101 []
  7.909468138e-01  6.527073351e-01  4.596191511e-01  4.718402296e-01
  5.636106823e-01  5.092989885e-01  3.951658669e-01  4.351178220e-01
  5.665169881e-01  6.013670460e-01  5.849228948e-01  6.185099472e-01
  6.136750897e-01  5.093723220e-01  4.145769426e-01  3.993617552e-01
  3.841663045e-01  3.251894051e-01  2.914943639e-01  3.042850790e-01
  2.955467284e-01  2.481686460e-01  2.235819351e-01  2.394945805e-01
  2.453156064e-01  2.226425336e-01  2.101165627e-01  2.226300435e-01
  2.266560238e-01  2.103018881e-01  2.060457869e-01  2.185233715e-01
  2.168211048e-01  1.934113504e-01  1.748884190e-01  1.841029255e-01
  2.000338375e-01  1.927312415e-01  1.725998569e-01  1.654337083e-01
  1.668428717e-01  1.540578593e-01  1.279867530e-01  1.095691265e-01
  1.041448109e-01  9.774311388e-02  8.452721612e-02  7.469207517e-02
  7.377273661e-02  7.297374514e-02  6.483723325e-02  5.455634098e-02
  4.970534190e-02  4.875124763e-02  4.597449798e-02  4.101403914e-02
  3.737102093e-02  3.575068195e-02  3.382774240e-02  3.042913505e-02
  2.714469948e-02  2.577916150e-02  2.573790909e-02  2.475937858e-02
  2.186930458e-02  1.864779582e-02  1.708809149e-02  1.723231080e-02
  1.752624084e-02  1.671942259e-02  1.503977594e-02  1.351718272e-02
  1.280896996e-02  1.235415891e-02  1.178645758e-02  1.134695908e-02
  1.069890985e-02  9.810106327e-03  9.179942496e-03  9.235908057e-03
  9.767747492e-03  9.945556213e-03  9.081901969e-03  7.644155259e-03
  6.509229617e-03  6.333995996e-03  7.366127758e-03  8.513818580e-03
  8.304925615e-03  6.801476486e-03  5.262226014e-03  4.875356307e-03
  5.924383066e-03  7.102766112e-03  5.962489158e-03  3.275528458e-03
  1.331665567e-03  3.964638285e-04  3.562952887e-04  5.334270423e-04
  5.748843629e-04
@R QRFI 101 []
  2.264317192e+00  1.994763553e+00  2.248130512e+00  3.445894555e+00
  4.088851545e+00  3.746846245e+00  3.729446072e+00  4.544554127e+00
  4.876688095e+00  4.114953346e+00  3.395037861e+00  3.185060857e+00
  2.954570716e+00  2.572073052e+00  2.138833229e+00  1.760425072e+00
  1.437038791e+00  1.069976381e+00  6.912246723e-01  4.289635171e-01
  3.501542346e-01  4.135697399e-01  4.993251368e-01  4.870220206e-01
  3.999612003e-01  3.431139661e-01  3.277603307e-01  3.280928503e-01
  3.204932167e-01  2.771117823e-01  2.361497228e-01  2.526735497e-01
  2.867288039e-01  2.737421744e-01  2.456818180e-01  2.421502242e-01
  2.266931436e-01  1.893982936e-01  1.728563862e-01  1.720276849e-01
  1.456243194e-01  1.066504768e-01  9.281137050e-02  9.655360569e-02
  9.049014274e-02  7.018797523e-02  5.074843492e-02  4.137263415e-02
  4.045905576e-02  4.466104521e-02  5.135659826e-02  5.295615003e-02
  4.239122921e-02  2.794612252e-02  2.570991886e-02  3.342547817e-02
  3.311597430e-02  2.067611161e-02  9.896762945e-03  8.271208715e-03
  9.330399213e-03  7.916484168e-03  6.617375980e-03  7.404661882e-03
  8.228019252e-03  7.667930123e-03  6.586069550e-03  5.888627785e-03
  5.676874796e-03  5.684560469e-03  5.354214172e-03  4.347042967e-03
  3.242764193e-03  3.139245137e-03  4.347074939e-03  5.745213728e-03
  6.115874449e-03  5.419726034e-03  4.392463878e-03  3.564927732e-03
  2.928178629e-03  2.268057589e-03  1.686254568e-03  1.600284946e-03
  2.158880113e-03  3.018128262e-03  3.648635299e-03  3.808236109e-03
  3.642656092e-03  3.308931816e-03  2.714697243e-03  1.925311576e-03
  1.401877456e-03  1.345868411e-03  1.306820230e-03  8.963151111e-04
  3.835236394e-04  1.601107714e-04  1.840205317e-04  2.550232515e-04
  2.878461776e-04
@R QRAD 101 []
 -0.000000000e+00 -0.000000000e+00 -0.000000000e+00 -0.000000000e+00
 -0.000000000e+00 -0.000000000e+00 -0.000000000e+00 -0.000000000e+00
 -0.000000000e+00 -0.000000000e+00 -0.000000000e+00 -0.000000000e+00
 -0.000000000e+00 -0.000000000e+00 -0.000000000e+00 -0.000000000e+00
 -0.000000000e+00 -0.000000000e+00 -0.000000000e+00 -0.000000000e+00
 -0.000000000e+00 -0.000000000e+00 -0.000000000e+00 -0.000000000e+00
 -0.000000000e+00 -0.000000000e+00 -0.000000000e+00 -0.000000000e+00
 -0.000000000e+00 -0.000000000e+00 -0.000000000e+00 -0.000000000e+00
 -0.000000000e+00 -0.000000000e+00 -0.000000000e+00 -0.000000000e+00
 -0.000000000e+00 -0.000000000e+00 -0.000000000e+00 -0.000000000e+00
 -0.000000000e+00 -0.000000000e+00 -0.000000000e+00 -0.000000000e+00
 -0.000000000e+00 -0.000000000e+00 -0.000000000e+00 -0.000000000e+00
 -0.000000000e+00 -0.000000000e+00 -0.000000000e+00 -0.000000000e+00
 -0.000000000e+00 -0.000000000e+00 -0.000000000e+00 -0.000000000e+00
 -0.000000000e+00 -0.000000000e+00 -0.000000000e+00 -0.000000000e+00
 -0.000000000e+00 -0.000000000e+00 -0.000000000e+00 -0.000000000e+00
 -0.000000000e+00 -0.000000000e+00 -0.000000000e+00 -0.000000000e+00
 -0.000000000e+00 -0.000000000e+00 -0.000000000e+00 -0.000000000e+00
 -0.000000000e+00 -0.000000000e+00 -0.000000000e+00 -0.000000000e+00
 -0.000000000e+00 -0.000000000e+00 -0.000000000e+00 -0.000000000e+00
 -0.000000000e+00 -0.000000000e+00 -0.000000000e+00 -0.000000000e+00
 -0.000000000e+00 -0.000000000e+00 -0.000000000e+00 -0.000000000e+00
 -0.000000000e+00 -0.000000000e+00 -0.000000000e+00 -0.000000000e+00
 -0.000000000e+00 -0.000000000e+00 -0.000000000e+00 -0.000000000e+00
 -0.000000000e+00 -0.000000000e+00 -0.000000000e+00 -0.000000000e+00
 -0.000000000e+00
@R QOHM 101 []
  0.000000000e+00  0.000000000e+00  0.000000000e+00  0.000000000e+00
  0.000000000e+00  0.000000000e+00  0.000000000e+00  0.000000000e+00
  0.000000000e+00  0.000000000e+00  0.000000000e+00  0.000000000e+00
  0.000000000e+00  0.000000000e+00  0.000000000e+00  0.000000000e+00
  0.000000000e+00  0.000000000e+00  0.000000000e+00  0.000000000e+00
  0.000000000e+00  0.000000000e+00  0.000000000e+00  0.000000000e+00
  0.000000000e+00  0.000000000e+00  0.000000000e+00  0.000000000e+00
  0.000000000e+00  0.000000000e+00  0.000000000e+00  0.000000000e+00
  0.000000000e+00  0.000000000e+00  0.000000000e+00  0.000000000e+00
  0.000000000e+00  0.000000000e+00  0.000000000e+00  0.000000000e+00
  0.000000000e+00  0.000000000e+00  0.000000000e+00  0.000000000e+00
  0.000000000e+00  0.000000000e+00  0.000000000e+00  0.000000000e+00
  0.000000000e+00  0.000000000e+00  0.000000000e+00  0.000000000e+00
  0.000000000e+00  0.000000000e+00  0.000000000e+00  0.000000000e+00
  0.000000000e+00  0.000000000e+00  0.000000000e+00  0.000000000e+00
  0.000000000e+00  0.000000000e+00  0.000000000e+00  0.000000000e+00
  0.000000000e+00  0.000000000e+00  0.000000000e+00  0.000000000e+00
  0.000000000e+00  0.000000000e+00  0.000000000e+00  0.000000000e+00
  0.000000000e+00  0.000000000e+00  0.000000000e+00  0.000000000e+00
  0.000000000e+00  0.000000000e+00  0.000000000e+00  0.000000000e+00
  0.000000000e+00  0.000000000e+00  0.000000000e+00  0.000000000e+00
  0.000000000e+00  0.000000000e+00  0.000000000e+00  0.000000000e+00
  0.000000000e+00  0.000000000e+00  0.000000000e+00  0.000000000e+00
  0.000000000e+00  0.000000000e+00  0.000000000e+00  0.000000000e+00
  0.000000000e+00  0.000000000e+00  0.000000000e+00  0.000000000e+00
  0.000000000e+00
@R QIONE 101 []
  0.000000000e+00  0.000000000e+00  0.000000000e+00  0.000000000e+00
  0.000000000e+00  0.000000000e+00  0.000000000e+00  0.000000000e+00
  0.000000000e+00  0.000000000e+00  0.000000000e+00  0.000000000e+00
  0.000000000e+00  0.000000000e+00  0.000000000e+00  0.000000000e+00
  0.000000000e+00  0.000000000e+00  0.000000000e+00  0.000000000e+00
  0.000000000e+00  0.000000000e+00  0.000000000e+00  0.000000000e+00
  0.000000000e+00  0.000000000e+00  0.000000000e+00  0.000000000e+00
  0.000000000e+00  0.000000000e+00  0.000000000e+00  0.000000000e+00
  0.000000000e+00  0.000000000e+00  0.000000000e+00  0.000000000e+00
  0.000000000e+00  0.000000000e+00  0.000000000e+00  0.000000000e+00
  0.000000000e+00  0.000000000e+00  0.000000000e+00  0.000000000e+00
  0.000000000e+00  0.000000000e+00  0.000000000e+00  0.000000000e+00
  0.000000000e+00  0.000000000e+00  0.000000000e+00  0.000000000e+00
  0.000000000e+00  0.000000000e+00  0.000000000e+00  0.000000000e+00
  0.000000000e+00  0.000000000e+00  0.000000000e+00  0.000000000e+00
  0.000000000e+00  0.000000000e+00  0.000000000e+00  0.000000000e+00
  0.000000000e+00  0.000000000e+00  0.000000000e+00  0.000000000e+00
  0.000000000e+00  0.000000000e+00  0.000000000e+00  0.000000000e+00
  0.000000000e+00  0.000000000e+00  0.000000000e+00  0.000000000e+00
  0.000000000e+00  0.000000000e+00  0.000000000e+00  0.000000000e+00
  0.000000000e+00  0.000000000e+00  0.000000000e+00  0.000000000e+00
  0.000000000e+00  0.000000000e+00  0.000000000e+00  0.000000000e+00
  0.000000000e+00  0.000000000e+00  0.000000000e+00  0.000000000e+00
  0.000000000e+00  0.000000000e+00  0.000000000e+00  0.000000000e+00
  0.000000000e+00  0.000000000e+00  0.000000000e+00  0.000000000e+00
  0.000000000e+00
@R QIONI 101 []
  0.000000000e+00  0.000000000e+00  0.000000000e+00  0.000000000e+00
  0.000000000e+00  0.000000000e+00  0.000000000e+00  0.000000000e+00
  0.000000000e+00  0.000000000e+00  0.000000000e+00  0.000000000e+00
  0.000000000e+00  0.000000000e+00  0.000000000e+00  0.000000000e+00
  0.000000000e+00  0.000000000e+00  0.000000000e+00  0.000000000e+00
  0.000000000e+00  0.000000000e+00  0.000000000e+00  0.000000000e+00
  0.000000000e+00  0.000000000e+00  0.000000000e+00  0.000000000e+00
  0.000000000e+00  0.000000000e+00  0.000000000e+00  0.000000000e+00
  0.000000000e+00  0.000000000e+00  0.000000000e+00  0.000000000e+00
  0.000000000e+00  0.000000000e+00  0.000000000e+00  0.000000000e+00
  0.000000000e+00  0.000000000e+00  0.000000000e+00  0.000000000e+00
  0.000000000e+00  0.000000000e+00  0.000000000e+00  0.000000000e+00
  0.000000000e+00  0.000000000e+00  0.000000000e+00  0.000000000e+00
  0.000000000e+00  0.000000000e+00  0.000000000e+00  0.000000000e+00
  0.000000000e+00  0.000000000e+00  0.000000000e+00  0.000000000e+00
  0.000000000e+00  0.000000000e+00  0.000000000e+00  0.000000000e+00
  0.000000000e+00  0.000000000e+00  0.000000000e+00  0.000000000e+00
  0.000000000e+00  0.000000000e+00  0.000000000e+00  0.000000000e+00
  0.000000000e+00  0.000000000e+00  0.000000000e+00  0.000000000e+00
  0.000000000e+00  0.000000000e+00  0.000000000e+00  0.000000000e+00
  0.000000000e+00  0.000000000e+00  0.000000000e+00  0.000000000e+00
  0.000000000e+00  0.000000000e+00  0.000000000e+00  0.000000000e+00
  0.000000000e+00  0.000000000e+00  0.000000000e+00  0.000000000e+00
  0.000000000e+00  0.000000000e+00  0.000000000e+00  0.000000000e+00
  0.000000000e+00  0.000000000e+00  0.000000000e+00  0.000000000e+00
  0.000000000e+00
@R QCX 101 []
  0.000000000e+00  0.000000000e+00  0.000000000e+00  0.000000000e+00
  0.000000000e+00  0.000000000e+00  0.000000000e+00  0.000000000e+00
  0.000000000e+00  0.000000000e+00  0.000000000e+00  0.000000000e+00
  0.000000000e+00  0.000000000e+00  0.000000000e+00  0.000000000e+00
  0.000000000e+00  0.000000000e+00  0.000000000e+00  0.000000000e+00
  0.000000000e+00  0.000000000e+00  0.000000000e+00  0.000000000e+00
  0.000000000e+00  0.000000000e+00  0.000000000e+00  0.000000000e+00
  0.000000000e+00  0.000000000e+00  0.000000000e+00  0.000000000e+00
  0.000000000e+00  0.000000000e+00  0.000000000e+00  0.000000000e+00
  0.000000000e+00  0.000000000e+00  0.000000000e+00  0.000000000e+00
  0.000000000e+00  0.000000000e+00  0.000000000e+00  0.000000000e+00
  0.000000000e+00  0.000000000e+00  0.000000000e+00  0.000000000e+00
  0.000000000e+00  0.000000000e+00  0.000000000e+00  0.000000000e+00
  0.000000000e+00  0.000000000e+00  0.000000000e+00  0.000000000e+00
  0.000000000e+00  0.000000000e+00  0.000000000e+00  0.000000000e+00
  0.000000000e+00  0.000000000e+00  0.000000000e+00  0.000000000e+00
  0.000000000e+00  0.000000000e+00  0.000000000e+00  0.000000000e+00
  0.000000000e+00  0.000000000e+00  0.000000000e+00  0.000000000e+00
  0.000000000e+00  0.000000000e+00  0.000000000e+00  0.000000000e+00
  0.000000000e+00  0.000000000e+00  0.000000000e+00  0.000000000e+00
  0.000000000e+00  0.000000000e+00  0.000000000e+00  0.000000000e+00
  0.000000000e+00  0.000000000e+00  0.000000000e+00  0.000000000e+00
  0.000000000e+00  0.000000000e+00  0.000000000e+00  0.000000000e+00
  0.000000000e+00  0.000000000e+00  0.000000000e+00  0.000000000e+00
  0.000000000e+00  0.000000000e+00  0.000000000e+00  0.000000000e+00
  0.000000000e+00
@R STORQUEB 101 []
  0.000000000e+00  0.000000000e+00  0.000000000e+00  0.000000000e+00
  0.000000000e+00  0.000000000e+00  0.000000000e+00  0.000000000e+00
  0.000000000e+00  0.000000000e+00  0.000000000e+00  0.000000000e+00
  0.000000000e+00  0.000000000e+00  0.000000000e+00  0.000000000e+00
  0.000000000e+00  0.000000000e+00  0.000000000e+00  0.000000000e+00
  0.000000000e+00  0.000000000e+00  0.000000000e+00  0.000000000e+00
  0.000000000e+00  0.000000000e+00  0.000000000e+00  0.000000000e+00
  0.000000000e+00  0.000000000e+00  0.000000000e+00  0.000000000e+00
  0.000000000e+00  0.000000000e+00  0.000000000e+00  0.000000000e+00
  0.000000000e+00  0.000000000e+00  0.000000000e+00  0.000000000e+00
  0.000000000e+00  0.000000000e+00  0.000000000e+00  0.000000000e+00
  0.000000000e+00  0.000000000e+00  0.000000000e+00  0.000000000e+00
  0.000000000e+00  0.000000000e+00  0.000000000e+00  0.000000000e+00
  0.000000000e+00  0.000000000e+00  0.000000000e+00  0.000000000e+00
  0.000000000e+00  0.000000000e+00  0.000000000e+00  0.000000000e+00
  0.000000000e+00  0.000000000e+00  0.000000000e+00  0.000000000e+00
  0.000000000e+00  0.000000000e+00  0.000000000e+00  0.000000000e+00
  0.000000000e+00  0.000000000e+00  0.000000000e+00  0.000000000e+00
  0.000000000e+00  0.000000000e+00  0.000000000e+00  0.000000000e+00
  0.000000000e+00  0.000000000e+00  0.000000000e+00  0.000000000e+00
  0.000000000e+00  0.000000000e+00  0.000000000e+00  0.000000000e+00
  0.000000000e+00  0.000000000e+00  0.000000000e+00  0.000000000e+00
  0.000000000e+00  0.000000000e+00  0.000000000e+00  0.000000000e+00
  0.000000000e+00  0.000000000e+00  0.000000000e+00  0.000000000e+00
  0.000000000e+00  0.000000000e+00  0.000000000e+00  0.000000000e+00
  0.000000000e+00
@R STORQUE 101 []
  0.000000000e+00  0.000000000e+00  0.000000000e+00  0.000000000e+00
  0.000000000e+00  0.000000000e+00  0.000000000e+00  0.000000000e+00
  0.000000000e+00  0.000000000e+00  0.000000000e+00  0.000000000e+00
  0.000000000e+00  0.000000000e+00  0.000000000e+00  0.000000000e+00
  0.000000000e+00  0.000000000e+00  0.000000000e+00  0.000000000e+00
  0.000000000e+00  0.000000000e+00  0.000000000e+00  0.000000000e+00
  0.000000000e+00  0.000000000e+00  0.000000000e+00  0.000000000e+00
  0.000000000e+00  0.000000000e+00  0.000000000e+00  0.000000000e+00
  0.000000000e+00  0.000000000e+00  0.000000000e+00  0.000000000e+00
  0.000000000e+00  0.000000000e+00  0.000000000e+00  0.000000000e+00
  0.000000000e+00  0.000000000e+00  0.000000000e+00  0.000000000e+00
  0.000000000e+00  0.000000000e+00  0.000000000e+00  0.000000000e+00
  0.000000000e+00  0.000000000e+00  0.000000000e+00  0.000000000e+00
  0.000000000e+00  0.000000000e+00  0.000000000e+00  0.000000000e+00
  0.000000000e+00  0.000000000e+00  0.000000000e+00  0.000000000e+00
  0.000000000e+00  0.000000000e+00  0.000000000e+00  0.000000000e+00
  0.000000000e+00  0.000000000e+00  0.000000000e+00  0.000000000e+00
  0.000000000e+00  0.000000000e+00  0.000000000e+00  0.000000000e+00
  0.000000000e+00  0.000000000e+00  0.000000000e+00  0.000000000e+00
  0.000000000e+00  0.000000000e+00  0.000000000e+00  0.000000000e+00
  0.000000000e+00  0.000000000e+00  0.000000000e+00  0.000000000e+00
  0.000000000e+00  0.000000000e+00  0.000000000e+00  0.000000000e+00
  0.000000000e+00  0.000000000e+00  0.000000000e+00  0.000000000e+00
  0.000000000e+00  0.000000000e+00  0.000000000e+00  0.000000000e+00
  0.000000000e+00  0.000000000e+00  0.000000000e+00  0.000000000e+00
  0.000000000e+00
@R SION 101 []
  4.413509467e-04  5.204470383e-04  7.051879878e-04  9.512827002e-04
  1.277580573e-03  1.708200281e-03  2.273847955e-03  3.013400622e-03
  3.975810063e-03  5.222382776e-03  6.829460762e-03  8.891560296e-03
  1.152505351e-02  1.487242164e-02  1.910707951e-02  2.443886322e-02
  3.112011661e-02  3.945258604e-02  4.979476719e-02  6.256989441e-02
  7.827473107e-02  9.748811389e-02  1.208802234e-01  1.492219806e-01
  1.833937748e-01  2.243936320e-01  2.733444379e-01  3.315002070e-01
  4.002500294e-01  4.811195008e-01  5.757693853e-01  6.859906023e-01
  8.136951613e-01  9.609023511e-01  1.129719927e+00  1.322321169e+00
  1.540909090e+00  1.787682825e+00  2.064798657e+00  2.374321437e+00
  2.718165849e+00  3.098029328e+00  3.515352660e+00  3.971251790e+00
  4.466413539e+00  5.001094265e+00  5.575005497e+00  6.187269248e+00
  6.836396563e+00  7.520198651e+00  8.235791939e+00  8.979575572e+00
  9.747192662e+00  1.053363715e+01  1.133315006e+01  1.213938676e+01
  1.294547217e+01  1.374394175e+01  1.452714579e+01  1.528705339e+01
  1.601545503e+01  1.670436322e+01  1.734585412e+01  1.793222836e+01
  1.845635887e+01  1.891182396e+01  1.929280831e+01  1.959431826e+01
  1.981246295e+01  1.994440697e+01  1.998846105e+01  1.994396332e+01
  1.981144808e+01  1.959273689e+01  1.929070585e+01  1.890933305e+01
  1.845350156e+01  1.792893339e+01  1.734218577e+01  1.670041785e+01
  1.601124057e+01  1.528262178e+01  1.452261991e+01  1.373931321e+01
  1.294073994e+01  1.213465061e+01  1.132844219e+01  1.052901202e+01
  9.742682543e+00  8.975185593e+00  8.231568338e+00  7.516150654e+00
  6.832506310e+00  6.183498202e+00  5.571321275e+00  4.997496536e+00
  4.462916714e+00  3.967899667e+00  3.512218518e+00  3.095155016e+00
  2.896159430e+00
@R CHIE 101 []
  0.000000000e+00  0.000000000e+00  0.000000000e+00  0.000000000e+00
  0.000000000e+00  0.000000000e+00  0.000000000e+00  0.000000000e+00
  0.000000000e+00  0.000000000e+00  0.000000000e+00  0.000000000e+00
  0.000000000e+00  0.000000000e+00  0.000000000e+00  0.000000000e+00
  0.000000000e+00  0.000000000e+00  0.000000000e+00  0.000000000e+00
  0.000000000e+00  0.000000000e+00  0.000000000e+00  0.000000000e+00
  0.000000000e+00  0.000000000e+00  0.000000000e+00  0.000000000e+00
  0.000000000e+00  0.000000000e+00  0.000000000e+00  0.000000000e+00
  0.000000000e+00  0.000000000e+00  0.000000000e+00  0.000000000e+00
  0.000000000e+00  0.000000000e+00  0.000000000e+00  0.000000000e+00
  0.000000000e+00  0.000000000e+00  0.000000000e+00  0.000000000e+00
  0.000000000e+00  0.000000000e+00  0.000000000e+00  0.000000000e+00
  0.000000000e+00  0.000000000e+00  0.000000000e+00  0.000000000e+00
  0.000000000e+00  0.000000000e+00  0.000000000e+00  0.000000000e+00
  0.000000000e+00  0.000000000e+00  0.000000000e+00  0.000000000e+00
  0.000000000e+00  0.000000000e+00  0.000000000e+00  0.000000000e+00
  0.000000000e+00  0.000000000e+00  0.000000000e+00  0.000000000e+00
  0.000000000e+00  0.000000000e+00  0.000000000e+00  0.000000000e+00
  0.000000000e+00  0.000000000e+00  0.000000000e+00  0.000000000e+00
  0.000000000e+00  0.000000000e+00  0.000000000e+00  0.000000000e+00
  0.000000000e+00  0.000000000e+00  0.000000000e+00  0.000000000e+00
  0.000000000e+00  0.000000000e+00  0.000000000e+00  0.000000000e+00
  0.000000000e+00  0.000000000e+00  0.000000000e+00  0.000000000e+00
  0.000000000e+00  0.000000000e+00  0.000000000e+00  0.000000000e+00
  0.000000000e+00  0.000000000e+00  0.000000000e+00  0.000000000e+00
  0.000000000e+00
@R CHII 101 []
  0.000000000e+00  0.000000000e+00  0.000000000e+00  0.000000000e+00
  0.000000000e+00  0.000000000e+00  0.000000000e+00  0.000000000e+00
  0.000000000e+00  0.000000000e+00  0.000000000e+00  0.000000000e+00
  0.000000000e+00  0.000000000e+00  0.000000000e+00  0.000000000e+00
  0.000000000e+00  0.000000000e+00  0.000000000e+00  0.000000000e+00
  0.000000000e+00  0.000000000e+00  0.000000000e+00  0.000000000e+00
  0.000000000e+00  0.000000000e+00  0.000000000e+00  0.000000000e+00
  0.000000000e+00  0.000000000e+00  0.000000000e+00  0.000000000e+00
  0.000000000e+00  0.000000000e+00  0.000000000e+00  0.000000000e+00
  0.000000000e+00  0.000000000e+00  0.000000000e+00  0.000000000e+00
  0.000000000e+00  0.000000000e+00  0.000000000e+00  0.000000000e+00
  0.000000000e+00  0.000000000e+00  0.000000000e+00  0.000000000e+00
  0.000000000e+00  0.000000000e+00  0.000000000e+00  0.000000000e+00
  0.000000000e+00  0.000000000e+00  0.000000000e+00  0.000000000e+00
  0.000000000e+00  0.000000000e+00  0.000000000e+00  0.000000000e+00
  0.000000000e+00  0.000000000e+00  0.000000000e+00  0.000000000e+00
  0.000000000e+00  0.000000000e+00  0.000000000e+00  0.000000000e+00
  0.000000000e+00  0.000000000e+00  0.000000000e+00  0.000000000e+00
  0.000000000e+00  0.000000000e+00  0.000000000e+00  0.000000000e+00
  0.000000000e+00  0.000000000e+00  0.000000000e+00  0.000000000e+00
  0.000000000e+00  0.000000000e+00  0.000000000e+00  0.000000000e+00
  0.000000000e+00  0.000000000e+00  0.000000000e+00  0.000000000e+00
  0.000000000e+00  0.000000000e+00  0.000000000e+00  0.000000000e+00
  0.000000000e+00  0.000000000e+00  0.000000000e+00  0.000000000e+00
  0.000000000e+00  0.000000000e+00  0.000000000e+00  0.000000000e+00
  0.000000000e+00
