 # generated by zfastran.py Ver+Oct2009
@R INFLAG 1 []
  1.000000000e+00
@R TIME0 1 [s]
  0.000000000e+00
@R IP 1 []
  9.999999995e+00
@R BCENTR 1 []
  1.100000000e+01
@R RMAJOR 1 []
  4.550000000e+00
@R AMINOR 1 []
  1.103615817e+00
@R ELONGB 1 []
  1.356052825e+00
@R TRIANB 1 []
 -3.355111275e-01
@R RHO 101 []
  0.000000000e+00  1.000000000e-02  2.000000000e-02  3.000000000e-02
  4.000000000e-02  5.000000000e-02  6.000000000e-02  7.000000000e-02
  8.000000000e-02  9.000000000e-02  1.000000000e-01  1.100000000e-01
  1.200000000e-01  1.300000000e-01  1.400000000e-01  1.500000000e-01
  1.600000000e-01  1.700000000e-01  1.800000000e-01  1.900000000e-01
  2.000000000e-01  2.100000000e-01  2.200000000e-01  2.300000000e-01
  2.400000000e-01  2.500000000e-01  2.600000000e-01  2.700000000e-01
  2.800000000e-01  2.900000000e-01  3.000000000e-01  3.100000000e-01
  3.200000000e-01  3.300000000e-01  3.400000000e-01  3.500000000e-01
  3.600000000e-01  3.700000000e-01  3.800000000e-01  3.900000000e-01
  4.000000000e-01  4.100000000e-01  4.200000000e-01  4.300000000e-01
  4.400000000e-01  4.500000000e-01  4.600000000e-01  4.700000000e-01
  4.800000000e-01  4.900000000e-01  5.000000000e-01  5.100000000e-01
  5.200000000e-01  5.300000000e-01  5.400000000e-01  5.500000000e-01
  5.600000000e-01  5.700000000e-01  5.800000000e-01  5.900000000e-01
  6.000000000e-01  6.100000000e-01  6.200000000e-01  6.300000000e-01
  6.400000000e-01  6.500000000e-01  6.600000000e-01  6.700000000e-01
  6.800000000e-01  6.900000000e-01  7.000000000e-01  7.100000000e-01
  7.200000000e-01  7.300000000e-01  7.400000000e-01  7.500000000e-01
  7.600000000e-01  7.700000000e-01  7.800000000e-01  7.900000000e-01
  8.000000000e-01  8.100000000e-01  8.200000000e-01  8.300000000e-01
  8.400000000e-01  8.500000000e-01  8.600000000e-01  8.700000000e-01
  8.800000000e-01  8.900000000e-01  9.000000000e-01  9.100000000e-01
  9.200000000e-01  9.300000000e-01  9.400000000e-01  9.500000000e-01
  9.600000000e-01  9.700000000e-01  9.800000000e-01  9.900000000e-01
  1.000000000e+00
@R AMAIN 1 []
  2.500000000e+00
@R ZMAIN 1 []
  1.000000000e+00
@I NIMP 1 []
                1
@R AIMP 1 []
  1.820000000e+02
@R ZIMP 1 []
  7.400000000e+01
@R FIMP 1 []
  1.480600010e-04
@R ENE 101 []
  2.065226973e+01  2.065226973e+01  2.064882402e+01  2.064308243e+01
  2.063504690e+01  2.062472010e+01  2.061210547e+01  2.059720722e+01
  2.058003031e+01  2.056058046e+01  2.053886415e+01  2.051488859e+01
  2.048866176e+01  2.046019236e+01  2.042948985e+01  2.039656438e+01
  2.036142687e+01  2.032408895e+01  2.028456293e+01  2.024286186e+01
  2.019899948e+01  2.015299023e+01  2.010484921e+01  2.005459221e+01
  2.000223569e+01  1.994779677e+01  1.989129320e+01  1.983274339e+01
  1.977216636e+01  1.970958176e+01  1.964500985e+01  1.957893843e+01
  1.951156559e+01  1.944247748e+01  1.937126027e+01  1.929750011e+01
  1.922032664e+01  1.913973521e+01  1.905661054e+01  1.897183732e+01
  1.888630026e+01  1.880148127e+01  1.871807150e+01  1.863576952e+01
  1.855427388e+01  1.847328314e+01  1.839264711e+01  1.831193152e+01
  1.823040880e+01  1.814735142e+01  1.806203182e+01  1.797334570e+01
  1.788035709e+01  1.778259091e+01  1.767957208e+01  1.757082555e+01
  1.745615385e+01  1.733582753e+01  1.721007354e+01  1.707911883e+01
  1.694319036e+01  1.680274755e+01  1.665839996e+01  1.651059972e+01
  1.635979895e+01  1.620644979e+01  1.605104617e+01  1.589394701e+01
  1.573540196e+01  1.557566062e+01  1.541497265e+01  1.525351908e+01
  1.509136213e+01  1.492857318e+01  1.476522361e+01  1.460138481e+01
  1.443704223e+01  1.427219222e+01  1.410692244e+01  1.394132056e+01
  1.377547427e+01  1.360962604e+01  1.344388106e+01  1.327812105e+01
  1.311222771e+01  1.294608276e+01  1.277854607e+01  1.260910149e+01
  1.243856669e+01  1.226775933e+01  1.209749709e+01  1.180878081e+01
  1.150293214e+01  1.117916271e+01  1.083902924e+01  1.048759362e+01
  1.013412506e+01  9.791631365e+00  9.474779629e+00  9.196629603e+00
  8.965533237e+00
@R TE 101 []
  1.853255203e+01  1.853255203e+01  1.850092209e+01  1.846012763e+01
  1.841023850e+01  1.835133789e+01  1.828352222e+01  1.820690089e+01
  1.812159617e+01  1.802774284e+01  1.792548795e+01  1.781499050e+01
  1.769642105e+01  1.756996135e+01  1.743580390e+01  1.729415150e+01
  1.714521678e+01  1.698922169e+01  1.682639695e+01  1.665698152e+01
  1.648122206e+01  1.629937226e+01  1.611169234e+01  1.591844836e+01
  1.571991164e+01  1.551635812e+01  1.530806770e+01  1.509532366e+01
  1.487841197e+01  1.465762066e+01  1.443323921e+01  1.420733691e+01
  1.398195203e+01  1.375732834e+01  1.353370956e+01  1.331133944e+01
  1.309057182e+01  1.287171251e+01  1.265493323e+01  1.244040568e+01
  1.222830159e+01  1.201871278e+01  1.181168311e+01  1.160731232e+01
  1.140570011e+01  1.120694622e+01  1.101124316e+01  1.081864922e+01
  1.062906281e+01  1.044238234e+01  1.025850621e+01  1.007715269e+01
  9.898097905e+00  9.721327050e+00  9.546825322e+00  9.374577915e+00
  9.204679032e+00  9.037308991e+00  8.872582152e+00  8.710612869e+00
  8.551515490e+00  8.395411107e+00  8.242397014e+00  8.092551827e+00
  7.945954115e+00  7.802682372e+00  7.662836499e+00  7.526435269e+00
  7.393435204e+00  7.263792436e+00  7.137462507e+00  7.014376510e+00
  6.894422622e+00  6.777489742e+00  6.663463654e+00  6.552225413e+00
  6.443626431e+00  6.337532402e+00  6.233827578e+00  6.132371219e+00
  6.032984734e+00  5.935463116e+00  5.839518996e+00  5.744706412e+00
  5.650385670e+00  5.555630845e+00  5.459223126e+00  5.359208346e+00
  5.252641270e+00  5.135584746e+00  5.003038382e+00  4.677109244e+00
  4.269222157e+00  3.770160352e+00  3.186679485e+00  2.547936895e+00
  1.902676877e+00  1.304840580e+00  7.953664563e-01  3.919693146e-01
  9.105218113e-02
@R TI 101 []
  1.837667672e+01  1.837667672e+01  1.834416909e+01  1.830209673e+01
  1.825053416e+01  1.818957090e+01  1.811931123e+01  1.803987407e+01
  1.795139262e+01  1.785401414e+01  1.774789951e+01  1.763322295e+01
  1.751017147e+01  1.737894450e+01  1.723975331e+01  1.709282052e+01
  1.693837951e+01  1.677667381e+01  1.660795649e+01  1.643248949e+01
  1.625054297e+01  1.606239459e+01  1.586832883e+01  1.566863628e+01
  1.546361285e+01  1.525355912e+01  1.503877953e+01  1.481958168e+01
  1.459627556e+01  1.436917285e+01  1.413858617e+01  1.390639320e+01
  1.367459886e+01  1.344370685e+01  1.321422090e+01  1.298664472e+01
  1.276176093e+01  1.254018726e+01  1.232218013e+01  1.210799597e+01
  1.189789120e+01  1.169197145e+01  1.149020923e+01  1.129266121e+01
  1.109938411e+01  1.091043462e+01  1.072598595e+01  1.054598147e+01
  1.037013306e+01  1.019815261e+01  1.002975203e+01  9.864470707e+00
  9.701945902e+00  9.542036252e+00  9.384600405e+00  9.229497000e+00
  9.076691809e+00  8.926224775e+00  8.778065791e+00  8.632184750e+00
  8.488551533e+00  8.347115551e+00  8.207849040e+00  8.070756083e+00
  7.935840715e+00  7.803106899e+00  7.672591753e+00  7.544325832e+00
  7.418302973e+00  7.294516631e+00  7.172959676e+00  7.053613197e+00
  6.936437244e+00  6.821390881e+00  6.708430086e+00  6.597506158e+00
  6.488544401e+00  6.381472907e+00  6.276229101e+00  6.172725623e+00
  6.070837567e+00  5.970406228e+00  5.871192601e+00  5.772808462e+00
  5.674672988e+00  5.575920608e+00  5.475415085e+00  5.371274666e+00
  5.260601663e+00  5.139506562e+00  5.003033248e+00  4.676947957e+00
  4.269122790e+00  3.770225378e+00  3.186865068e+00  2.548098257e+00
  1.902685209e+00  1.304687881e+00  7.951736491e-01  3.919087283e-01
  9.126354417e-02
@R ZEFF 101 []
  1.799820125e+00  1.799820125e+00  1.799770018e+00  1.799686854e+00
  1.799570825e+00  1.799422044e+00  1.799238144e+00  1.799007035e+00
  1.798713960e+00  1.798343799e+00  1.797880971e+00  1.797313639e+00
  1.796635723e+00  1.795839616e+00  1.794917399e+00  1.793860852e+00
  1.792651745e+00  1.791261899e+00  1.789667876e+00  1.787846254e+00
  1.785773803e+00  1.783442730e+00  1.780882397e+00  1.778126713e+00
  1.775211028e+00  1.772172026e+00  1.769062352e+00  1.765917434e+00
  1.762749268e+00  1.759570138e+00  1.756392569e+00  1.753219504e+00
  1.750051045e+00  1.746895850e+00  1.743762858e+00  1.740661222e+00
  1.737602720e+00  1.734598577e+00  1.731657249e+00  1.728787131e+00
  1.725996443e+00  1.723291617e+00  1.720677355e+00  1.718158557e+00
  1.715739409e+00  1.713423389e+00  1.711214936e+00  1.709111831e+00
  1.707107137e+00  1.705194081e+00  1.703366076e+00  1.701614039e+00
  1.699930402e+00  1.698311085e+00  1.696752131e+00  1.695249726e+00
  1.693801134e+00  1.692405461e+00  1.691061691e+00  1.689768704e+00
  1.688525296e+00  1.687330640e+00  1.686184498e+00  1.685086366e+00
  1.684035591e+00  1.683031380e+00  1.682073188e+00  1.681160119e+00
  1.680290740e+00  1.679463585e+00  1.678677171e+00  1.677929863e+00
  1.677219778e+00  1.676545090e+00  1.675904044e+00  1.675294949e+00
  1.674715979e+00  1.674165511e+00  1.673642246e+00  1.673144935e+00
  1.672672373e+00  1.672223630e+00  1.671797750e+00  1.671393568e+00
  1.671009983e+00  1.670645952e+00  1.670300788e+00  1.669973299e+00
  1.669661864e+00  1.669365033e+00  1.669081525e+00  1.668160919e+00
  1.667239132e+00  1.666402772e+00  1.665755535e+00  1.665358523e+00
  1.665182284e+00  1.665132376e+00  1.665125066e+00  1.665124708e+00
  1.665124707e+00
@R OMEGA 101 []
  4.992501875e+03  4.992501875e+03  4.978801804e+03  4.961079526e+03
  4.940120160e+03  4.916382264e+03  4.890178959e+03  4.861743180e+03
  4.831258024e+03  4.798873089e+03  4.764714177e+03  4.728889466e+03
  4.691493659e+03  4.652610886e+03  4.612316799e+03  4.570680145e+03
  4.527763951e+03  4.483626454e+03  4.438321832e+03  4.391900796e+03
  4.344411068e+03  4.295897774e+03  4.246403778e+03  4.195969955e+03
  4.144635428e+03  4.092437767e+03  4.039413164e+03  3.985596584e+03
  3.931021896e+03  3.875721988e+03  3.819728870e+03  3.763073767e+03
  3.705787199e+03  3.647899055e+03  3.589438660e+03  3.530434837e+03
  3.470915960e+03  3.410910006e+03  3.350444605e+03  3.289547080e+03
  3.228244492e+03  3.166563674e+03  3.104531273e+03  3.042173783e+03
  2.979517575e+03  2.916588934e+03  2.853414088e+03  2.790019238e+03
  2.726430588e+03  2.662674375e+03  2.598776897e+03  2.534764544e+03
  2.470663824e+03  2.406501396e+03  2.342304099e+03  2.278098979e+03
  2.213913327e+03  2.149774707e+03  2.085710992e+03  2.021750397e+03
  1.957921519e+03  1.894253376e+03  1.830775447e+03  1.767517715e+03
  1.704510722e+03  1.641785608e+03  1.579374179e+03  1.517308956e+03
  1.455623246e+03  1.394351213e+03  1.333527952e+03  1.273189580e+03
  1.213373329e+03  1.154117653e+03  1.095462349e+03  1.037448686e+03
  9.801195629e+02  9.235196753e+02  8.676957162e+02  8.126966008e+02
  7.585737302e+02  7.053812976e+02  6.531766492e+02  6.020207128e+02
  5.519785103e+02  5.031197796e+02  4.555197357e+02  4.092600162e+02
  3.644298727e+02  3.211276991e+02  2.794630303e+02  2.395592200e+02
  2.015571260e+02  1.656203590e+02  1.319430748e+02  1.007621703e+02
  7.237775876e+01  4.719105135e+01  2.578549737e+01  9.151104569e+00
 -1.787014980e-12
@R Q 101 []
  0.000000000e+00  0.000000000e+00  0.000000000e+00  0.000000000e+00
  0.000000000e+00  0.000000000e+00  0.000000000e+00  0.000000000e+00
  0.000000000e+00  0.000000000e+00  0.000000000e+00  0.000000000e+00
  0.000000000e+00  0.000000000e+00  0.000000000e+00  0.000000000e+00
  0.000000000e+00  0.000000000e+00  0.000000000e+00  0.000000000e+00
  0.000000000e+00  0.000000000e+00  0.000000000e+00  0.000000000e+00
  0.000000000e+00  0.000000000e+00  0.000000000e+00  0.000000000e+00
  0.000000000e+00  0.000000000e+00  0.000000000e+00  0.000000000e+00
  0.000000000e+00  0.000000000e+00  0.000000000e+00  0.000000000e+00
  0.000000000e+00  0.000000000e+00  0.000000000e+00  0.000000000e+00
  0.000000000e+00  0.000000000e+00  0.000000000e+00  0.000000000e+00
  0.000000000e+00  0.000000000e+00  0.000000000e+00  0.000000000e+00
  0.000000000e+00  0.000000000e+00  0.000000000e+00  0.000000000e+00
  0.000000000e+00  0.000000000e+00  0.000000000e+00  0.000000000e+00
  0.000000000e+00  0.000000000e+00  0.000000000e+00  0.000000000e+00
  0.000000000e+00  0.000000000e+00  0.000000000e+00  0.000000000e+00
  0.000000000e+00  0.000000000e+00  0.000000000e+00  0.000000000e+00
  0.000000000e+00  0.000000000e+00  0.000000000e+00  0.000000000e+00
  0.000000000e+00  0.000000000e+00  0.000000000e+00  0.000000000e+00
  0.000000000e+00  0.000000000e+00  0.000000000e+00  0.000000000e+00
  0.000000000e+00  0.000000000e+00  0.000000000e+00  0.000000000e+00
  0.000000000e+00  0.000000000e+00  0.000000000e+00  0.000000000e+00
  0.000000000e+00  0.000000000e+00  0.000000000e+00  0.000000000e+00
  0.000000000e+00  0.000000000e+00  0.000000000e+00  0.000000000e+00
  0.000000000e+00  0.000000000e+00  0.000000000e+00  0.000000000e+00
  0.000000000e+00
@R FP 101 []
  0.000000000e+00  0.000000000e+00  0.000000000e+00  0.000000000e+00
  0.000000000e+00  0.000000000e+00  0.000000000e+00  0.000000000e+00
  0.000000000e+00  0.000000000e+00  0.000000000e+00  0.000000000e+00
  0.000000000e+00  0.000000000e+00  0.000000000e+00  0.000000000e+00
  0.000000000e+00  0.000000000e+00  0.000000000e+00  0.000000000e+00
  0.000000000e+00  0.000000000e+00  0.000000000e+00  0.000000000e+00
  0.000000000e+00  0.000000000e+00  0.000000000e+00  0.000000000e+00
  0.000000000e+00  0.000000000e+00  0.000000000e+00  0.000000000e+00
  0.000000000e+00  0.000000000e+00  0.000000000e+00  0.000000000e+00
  0.000000000e+00  0.000000000e+00  0.000000000e+00  0.000000000e+00
  0.000000000e+00  0.000000000e+00  0.000000000e+00  0.000000000e+00
  0.000000000e+00  0.000000000e+00  0.000000000e+00  0.000000000e+00
  0.000000000e+00  0.000000000e+00  0.000000000e+00  0.000000000e+00
  0.000000000e+00  0.000000000e+00  0.000000000e+00  0.000000000e+00
  0.000000000e+00  0.000000000e+00  0.000000000e+00  0.000000000e+00
  0.000000000e+00  0.000000000e+00  0.000000000e+00  0.000000000e+00
  0.000000000e+00  0.000000000e+00  0.000000000e+00  0.000000000e+00
  0.000000000e+00  0.000000000e+00  0.000000000e+00  0.000000000e+00
  0.000000000e+00  0.000000000e+00  0.000000000e+00  0.000000000e+00
  0.000000000e+00  0.000000000e+00  0.000000000e+00  0.000000000e+00
  0.000000000e+00  0.000000000e+00  0.000000000e+00  0.000000000e+00
  0.000000000e+00  0.000000000e+00  0.000000000e+00  0.000000000e+00
  0.000000000e+00  0.000000000e+00  0.000000000e+00  0.000000000e+00
  0.000000000e+00  0.000000000e+00  0.000000000e+00  0.000000000e+00
  0.000000000e+00  0.000000000e+00  0.000000000e+00  0.000000000e+00
  0.000000000e+00
@R CURPAR 101 []
  2.840513237e+00  2.840436461e+00  2.840154836e+00  2.839587266e+00
  2.838707668e+00  2.837527043e+00  2.836056831e+00  2.834304300e+00
  2.832274219e+00  2.829968884e+00  2.827388980e+00  2.824534288e+00
  2.821404128e+00  2.817997590e+00  2.814313628e+00  2.810351092e+00
  2.806108736e+00  2.801585214e+00  2.796779084e+00  2.791688802e+00
  2.786312720e+00  2.780649084e+00  2.774696031e+00  2.768451583e+00
  2.761913649e+00  2.755080016e+00  2.747948348e+00  2.740516179e+00
  2.732780912e+00  2.724739810e+00  2.716389995e+00  2.707728438e+00
  2.698751954e+00  2.689457198e+00  2.679840656e+00  2.669898636e+00
  2.659627261e+00  2.649022461e+00  2.638079962e+00  2.626795277e+00
  2.615163696e+00  2.603180270e+00  2.590839802e+00  2.578136831e+00
  2.565065618e+00  2.551620132e+00  2.537794026e+00  2.523580624e+00
  2.508972899e+00  2.493963445e+00  2.478544461e+00  2.462707717e+00
  2.446444527e+00  2.429745716e+00  2.412601586e+00  2.395001873e+00
  2.376935710e+00  2.358391571e+00  2.339357226e+00  2.319819677e+00
  2.299765093e+00  2.279178740e+00  2.258044897e+00  2.236346764e+00
  2.214066359e+00  2.191184403e+00  2.167680183e+00  2.143531406e+00
  2.118714024e+00  2.093202036e+00  2.066967260e+00  2.039979070e+00
  2.012204084e+00  1.983605806e+00  1.954144196e+00  1.923775165e+00
  1.892449972e+00  1.860114483e+00  1.826708287e+00  1.792163598e+00
  1.756403881e+00  1.719342135e+00  1.680878680e+00  1.640898271e+00
  1.599266248e+00  1.555823247e+00  1.510377640e+00  1.462694215e+00
  1.412476551e+00  1.359339948e+00  1.302774707e+00  1.242112992e+00
  1.176543546e+00  1.105262079e+00  1.027869448e+00  9.450635645e-01
  8.594810852e-01  7.764467393e-01  7.030933886e-01  6.490002423e-01
  6.282341720e-01
@R CURBEAM 101 []
  0.000000000e+00  0.000000000e+00  0.000000000e+00  0.000000000e+00
  0.000000000e+00  0.000000000e+00  0.000000000e+00  0.000000000e+00
  0.000000000e+00  0.000000000e+00  0.000000000e+00  0.000000000e+00
  0.000000000e+00  0.000000000e+00  0.000000000e+00  0.000000000e+00
  0.000000000e+00  0.000000000e+00  0.000000000e+00  0.000000000e+00
  0.000000000e+00  0.000000000e+00  0.000000000e+00  0.000000000e+00
  0.000000000e+00  0.000000000e+00  0.000000000e+00  0.000000000e+00
  0.000000000e+00  0.000000000e+00  0.000000000e+00  0.000000000e+00
  0.000000000e+00  0.000000000e+00  0.000000000e+00  0.000000000e+00
  0.000000000e+00  0.000000000e+00  0.000000000e+00  0.000000000e+00
  0.000000000e+00  0.000000000e+00  0.000000000e+00  0.000000000e+00
  0.000000000e+00  0.000000000e+00  0.000000000e+00  0.000000000e+00
  0.000000000e+00  0.000000000e+00  0.000000000e+00  0.000000000e+00
  0.000000000e+00  0.000000000e+00  0.000000000e+00  0.000000000e+00
  0.000000000e+00  0.000000000e+00  0.000000000e+00  0.000000000e+00
  0.000000000e+00  0.000000000e+00  0.000000000e+00  0.000000000e+00
  0.000000000e+00  0.000000000e+00  0.000000000e+00  0.000000000e+00
  0.000000000e+00  0.000000000e+00  0.000000000e+00  0.000000000e+00
  0.000000000e+00  0.000000000e+00  0.000000000e+00  0.000000000e+00
  0.000000000e+00  0.000000000e+00  0.000000000e+00  0.000000000e+00
  0.000000000e+00  0.000000000e+00  0.000000000e+00  0.000000000e+00
  0.000000000e+00  0.000000000e+00  0.000000000e+00  0.000000000e+00
  0.000000000e+00  0.000000000e+00  0.000000000e+00  0.000000000e+00
  0.000000000e+00  0.000000000e+00  0.000000000e+00  0.000000000e+00
  0.000000000e+00  0.000000000e+00  0.000000000e+00  0.000000000e+00
  0.000000000e+00
@R CURRF 101 []
  0.000000000e+00  0.000000000e+00  0.000000000e+00  0.000000000e+00
  0.000000000e+00  0.000000000e+00  0.000000000e+00  0.000000000e+00
  0.000000000e+00  0.000000000e+00  0.000000000e+00  0.000000000e+00
  0.000000000e+00  0.000000000e+00  0.000000000e+00  0.000000000e+00
  0.000000000e+00  0.000000000e+00  0.000000000e+00  0.000000000e+00
  0.000000000e+00  0.000000000e+00  0.000000000e+00  0.000000000e+00
  0.000000000e+00  0.000000000e+00  0.000000000e+00  0.000000000e+00
  0.000000000e+00  0.000000000e+00  0.000000000e+00  0.000000000e+00
  0.000000000e+00  0.000000000e+00  0.000000000e+00  0.000000000e+00
  0.000000000e+00  0.000000000e+00  0.000000000e+00  0.000000000e+00
  0.000000000e+00  0.000000000e+00  0.000000000e+00  0.000000000e+00
  0.000000000e+00  0.000000000e+00  0.000000000e+00  0.000000000e+00
  0.000000000e+00  0.000000000e+00  0.000000000e+00  0.000000000e+00
  0.000000000e+00  0.000000000e+00  0.000000000e+00  0.000000000e+00
  0.000000000e+00  0.000000000e+00  0.000000000e+00  0.000000000e+00
  0.000000000e+00  0.000000000e+00  0.000000000e+00  0.000000000e+00
  0.000000000e+00  0.000000000e+00  0.000000000e+00  0.000000000e+00
  0.000000000e+00  0.000000000e+00  0.000000000e+00  0.000000000e+00
  0.000000000e+00  0.000000000e+00  0.000000000e+00  0.000000000e+00
  0.000000000e+00  0.000000000e+00  0.000000000e+00  0.000000000e+00
  0.000000000e+00  0.000000000e+00  0.000000000e+00  0.000000000e+00
  0.000000000e+00  0.000000000e+00  0.000000000e+00  0.000000000e+00
  0.000000000e+00  0.000000000e+00  0.000000000e+00  0.000000000e+00
  0.000000000e+00  0.000000000e+00  0.000000000e+00  0.000000000e+00
  0.000000000e+00  0.000000000e+00  0.000000000e+00  0.000000000e+00
  0.000000000e+00
@R CURBOOT 101 []
  0.000000000e+00  0.000000000e+00  0.000000000e+00  0.000000000e+00
  0.000000000e+00  0.000000000e+00  0.000000000e+00  0.000000000e+00
  0.000000000e+00  0.000000000e+00  0.000000000e+00  0.000000000e+00
  0.000000000e+00  0.000000000e+00  0.000000000e+00  0.000000000e+00
  0.000000000e+00  0.000000000e+00  0.000000000e+00  0.000000000e+00
  0.000000000e+00  0.000000000e+00  0.000000000e+00  0.000000000e+00
  0.000000000e+00  0.000000000e+00  0.000000000e+00  0.000000000e+00
  0.000000000e+00  0.000000000e+00  0.000000000e+00  0.000000000e+00
  0.000000000e+00  0.000000000e+00  0.000000000e+00  0.000000000e+00
  0.000000000e+00  0.000000000e+00  0.000000000e+00  0.000000000e+00
  0.000000000e+00  0.000000000e+00  0.000000000e+00  0.000000000e+00
  0.000000000e+00  0.000000000e+00  0.000000000e+00  0.000000000e+00
  0.000000000e+00  0.000000000e+00  0.000000000e+00  0.000000000e+00
  0.000000000e+00  0.000000000e+00  0.000000000e+00  0.000000000e+00
  0.000000000e+00  0.000000000e+00  0.000000000e+00  0.000000000e+00
  0.000000000e+00  0.000000000e+00  0.000000000e+00  0.000000000e+00
  0.000000000e+00  0.000000000e+00  0.000000000e+00  0.000000000e+00
  0.000000000e+00  0.000000000e+00  0.000000000e+00  0.000000000e+00
  0.000000000e+00  0.000000000e+00  0.000000000e+00  0.000000000e+00
  0.000000000e+00  0.000000000e+00  0.000000000e+00  0.000000000e+00
  0.000000000e+00  0.000000000e+00  0.000000000e+00  0.000000000e+00
  0.000000000e+00  0.000000000e+00  0.000000000e+00  0.000000000e+00
  0.000000000e+00  0.000000000e+00  0.000000000e+00  0.000000000e+00
  0.000000000e+00  0.000000000e+00  0.000000000e+00  0.000000000e+00
  0.000000000e+00  0.000000000e+00  0.000000000e+00  0.000000000e+00
  0.000000000e+00
@R ENBEAM 101 []
  0.000000000e+00  0.000000000e+00  0.000000000e+00  0.000000000e+00
  0.000000000e+00  0.000000000e+00  0.000000000e+00  0.000000000e+00
  0.000000000e+00  0.000000000e+00  0.000000000e+00  0.000000000e+00
  0.000000000e+00  0.000000000e+00  0.000000000e+00  0.000000000e+00
  0.000000000e+00  0.000000000e+00  0.000000000e+00  0.000000000e+00
  0.000000000e+00  0.000000000e+00  0.000000000e+00  0.000000000e+00
  0.000000000e+00  0.000000000e+00  0.000000000e+00  0.000000000e+00
  0.000000000e+00  0.000000000e+00  0.000000000e+00  0.000000000e+00
  0.000000000e+00  0.000000000e+00  0.000000000e+00  0.000000000e+00
  0.000000000e+00  0.000000000e+00  0.000000000e+00  0.000000000e+00
  0.000000000e+00  0.000000000e+00  0.000000000e+00  0.000000000e+00
  0.000000000e+00  0.000000000e+00  0.000000000e+00  0.000000000e+00
  0.000000000e+00  0.000000000e+00  0.000000000e+00  0.000000000e+00
  0.000000000e+00  0.000000000e+00  0.000000000e+00  0.000000000e+00
  0.000000000e+00  0.000000000e+00  0.000000000e+00  0.000000000e+00
  0.000000000e+00  0.000000000e+00  0.000000000e+00  0.000000000e+00
  0.000000000e+00  0.000000000e+00  0.000000000e+00  0.000000000e+00
  0.000000000e+00  0.000000000e+00  0.000000000e+00  0.000000000e+00
  0.000000000e+00  0.000000000e+00  0.000000000e+00  0.000000000e+00
  0.000000000e+00  0.000000000e+00  0.000000000e+00  0.000000000e+00
  0.000000000e+00  0.000000000e+00  0.000000000e+00  0.000000000e+00
  0.000000000e+00  0.000000000e+00  0.000000000e+00  0.000000000e+00
  0.000000000e+00  0.000000000e+00  0.000000000e+00  0.000000000e+00
  0.000000000e+00  0.000000000e+00  0.000000000e+00  0.000000000e+00
  0.000000000e+00  0.000000000e+00  0.000000000e+00  0.000000000e+00
  0.000000000e+00
@R WBEAM 101 []
  0.000000000e+00  0.000000000e+00  0.000000000e+00  0.000000000e+00
  0.000000000e+00  0.000000000e+00  0.000000000e+00  0.000000000e+00
  0.000000000e+00  0.000000000e+00  0.000000000e+00  0.000000000e+00
  0.000000000e+00  0.000000000e+00  0.000000000e+00  0.000000000e+00
  0.000000000e+00  0.000000000e+00  0.000000000e+00  0.000000000e+00
  0.000000000e+00  0.000000000e+00  0.000000000e+00  0.000000000e+00
  0.000000000e+00  0.000000000e+00  0.000000000e+00  0.000000000e+00
  0.000000000e+00  0.000000000e+00  0.000000000e+00  0.000000000e+00
  0.000000000e+00  0.000000000e+00  0.000000000e+00  0.000000000e+00
  0.000000000e+00  0.000000000e+00  0.000000000e+00  0.000000000e+00
  0.000000000e+00  0.000000000e+00  0.000000000e+00  0.000000000e+00
  0.000000000e+00  0.000000000e+00  0.000000000e+00  0.000000000e+00
  0.000000000e+00  0.000000000e+00  0.000000000e+00  0.000000000e+00
  0.000000000e+00  0.000000000e+00  0.000000000e+00  0.000000000e+00
  0.000000000e+00  0.000000000e+00  0.000000000e+00  0.000000000e+00
  0.000000000e+00  0.000000000e+00  0.000000000e+00  0.000000000e+00
  0.000000000e+00  0.000000000e+00  0.000000000e+00  0.000000000e+00
  0.000000000e+00  0.000000000e+00  0.000000000e+00  0.000000000e+00
  0.000000000e+00  0.000000000e+00  0.000000000e+00  0.000000000e+00
  0.000000000e+00  0.000000000e+00  0.000000000e+00  0.000000000e+00
  0.000000000e+00  0.000000000e+00  0.000000000e+00  0.000000000e+00
  0.000000000e+00  0.000000000e+00  0.000000000e+00  0.000000000e+00
  0.000000000e+00  0.000000000e+00  0.000000000e+00  0.000000000e+00
  0.000000000e+00  0.000000000e+00  0.000000000e+00  0.000000000e+00
  0.000000000e+00  0.000000000e+00  0.000000000e+00  0.000000000e+00
  0.000000000e+00
@R QBEAME 101 []
  0.000000000e+00  0.000000000e+00  0.000000000e+00  0.000000000e+00
  0.000000000e+00  0.000000000e+00  0.000000000e+00  0.000000000e+00
  0.000000000e+00  0.000000000e+00  0.000000000e+00  0.000000000e+00
  0.000000000e+00  0.000000000e+00  0.000000000e+00  0.000000000e+00
  0.000000000e+00  0.000000000e+00  0.000000000e+00  0.000000000e+00
  0.000000000e+00  0.000000000e+00  0.000000000e+00  0.000000000e+00
  0.000000000e+00  0.000000000e+00  0.000000000e+00  0.000000000e+00
  0.000000000e+00  0.000000000e+00  0.000000000e+00  0.000000000e+00
  0.000000000e+00  0.000000000e+00  0.000000000e+00  0.000000000e+00
  0.000000000e+00  0.000000000e+00  0.000000000e+00  0.000000000e+00
  0.000000000e+00  0.000000000e+00  0.000000000e+00  0.000000000e+00
  0.000000000e+00  0.000000000e+00  0.000000000e+00  0.000000000e+00
  0.000000000e+00  0.000000000e+00  0.000000000e+00  0.000000000e+00
  0.000000000e+00  0.000000000e+00  0.000000000e+00  0.000000000e+00
  0.000000000e+00  0.000000000e+00  0.000000000e+00  0.000000000e+00
  0.000000000e+00  0.000000000e+00  0.000000000e+00  0.000000000e+00
  0.000000000e+00  0.000000000e+00  0.000000000e+00  0.000000000e+00
  0.000000000e+00  0.000000000e+00  0.000000000e+00  0.000000000e+00
  0.000000000e+00  0.000000000e+00  0.000000000e+00  0.000000000e+00
  0.000000000e+00  0.000000000e+00  0.000000000e+00  0.000000000e+00
  0.000000000e+00  0.000000000e+00  0.000000000e+00  0.000000000e+00
  0.000000000e+00  0.000000000e+00  0.000000000e+00  0.000000000e+00
  0.000000000e+00  0.000000000e+00  0.000000000e+00  0.000000000e+00
  0.000000000e+00  0.000000000e+00  0.000000000e+00  0.000000000e+00
  0.000000000e+00  0.000000000e+00  0.000000000e+00  0.000000000e+00
  0.000000000e+00
@R QBEAMI 101 []
  0.000000000e+00  0.000000000e+00  0.000000000e+00  0.000000000e+00
  0.000000000e+00  0.000000000e+00  0.000000000e+00  0.000000000e+00
  0.000000000e+00  0.000000000e+00  0.000000000e+00  0.000000000e+00
  0.000000000e+00  0.000000000e+00  0.000000000e+00  0.000000000e+00
  0.000000000e+00  0.000000000e+00  0.000000000e+00  0.000000000e+00
  0.000000000e+00  0.000000000e+00  0.000000000e+00  0.000000000e+00
  0.000000000e+00  0.000000000e+00  0.000000000e+00  0.000000000e+00
  0.000000000e+00  0.000000000e+00  0.000000000e+00  0.000000000e+00
  0.000000000e+00  0.000000000e+00  0.000000000e+00  0.000000000e+00
  0.000000000e+00  0.000000000e+00  0.000000000e+00  0.000000000e+00
  0.000000000e+00  0.000000000e+00  0.000000000e+00  0.000000000e+00
  0.000000000e+00  0.000000000e+00  0.000000000e+00  0.000000000e+00
  0.000000000e+00  0.000000000e+00  0.000000000e+00  0.000000000e+00
  0.000000000e+00  0.000000000e+00  0.000000000e+00  0.000000000e+00
  0.000000000e+00  0.000000000e+00  0.000000000e+00  0.000000000e+00
  0.000000000e+00  0.000000000e+00  0.000000000e+00  0.000000000e+00
  0.000000000e+00  0.000000000e+00  0.000000000e+00  0.000000000e+00
  0.000000000e+00  0.000000000e+00  0.000000000e+00  0.000000000e+00
  0.000000000e+00  0.000000000e+00  0.000000000e+00  0.000000000e+00
  0.000000000e+00  0.000000000e+00  0.000000000e+00  0.000000000e+00
  0.000000000e+00  0.000000000e+00  0.000000000e+00  0.000000000e+00
  0.000000000e+00  0.000000000e+00  0.000000000e+00  0.000000000e+00
  0.000000000e+00  0.000000000e+00  0.000000000e+00  0.000000000e+00
  0.000000000e+00  0.000000000e+00  0.000000000e+00  0.000000000e+00
  0.000000000e+00  0.000000000e+00  0.000000000e+00  0.000000000e+00
  0.000000000e+00
@R ENALP 101 []
  0.000000000e+00  0.000000000e+00  0.000000000e+00  0.000000000e+00
  0.000000000e+00  0.000000000e+00  0.000000000e+00  0.000000000e+00
  0.000000000e+00  0.000000000e+00  0.000000000e+00  0.000000000e+00
  0.000000000e+00  0.000000000e+00  0.000000000e+00  0.000000000e+00
  0.000000000e+00  0.000000000e+00  0.000000000e+00  0.000000000e+00
  0.000000000e+00  0.000000000e+00  0.000000000e+00  0.000000000e+00
  0.000000000e+00  0.000000000e+00  0.000000000e+00  0.000000000e+00
  0.000000000e+00  0.000000000e+00  0.000000000e+00  0.000000000e+00
  0.000000000e+00  0.000000000e+00  0.000000000e+00  0.000000000e+00
  0.000000000e+00  0.000000000e+00  0.000000000e+00  0.000000000e+00
  0.000000000e+00  0.000000000e+00  0.000000000e+00  0.000000000e+00
  0.000000000e+00  0.000000000e+00  0.000000000e+00  0.000000000e+00
  0.000000000e+00  0.000000000e+00  0.000000000e+00  0.000000000e+00
  0.000000000e+00  0.000000000e+00  0.000000000e+00  0.000000000e+00
  0.000000000e+00  0.000000000e+00  0.000000000e+00  0.000000000e+00
  0.000000000e+00  0.000000000e+00  0.000000000e+00  0.000000000e+00
  0.000000000e+00  0.000000000e+00  0.000000000e+00  0.000000000e+00
  0.000000000e+00  0.000000000e+00  0.000000000e+00  0.000000000e+00
  0.000000000e+00  0.000000000e+00  0.000000000e+00  0.000000000e+00
  0.000000000e+00  0.000000000e+00  0.000000000e+00  0.000000000e+00
  0.000000000e+00  0.000000000e+00  0.000000000e+00  0.000000000e+00
  0.000000000e+00  0.000000000e+00  0.000000000e+00  0.000000000e+00
  0.000000000e+00  0.000000000e+00  0.000000000e+00  0.000000000e+00
  0.000000000e+00  0.000000000e+00  0.000000000e+00  0.000000000e+00
  0.000000000e+00  0.000000000e+00  0.000000000e+00  0.000000000e+00
  0.000000000e+00
@R WALP 101 []
  0.000000000e+00  0.000000000e+00  0.000000000e+00  0.000000000e+00
  0.000000000e+00  0.000000000e+00  0.000000000e+00  0.000000000e+00
  0.000000000e+00  0.000000000e+00  0.000000000e+00  0.000000000e+00
  0.000000000e+00  0.000000000e+00  0.000000000e+00  0.000000000e+00
  0.000000000e+00  0.000000000e+00  0.000000000e+00  0.000000000e+00
  0.000000000e+00  0.000000000e+00  0.000000000e+00  0.000000000e+00
  0.000000000e+00  0.000000000e+00  0.000000000e+00  0.000000000e+00
  0.000000000e+00  0.000000000e+00  0.000000000e+00  0.000000000e+00
  0.000000000e+00  0.000000000e+00  0.000000000e+00  0.000000000e+00
  0.000000000e+00  0.000000000e+00  0.000000000e+00  0.000000000e+00
  0.000000000e+00  0.000000000e+00  0.000000000e+00  0.000000000e+00
  0.000000000e+00  0.000000000e+00  0.000000000e+00  0.000000000e+00
  0.000000000e+00  0.000000000e+00  0.000000000e+00  0.000000000e+00
  0.000000000e+00  0.000000000e+00  0.000000000e+00  0.000000000e+00
  0.000000000e+00  0.000000000e+00  0.000000000e+00  0.000000000e+00
  0.000000000e+00  0.000000000e+00  0.000000000e+00  0.000000000e+00
  0.000000000e+00  0.000000000e+00  0.000000000e+00  0.000000000e+00
  0.000000000e+00  0.000000000e+00  0.000000000e+00  0.000000000e+00
  0.000000000e+00  0.000000000e+00  0.000000000e+00  0.000000000e+00
  0.000000000e+00  0.000000000e+00  0.000000000e+00  0.000000000e+00
  0.000000000e+00  0.000000000e+00  0.000000000e+00  0.000000000e+00
  0.000000000e+00  0.000000000e+00  0.000000000e+00  0.000000000e+00
  0.000000000e+00  0.000000000e+00  0.000000000e+00  0.000000000e+00
  0.000000000e+00  0.000000000e+00  0.000000000e+00  0.000000000e+00
  0.000000000e+00  0.000000000e+00  0.000000000e+00  0.000000000e+00
  0.000000000e+00
@R QTFUSE 101 []
  1.055366816e+00  1.055339261e+00  1.055260590e+00  1.055139328e+00
  1.054982930e+00  1.054791300e+00  1.054531340e+00  1.054113879e+00
  1.053412321e+00  1.052290067e+00  1.050609917e+00  1.048243517e+00
  1.045078059e+00  1.041009041e+00  1.035930810e+00  1.029714687e+00
  1.022175171e+00  1.013085282e+00  1.002222883e+00  9.893775007e-01
  9.743748346e-01  9.571874703e-01  9.379884089e-01  9.170494344e-01
  8.946588264e-01  8.711493220e-01  8.468881363e-01  8.221564122e-01
  7.971055913e-01  7.718414016e-01  7.464560436e-01  7.210029502e-01
  6.955144109e-01  6.700390522e-01  6.446413216e-01  6.193911828e-01
  5.943704516e-01  5.696768423e-01  5.454142694e-01  5.216830822e-01
  4.985790246e-01  4.761850935e-01  4.545576717e-01  4.337314956e-01
  4.137322860e-01  3.945842332e-01  3.763021034e-01  3.588644358e-01
  3.422143678e-01  3.262873766e-01  3.110159610e-01  2.963253760e-01
  2.821532974e-01  2.684599569e-01  2.552160282e-01  2.423967705e-01
  2.299890323e-01  2.179923737e-01  2.064090728e-01  1.952395912e-01
  1.844839382e-01  1.741448085e-01  1.642272535e-01  1.547340905e-01
  1.456650555e-01  1.370185155e-01  1.287915456e-01  1.209777950e-01
  1.135669721e-01  1.065469295e-01  9.990451170e-02  9.362483431e-02
  8.769141229e-02  8.208747108e-02  7.679678684e-02  7.180322310e-02
  6.709053570e-02  6.264369629e-02  5.844955374e-02  5.449593564e-02
  5.077156752e-02  4.726630390e-02  4.396977813e-02  4.087067414e-02
  3.795770821e-02  3.522003340e-02  3.264667882e-02  3.022656336e-02
  2.794923723e-02  2.580523335e-02  2.280350590e-02  1.797108124e-02
  1.244263994e-02  7.600817526e-03  3.915538433e-03  1.607226341e-03
  4.882545522e-04  9.874489314e-05  1.112005909e-05  4.724332907e-07
  4.272384209e-09
@R QTFUSI 101 []
  5.123507073e-01  5.120942151e-01  5.113233232e-01  5.100348645e-01
  5.082246414e-01  5.058863055e-01  5.030058542e-01  4.995563339e-01
  4.955023513e-01  4.908073879e-01  4.854459466e-01  4.794222169e-01
  4.727644493e-01  4.655015502e-01  4.576585778e-01  4.492525469e-01
  4.402728063e-01  4.306812873e-01  4.204360878e-01  4.095017591e-01
  3.978563786e-01  3.855264594e-01  3.726082558e-01  3.592342729e-01
  3.455401704e-01  3.316723299e-01  3.177839058e-01  3.039905802e-01
  2.903560124e-01  2.769242476e-01  2.637325734e-01  2.508035559e-01
  2.381515061e-01  2.257949482e-01  2.137561096e-01  2.020572955e-01
  1.907227654e-01  1.797797459e-01  1.692550812e-01  1.591721212e-01
  1.495505437e-01  1.404040473e-01  1.317365246e-01  1.235442091e-01
  1.158200294e-01  1.085561447e-01  1.017417276e-01  9.535526433e-02
  8.936555062e-02  8.374048298e-02  7.844849077e-02  7.345720442e-02
  6.873913048e-02  6.427444915e-02  6.004714580e-02  5.604306137e-02
  5.225159874e-02  4.866579468e-02  4.527954337e-02  4.208633880e-02
  3.907966587e-02  3.625371729e-02  3.360315961e-02  3.112207141e-02
  2.880391569e-02  2.664203741e-02  2.462963847e-02  2.275922765e-02
  2.102263912e-02  1.941169227e-02  1.791842436e-02  1.653490439e-02
  1.525326222e-02  1.406599603e-02  1.296613770e-02  1.194712568e-02
  1.100274775e-02  1.012738475e-02  9.316093307e-03  8.564374248e-03
  7.868119858e-03  7.223638854e-03  6.627395973e-03  6.075864144e-03
  5.565686528e-03  5.093775250e-03  4.657201715e-03  4.253064986e-03
  3.878577353e-03  3.531222986e-03  3.049464707e-03  2.289985164e-03
  1.466435703e-03  8.098363185e-04  3.668419292e-04  1.281529445e-04
  3.187918222e-05  5.032034129e-06  4.135122208e-07  1.144404279e-08
  5.440376331e-11
@R QRFE 101 []
  1.483614783e-01  1.499434966e-01  1.530552365e-01  1.560580020e-01
  1.589429381e-01  1.617012020e-01  1.643244043e-01  1.668046651e-01
  1.691342620e-01  1.713057545e-01  1.733123553e-01  1.751477693e-01
  1.768060425e-01  1.782818350e-01  1.795704520e-01  1.806676415e-01
  1.815698195e-01  1.822741131e-01  1.827781743e-01  1.830803528e-01
  1.831797921e-01  1.830760808e-01  1.827696329e-01  1.822616468e-01
  1.815536198e-01  1.806479933e-01  1.795479157e-01  1.782569264e-01
  1.767791995e-01  1.751194805e-01  1.732830541e-01  1.712758569e-01
  1.691043556e-01  1.667754160e-01  1.642963858e-01  1.616749808e-01
  1.589191765e-01  1.560372862e-01  1.530378013e-01  1.499292981e-01
  1.467205898e-01  1.434206898e-01  1.400386730e-01  1.365840670e-01
  1.330665282e-01  1.294953654e-01  1.258799611e-01  1.222297002e-01
  1.185534957e-01  1.148601302e-01  1.111582884e-01  1.074561815e-01
  1.037619571e-01  1.000833647e-01  9.642788229e-02  9.280268088e-02
  8.921450853e-02  8.566984186e-02  8.217462151e-02  7.873449930e-02
  7.535465511e-02  7.203980012e-02  6.879433332e-02  6.562214200e-02
  6.252670264e-02  5.951114596e-02  5.657815826e-02  5.372999245e-02
  5.096854781e-02  4.829536396e-02  4.571159150e-02  4.321802151e-02
  4.081512072e-02  3.850302835e-02  3.628159860e-02  3.415039955e-02
  3.210871499e-02  3.015559003e-02  2.828984124e-02  2.651007556e-02
  2.481470886e-02  2.320198539e-02  2.166999742e-02  2.021670166e-02
  1.883993078e-02  1.753740557e-02  1.630675144e-02  1.514553443e-02
  1.405130527e-02  1.302162371e-02  1.205405275e-02  1.114610351e-02
  1.029520224e-02  9.498745260e-03  8.754173573e-03  8.058996934e-03
  7.410779621e-03  6.807132940e-03  6.245718938e-03  5.724267461e-03
  5.473253819e-03
@R QRFI 101 []
  4.450844348e-01  4.498304897e-01  4.591657096e-01  4.681740059e-01
  4.768288143e-01  4.851036059e-01  4.929732128e-01  5.004139952e-01
  5.074027859e-01  5.139172635e-01  5.199370658e-01  5.254433079e-01
  5.304181274e-01  5.348455051e-01  5.387113559e-01  5.420029244e-01
  5.447094586e-01  5.468223392e-01  5.483345230e-01  5.492410583e-01
  5.495393764e-01  5.492282424e-01  5.483088986e-01  5.467849405e-01
  5.446608593e-01  5.419439798e-01  5.386437470e-01  5.347707791e-01
  5.303375984e-01  5.253584414e-01  5.198491623e-01  5.138275707e-01
  5.073130669e-01  5.003262479e-01  4.928891575e-01  4.850249423e-01
  4.767575295e-01  4.681118585e-01  4.591134039e-01  4.497878943e-01
  4.401617695e-01  4.302620694e-01  4.201160191e-01  4.097522011e-01
  3.991995846e-01  3.884860963e-01  3.776398833e-01  3.666891006e-01
  3.556604872e-01  3.445803907e-01  3.334748652e-01  3.223685444e-01
  3.112858713e-01  3.002500942e-01  2.892836469e-01  2.784080426e-01
  2.676435256e-01  2.570095256e-01  2.465238645e-01  2.362034979e-01
  2.260639653e-01  2.161194004e-01  2.063829999e-01  1.968664260e-01
  1.875801079e-01  1.785334379e-01  1.697344748e-01  1.611899773e-01
  1.529056434e-01  1.448860919e-01  1.371347745e-01  1.296540645e-01
  1.224453621e-01  1.155090850e-01  1.088447958e-01  1.024511986e-01
  9.632614496e-02  9.046677008e-02  8.486952372e-02  7.953022667e-02
  7.444412657e-02  6.960595618e-02  6.500999226e-02  6.065010497e-02
  5.651979233e-02  5.261221672e-02  4.892025431e-02  4.543660328e-02
  4.215391581e-02  3.906487113e-02  3.616215824e-02  3.343831053e-02
  3.088560671e-02  2.849623578e-02  2.626252072e-02  2.417699080e-02
  2.223233886e-02  2.042139882e-02  1.873715681e-02  1.717280238e-02
  1.641976146e-02
@R QRAD 101 []
 -0.000000000e+00 -0.000000000e+00 -0.000000000e+00 -0.000000000e+00
 -0.000000000e+00 -0.000000000e+00 -0.000000000e+00 -0.000000000e+00
 -0.000000000e+00 -0.000000000e+00 -0.000000000e+00 -0.000000000e+00
 -0.000000000e+00 -0.000000000e+00 -0.000000000e+00 -0.000000000e+00
 -0.000000000e+00 -0.000000000e+00 -0.000000000e+00 -0.000000000e+00
 -0.000000000e+00 -0.000000000e+00 -0.000000000e+00 -0.000000000e+00
 -0.000000000e+00 -0.000000000e+00 -0.000000000e+00 -0.000000000e+00
 -0.000000000e+00 -0.000000000e+00 -0.000000000e+00 -0.000000000e+00
 -0.000000000e+00 -0.000000000e+00 -0.000000000e+00 -0.000000000e+00
 -0.000000000e+00 -0.000000000e+00 -0.000000000e+00 -0.000000000e+00
 -0.000000000e+00 -0.000000000e+00 -0.000000000e+00 -0.000000000e+00
 -0.000000000e+00 -0.000000000e+00 -0.000000000e+00 -0.000000000e+00
 -0.000000000e+00 -0.000000000e+00 -0.000000000e+00 -0.000000000e+00
 -0.000000000e+00 -0.000000000e+00 -0.000000000e+00 -0.000000000e+00
 -0.000000000e+00 -0.000000000e+00 -0.000000000e+00 -0.000000000e+00
 -0.000000000e+00 -0.000000000e+00 -0.000000000e+00 -0.000000000e+00
 -0.000000000e+00 -0.000000000e+00 -0.000000000e+00 -0.000000000e+00
 -0.000000000e+00 -0.000000000e+00 -0.000000000e+00 -0.000000000e+00
 -0.000000000e+00 -0.000000000e+00 -0.000000000e+00 -0.000000000e+00
 -0.000000000e+00 -0.000000000e+00 -0.000000000e+00 -0.000000000e+00
 -0.000000000e+00 -0.000000000e+00 -0.000000000e+00 -0.000000000e+00
 -0.000000000e+00 -0.000000000e+00 -0.000000000e+00 -0.000000000e+00
 -0.000000000e+00 -0.000000000e+00 -0.000000000e+00 -0.000000000e+00
 -0.000000000e+00 -0.000000000e+00 -0.000000000e+00 -0.000000000e+00
 -0.000000000e+00 -0.000000000e+00 -0.000000000e+00 -0.000000000e+00
 -0.000000000e+00
@R QOHM 101 []
  0.000000000e+00  0.000000000e+00  0.000000000e+00  0.000000000e+00
  0.000000000e+00  0.000000000e+00  0.000000000e+00  0.000000000e+00
  0.000000000e+00  0.000000000e+00  0.000000000e+00  0.000000000e+00
  0.000000000e+00  0.000000000e+00  0.000000000e+00  0.000000000e+00
  0.000000000e+00  0.000000000e+00  0.000000000e+00  0.000000000e+00
  0.000000000e+00  0.000000000e+00  0.000000000e+00  0.000000000e+00
  0.000000000e+00  0.000000000e+00  0.000000000e+00  0.000000000e+00
  0.000000000e+00  0.000000000e+00  0.000000000e+00  0.000000000e+00
  0.000000000e+00  0.000000000e+00  0.000000000e+00  0.000000000e+00
  0.000000000e+00  0.000000000e+00  0.000000000e+00  0.000000000e+00
  0.000000000e+00  0.000000000e+00  0.000000000e+00  0.000000000e+00
  0.000000000e+00  0.000000000e+00  0.000000000e+00  0.000000000e+00
  0.000000000e+00  0.000000000e+00  0.000000000e+00  0.000000000e+00
  0.000000000e+00  0.000000000e+00  0.000000000e+00  0.000000000e+00
  0.000000000e+00  0.000000000e+00  0.000000000e+00  0.000000000e+00
  0.000000000e+00  0.000000000e+00  0.000000000e+00  0.000000000e+00
  0.000000000e+00  0.000000000e+00  0.000000000e+00  0.000000000e+00
  0.000000000e+00  0.000000000e+00  0.000000000e+00  0.000000000e+00
  0.000000000e+00  0.000000000e+00  0.000000000e+00  0.000000000e+00
  0.000000000e+00  0.000000000e+00  0.000000000e+00  0.000000000e+00
  0.000000000e+00  0.000000000e+00  0.000000000e+00  0.000000000e+00
  0.000000000e+00  0.000000000e+00  0.000000000e+00  0.000000000e+00
  0.000000000e+00  0.000000000e+00  0.000000000e+00  0.000000000e+00
  0.000000000e+00  0.000000000e+00  0.000000000e+00  0.000000000e+00
  0.000000000e+00  0.000000000e+00  0.000000000e+00  0.000000000e+00
  0.000000000e+00
@R QIONE 101 []
  0.000000000e+00  0.000000000e+00  0.000000000e+00  0.000000000e+00
  0.000000000e+00  0.000000000e+00  0.000000000e+00  0.000000000e+00
  0.000000000e+00  0.000000000e+00  0.000000000e+00  0.000000000e+00
  0.000000000e+00  0.000000000e+00  0.000000000e+00  0.000000000e+00
  0.000000000e+00  0.000000000e+00  0.000000000e+00  0.000000000e+00
  0.000000000e+00  0.000000000e+00  0.000000000e+00  0.000000000e+00
  0.000000000e+00  0.000000000e+00  0.000000000e+00  0.000000000e+00
  0.000000000e+00  0.000000000e+00  0.000000000e+00  0.000000000e+00
  0.000000000e+00  0.000000000e+00  0.000000000e+00  0.000000000e+00
  0.000000000e+00  0.000000000e+00  0.000000000e+00  0.000000000e+00
  0.000000000e+00  0.000000000e+00  0.000000000e+00  0.000000000e+00
  0.000000000e+00  0.000000000e+00  0.000000000e+00  0.000000000e+00
  0.000000000e+00  0.000000000e+00  0.000000000e+00  0.000000000e+00
  0.000000000e+00  0.000000000e+00  0.000000000e+00  0.000000000e+00
  0.000000000e+00  0.000000000e+00  0.000000000e+00  0.000000000e+00
  0.000000000e+00  0.000000000e+00  0.000000000e+00  0.000000000e+00
  0.000000000e+00  0.000000000e+00  0.000000000e+00  0.000000000e+00
  0.000000000e+00  0.000000000e+00  0.000000000e+00  0.000000000e+00
  0.000000000e+00  0.000000000e+00  0.000000000e+00  0.000000000e+00
  0.000000000e+00  0.000000000e+00  0.000000000e+00  0.000000000e+00
  0.000000000e+00  0.000000000e+00  0.000000000e+00  0.000000000e+00
  0.000000000e+00  0.000000000e+00  0.000000000e+00  0.000000000e+00
  0.000000000e+00  0.000000000e+00  0.000000000e+00  0.000000000e+00
  0.000000000e+00  0.000000000e+00  0.000000000e+00  0.000000000e+00
  0.000000000e+00  0.000000000e+00  0.000000000e+00  0.000000000e+00
  0.000000000e+00
@R QIONI 101 []
  0.000000000e+00  0.000000000e+00  0.000000000e+00  0.000000000e+00
  0.000000000e+00  0.000000000e+00  0.000000000e+00  0.000000000e+00
  0.000000000e+00  0.000000000e+00  0.000000000e+00  0.000000000e+00
  0.000000000e+00  0.000000000e+00  0.000000000e+00  0.000000000e+00
  0.000000000e+00  0.000000000e+00  0.000000000e+00  0.000000000e+00
  0.000000000e+00  0.000000000e+00  0.000000000e+00  0.000000000e+00
  0.000000000e+00  0.000000000e+00  0.000000000e+00  0.000000000e+00
  0.000000000e+00  0.000000000e+00  0.000000000e+00  0.000000000e+00
  0.000000000e+00  0.000000000e+00  0.000000000e+00  0.000000000e+00
  0.000000000e+00  0.000000000e+00  0.000000000e+00  0.000000000e+00
  0.000000000e+00  0.000000000e+00  0.000000000e+00  0.000000000e+00
  0.000000000e+00  0.000000000e+00  0.000000000e+00  0.000000000e+00
  0.000000000e+00  0.000000000e+00  0.000000000e+00  0.000000000e+00
  0.000000000e+00  0.000000000e+00  0.000000000e+00  0.000000000e+00
  0.000000000e+00  0.000000000e+00  0.000000000e+00  0.000000000e+00
  0.000000000e+00  0.000000000e+00  0.000000000e+00  0.000000000e+00
  0.000000000e+00  0.000000000e+00  0.000000000e+00  0.000000000e+00
  0.000000000e+00  0.000000000e+00  0.000000000e+00  0.000000000e+00
  0.000000000e+00  0.000000000e+00  0.000000000e+00  0.000000000e+00
  0.000000000e+00  0.000000000e+00  0.000000000e+00  0.000000000e+00
  0.000000000e+00  0.000000000e+00  0.000000000e+00  0.000000000e+00
  0.000000000e+00  0.000000000e+00  0.000000000e+00  0.000000000e+00
  0.000000000e+00  0.000000000e+00  0.000000000e+00  0.000000000e+00
  0.000000000e+00  0.000000000e+00  0.000000000e+00  0.000000000e+00
  0.000000000e+00  0.000000000e+00  0.000000000e+00  0.000000000e+00
  0.000000000e+00
@R QCX 101 []
  0.000000000e+00  0.000000000e+00  0.000000000e+00  0.000000000e+00
  0.000000000e+00  0.000000000e+00  0.000000000e+00  0.000000000e+00
  0.000000000e+00  0.000000000e+00  0.000000000e+00  0.000000000e+00
  0.000000000e+00  0.000000000e+00  0.000000000e+00  0.000000000e+00
  0.000000000e+00  0.000000000e+00  0.000000000e+00  0.000000000e+00
  0.000000000e+00  0.000000000e+00  0.000000000e+00  0.000000000e+00
  0.000000000e+00  0.000000000e+00  0.000000000e+00  0.000000000e+00
  0.000000000e+00  0.000000000e+00  0.000000000e+00  0.000000000e+00
  0.000000000e+00  0.000000000e+00  0.000000000e+00  0.000000000e+00
  0.000000000e+00  0.000000000e+00  0.000000000e+00  0.000000000e+00
  0.000000000e+00  0.000000000e+00  0.000000000e+00  0.000000000e+00
  0.000000000e+00  0.000000000e+00  0.000000000e+00  0.000000000e+00
  0.000000000e+00  0.000000000e+00  0.000000000e+00  0.000000000e+00
  0.000000000e+00  0.000000000e+00  0.000000000e+00  0.000000000e+00
  0.000000000e+00  0.000000000e+00  0.000000000e+00  0.000000000e+00
  0.000000000e+00  0.000000000e+00  0.000000000e+00  0.000000000e+00
  0.000000000e+00  0.000000000e+00  0.000000000e+00  0.000000000e+00
  0.000000000e+00  0.000000000e+00  0.000000000e+00  0.000000000e+00
  0.000000000e+00  0.000000000e+00  0.000000000e+00  0.000000000e+00
  0.000000000e+00  0.000000000e+00  0.000000000e+00  0.000000000e+00
  0.000000000e+00  0.000000000e+00  0.000000000e+00  0.000000000e+00
  0.000000000e+00  0.000000000e+00  0.000000000e+00  0.000000000e+00
  0.000000000e+00  0.000000000e+00  0.000000000e+00  0.000000000e+00
  0.000000000e+00  0.000000000e+00  0.000000000e+00  0.000000000e+00
  0.000000000e+00  0.000000000e+00  0.000000000e+00  0.000000000e+00
  0.000000000e+00
@R STORQUEB 101 []
  0.000000000e+00  0.000000000e+00  0.000000000e+00  0.000000000e+00
  0.000000000e+00  0.000000000e+00  0.000000000e+00  0.000000000e+00
  0.000000000e+00  0.000000000e+00  0.000000000e+00  0.000000000e+00
  0.000000000e+00  0.000000000e+00  0.000000000e+00  0.000000000e+00
  0.000000000e+00  0.000000000e+00  0.000000000e+00  0.000000000e+00
  0.000000000e+00  0.000000000e+00  0.000000000e+00  0.000000000e+00
  0.000000000e+00  0.000000000e+00  0.000000000e+00  0.000000000e+00
  0.000000000e+00  0.000000000e+00  0.000000000e+00  0.000000000e+00
  0.000000000e+00  0.000000000e+00  0.000000000e+00  0.000000000e+00
  0.000000000e+00  0.000000000e+00  0.000000000e+00  0.000000000e+00
  0.000000000e+00  0.000000000e+00  0.000000000e+00  0.000000000e+00
  0.000000000e+00  0.000000000e+00  0.000000000e+00  0.000000000e+00
  0.000000000e+00  0.000000000e+00  0.000000000e+00  0.000000000e+00
  0.000000000e+00  0.000000000e+00  0.000000000e+00  0.000000000e+00
  0.000000000e+00  0.000000000e+00  0.000000000e+00  0.000000000e+00
  0.000000000e+00  0.000000000e+00  0.000000000e+00  0.000000000e+00
  0.000000000e+00  0.000000000e+00  0.000000000e+00  0.000000000e+00
  0.000000000e+00  0.000000000e+00  0.000000000e+00  0.000000000e+00
  0.000000000e+00  0.000000000e+00  0.000000000e+00  0.000000000e+00
  0.000000000e+00  0.000000000e+00  0.000000000e+00  0.000000000e+00
  0.000000000e+00  0.000000000e+00  0.000000000e+00  0.000000000e+00
  0.000000000e+00  0.000000000e+00  0.000000000e+00  0.000000000e+00
  0.000000000e+00  0.000000000e+00  0.000000000e+00  0.000000000e+00
  0.000000000e+00  0.000000000e+00  0.000000000e+00  0.000000000e+00
  0.000000000e+00  0.000000000e+00  0.000000000e+00  0.000000000e+00
  0.000000000e+00
@R STORQUE 101 []
  0.000000000e+00  0.000000000e+00  0.000000000e+00  0.000000000e+00
  0.000000000e+00  0.000000000e+00  0.000000000e+00  0.000000000e+00
  0.000000000e+00  0.000000000e+00  0.000000000e+00  0.000000000e+00
  0.000000000e+00  0.000000000e+00  0.000000000e+00  0.000000000e+00
  0.000000000e+00  0.000000000e+00  0.000000000e+00  0.000000000e+00
  0.000000000e+00  0.000000000e+00  0.000000000e+00  0.000000000e+00
  0.000000000e+00  0.000000000e+00  0.000000000e+00  0.000000000e+00
  0.000000000e+00  0.000000000e+00  0.000000000e+00  0.000000000e+00
  0.000000000e+00  0.000000000e+00  0.000000000e+00  0.000000000e+00
  0.000000000e+00  0.000000000e+00  0.000000000e+00  0.000000000e+00
  0.000000000e+00  0.000000000e+00  0.000000000e+00  0.000000000e+00
  0.000000000e+00  0.000000000e+00  0.000000000e+00  0.000000000e+00
  0.000000000e+00  0.000000000e+00  0.000000000e+00  0.000000000e+00
  0.000000000e+00  0.000000000e+00  0.000000000e+00  0.000000000e+00
  0.000000000e+00  0.000000000e+00  0.000000000e+00  0.000000000e+00
  0.000000000e+00  0.000000000e+00  0.000000000e+00  0.000000000e+00
  0.000000000e+00  0.000000000e+00  0.000000000e+00  0.000000000e+00
  0.000000000e+00  0.000000000e+00  0.000000000e+00  0.000000000e+00
  0.000000000e+00  0.000000000e+00  0.000000000e+00  0.000000000e+00
  0.000000000e+00  0.000000000e+00  0.000000000e+00  0.000000000e+00
  0.000000000e+00  0.000000000e+00  0.000000000e+00  0.000000000e+00
  0.000000000e+00  0.000000000e+00  0.000000000e+00  0.000000000e+00
  0.000000000e+00  0.000000000e+00  0.000000000e+00  0.000000000e+00
  0.000000000e+00  0.000000000e+00  0.000000000e+00  0.000000000e+00
  0.000000000e+00  0.000000000e+00  0.000000000e+00  0.000000000e+00
  0.000000000e+00
@R SION 101 []
  4.411145080e-04  5.201676498e-04  7.048049242e-04  9.507539239e-04
  1.276853026e-03  1.707209234e-03  2.272509551e-03  3.011607053e-03
  3.973419512e-03  5.219198040e-03  6.825220336e-03  8.885940140e-03
  1.151764743e-02  1.486270984e-02  1.909441326e-02  2.442241682e-02
  3.109890373e-02  3.942537894e-02  4.976007010e-02  6.252597604e-02
  7.821944510e-02  9.741895652e-02  1.207944512e-01  1.491164705e-01
  1.832647373e-01  2.242369542e-01  2.731560158e-01  3.312756348e-01
  3.999845752e-01  4.808081968e-01  5.754069959e-01  6.855721842e-01
  8.132164572e-01  9.603600044e-01  1.129112084e+00  1.321646213e+00
  1.540169022e+00  1.786884556e+00  2.063949955e+00  2.373425528e+00
  2.717222144e+00  3.097042750e+00  3.514317607e+00  3.970151837e+00
  4.465255383e+00  4.999867081e+00  5.573704908e+00  6.185910643e+00
  6.834977543e+00  7.518726073e+00  8.234275192e+00  8.978005014e+00
  9.745584626e+00  1.053196158e+01  1.133141189e+01  1.213758494e+01
  1.294356771e+01  1.374198887e+01  1.452508927e+01  1.528487989e+01
  1.601324141e+01  1.670206799e+01  1.734344501e+01  1.792975740e+01
  1.845385989e+01  1.890923946e+01  1.929012195e+01  1.959159215e+01
  1.980972141e+01  1.994164953e+01  1.998563134e+01  1.994107992e+01
  1.980858757e+01  1.958990418e+01  1.928791167e+01  1.890655144e+01
  1.845073037e+01  1.792622903e+01  1.733957551e+01  1.669791033e+01
  1.600884197e+01  1.528029797e+01  1.452037527e+01  1.373719159e+01
  1.293874019e+01  1.213275523e+01  1.132659331e+01  1.052714466e+01
  9.740767051e+00  8.973223613e+00  8.229617472e+00  7.514311499e+00
  6.830884238e+00  6.182164717e+00  5.570294250e+00  4.996765689e+00
  4.462448920e+00  3.967631304e+00  3.512073359e+00  3.095076957e+00
  2.896105660e+00
@R CHIE 101 []
  0.000000000e+00  0.000000000e+00  0.000000000e+00  0.000000000e+00
  0.000000000e+00  0.000000000e+00  0.000000000e+00  0.000000000e+00
  0.000000000e+00  0.000000000e+00  0.000000000e+00  0.000000000e+00
  0.000000000e+00  0.000000000e+00  0.000000000e+00  0.000000000e+00
  0.000000000e+00  0.000000000e+00  0.000000000e+00  0.000000000e+00
  0.000000000e+00  0.000000000e+00  0.000000000e+00  0.000000000e+00
  0.000000000e+00  0.000000000e+00  0.000000000e+00  0.000000000e+00
  0.000000000e+00  0.000000000e+00  0.000000000e+00  0.000000000e+00
  0.000000000e+00  0.000000000e+00  0.000000000e+00  0.000000000e+00
  0.000000000e+00  0.000000000e+00  0.000000000e+00  0.000000000e+00
  0.000000000e+00  0.000000000e+00  0.000000000e+00  0.000000000e+00
  0.000000000e+00  0.000000000e+00  0.000000000e+00  0.000000000e+00
  0.000000000e+00  0.000000000e+00  0.000000000e+00  0.000000000e+00
  0.000000000e+00  0.000000000e+00  0.000000000e+00  0.000000000e+00
  0.000000000e+00  0.000000000e+00  0.000000000e+00  0.000000000e+00
  0.000000000e+00  0.000000000e+00  0.000000000e+00  0.000000000e+00
  0.000000000e+00  0.000000000e+00  0.000000000e+00  0.000000000e+00
  0.000000000e+00  0.000000000e+00  0.000000000e+00  0.000000000e+00
  0.000000000e+00  0.000000000e+00  0.000000000e+00  0.000000000e+00
  0.000000000e+00  0.000000000e+00  0.000000000e+00  0.000000000e+00
  0.000000000e+00  0.000000000e+00  0.000000000e+00  0.000000000e+00
  0.000000000e+00  0.000000000e+00  0.000000000e+00  0.000000000e+00
  0.000000000e+00  0.000000000e+00  0.000000000e+00  0.000000000e+00
  0.000000000e+00  0.000000000e+00  0.000000000e+00  0.000000000e+00
  0.000000000e+00  0.000000000e+00  0.000000000e+00  0.000000000e+00
  0.000000000e+00
@R CHII 101 []
  0.000000000e+00  0.000000000e+00  0.000000000e+00  0.000000000e+00
  0.000000000e+00  0.000000000e+00  0.000000000e+00  0.000000000e+00
  0.000000000e+00  0.000000000e+00  0.000000000e+00  0.000000000e+00
  0.000000000e+00  0.000000000e+00  0.000000000e+00  0.000000000e+00
  0.000000000e+00  0.000000000e+00  0.000000000e+00  0.000000000e+00
  0.000000000e+00  0.000000000e+00  0.000000000e+00  0.000000000e+00
  0.000000000e+00  0.000000000e+00  0.000000000e+00  0.000000000e+00
  0.000000000e+00  0.000000000e+00  0.000000000e+00  0.000000000e+00
  0.000000000e+00  0.000000000e+00  0.000000000e+00  0.000000000e+00
  0.000000000e+00  0.000000000e+00  0.000000000e+00  0.000000000e+00
  0.000000000e+00  0.000000000e+00  0.000000000e+00  0.000000000e+00
  0.000000000e+00  0.000000000e+00  0.000000000e+00  0.000000000e+00
  0.000000000e+00  0.000000000e+00  0.000000000e+00  0.000000000e+00
  0.000000000e+00  0.000000000e+00  0.000000000e+00  0.000000000e+00
  0.000000000e+00  0.000000000e+00  0.000000000e+00  0.000000000e+00
  0.000000000e+00  0.000000000e+00  0.000000000e+00  0.000000000e+00
  0.000000000e+00  0.000000000e+00  0.000000000e+00  0.000000000e+00
  0.000000000e+00  0.000000000e+00  0.000000000e+00  0.000000000e+00
  0.000000000e+00  0.000000000e+00  0.000000000e+00  0.000000000e+00
  0.000000000e+00  0.000000000e+00  0.000000000e+00  0.000000000e+00
  0.000000000e+00  0.000000000e+00  0.000000000e+00  0.000000000e+00
  0.000000000e+00  0.000000000e+00  0.000000000e+00  0.000000000e+00
  0.000000000e+00  0.000000000e+00  0.000000000e+00  0.000000000e+00
  0.000000000e+00  0.000000000e+00  0.000000000e+00  0.000000000e+00
  0.000000000e+00  0.000000000e+00  0.000000000e+00  0.000000000e+00
  0.000000000e+00
