&IN1
  ICONVR = 3 
  MXITER = -1 
  NXITER = 51 
  ERROR = 0.0001 
  RELAX = 0.5 
  IOUT = 4 
  ICURRT = 2 
  KPPFNC = 6 
  KPPCUR = 3 
  KFFFNC = 6 
  KFFCUR = 3 
  ISHOT = 1 
  ITIME = 4 
  ITIMEU = 0 
  ITEK = 0 
  ITRACE = 1 
  PLASMA = 10000000.0 
  BTOR = 11.0 
  RCENTR = 4.55 
  RZERO = 4.55 
  LIMITR = 5 
  XLIM = 6.0 3.5 3.5 6.0 6.0 
  YLIM = 1.93 1.93 -1.93 -1.93 1.93 
  NBDRY = 15 
  RBDRY = 5.75 5.717889612279765 5.599231274196216 5.333894952548324  
    4.862048988436734 4.215741544340384 3.606248672667517  
    3.3499999999999996 3.606248672667517 4.215741544340384  
    4.862048988436735 5.333894952548324 5.599231274196216  
    5.717889612279765 5.75 
  ZBDRY = 0.0 0.7289246817174976 1.3134768905462901 1.6378788924654637  
    1.6378788924654637 1.3134768905462901 0.7289246817174978  
    2.0574066225675533e-16 -0.7289246817174975 -1.31347689054629  
    -1.6378788924654637 -1.6378788924654637 -1.3134768905462901  
    -0.728924681717498 0.0 
  IERCHK = 0 
  NEXTRA = 0 
  SCRAPE = 0.01 
  PSIBRY = 0.0 
  CFCOIL = -10.0 
  ENP = 1.0 
  EMP = 1.0 
  FCURBD = 0 
  PCURBD = 0 
  FCZERO = 1.0 1.0 1.0 1.0 1.0 1.0 1.0 1.0 1.0 1.0 1.0 1.0 1.0 1.0 1.0  
    1.0 
  FCSUM = 1.0 1.0 1.0 1.0 1.0 1.0 1.0 1.0 1.0 1.0 1.0 1.0 1.0 1.0 1.0  
    1.0 
  IFREF = 2 
  PRBDRY = 7009.165681988927 
  KBETAPR = 1 
  FWTBDRY = 1.0 1.0 1.0 1.0 1.0 1.0 1.0 1.0 1.0 1.0 1.0 1.0 1.0 1.0 1.0 
  FWTBDRY(2) = 10.0 
  FWTBDRY(3) = 10.0 
  FWTBDRY(4) = 10.0 
  FWTBDRY(5) = 10.0 
  FWTBDRY(9) = 10.0 
  FWTBDRY(10) = 10.0 
  FWTBDRY(11) = 10.0 
  FWTBDRY(12) = 10.0 
/

&PROFILE_EXT
  NPSI_EXT = 257 
  PSIN_EXT = 0.0 0.00390625 0.0078125 0.01171875 0.015625 0.01953125  
    0.0234375 0.02734375 0.03125 0.03515625 0.0390625 0.04296875  
    0.046875 0.05078125 0.0546875 0.05859375 0.0625 0.06640625  
    0.0703125 0.07421875 0.078125 0.08203125 0.0859375 0.08984375  
    0.09375 0.09765625 0.1015625 0.10546875 0.109375 0.11328125  
    0.1171875 0.12109375 0.125 0.12890625 0.1328125 0.13671875 0.140625  
    0.14453125 0.1484375 0.15234375 0.15625 0.16015625 0.1640625  
    0.16796875 0.171875 0.17578125 0.1796875 0.18359375 0.1875  
    0.19140625 0.1953125 0.19921875 0.203125 0.20703125 0.2109375  
    0.21484375 0.21875 0.22265625 0.2265625 0.23046875 0.234375  
    0.23828125 0.2421875 0.24609375 0.25 0.25390625 0.2578125  
    0.26171875 0.265625 0.26953125 0.2734375 0.27734375 0.28125  
    0.28515625 0.2890625 0.29296875 0.296875 0.30078125 0.3046875  
    0.30859375 0.3125 0.31640625 0.3203125 0.32421875 0.328125  
    0.33203125 0.3359375 0.33984375 0.34375 0.34765625 0.3515625  
    0.35546875 0.359375 0.36328125 0.3671875 0.37109375 0.375  
    0.37890625 0.3828125 0.38671875 0.390625 0.39453125 0.3984375  
    0.40234375 0.40625 0.41015625 0.4140625 0.41796875 0.421875  
    0.42578125 0.4296875 0.43359375 0.4375 0.44140625 0.4453125  
    0.44921875 0.453125 0.45703125 0.4609375 0.46484375 0.46875  
    0.47265625 0.4765625 0.48046875 0.484375 0.48828125 0.4921875  
    0.49609375 0.5 0.50390625 0.5078125 0.51171875 0.515625 0.51953125  
    0.5234375 0.52734375 0.53125 0.53515625 0.5390625 0.54296875  
    0.546875 0.55078125 0.5546875 0.55859375 0.5625 0.56640625  
    0.5703125 0.57421875 0.578125 0.58203125 0.5859375 0.58984375  
    0.59375 0.59765625 0.6015625 0.60546875 0.609375 0.61328125  
    0.6171875 0.62109375 0.625 0.62890625 0.6328125 0.63671875 0.640625  
    0.64453125 0.6484375 0.65234375 0.65625 0.66015625 0.6640625  
    0.66796875 0.671875 0.67578125 0.6796875 0.68359375 0.6875  
    0.69140625 0.6953125 0.69921875 0.703125 0.70703125 0.7109375  
    0.71484375 0.71875 0.72265625 0.7265625 0.73046875 0.734375  
    0.73828125 0.7421875 0.74609375 0.75 0.75390625 0.7578125  
    0.76171875 0.765625 0.76953125 0.7734375 0.77734375 0.78125  
    0.78515625 0.7890625 0.79296875 0.796875 0.80078125 0.8046875  
    0.80859375 0.8125 0.81640625 0.8203125 0.82421875 0.828125  
    0.83203125 0.8359375 0.83984375 0.84375 0.84765625 0.8515625  
    0.85546875 0.859375 0.86328125 0.8671875 0.87109375 0.875  
    0.87890625 0.8828125 0.88671875 0.890625 0.89453125 0.8984375  
    0.90234375 0.90625 0.91015625 0.9140625 0.91796875 0.921875  
    0.92578125 0.9296875 0.93359375 0.9375 0.94140625 0.9453125  
    0.94921875 0.953125 0.95703125 0.9609375 0.96484375 0.96875  
    0.97265625 0.9765625 0.98046875 0.984375 0.98828125 0.9921875  
    0.99609375 1.0 
  PPRIME_EXT = 621995.0583936676 613067.4400314174 604238.5781201175  
    595508.4726597676 586877.1236503678 578344.5310919181  
    569910.6949844186 561575.6153278691 553339.2921222696  
    545201.7253676204 537162.9150639211 529222.8612111721  
    521381.5638093731 513639.02285852423 505995.2383586255  
    498450.2103096768 491003.93871167826 483656.4235646298  
    476407.6648685314 469257.66262338316 462206.416829185  
    455253.9274859369 448400.194593639 441645.2181522911  
    434988.99816189334 428431.5346224457 422575.0628965224  
    417388.98149988917 411591.09117706213 405247.6896744312  
    398514.14198164176 391740.57503248 385219.9990182319  
    378991.4296427418 373079.5754707783 367446.9294457778  
    362074.55297874165 356941.3072563559 352015.645304662  
    347240.2460184117 342579.5041444061 337970.5913873757  
    333370.37895450334 328800.4773005451 324233.8596511462  
    319681.1871301861 315156.37845006096 310627.62806587125  
    306122.470427793 301615.86619681574 297131.8068184719  
    292697.7453879607 288305.93178963376 284001.04521933023  
    279770.25210964016 275631.90014062217 271576.7832036121  
    267606.1124327478 263701.84951496974 259859.19642426353  
    256075.36159656034 252335.4989293622 248658.08759704477  
    245066.49784057128 241593.26343850017 238233.14175429393  
    235045.49264958047 232010.87927360646 229138.2623353962  
    226418.93524443737 223836.3986705045 221417.32978633267  
    219114.48255101914 216971.29546263398 214967.97816278518  
    213110.30586422991 211409.32407890394 209802.953718947  
    208328.59965864074 206943.466608406 205606.43170739606  
    204350.0979523047 203123.93944581324 201941.43474428714  
    200820.0092593751 199712.29670406558 198649.5126388675  
    197633.23523118166 196611.36337629816 195604.4314437036  
    194607.46285271522 193578.99014687332 192542.82035733765  
    191494.72498437692 190401.21099673022 189298.04112677457  
    188198.30051414162 187066.332223084 185922.26895639914  
    184791.0517608945 183641.62471568637 182471.41031776738  
    181312.04319866525 180149.49658614802 178958.3456231068  
    177762.07239737504 176574.78483919858 175369.74663749005  
    174142.3721036674 172918.71385956608 171696.38926630616  
    170454.32831702827 169201.7731852177 167957.61544701073  
    166712.0832632999 165450.51414649113 164185.0771507594  
    162929.1091312952 161670.8152745288 160398.34969435615  
    159122.47273520325 157855.18758409627 156587.78726029507  
    155308.40280907459 154024.99322139626 152752.98230264318  
    151489.09824336553 150220.63927233926 148950.18742782492  
    147692.85066399333 146451.79838185455 145214.33560613132  
    143974.4852764138 142742.92272107647 141529.25057529737  
    140324.86973199985 139119.95433234185 137918.2964857042  
    136730.05542111164 135557.10146614572 134392.49144653731  
    133232.45301553863 132079.13925667256 130941.69780670237  
    129823.18138091323 128714.51364112736 127610.52803924271  
    126516.38380666659 125439.58691599747 124378.14550770314  
    123325.91833110021 122281.34733490217 121243.79974304713  
    120219.48724196343 119213.37989603324 118218.14627876508  
    117229.23514347464 116249.98965151478 115283.9149321483  
    114333.9561963637 113399.02686639986 112474.1551403453  
    111556.80304992537 110649.86234676147 109758.04575629978  
    108880.23490905543 108012.66139147081 107153.6901009414  
    106302.26089263952 105461.84909808762 104637.54681100315  
    103826.82543748045 103026.7940667941 102238.09925520481  
    101459.1170072511 100692.54888742662 99944.06749946595  
    99211.43176707946 98490.78330982784 97783.83476371362  
    97093.07417617054 96422.32467199845 95774.94897217024  
    95151.67298053172 94555.37849296271 93987.9913362432  
    93447.2371346203 92938.62775918469 92472.03831072716  
    92047.53128987143 91661.56801959815 91320.00039503776  
    91030.02971698024 90793.34264352123 90611.79279403835  
    90503.58862109765 90485.9517050402 90557.1581590801  
    90716.04340807846 90958.28933460402 91280.6557818626  
    91683.35674542427 92174.67559251856 92834.24954866026  
    93723.37553717117 94847.23917893691 96169.32445443614  
    97450.24003151564 98546.09909636696 99416.29974935207  
    100287.61302150402 102190.15018018059 105733.62249385029  
    110807.96096999045 117563.76908105952 126427.58767178473  
    137570.07968676637 151114.68269089982 166308.80179652612  
    181100.6096385636 194644.5059921371 207102.79349343118  
    218443.54001366987 228700.8486222013 237890.04447605793  
    245964.8859053185 253219.06333210302 260190.7285870605  
    267004.2262123941 273662.04472651717 279804.13768564817  
    284885.7660375042 288809.345141655 291609.49244737206  
    293152.9502298502 293264.5440680523 291917.32294409256  
    289110.1660014667 284913.8372994618 279410.71900349867  
    272594.0222297061 264452.87425416196 255087.34367643503  
    244602.7548767583 232912.67982538548 220279.91082491545  
    207922.25111303793 196483.96177544532 186081.18898756726  
    175662.05827162147 162487.10863543727 145459.09552374028  
    124721.72639495907 100139.46596075004 71646.2846552999  
    39133.7496277027 2601.860876761377 
  FFPRIM_EXT = -0.19342986905728943 0.03510288678770812  
    0.2583501120766848 0.47851651984802346 0.6956247477024977  
    0.9096801872128543 1.1206873466371263 1.3286518908997214  
    1.5335773990818762 1.7354719798531213 1.9343372948968716  
    2.130177931245821 2.3229979177967155 2.5128019594494937  
    2.699594804677848 2.883380505992624 3.064163201205549  
    3.2419474810323443 3.416737584907738 3.5885375111923143  
    3.757351343448134 3.923183634643884 4.086037922588531  
    4.245918643512585 4.402829443176349 4.556781963517343  
    4.690920372669815 4.8061130799306175 4.938257283729336  
    5.085471048450076 5.243381106114052 5.402200419582131  
    5.553752995407098 5.696959447416571 5.831142441767  
    5.957358432939223 6.07614285487735 6.188089933969007  
    6.2940843260178685 6.395730688162116 6.494024500947042  
    6.5907210466723685 6.687026464005426 6.782339473397473  
    6.877413735576079 6.9719558492367515 7.06557906768048  
    7.1591685554630144 7.2519585505928585 7.3446468396248825  
    7.436572075863026 7.52697339042415 7.616072263919156  
    7.70262976390196 7.787005836884074 7.868692785684883  
    7.947945938488382 8.02473458257506 8.099557895942937  
    8.172550419637126 8.243786519817167 8.313679714607535  
    8.381716567981488 8.44725398213016 8.509394580750477  
    8.56828650959763 8.622292767209906 8.671953065650658  
    8.717027786482625 8.757753968912272 8.79459293951981  
    8.826807067152778 8.85570640025891 8.880093573146826  
    8.900512839037475 8.916811755963643 8.928683872289024  
    8.937843912092497 8.943261419055478 8.946110291288612  
    8.947526550463952 8.946606108824145 8.944737804789845  
    8.941553682272975 8.936569636900021 8.931091179579449  
    8.924262293221865 8.916031819368676 8.907832137574744  
    8.899098895730916 8.889963203262827 8.881564495437825  
    8.873247721433618 8.865120234821099 8.858100346948026  
    8.851208669498194 8.84408300144131 8.837698306025903  
    8.831502443195888 8.824808104742742 8.818465468062598  
    8.81254775566611 8.80618650934549 8.799758595527269  
    8.79395952376806 8.788148030586921 8.78193490857588  
    8.776047081073695 8.770610195641774 8.764910586172743  
    8.75900964834659 8.753482056697063 8.748076057495295  
    8.74227363266644 8.736338809185794 8.730671545454687  
    8.724939612194209 8.718776450641121 8.712500892049388  
    8.706434725915056 8.700283292354268 8.693716584831439  
    8.686969296525772 8.680364148065841 8.673684331071286  
    8.66650764979098 8.658919465546337 8.651263518711193  
    8.643469660567753 8.63512600848627 8.626142913374494  
    8.616863063209586 8.60744879501221 8.597608135934582  
    8.587074498659076 8.576079063203114 8.564888804022914  
    8.553399761563295 8.54133262896029 8.528631616797727  
    8.515482024689081 8.501984988657647 8.488081372359797  
    8.473520833463358 8.458215561212516 8.442408346181342  
    8.426237954644304 8.409562366955479 8.3921731902068  
    8.374120589723194 8.35556781603314 8.33655213570783  
    8.317086710396481 8.297002839119465 8.276163876353074  
    8.254759063690486 8.232906972854256 8.210515948340545  
    8.187490151254124 8.163742715462073 8.139294733694118  
    8.114279290784602 8.088762770810845 8.062661377614635  
    8.035838038400216 8.008320017468986 7.9802064680148375  
    7.951533124944024 7.922321734071401 7.892474165892976  
    7.86184838984015 7.830505961186819 7.7985183471696455  
    7.765860333966455 7.73256846238087 7.69856481579469  
    7.663690466270248 7.627996524104553 7.5915791326559265  
    7.554384961329761 7.516339954458918 7.4773349719074  
    7.437271155995509 7.396118764651924 7.353791692361599  
    7.310229540094385 7.2654854848753585 7.219404884382335  
    7.171714280515289 7.122398789609495 7.071540863476649  
    7.018973024498608 6.96449305068025 6.9080476662269925  
    6.849578737420827 6.7885866377580655 6.724599089734824  
    6.657653917253096 6.5877700349580905 6.515046215509834  
    6.439548694212412 6.361255909255681 6.27993703341264  
    6.193467621615181 6.100205839246655 5.99999274242621  
    5.8937604709715234 5.787808550414725 5.68587605108983  
    5.589061723580775 5.491414984352405 5.3656205094969485  
    5.19559452833619 4.984390123103129 4.728052817446434  
    4.415351813828725 4.0417790564147875 3.603894896614057  
    3.1214502318453397 2.6486499029660933 2.2074952195274706  
    1.7934228128520233 1.4071605963377287 1.0476781066309742  
    0.7144683679618218 0.40867325078957056 0.12241465616899719  
    -0.15862867798062724 -0.4378267107901279 -0.7154729588344566  
    -0.9822945058881973 -1.2241621558148266 -1.4388218016767644  
    -1.6274626192251684 -1.7867743775981477 -1.912299164643624  
    -2.0034400821263763 -2.0602179610512037 -2.0844684030496436  
    -2.0782624432485095 -2.0412499212342117 -1.972865657484036  
    -1.8751286111768182 -1.749794828460879 -1.5931618808692338  
    -1.410669106445023 -1.2330292808417849 -1.076271175954313  
    -0.9429206305791427 -0.8049201074194914 -0.5892718481590424  
    -0.2641690225041099 0.16949144570965352 0.7148478620520042  
    1.388497592176682 2.190222121167472 3.1200214490197595 
/

