  PS-state 101   5   1   1   1
   2   1
   3   1
 182  74
   2   1
   4   2
  Sqrt(Psi / Psilim)
 0.000000000E+00 0.118234864E-01 0.236459121E-01 0.354661670E-01 0.472831552E-01
 0.590957356E-01 0.709027409E-01 0.827029685E-01 0.944952278E-01 0.106278253E+00
 0.118050823E+00 0.129811789E+00 0.141560095E+00 0.153294472E+00 0.165014251E+00
 0.176717900E+00 0.188406219E+00 0.200075641E+00 0.211726745E+00 0.223356143E+00
 0.234964589E+00 0.246550977E+00 0.258113003E+00 0.269650408E+00 0.281162499E+00
 0.292648275E+00 0.304106263E+00 0.315535479E+00 0.326935056E+00 0.338304039E+00
 0.349641435E+00 0.360946252E+00 0.372217522E+00 0.383454261E+00 0.394655431E+00
 0.405820008E+00 0.416947320E+00 0.428036401E+00 0.439086116E+00 0.450095190E+00
 0.461062628E+00 0.471988096E+00 0.482870093E+00 0.493707214E+00 0.504499412E+00
 0.515244891E+00 0.525942818E+00 0.536592522E+00 0.547192220E+00 0.557741796E+00
 0.568239209E+00 0.578684342E+00 0.589075250E+00 0.599411479E+00 0.609691653E+00
 0.619914472E+00 0.630079438E+00 0.640184612E+00 0.650229310E+00 0.660212591E+00
 0.670132656E+00 0.679988693E+00 0.689779782E+00 0.699504221E+00 0.709160878E+00
 0.718748762E+00 0.728266720E+00 0.737713122E+00 0.747086785E+00 0.756386567E+00
 0.765611276E+00 0.774759509E+00 0.783829744E+00 0.792820730E+00 0.801731185E+00
 0.810559799E+00 0.819305198E+00 0.827965759E+00 0.836540043E+00 0.845026627E+00
 0.853424062E+00 0.861730880E+00 0.869945519E+00 0.878066255E+00 0.886091536E+00
 0.894019754E+00 0.901849213E+00 0.909578108E+00 0.917204295E+00 0.924725792E+00
 0.932140686E+00 0.939447243E+00 0.946643329E+00 0.953726982E+00 0.960696627E+00
 0.967550626E+00 0.974286687E+00 0.980902888E+00 0.987396849E+00 0.993764459E+00
 0.100000000E+01
       n_e
 0.276263709E+15 0.276079437E+15 0.275510056E+15 0.274807170E+15 0.274048032E+15
 0.273238714E+15 0.272380131E+15 0.271473217E+15 0.270518921E+15 0.269513847E+15
 0.268461807E+15 0.267365538E+15 0.266226035E+15 0.265044319E+15 0.263821320E+15
 0.262552983E+15 0.261245522E+15 0.259900254E+15 0.258518037E+15 0.257100203E+15
 0.255647595E+15 0.254157083E+15 0.252634224E+15 0.251080088E+15 0.249495702E+15
 0.247882138E+15 0.246240534E+15 0.244570707E+15 0.242873040E+15 0.241150750E+15
 0.239404912E+15 0.237636598E+15 0.235846877E+15 0.234036819E+15 0.232207497E+15
 0.230358427E+15 0.228491689E+15 0.226609003E+15 0.224711442E+15 0.222800100E+15
 0.220876017E+15 0.218940112E+15 0.216993498E+15 0.215037273E+15 0.213072277E+15
 0.211099332E+15 0.209119174E+15 0.207133421E+15 0.205143193E+15 0.203149286E+15
 0.201152850E+15 0.199154655E+15 0.197155810E+15 0.195157127E+15 0.193159577E+15
 0.191164104E+15 0.189171480E+15 0.187182738E+15 0.185198645E+15 0.183219996E+15
 0.181247727E+15 0.179282548E+15 0.177325150E+15 0.175376335E+15 0.173436733E+15
 0.171506875E+15 0.169587232E+15 0.167678262E+15 0.165780190E+15 0.163893057E+15
 0.162016693E+15 0.160150511E+15 0.158293151E+15 0.156443492E+15 0.154599377E+15
 0.152757866E+15 0.150915101E+15 0.149066226E+15 0.147205226E+15 0.145324994E+15
 0.143401122E+15 0.141428068E+15 0.139391113E+15 0.137274583E+15 0.135062986E+15
 0.132712011E+15 0.130182687E+15 0.127491799E+15 0.124637576E+15 0.121610901E+15
 0.118350609E+15 0.114990021E+15 0.111568862E+15 0.108120213E+15 0.104773759E+15
 0.101578523E+15 0.985799212E+14 0.959583025E+14 0.935847461E+14 0.915276290E+14
 0.911284758E+14
       t_e
 0.209357593E+02 0.209218871E+02 0.208769008E+02 0.208157400E+02 0.207430870E+02
 0.206601498E+02 0.205671009E+02 0.204641290E+02 0.203514378E+02 0.202283635E+02
 0.200957239E+02 0.199541250E+02 0.198038291E+02 0.196451135E+02 0.194782500E+02
 0.193025685E+02 0.191193982E+02 0.189290957E+02 0.187319599E+02 0.185283638E+02
 0.183186158E+02 0.181023671E+02 0.178807435E+02 0.176541005E+02 0.174227869E+02
 0.171871592E+02 0.169479084E+02 0.167060279E+02 0.164619314E+02 0.162156098E+02
 0.159668640E+02 0.157156196E+02 0.154621021E+02 0.152067318E+02 0.149499577E+02
 0.146922657E+02 0.144346425E+02 0.141780774E+02 0.139234687E+02 0.136717431E+02
 0.134238062E+02 0.131802182E+02 0.129412152E+02 0.127069430E+02 0.124773700E+02
 0.122523133E+02 0.120315872E+02 0.118149607E+02 0.116023835E+02 0.113938285E+02
 0.111893564E+02 0.109889650E+02 0.107926613E+02 0.106004200E+02 0.104122277E+02
 0.102280693E+02 0.100479189E+02 0.987177720E+01 0.969962526E+01 0.953145081E+01
 0.936724083E+01 0.920694525E+01 0.905050767E+01 0.889787391E+01 0.874896122E+01
 0.860367777E+01 0.846194331E+01 0.832368775E+01 0.818881294E+01 0.805717608E+01
 0.792865229E+01 0.780329720E+01 0.768127311E+01 0.756239867E+01 0.744669650E+01
 0.733411926E+01 0.722432554E+01 0.711667798E+01 0.701030822E+01 0.690419432E+01
 0.679585780E+01 0.668324179E+01 0.656386249E+01 0.643498955E+01 0.629379710E+01
 0.613339785E+01 0.590487549E+01 0.560721137E+01 0.524766907E+01 0.483577416E+01
 0.435388605E+01 0.383954591E+01 0.330408400E+01 0.275800320E+01 0.223541861E+01
 0.174531632E+01 0.129777043E+01 0.925696947E+00 0.597908430E+00 0.325781124E+00
 0.272978839E+00
n_i_01
 0.136585753E+15 0.136495073E+15 0.136214978E+15 0.135869382E+15 0.135496103E+15
 0.135098013E+15 0.134675844E+15 0.134230613E+15 0.133763491E+15 0.133273242E+15
 0.132760816E+15 0.132226876E+15 0.131671584E+15 0.131095191E+15 0.130498311E+15
 0.129879272E+15 0.129241248E+15 0.128584962E+15 0.127910737E+15 0.127219027E+15
 0.126510127E+15 0.125782373E+15 0.125038457E+15 0.124278914E+15 0.123504257E+15
 0.122715014E+15 0.121911760E+15 0.121094421E+15 0.120263191E+15 0.119419668E+15
 0.118564380E+15 0.117697853E+15 0.116820595E+15 0.115933109E+15 0.115035899E+15
 0.114128676E+15 0.113212433E+15 0.112287984E+15 0.111355823E+15 0.110416452E+15
 0.109470355E+15 0.108517971E+15 0.107559857E+15 0.106596569E+15 0.105628541E+15
 0.104656199E+15 0.103679923E+15 0.102700544E+15 0.101718634E+15 0.100734601E+15
 0.997490244E+14 0.987622990E+14 0.977749854E+14 0.967874972E+14 0.958003280E+14
 0.948139565E+14 0.938287747E+14 0.928453055E+14 0.918639395E+14 0.908850801E+14
 0.899092011E+14 0.889366641E+14 0.879678220E+14 0.870030815E+14 0.860427645E+14
 0.850871428E+14 0.841364595E+14 0.831909490E+14 0.822507310E+14 0.813158330E+14
 0.803861779E+14 0.794614773E+14 0.785410577E+14 0.776243726E+14 0.767103565E+14
 0.757975542E+14 0.748840556E+14 0.739674556E+14 0.730447758E+14 0.721124937E+14
 0.711584929E+14 0.701800376E+14 0.691698299E+14 0.681200951E+14 0.670231492E+14
 0.658570013E+14 0.646026456E+14 0.632683450E+14 0.618530820E+14 0.603521571E+14
 0.587350706E+14 0.570680012E+14 0.553706727E+14 0.536594632E+14 0.519987982E+14
 0.504131056E+14 0.489249409E+14 0.476238461E+14 0.464458593E+14 0.454249178E+14
 0.452268192E+14
t_i_01
 0.234886861E+02 0.234717165E+02 0.234149768E+02 0.233335227E+02 0.232321838E+02
 0.231130752E+02 0.229765433E+02 0.228229843E+02 0.226528415E+02 0.224651230E+02
 0.222613725E+02 0.220427738E+02 0.218099440E+02 0.215635377E+02 0.213042141E+02
 0.210312092E+02 0.207468706E+02 0.204520133E+02 0.201473660E+02 0.198337722E+02
 0.195119747E+02 0.191819121E+02 0.188454214E+02 0.185032932E+02 0.181563023E+02
 0.178052234E+02 0.174527347E+02 0.171047410E+02 0.167645592E+02 0.164313157E+02
 0.161044370E+02 0.157834255E+02 0.154681020E+02 0.151585543E+02 0.148549234E+02
 0.145578725E+02 0.142677667E+02 0.139849177E+02 0.137096716E+02 0.134423912E+02
 0.131833623E+02 0.129324983E+02 0.126894240E+02 0.124536958E+02 0.122247581E+02
 0.120021132E+02 0.117853602E+02 0.115739684E+02 0.113676665E+02 0.111662216E+02
 0.109695209E+02 0.107774205E+02 0.105897929E+02 0.104064857E+02 0.102273764E+02
 0.100523703E+02 0.988138142E+01 0.971435295E+01 0.955121521E+01 0.939192097E+01
 0.923643858E+01 0.908470622E+01 0.893665584E+01 0.879222767E+01 0.865134745E+01
 0.851393588E+01 0.837991581E+01 0.824921342E+01 0.812173560E+01 0.799736551E+01
 0.787598795E+01 0.775758265E+01 0.764216796E+01 0.752946552E+01 0.741932304E+01
 0.731152319E+01 0.720568280E+01 0.710123138E+01 0.699741496E+01 0.689331970E+01
 0.678659933E+01 0.667551082E+01 0.655766037E+01 0.643035591E+01 0.629078599E+01
 0.613209282E+01 0.590449207E+01 0.560712903E+01 0.524757734E+01 0.483575487E+01
 0.435395897E+01 0.383967331E+01 0.330422170E+01 0.275808514E+01 0.223541184E+01
 0.174522765E+01 0.129762244E+01 0.925567129E+00 0.597838915E+00 0.325826734E+00
 0.273046787E+00
n_i_02
 0.136585753E+15 0.136495073E+15 0.136214978E+15 0.135869382E+15 0.135496103E+15
 0.135098013E+15 0.134675844E+15 0.134230613E+15 0.133763491E+15 0.133273242E+15
 0.132760816E+15 0.132226876E+15 0.131671584E+15 0.131095191E+15 0.130498311E+15
 0.129879272E+15 0.129241248E+15 0.128584962E+15 0.127910737E+15 0.127219027E+15
 0.126510127E+15 0.125782373E+15 0.125038457E+15 0.124278914E+15 0.123504257E+15
 0.122715014E+15 0.121911760E+15 0.121094421E+15 0.120263191E+15 0.119419668E+15
 0.118564380E+15 0.117697853E+15 0.116820595E+15 0.115933109E+15 0.115035899E+15
 0.114128676E+15 0.113212433E+15 0.112287984E+15 0.111355823E+15 0.110416452E+15
 0.109470355E+15 0.108517971E+15 0.107559857E+15 0.106596569E+15 0.105628541E+15
 0.104656199E+15 0.103679923E+15 0.102700544E+15 0.101718634E+15 0.100734601E+15
 0.997490244E+14 0.987622990E+14 0.977749854E+14 0.967874972E+14 0.958003280E+14
 0.948139565E+14 0.938287747E+14 0.928453055E+14 0.918639395E+14 0.908850801E+14
 0.899092011E+14 0.889366641E+14 0.879678220E+14 0.870030815E+14 0.860427645E+14
 0.850871428E+14 0.841364595E+14 0.831909490E+14 0.822507310E+14 0.813158330E+14
 0.803861779E+14 0.794614773E+14 0.785410577E+14 0.776243726E+14 0.767103565E+14
 0.757975542E+14 0.748840556E+14 0.739674556E+14 0.730447758E+14 0.721124937E+14
 0.711584929E+14 0.701800376E+14 0.691698299E+14 0.681200951E+14 0.670231492E+14
 0.658570013E+14 0.646026456E+14 0.632683450E+14 0.618530820E+14 0.603521571E+14
 0.587350706E+14 0.570680012E+14 0.553706727E+14 0.536594632E+14 0.519987982E+14
 0.504131056E+14 0.489249409E+14 0.476238461E+14 0.464458593E+14 0.454249178E+14
 0.452268192E+14
t_i_02
 0.234886861E+02 0.234717165E+02 0.234149768E+02 0.233335227E+02 0.232321838E+02
 0.231130752E+02 0.229765433E+02 0.228229843E+02 0.226528415E+02 0.224651230E+02
 0.222613725E+02 0.220427738E+02 0.218099440E+02 0.215635377E+02 0.213042141E+02
 0.210312092E+02 0.207468706E+02 0.204520133E+02 0.201473660E+02 0.198337722E+02
 0.195119747E+02 0.191819121E+02 0.188454214E+02 0.185032932E+02 0.181563023E+02
 0.178052234E+02 0.174527347E+02 0.171047410E+02 0.167645592E+02 0.164313157E+02
 0.161044370E+02 0.157834255E+02 0.154681020E+02 0.151585543E+02 0.148549234E+02
 0.145578725E+02 0.142677667E+02 0.139849177E+02 0.137096716E+02 0.134423912E+02
 0.131833623E+02 0.129324983E+02 0.126894240E+02 0.124536958E+02 0.122247581E+02
 0.120021132E+02 0.117853602E+02 0.115739684E+02 0.113676665E+02 0.111662216E+02
 0.109695209E+02 0.107774205E+02 0.105897929E+02 0.104064857E+02 0.102273764E+02
 0.100523703E+02 0.988138142E+01 0.971435295E+01 0.955121521E+01 0.939192097E+01
 0.923643858E+01 0.908470622E+01 0.893665584E+01 0.879222767E+01 0.865134745E+01
 0.851393588E+01 0.837991581E+01 0.824921342E+01 0.812173560E+01 0.799736551E+01
 0.787598795E+01 0.775758265E+01 0.764216796E+01 0.752946552E+01 0.741932304E+01
 0.731152319E+01 0.720568280E+01 0.710123138E+01 0.699741496E+01 0.689331970E+01
 0.678659933E+01 0.667551082E+01 0.655766037E+01 0.643035591E+01 0.629078599E+01
 0.613209282E+01 0.590449207E+01 0.560712903E+01 0.524757734E+01 0.483575487E+01
 0.435395897E+01 0.383967331E+01 0.330422170E+01 0.275808514E+01 0.223541184E+01
 0.174522765E+01 0.129762244E+01 0.925567129E+00 0.597838915E+00 0.325826734E+00
 0.273046787E+00
n_i_03
 0.417865432E+11 0.417471826E+11 0.416229627E+11 0.414649501E+11 0.412949550E+11
 0.411173883E+11 0.409249098E+11 0.407025818E+11 0.404316115E+11 0.400994993E+11
 0.397320972E+11 0.393484619E+11 0.389576606E+11 0.385667060E+11 0.381716002E+11
 0.377626921E+11 0.373382013E+11 0.368963523E+11 0.364400368E+11 0.359749878E+11
 0.355046149E+11 0.350315811E+11 0.345582342E+11 0.340845936E+11 0.336106590E+11
 0.331366190E+11 0.326623518E+11 0.321873766E+11 0.317115857E+11 0.312353346E+11
 0.307588040E+11 0.302823244E+11 0.298065786E+11 0.293324421E+11 0.288608122E+11
 0.283929122E+11 0.279300502E+11 0.274734493E+11 0.270242877E+11 0.265837287E+11
 0.261528139E+11 0.257320363E+11 0.253214086E+11 0.249207524E+11 0.245296584E+11
 0.241477545E+11 0.237747077E+11 0.234098972E+11 0.230530420E+11 0.227038513E+11
 0.223621723E+11 0.220277940E+11 0.217005372E+11 0.213801687E+11 0.210664951E+11
 0.207593422E+11 0.204585189E+11 0.201638721E+11 0.198752135E+11 0.195923721E+11
 0.193151991E+11 0.190435075E+11 0.187771097E+11 0.185158401E+11 0.182595174E+11
 0.180079578E+11 0.177609841E+11 0.175184300E+11 0.172801104E+11 0.170458237E+11
 0.168153663E+11 0.165885949E+11 0.163653508E+11 0.161452233E+11 0.159278856E+11
 0.157129387E+11 0.154998666E+11 0.152880336E+11 0.150766820E+11 0.148649533E+11
 0.146504958E+11 0.144323281E+11 0.142088230E+11 0.139782786E+11 0.137390286E+11
 0.134866048E+11 0.132080503E+11 0.129068846E+11 0.125866500E+11 0.122511733E+11
 0.118982139E+11 0.115407944E+11 0.111826491E+11 0.108281936E+11 0.104886854E+11
 0.101663694E+11 0.986539790E+10 0.960284141E+10 0.936523535E+10 0.915936902E+10
 0.911942370E+10
t_i_03
 0.234886861E+02 0.234717165E+02 0.234149768E+02 0.233335227E+02 0.232321838E+02
 0.231130752E+02 0.229765433E+02 0.228229843E+02 0.226528415E+02 0.224651230E+02
 0.222613725E+02 0.220427738E+02 0.218099440E+02 0.215635377E+02 0.213042141E+02
 0.210312092E+02 0.207468706E+02 0.204520133E+02 0.201473660E+02 0.198337722E+02
 0.195119747E+02 0.191819121E+02 0.188454214E+02 0.185032932E+02 0.181563023E+02
 0.178052234E+02 0.174527347E+02 0.171047410E+02 0.167645592E+02 0.164313157E+02
 0.161044370E+02 0.157834255E+02 0.154681020E+02 0.151585543E+02 0.148549234E+02
 0.145578725E+02 0.142677667E+02 0.139849177E+02 0.137096716E+02 0.134423912E+02
 0.131833623E+02 0.129324983E+02 0.126894240E+02 0.124536958E+02 0.122247581E+02
 0.120021132E+02 0.117853602E+02 0.115739684E+02 0.113676665E+02 0.111662216E+02
 0.109695209E+02 0.107774205E+02 0.105897929E+02 0.104064857E+02 0.102273764E+02
 0.100523703E+02 0.988138142E+01 0.971435295E+01 0.955121521E+01 0.939192097E+01
 0.923643858E+01 0.908470622E+01 0.893665584E+01 0.879222767E+01 0.865134745E+01
 0.851393588E+01 0.837991581E+01 0.824921342E+01 0.812173560E+01 0.799736551E+01
 0.787598795E+01 0.775758265E+01 0.764216796E+01 0.752946552E+01 0.741932304E+01
 0.731152319E+01 0.720568280E+01 0.710123138E+01 0.699741496E+01 0.689331970E+01
 0.678659933E+01 0.667551082E+01 0.655766037E+01 0.643035591E+01 0.629078599E+01
 0.613209282E+01 0.590449207E+01 0.560712903E+01 0.524757734E+01 0.483575487E+01
 0.435395897E+01 0.383967331E+01 0.330422170E+01 0.275808514E+01 0.223541184E+01
 0.174522765E+01 0.129762244E+01 0.925567129E+00 0.597838915E+00 0.325826734E+00
 0.273046787E+00
n_i_04
 0.000000000E+00 0.000000000E+00 0.000000000E+00 0.000000000E+00 0.000000000E+00
 0.000000000E+00 0.000000000E+00 0.000000000E+00 0.000000000E+00 0.000000000E+00
 0.000000000E+00 0.000000000E+00 0.000000000E+00 0.000000000E+00 0.000000000E+00
 0.000000000E+00 0.000000000E+00 0.000000000E+00 0.000000000E+00 0.000000000E+00
 0.000000000E+00 0.000000000E+00 0.000000000E+00 0.000000000E+00 0.000000000E+00
 0.000000000E+00 0.000000000E+00 0.000000000E+00 0.000000000E+00 0.000000000E+00
 0.000000000E+00 0.000000000E+00 0.000000000E+00 0.000000000E+00 0.000000000E+00
 0.000000000E+00 0.000000000E+00 0.000000000E+00 0.000000000E+00 0.000000000E+00
 0.000000000E+00 0.000000000E+00 0.000000000E+00 0.000000000E+00 0.000000000E+00
 0.000000000E+00 0.000000000E+00 0.000000000E+00 0.000000000E+00 0.000000000E+00
 0.000000000E+00 0.000000000E+00 0.000000000E+00 0.000000000E+00 0.000000000E+00
 0.000000000E+00 0.000000000E+00 0.000000000E+00 0.000000000E+00 0.000000000E+00
 0.000000000E+00 0.000000000E+00 0.000000000E+00 0.000000000E+00 0.000000000E+00
 0.000000000E+00 0.000000000E+00 0.000000000E+00 0.000000000E+00 0.000000000E+00
 0.000000000E+00 0.000000000E+00 0.000000000E+00 0.000000000E+00 0.000000000E+00
 0.000000000E+00 0.000000000E+00 0.000000000E+00 0.000000000E+00 0.000000000E+00
 0.000000000E+00 0.000000000E+00 0.000000000E+00 0.000000000E+00 0.000000000E+00
 0.000000000E+00 0.000000000E+00 0.000000000E+00 0.000000000E+00 0.000000000E+00
 0.000000000E+00 0.000000000E+00 0.000000000E+00 0.000000000E+00 0.000000000E+00
 0.000000000E+00 0.000000000E+00 0.000000000E+00 0.000000000E+00 0.000000000E+00
 0.000000000E+00
t_i_04
 0.000000000E+00 0.000000000E+00 0.000000000E+00 0.000000000E+00 0.000000000E+00
 0.000000000E+00 0.000000000E+00 0.000000000E+00 0.000000000E+00 0.000000000E+00
 0.000000000E+00 0.000000000E+00 0.000000000E+00 0.000000000E+00 0.000000000E+00
 0.000000000E+00 0.000000000E+00 0.000000000E+00 0.000000000E+00 0.000000000E+00
 0.000000000E+00 0.000000000E+00 0.000000000E+00 0.000000000E+00 0.000000000E+00
 0.000000000E+00 0.000000000E+00 0.000000000E+00 0.000000000E+00 0.000000000E+00
 0.000000000E+00 0.000000000E+00 0.000000000E+00 0.000000000E+00 0.000000000E+00
 0.000000000E+00 0.000000000E+00 0.000000000E+00 0.000000000E+00 0.000000000E+00
 0.000000000E+00 0.000000000E+00 0.000000000E+00 0.000000000E+00 0.000000000E+00
 0.000000000E+00 0.000000000E+00 0.000000000E+00 0.000000000E+00 0.000000000E+00
 0.000000000E+00 0.000000000E+00 0.000000000E+00 0.000000000E+00 0.000000000E+00
 0.000000000E+00 0.000000000E+00 0.000000000E+00 0.000000000E+00 0.000000000E+00
 0.000000000E+00 0.000000000E+00 0.000000000E+00 0.000000000E+00 0.000000000E+00
 0.000000000E+00 0.000000000E+00 0.000000000E+00 0.000000000E+00 0.000000000E+00
 0.000000000E+00 0.000000000E+00 0.000000000E+00 0.000000000E+00 0.000000000E+00
 0.000000000E+00 0.000000000E+00 0.000000000E+00 0.000000000E+00 0.000000000E+00
 0.000000000E+00 0.000000000E+00 0.000000000E+00 0.000000000E+00 0.000000000E+00
 0.000000000E+00 0.000000000E+00 0.000000000E+00 0.000000000E+00 0.000000000E+00
 0.000000000E+00 0.000000000E+00 0.000000000E+00 0.000000000E+00 0.000000000E+00
 0.000000000E+00 0.000000000E+00 0.000000000E+00 0.000000000E+00 0.000000000E+00
 0.000000000E+00
n_i_05
 0.000000000E+00 0.000000000E+00 0.000000000E+00 0.000000000E+00 0.000000000E+00
 0.000000000E+00 0.000000000E+00 0.000000000E+00 0.000000000E+00 0.000000000E+00
 0.000000000E+00 0.000000000E+00 0.000000000E+00 0.000000000E+00 0.000000000E+00
 0.000000000E+00 0.000000000E+00 0.000000000E+00 0.000000000E+00 0.000000000E+00
 0.000000000E+00 0.000000000E+00 0.000000000E+00 0.000000000E+00 0.000000000E+00
 0.000000000E+00 0.000000000E+00 0.000000000E+00 0.000000000E+00 0.000000000E+00
 0.000000000E+00 0.000000000E+00 0.000000000E+00 0.000000000E+00 0.000000000E+00
 0.000000000E+00 0.000000000E+00 0.000000000E+00 0.000000000E+00 0.000000000E+00
 0.000000000E+00 0.000000000E+00 0.000000000E+00 0.000000000E+00 0.000000000E+00
 0.000000000E+00 0.000000000E+00 0.000000000E+00 0.000000000E+00 0.000000000E+00
 0.000000000E+00 0.000000000E+00 0.000000000E+00 0.000000000E+00 0.000000000E+00
 0.000000000E+00 0.000000000E+00 0.000000000E+00 0.000000000E+00 0.000000000E+00
 0.000000000E+00 0.000000000E+00 0.000000000E+00 0.000000000E+00 0.000000000E+00
 0.000000000E+00 0.000000000E+00 0.000000000E+00 0.000000000E+00 0.000000000E+00
 0.000000000E+00 0.000000000E+00 0.000000000E+00 0.000000000E+00 0.000000000E+00
 0.000000000E+00 0.000000000E+00 0.000000000E+00 0.000000000E+00 0.000000000E+00
 0.000000000E+00 0.000000000E+00 0.000000000E+00 0.000000000E+00 0.000000000E+00
 0.000000000E+00 0.000000000E+00 0.000000000E+00 0.000000000E+00 0.000000000E+00
 0.000000000E+00 0.000000000E+00 0.000000000E+00 0.000000000E+00 0.000000000E+00
 0.000000000E+00 0.000000000E+00 0.000000000E+00 0.000000000E+00 0.000000000E+00
 0.000000000E+00
t_i_05
 0.000000000E+00 0.000000000E+00 0.000000000E+00 0.000000000E+00 0.000000000E+00
 0.000000000E+00 0.000000000E+00 0.000000000E+00 0.000000000E+00 0.000000000E+00
 0.000000000E+00 0.000000000E+00 0.000000000E+00 0.000000000E+00 0.000000000E+00
 0.000000000E+00 0.000000000E+00 0.000000000E+00 0.000000000E+00 0.000000000E+00
 0.000000000E+00 0.000000000E+00 0.000000000E+00 0.000000000E+00 0.000000000E+00
 0.000000000E+00 0.000000000E+00 0.000000000E+00 0.000000000E+00 0.000000000E+00
 0.000000000E+00 0.000000000E+00 0.000000000E+00 0.000000000E+00 0.000000000E+00
 0.000000000E+00 0.000000000E+00 0.000000000E+00 0.000000000E+00 0.000000000E+00
 0.000000000E+00 0.000000000E+00 0.000000000E+00 0.000000000E+00 0.000000000E+00
 0.000000000E+00 0.000000000E+00 0.000000000E+00 0.000000000E+00 0.000000000E+00
 0.000000000E+00 0.000000000E+00 0.000000000E+00 0.000000000E+00 0.000000000E+00
 0.000000000E+00 0.000000000E+00 0.000000000E+00 0.000000000E+00 0.000000000E+00
 0.000000000E+00 0.000000000E+00 0.000000000E+00 0.000000000E+00 0.000000000E+00
 0.000000000E+00 0.000000000E+00 0.000000000E+00 0.000000000E+00 0.000000000E+00
 0.000000000E+00 0.000000000E+00 0.000000000E+00 0.000000000E+00 0.000000000E+00
 0.000000000E+00 0.000000000E+00 0.000000000E+00 0.000000000E+00 0.000000000E+00
 0.000000000E+00 0.000000000E+00 0.000000000E+00 0.000000000E+00 0.000000000E+00
 0.000000000E+00 0.000000000E+00 0.000000000E+00 0.000000000E+00 0.000000000E+00
 0.000000000E+00 0.000000000E+00 0.000000000E+00 0.000000000E+00 0.000000000E+00
 0.000000000E+00 0.000000000E+00 0.000000000E+00 0.000000000E+00 0.000000000E+00
 0.000000000E+00
