@I NRHO 1 []
101
@R RHOB 1 []
1.266105e+00
@R RHO 101 []
0.000000e+00 1.000000e-02 2.000000e-02 3.000000e-02 4.000000e-02 
5.000000e-02 6.000000e-02 7.000000e-02 8.000000e-02 9.000000e-02 
1.000000e-01 1.100000e-01 1.200000e-01 1.300000e-01 1.400000e-01 
1.500000e-01 1.600000e-01 1.700000e-01 1.800000e-01 1.900000e-01 
2.000000e-01 2.100000e-01 2.200000e-01 2.300000e-01 2.400000e-01 
2.500000e-01 2.600000e-01 2.700000e-01 2.800000e-01 2.900000e-01 
3.000000e-01 3.100000e-01 3.200000e-01 3.300000e-01 3.400000e-01 
3.500000e-01 3.600000e-01 3.700000e-01 3.800000e-01 3.900000e-01 
4.000000e-01 4.100000e-01 4.200000e-01 4.300000e-01 4.400000e-01 
4.500000e-01 4.600000e-01 4.700000e-01 4.800000e-01 4.900000e-01 
5.000000e-01 5.100000e-01 5.200000e-01 5.300000e-01 5.400000e-01 
5.500000e-01 5.600000e-01 5.700000e-01 5.800000e-01 5.900000e-01 
6.000000e-01 6.100000e-01 6.200000e-01 6.300000e-01 6.400000e-01 
6.500000e-01 6.600000e-01 6.700000e-01 6.800000e-01 6.900000e-01 
7.000000e-01 7.100000e-01 7.200000e-01 7.300000e-01 7.400000e-01 
7.500000e-01 7.600000e-01 7.700000e-01 7.800000e-01 7.900000e-01 
8.000000e-01 8.100000e-01 8.200000e-01 8.300000e-01 8.400000e-01 
8.500000e-01 8.600000e-01 8.700000e-01 8.800000e-01 8.900000e-01 
9.000000e-01 9.100000e-01 9.200000e-01 9.300000e-01 9.400000e-01 
9.500000e-01 9.600000e-01 9.700000e-01 9.800000e-01 9.900000e-01 
1.000000e+00 
@R VOLP 101 []
0.000000e+00 2.465444e+00 4.930573e+00 7.395073e+00 9.858634e+00 
1.232095e+01 1.478173e+01 1.724067e+01 1.969750e+01 2.215195e+01 
2.460377e+01 2.705270e+01 2.949854e+01 3.194106e+01 3.438009e+01 
3.681543e+01 3.924695e+01 4.167451e+01 4.409800e+01 4.651733e+01 
4.893246e+01 5.134330e+01 5.374985e+01 5.615213e+01 5.855017e+01 
6.094408e+01 6.333394e+01 6.571966e+01 6.810091e+01 7.047744e+01 
7.284953e+01 7.521801e+01 7.758381e+01 7.994748e+01 8.230920e+01 
8.466902e+01 8.702698e+01 8.938312e+01 9.173738e+01 9.408952e+01 
9.643919e+01 9.878610e+01 1.011300e+02 1.034711e+02 1.058093e+02 
1.081451e+02 1.104787e+02 1.128105e+02 1.151402e+02 1.174677e+02 
1.197924e+02 1.221137e+02 1.244310e+02 1.267437e+02 1.290516e+02 
1.313544e+02 1.336524e+02 1.359458e+02 1.382348e+02 1.405197e+02 
1.428004e+02 1.450767e+02 1.473484e+02 1.496154e+02 1.518778e+02 
1.541355e+02 1.563888e+02 1.586376e+02 1.608820e+02 1.631220e+02 
1.653575e+02 1.675882e+02 1.698142e+02 1.720351e+02 1.742510e+02 
1.764617e+02 1.786673e+02 1.808679e+02 1.830637e+02 1.852547e+02 
1.874409e+02 1.896221e+02 1.917976e+02 1.939671e+02 1.961306e+02 
1.982911e+02 2.004559e+02 2.026315e+02 2.048154e+02 2.069865e+02 
2.091001e+02 2.111136e+02 2.130224e+02 2.148470e+02 2.166170e+02 
2.183633e+02 2.201142e+02 2.219177e+02 2.238555e+02 2.259971e+02 
2.283756e+02 
@R IPOL 101 []
1.011047e+00 1.011048e+00 1.011054e+00 1.011066e+00 1.011083e+00 
1.011107e+00 1.011135e+00 1.011168e+00 1.011207e+00 1.011249e+00 
1.011295e+00 1.011344e+00 1.011395e+00 1.011449e+00 1.011504e+00 
1.011560e+00 1.011615e+00 1.011669e+00 1.011722e+00 1.011772e+00 
1.011818e+00 1.011861e+00 1.011898e+00 1.011929e+00 1.011952e+00 
1.011969e+00 1.011976e+00 1.011974e+00 1.011963e+00 1.011945e+00 
1.011919e+00 1.011883e+00 1.011830e+00 1.011760e+00 1.011670e+00 
1.011562e+00 1.011436e+00 1.011292e+00 1.011132e+00 1.010958e+00 
1.010770e+00 1.010570e+00 1.010360e+00 1.010141e+00 1.009913e+00 
1.009675e+00 1.009426e+00 1.009168e+00 1.008899e+00 1.008622e+00 
1.008337e+00 1.008047e+00 1.007754e+00 1.007460e+00 1.007165e+00 
1.006870e+00 1.006576e+00 1.006282e+00 1.005987e+00 1.005692e+00 
1.005397e+00 1.005101e+00 1.004806e+00 1.004513e+00 1.004220e+00 
1.003930e+00 1.003642e+00 1.003356e+00 1.003072e+00 1.002792e+00 
1.002515e+00 1.002242e+00 1.001974e+00 1.001712e+00 1.001456e+00 
1.001207e+00 1.000964e+00 1.000730e+00 1.000503e+00 1.000286e+00 
1.000077e+00 9.998787e-01 9.996902e-01 9.995123e-01 9.993453e-01 
9.991889e-01 9.990430e-01 9.989073e-01 9.987820e-01 9.986688e-01 
9.985915e-01 9.985967e-01 9.986973e-01 9.988641e-01 9.990718e-01 
9.993014e-01 9.995271e-01 9.997230e-01 9.998725e-01 9.999702e-01 
1.000003e+00 
@R G11 101 []
0.000000e+00 2.463409e+00 4.926919e+00 7.390800e+00 9.855736e+00 
1.232161e+01 1.478807e+01 1.725526e+01 1.972366e+01 2.219382e+01 
2.466591e+01 2.713947e+01 2.961556e+01 3.209143e+01 3.457227e+01 
3.704538e+01 3.952578e+01 4.201119e+01 4.449819e+01 4.699706e+01 
4.948142e+01 5.197823e+01 5.448241e+01 5.698094e+01 5.948009e+01 
6.198191e+01 6.448926e+01 6.699919e+01 6.950992e+01 7.202307e+01 
7.453840e+01 7.705571e+01 7.957359e+01 8.209205e+01 8.460909e+01 
8.712228e+01 8.963491e+01 9.214932e+01 9.467066e+01 9.719227e+01 
9.970564e+01 1.022269e+02 1.047611e+02 1.072838e+02 1.098171e+02 
1.123561e+02 1.148872e+02 1.174337e+02 1.199738e+02 1.225217e+02 
1.250750e+02 1.276286e+02 1.301992e+02 1.327646e+02 1.353487e+02 
1.379385e+02 1.405299e+02 1.431470e+02 1.457542e+02 1.483743e+02 
1.510165e+02 1.536537e+02 1.562996e+02 1.589686e+02 1.616480e+02 
1.643279e+02 1.670229e+02 1.697409e+02 1.724705e+02 1.752092e+02 
1.779592e+02 1.807323e+02 1.835303e+02 1.863436e+02 1.891756e+02 
1.920260e+02 1.949030e+02 1.978130e+02 2.007504e+02 2.037138e+02 
2.067070e+02 2.097317e+02 2.128023e+02 2.159232e+02 2.190866e+02 
2.222919e+02 2.255307e+02 2.288165e+02 2.321660e+02 2.356000e+02 
2.391674e+02 2.429217e+02 2.468861e+02 2.510271e+02 2.553026e+02 
2.597233e+02 2.642662e+02 2.688614e+02 2.735213e+02 2.782541e+02 
2.830799e+02 
@R G22 101 []
0.000000e+00 1.251213e-02 2.502488e-02 3.753973e-02 5.006027e-02 
6.258602e-02 7.511538e-02 8.764911e-02 1.001899e-01 1.127406e-01 
1.253023e-01 1.378728e-01 1.504579e-01 1.630436e-01 1.756566e-01 
1.882326e-01 2.008483e-01 2.134924e-01 2.261477e-01 2.388669e-01 
2.515165e-01 2.642336e-01 2.769930e-01 2.897289e-01 3.024737e-01 
3.152387e-01 3.280391e-01 3.408593e-01 3.536896e-01 3.665378e-01 
3.794042e-01 3.922905e-01 4.051928e-01 4.181128e-01 4.310407e-01 
4.439636e-01 4.568980e-01 4.698555e-01 4.828620e-01 4.958826e-01 
5.088724e-01 5.219128e-01 5.350294e-01 5.480971e-01 5.612296e-01 
5.744038e-01 5.875515e-01 6.007918e-01 6.140135e-01 6.272887e-01 
6.406025e-01 6.539269e-01 6.673454e-01 6.807427e-01 6.942408e-01 
7.077733e-01 7.213197e-01 7.350054e-01 7.486496e-01 7.623698e-01 
7.762132e-01 7.900405e-01 8.039208e-01 8.179286e-01 8.319980e-01 
8.460789e-01 8.602469e-01 8.745424e-01 8.889073e-01 9.033281e-01 
9.178148e-01 9.324281e-01 9.471756e-01 9.620066e-01 9.769368e-01 
9.919648e-01 1.007131e+00 1.022469e+00 1.037948e+00 1.053561e+00 
1.069323e+00 1.085240e+00 1.101379e+00 1.117757e+00 1.134332e+00 
1.151117e+00 1.168102e+00 1.185384e+00 1.203020e+00 1.220987e+00 
1.239328e+00 1.258154e+00 1.277547e+00 1.297416e+00 1.317697e+00 
1.338585e+00 1.360076e+00 1.382013e+00 1.404803e+00 1.428700e+00 
1.453808e+00 
@R G33 101 []
9.123575e-01 9.123744e-01 9.124248e-01 9.125084e-01 9.126255e-01 
9.127757e-01 9.129585e-01 9.131738e-01 9.134213e-01 9.137003e-01 
9.140105e-01 9.143513e-01 9.147220e-01 9.151220e-01 9.155505e-01 
9.160069e-01 9.164902e-01 9.169995e-01 9.175341e-01 9.180927e-01 
9.186744e-01 9.192784e-01 9.199034e-01 9.205482e-01 9.212114e-01 
9.218910e-01 9.225858e-01 9.232967e-01 9.240264e-01 9.247757e-01 
9.255414e-01 9.263173e-01 9.270968e-01 9.278757e-01 9.286535e-01 
9.294306e-01 9.302078e-01 9.309854e-01 9.317641e-01 9.325459e-01 
9.333333e-01 9.341280e-01 9.349312e-01 9.357425e-01 9.365606e-01 
9.373835e-01 9.382093e-01 9.390369e-01 9.398663e-01 9.406991e-01 
9.415378e-01 9.423855e-01 9.432447e-01 9.441176e-01 9.450054e-01 
9.459077e-01 9.468232e-01 9.477499e-01 9.486857e-01 9.496294e-01 
9.505808e-01 9.515400e-01 9.525074e-01 9.534828e-01 9.544658e-01 
9.554554e-01 9.564505e-01 9.574500e-01 9.584533e-01 9.594600e-01 
9.604698e-01 9.614827e-01 9.624987e-01 9.635179e-01 9.645400e-01 
9.655645e-01 9.665904e-01 9.676164e-01 9.686408e-01 9.696629e-01 
9.706819e-01 9.716988e-01 9.727152e-01 9.737334e-01 9.747523e-01 
9.757568e-01 9.767124e-01 9.775888e-01 9.783996e-01 9.792426e-01 
9.802834e-01 9.816643e-01 9.834184e-01 9.854771e-01 9.877127e-01 
9.900045e-01 9.922525e-01 9.942666e-01 9.956979e-01 9.962549e-01 
9.958435e-01 
@R GRADRHO 101 []
1.003753e+00 9.954060e-01 9.954368e-01 9.955002e-01 9.956182e-01 
9.957613e-01 9.959119e-01 9.960746e-01 9.962631e-01 9.964863e-01 
9.967405e-01 9.970108e-01 9.973147e-01 9.976044e-01 9.979595e-01 
9.981980e-01 9.985328e-01 9.989209e-01 9.993165e-01 9.998289e-01 
1.000174e+00 1.000636e+00 1.001153e+00 1.001604e+00 1.002048e+00 
1.002504e+00 1.002993e+00 1.003487e+00 1.003976e+00 1.004472e+00 
1.004972e+00 1.005469e+00 1.005953e+00 1.006424e+00 1.006871e+00 
1.007280e+00 1.007671e+00 1.008057e+00 1.008466e+00 1.008862e+00 
1.009203e+00 1.009572e+00 1.009994e+00 1.010347e+00 1.010738e+00 
1.011141e+00 1.011494e+00 1.011900e+00 1.012263e+00 1.012644e+00 
1.013034e+00 1.013413e+00 1.013846e+00 1.014248e+00 1.014710e+00 
1.015182e+00 1.015646e+00 1.016187e+00 1.016677e+00 1.017194e+00 
1.017769e+00 1.018307e+00 1.018854e+00 1.019457e+00 1.020069e+00 
1.020661e+00 1.021275e+00 1.021932e+00 1.022596e+00 1.023257e+00 
1.023920e+00 1.024618e+00 1.025351e+00 1.026091e+00 1.026843e+00 
1.027604e+00 1.028392e+00 1.029220e+00 1.030068e+00 1.030928e+00 
1.031803e+00 1.032694e+00 1.033628e+00 1.034612e+00 1.035620e+00 
1.036640e+00 1.037629e+00 1.038589e+00 1.039548e+00 1.040584e+00 
1.041901e+00 1.043717e+00 1.046072e+00 1.048815e+00 1.051758e+00 
1.054817e+00 1.057859e+00 1.060593e+00 1.062768e+00 1.064068e+00 
1.064313e+00 
@R AREA 101 []
0.000000e+00 2.454205e+00 4.908303e+00 7.362229e+00 9.815810e+00 
1.226890e+01 1.472142e+01 1.717332e+01 1.962455e+01 2.207497e+01 
2.452447e+01 2.697297e+01 2.942038e+01 3.186663e+01 3.431171e+01 
3.675546e+01 3.919826e+01 4.163942e+01 4.407935e+01 4.651745e+01 
4.895403e+01 5.138914e+01 5.382243e+01 5.625403e+01 5.868399e+01 
6.111233e+01 6.353901e+01 6.596398e+01 6.838726e+01 7.080884e+01 
7.322871e+01 7.564691e+01 7.806349e+01 8.047855e+01 8.289217e+01 
8.530451e+01 8.771568e+01 9.012577e+01 9.253483e+01 9.494285e+01 
9.734999e+01 9.975635e+01 1.021618e+02 1.045664e+02 1.069704e+02 
1.093735e+02 1.117760e+02 1.141780e+02 1.165794e+02 1.189803e+02 
1.213808e+02 1.237810e+02 1.261809e+02 1.285804e+02 1.309796e+02 
1.333784e+02 1.357769e+02 1.381752e+02 1.405731e+02 1.429709e+02 
1.453685e+02 1.477660e+02 1.501635e+02 1.525611e+02 1.549588e+02 
1.573567e+02 1.597550e+02 1.621538e+02 1.645530e+02 1.669529e+02 
1.693537e+02 1.717554e+02 1.741583e+02 1.765625e+02 1.789681e+02 
1.813754e+02 1.837847e+02 1.861961e+02 1.886098e+02 1.910262e+02 
1.934457e+02 1.958685e+02 1.982951e+02 2.007258e+02 2.031609e+02 
2.056011e+02 2.080470e+02 2.104997e+02 2.129602e+02 2.154293e+02 
2.179072e+02 2.203928e+02 2.228843e+02 2.253803e+02 2.278803e+02 
2.303846e+02 2.328945e+02 2.354123e+02 2.379428e+02 2.404934e+02 
2.430747e+02 
@R A 101 []
0.000000e+00 1.131508e-02 2.263019e-02 3.394529e-02 4.526024e-02 
5.657497e-02 6.788978e-02 7.920465e-02 9.051942e-02 1.018342e-01 
1.131489e-01 1.244632e-01 1.357774e-01 1.470912e-01 1.584050e-01 
1.697183e-01 1.810332e-01 1.923466e-01 2.036605e-01 2.149725e-01 
2.262840e-01 2.375953e-01 2.489048e-01 2.602130e-01 2.715203e-01 
2.828264e-01 2.941307e-01 3.054330e-01 3.167337e-01 3.280331e-01 
3.393313e-01 3.506271e-01 3.619199e-01 3.732095e-01 3.844960e-01 
3.957794e-01 4.070596e-01 4.183360e-01 4.296081e-01 4.408755e-01 
4.521385e-01 4.633971e-01 4.746507e-01 4.858993e-01 4.971434e-01 
5.083818e-01 5.196151e-01 5.308425e-01 5.420638e-01 5.532793e-01 
5.644881e-01 5.756906e-01 5.868862e-01 5.980748e-01 6.092566e-01 
6.204310e-01 6.315983e-01 6.427576e-01 6.539089e-01 6.650524e-01 
6.761870e-01 6.873126e-01 6.984292e-01 7.095363e-01 7.206330e-01 
7.317193e-01 7.427951e-01 7.538595e-01 7.649119e-01 7.759520e-01 
7.869794e-01 7.979936e-01 8.089938e-01 8.199793e-01 8.309498e-01 
8.419046e-01 8.528431e-01 8.637645e-01 8.746682e-01 8.855536e-01 
8.964199e-01 9.072663e-01 9.180916e-01 9.288945e-01 9.396741e-01 
9.504302e-01 9.611624e-01 9.718693e-01 9.825495e-01 9.932034e-01 
1.003830e+00 1.014429e+00 1.025005e+00 1.035567e+00 1.046123e+00 
1.056675e+00 1.067224e+00 1.077761e+00 1.088274e+00 1.098745e+00 
1.109155e+00 
@R RTOR 101 []
4.763530e+00 4.763506e+00 4.763437e+00 4.763322e+00 4.763161e+00 
4.762954e+00 4.762701e+00 4.762404e+00 4.762061e+00 4.761674e+00 
4.761243e+00 4.760769e+00 4.760251e+00 4.759691e+00 4.759089e+00 
4.758445e+00 4.757761e+00 4.757037e+00 4.756274e+00 4.755473e+00 
4.754634e+00 4.753760e+00 4.752849e+00 4.751904e+00 4.750925e+00 
4.749914e+00 4.748872e+00 4.747799e+00 4.746698e+00 4.745567e+00 
4.744406e+00 4.743217e+00 4.742002e+00 4.740762e+00 4.739501e+00 
4.738219e+00 4.736918e+00 4.735600e+00 4.734266e+00 4.732915e+00 
4.731550e+00 4.730169e+00 4.728772e+00 4.727361e+00 4.725933e+00 
4.724490e+00 4.723031e+00 4.721557e+00 4.720068e+00 4.718565e+00 
4.717047e+00 4.715514e+00 4.713965e+00 4.712400e+00 4.710818e+00 
4.709219e+00 4.707600e+00 4.705962e+00 4.704305e+00 4.702627e+00 
4.700930e+00 4.699212e+00 4.697473e+00 4.695713e+00 4.693932e+00 
4.692129e+00 4.690304e+00 4.688456e+00 4.686586e+00 4.684693e+00 
4.682776e+00 4.680836e+00 4.678872e+00 4.676884e+00 4.674870e+00 
4.672831e+00 4.670766e+00 4.668673e+00 4.666554e+00 4.664407e+00 
4.662231e+00 4.660026e+00 4.657790e+00 4.655522e+00 4.653220e+00 
4.650885e+00 4.648515e+00 4.646115e+00 4.643683e+00 4.641218e+00 
4.638710e+00 4.636148e+00 4.633516e+00 4.630798e+00 4.627981e+00 
4.625062e+00 4.622037e+00 4.618913e+00 4.615702e+00 4.612423e+00 
4.609097e+00 
@R SHIFT 101 []
2.135296e-01 2.135063e-01 2.134370e-01 2.133219e-01 2.131607e-01 
2.129537e-01 2.127013e-01 2.124039e-01 2.120614e-01 2.116745e-01 
2.112435e-01 2.107688e-01 2.102510e-01 2.096907e-01 2.090886e-01 
2.084451e-01 2.077609e-01 2.070371e-01 2.062740e-01 2.054729e-01 
2.046345e-01 2.037595e-01 2.028491e-01 2.019041e-01 2.009254e-01 
1.999141e-01 1.988717e-01 1.977994e-01 1.966978e-01 1.955667e-01 
1.944062e-01 1.932174e-01 1.920020e-01 1.907624e-01 1.895007e-01 
1.882188e-01 1.869181e-01 1.856000e-01 1.842656e-01 1.829155e-01 
1.815499e-01 1.801689e-01 1.787725e-01 1.773605e-01 1.759328e-01 
1.744895e-01 1.730307e-01 1.715568e-01 1.700680e-01 1.685646e-01 
1.670468e-01 1.655138e-01 1.639652e-01 1.624004e-01 1.608185e-01 
1.592186e-01 1.576000e-01 1.559622e-01 1.543047e-01 1.526273e-01 
1.509298e-01 1.492119e-01 1.474732e-01 1.457133e-01 1.439321e-01 
1.421289e-01 1.403037e-01 1.384560e-01 1.365858e-01 1.346926e-01 
1.327762e-01 1.308361e-01 1.288721e-01 1.268836e-01 1.248701e-01 
1.228310e-01 1.207656e-01 1.186735e-01 1.165540e-01 1.144067e-01 
1.122309e-01 1.100256e-01 1.077897e-01 1.055218e-01 1.032204e-01 
1.008847e-01 9.851548e-02 9.611451e-02 9.368318e-02 9.121795e-02 
8.870977e-02 8.614769e-02 8.351621e-02 8.079804e-02 7.798131e-02 
7.506202e-02 7.203725e-02 6.891287e-02 6.570207e-02 6.242338e-02 
5.909669e-02 
@R ELONG 101 []
1.297258e+00 1.297254e+00 1.297241e+00 1.297224e+00 1.297182e+00 
1.297117e+00 1.297035e+00 1.296946e+00 1.296854e+00 1.296750e+00 
1.296636e+00 1.296513e+00 1.296385e+00 1.296249e+00 1.296105e+00 
1.295955e+00 1.295798e+00 1.295638e+00 1.295475e+00 1.295307e+00 
1.295137e+00 1.294967e+00 1.294797e+00 1.294628e+00 1.294461e+00 
1.294299e+00 1.294143e+00 1.293994e+00 1.293851e+00 1.293710e+00 
1.293573e+00 1.293446e+00 1.293332e+00 1.293232e+00 1.293148e+00 
1.293081e+00 1.293033e+00 1.293006e+00 1.293002e+00 1.293020e+00 
1.293061e+00 1.293124e+00 1.293208e+00 1.293313e+00 1.293438e+00 
1.293584e+00 1.293752e+00 1.293941e+00 1.294153e+00 1.294387e+00 
1.294644e+00 1.294923e+00 1.295225e+00 1.295548e+00 1.295893e+00 
1.296257e+00 1.296643e+00 1.297048e+00 1.297475e+00 1.297922e+00 
1.298391e+00 1.298883e+00 1.299398e+00 1.299936e+00 1.300499e+00 
1.301088e+00 1.301702e+00 1.302344e+00 1.303015e+00 1.303715e+00 
1.304447e+00 1.305211e+00 1.306008e+00 1.306842e+00 1.307712e+00 
1.308620e+00 1.309568e+00 1.310559e+00 1.311594e+00 1.312676e+00 
1.313808e+00 1.314992e+00 1.316230e+00 1.317524e+00 1.318878e+00 
1.320294e+00 1.321779e+00 1.323344e+00 1.325000e+00 1.326755e+00 
1.328603e+00 1.330531e+00 1.332517e+00 1.334532e+00 1.336564e+00 
1.338614e+00 1.340687e+00 1.342809e+00 1.345042e+00 1.347465e+00 
1.350172e+00 
@R TRIAG 101 []
0.000000e+00 3.165941e-02 3.002755e-02 2.839721e-02 2.675586e-02 
2.510394e-02 2.344693e-02 2.178117e-02 2.010288e-02 1.841383e-02 
1.671323e-02 1.499837e-02 1.326884e-02 1.152510e-02 9.765934e-03 
7.989589e-03 6.195541e-03 4.383211e-03 2.550935e-03 6.991490e-04 
-1.172901e-03 -3.066610e-03 -4.982226e-03 -6.920181e-03 -8.882094e-03 
-1.086844e-02 -1.287839e-02 -1.491223e-02 -1.697218e-02 -1.906060e-02 
-2.117924e-02 -2.332679e-02 -2.550130e-02 -2.770334e-02 -2.993548e-02 
-3.220105e-02 -3.450409e-02 -3.684591e-02 -3.922384e-02 -4.163620e-02 
-4.408294e-02 -4.656416e-02 -4.907977e-02 -5.162989e-02 -5.421482e-02 
-5.683437e-02 -5.948924e-02 -6.218070e-02 -6.491008e-02 -6.767913e-02 
-7.048961e-02 -7.334189e-02 -7.623540e-02 -7.916982e-02 -8.214538e-02 
-8.516264e-02 -8.822368e-02 -9.133012e-02 -9.448370e-02 -9.768627e-02 
-1.009393e-01 -1.042450e-01 -1.076056e-01 -1.110235e-01 -1.145020e-01 
-1.180443e-01 -1.216530e-01 -1.253311e-01 -1.290816e-01 -1.329077e-01 
-1.368129e-01 -1.408009e-01 -1.448754e-01 -1.490405e-01 -1.533002e-01 
-1.576589e-01 -1.621220e-01 -1.666946e-01 -1.713828e-01 -1.761934e-01 
-1.811340e-01 -1.862128e-01 -1.914372e-01 -1.968146e-01 -2.023532e-01 
-2.080621e-01 -2.139593e-01 -2.200729e-01 -2.264364e-01 -2.330888e-01 
-2.400216e-01 -2.471914e-01 -2.545501e-01 -2.620538e-01 -2.697478e-01 
-2.777308e-01 -2.860885e-01 -2.948231e-01 -3.037187e-01 -3.127193e-01 
-3.220954e-01 
