 # generated by zfastran.py Ver+Oct2009
@R INFLAG 1 []
  1.000000000e+00
@R TIME0 1 [s]
  0.000000000e+00
@R IP 1 []
  9.999999995e+00
@R BCENTR 1 []
  1.100000000e+01
@R RMAJOR 1 []
  4.550000000e+00
@R AMINOR 1 []
  1.107767163e+00
@R ELONGB 1 []
  1.344811979e+00
@R TRIANB 1 []
 -3.154491578e-01
@R RHO 101 []
  0.000000000e+00  1.000000000e-02  2.000000000e-02  3.000000000e-02
  4.000000000e-02  5.000000000e-02  6.000000000e-02  7.000000000e-02
  8.000000000e-02  9.000000000e-02  1.000000000e-01  1.100000000e-01
  1.200000000e-01  1.300000000e-01  1.400000000e-01  1.500000000e-01
  1.600000000e-01  1.700000000e-01  1.800000000e-01  1.900000000e-01
  2.000000000e-01  2.100000000e-01  2.200000000e-01  2.300000000e-01
  2.400000000e-01  2.500000000e-01  2.600000000e-01  2.700000000e-01
  2.800000000e-01  2.900000000e-01  3.000000000e-01  3.100000000e-01
  3.200000000e-01  3.300000000e-01  3.400000000e-01  3.500000000e-01
  3.600000000e-01  3.700000000e-01  3.800000000e-01  3.900000000e-01
  4.000000000e-01  4.100000000e-01  4.200000000e-01  4.300000000e-01
  4.400000000e-01  4.500000000e-01  4.600000000e-01  4.700000000e-01
  4.800000000e-01  4.900000000e-01  5.000000000e-01  5.100000000e-01
  5.200000000e-01  5.300000000e-01  5.400000000e-01  5.500000000e-01
  5.600000000e-01  5.700000000e-01  5.800000000e-01  5.900000000e-01
  6.000000000e-01  6.100000000e-01  6.200000000e-01  6.300000000e-01
  6.400000000e-01  6.500000000e-01  6.600000000e-01  6.700000000e-01
  6.800000000e-01  6.900000000e-01  7.000000000e-01  7.100000000e-01
  7.200000000e-01  7.300000000e-01  7.400000000e-01  7.500000000e-01
  7.600000000e-01  7.700000000e-01  7.800000000e-01  7.900000000e-01
  8.000000000e-01  8.100000000e-01  8.200000000e-01  8.300000000e-01
  8.400000000e-01  8.500000000e-01  8.600000000e-01  8.700000000e-01
  8.800000000e-01  8.900000000e-01  9.000000000e-01  9.100000000e-01
  9.200000000e-01  9.300000000e-01  9.400000000e-01  9.500000000e-01
  9.600000000e-01  9.700000000e-01  9.800000000e-01  9.900000000e-01
  1.000000000e+00
@R AMAIN 1 []
  2.500000000e+00
@R ZMAIN 1 []
  1.000000000e+00
@I NIMP 1 []
                1
@R AIMP 1 []
  1.820000000e+02
@R ZIMP 1 []
  7.400000000e+01
@R FIMP 1 []
  2.187651037e-04
@R ENE 101 []
  2.501685078e+01  2.501685078e+01  2.498188299e+01  2.494441766e+01
  2.490448771e+01  2.486212606e+01  2.481736564e+01  2.477023936e+01
  2.472078014e+01  2.466902090e+01  2.461499456e+01  2.455873405e+01
  2.450027228e+01  2.443964218e+01  2.437687665e+01  2.431200863e+01
  2.424507103e+01  2.417609677e+01  2.410511877e+01  2.403216996e+01
  2.395728325e+01  2.388049156e+01  2.380182781e+01  2.372132493e+01
  2.363901583e+01  2.355493343e+01  2.346911065e+01  2.338158041e+01
  2.329237564e+01  2.320152925e+01  2.310907416e+01  2.301504329e+01
  2.291946957e+01  2.282238591e+01  2.272382523e+01  2.262382045e+01
  2.252240449e+01  2.241961028e+01  2.231547073e+01  2.221001876e+01
  2.210328729e+01  2.199530924e+01  2.188611753e+01  2.177574509e+01
  2.166422482e+01  2.155158965e+01  2.143787250e+01  2.132310628e+01
  2.120732391e+01  2.109055831e+01  2.097284238e+01  2.085420904e+01
  2.073469119e+01  2.061432172e+01  2.049313352e+01  2.037115945e+01
  2.024843235e+01  2.012498504e+01  2.000085026e+01  1.987606070e+01
  1.975064892e+01  1.962464732e+01  1.949808808e+01  1.937100302e+01
  1.924342346e+01  1.911537999e+01  1.898690212e+01  1.885801783e+01
  1.872875282e+01  1.859912950e+01  1.846916545e+01  1.833887130e+01
  1.820824748e+01  1.807727963e+01  1.794593188e+01  1.781413706e+01
  1.768178261e+01  1.754869002e+01  1.741458524e+01  1.727905592e+01
  1.714149004e+01  1.700098825e+01  1.685623971e+01  1.670534854e+01
  1.654559585e+01  1.637312347e+01  1.618253463e+01  1.596643391e+01
  1.571499070e+01  1.541573032e+01  1.505394875e+01  1.461437170e+01
  1.408474644e+01  1.346154991e+01  1.275647836e+01  1.200021730e+01
  1.123926199e+01  1.052477291e+01  9.898380982e+00  9.382659432e+00
  8.980258163e+00
@R TE 101 []
  1.980450864e+01  1.980450864e+01  1.976926073e+01  1.972348282e+01
  1.966725564e+01  1.960067630e+01  1.952385807e+01  1.943693018e+01
  1.934003753e+01  1.923334035e+01  1.911701382e+01  1.899124768e+01
  1.885624571e+01  1.871222527e+01  1.855941674e+01  1.839806294e+01
  1.822841847e+01  1.805074915e+01  1.786533125e+01  1.767245083e+01
  1.747240301e+01  1.726549124e+01  1.705202647e+01  1.683232646e+01
  1.660671490e+01  1.637552071e+01  1.613907713e+01  1.589772101e+01
  1.565179195e+01  1.540163152e+01  1.514758247e+01  1.489260025e+01
  1.463914590e+01  1.438682101e+01  1.413522717e+01  1.388396596e+01
  1.363346569e+01  1.338452026e+01  1.313727972e+01  1.289189409e+01
  1.264851338e+01  1.240737455e+01  1.216874293e+01  1.193281114e+01
  1.169977179e+01  1.146981747e+01  1.124320912e+01  1.102009941e+01
  1.080051857e+01  1.058449683e+01  1.037206442e+01  1.016307523e+01
  9.957292552e+00  9.754610789e+00  9.554924322e+00  9.358127540e+00
  9.163928121e+00  8.972133546e+00  8.782787899e+00  8.595935263e+00
  8.411619713e+00  8.230025121e+00  8.051356661e+00  7.875690346e+00
  7.703102162e+00  7.533668055e+00  7.367410117e+00  7.204232372e+00
  7.044033503e+00  6.886711969e+00  6.732165885e+00  6.580236270e+00
  6.430749599e+00  6.283580815e+00  6.138602973e+00  5.995686220e+00
  5.854656949e+00  5.715444711e+00  5.578062876e+00  5.442508763e+00
  5.308755083e+00  5.176918067e+00  5.047071304e+00  4.919026962e+00
  4.792464280e+00  4.666862670e+00  4.541645456e+00  4.415397740e+00
  4.285660574e+00  4.149191565e+00  4.001843612e+00  3.739242847e+00
  3.415646522e+00  3.021462447e+00  2.559123481e+00  2.049749904e+00
  1.532463946e+00  1.052763012e+00  6.459840592e-01  3.273054747e-01
  9.313772241e-02
@R TI 101 []
  2.075872255e+01  2.075872255e+01  2.071758309e+01  2.066219258e+01
  2.059266982e+01  2.050916470e+01  2.041185774e+01  2.030095948e+01
  2.017670977e+01  2.003937693e+01  1.988925684e+01  1.972667183e+01
  1.955196950e+01  1.936552155e+01  1.916772233e+01  1.895898747e+01
  1.873975235e+01  1.851047053e+01  1.827161213e+01  1.802366216e+01
  1.776711877e+01  1.750249155e+01  1.723029976e+01  1.695107052e+01
  1.666533709e+01  1.637363705e+01  1.607651058e+01  1.577449869e+01
  1.546814160e+01  1.515797699e+01  1.484453848e+01  1.453356120e+01
  1.423005471e+01  1.393346023e+01  1.364321899e+01  1.335877218e+01
  1.308028806e+01  1.280828322e+01  1.254272145e+01  1.228356655e+01
  1.203078228e+01  1.178418809e+01  1.154353668e+01  1.130869178e+01
  1.107951712e+01  1.085587643e+01  1.063769249e+01  1.042481581e+01
  1.021700167e+01  1.001400538e+01  9.815582239e+00  9.621506666e+00
  9.431496910e+00  9.245223965e+00  9.062358839e+00  8.882572538e+00
  8.705370083e+00  8.530469644e+00  8.357861939e+00  8.187537680e+00
  8.019487577e+00  7.854004677e+00  7.691429727e+00  7.531824965e+00
  7.375252605e+00  7.221774819e+00  7.071427709e+00  6.924104543e+00
  6.779653088e+00  6.637920892e+00  6.498755168e+00  6.361912517e+00
  6.227180027e+00  6.094449304e+00  5.963610091e+00  5.834549272e+00
  5.707202439e+00  5.581557444e+00  5.457568197e+00  5.335172745e+00
  5.214284816e+00  5.094755784e+00  4.976429690e+00  4.859113605e+00
  4.742482785e+00  4.626014142e+00  4.509289916e+00  4.391179362e+00
  4.269411632e+00  4.140933107e+00  4.001782842e+00  3.739031311e+00
  3.415520326e+00  3.021536852e+00  2.559348542e+00  2.049952407e+00
  1.532483761e+00  1.052586005e+00  6.457558620e-01  3.272331394e-01
  9.338373216e-02
@R ZEFF 101 []
  2.181769090e+00  2.181769090e+00  2.181257082e+00  2.180559609e+00
  2.179705477e+00  2.178723682e+00  2.177614231e+00  2.176254364e+00
  2.174477750e+00  2.172093686e+00  2.168870585e+00  2.164837162e+00
  2.160279630e+00  2.155336788e+00  2.150196149e+00  2.145102739e+00
  2.140092776e+00  2.135010806e+00  2.129858080e+00  2.124633814e+00
  2.119335031e+00  2.113966238e+00  2.108553768e+00  2.103128064e+00
  2.097722575e+00  2.092373412e+00  2.087130553e+00  2.082020046e+00
  2.077040918e+00  2.072188437e+00  2.067454319e+00  2.062806690e+00
  2.058222861e+00  2.053705150e+00  2.049255019e+00  2.044873117e+00
  2.040573048e+00  2.036374444e+00  2.032285936e+00  2.028315419e+00
  2.024469980e+00  2.020752985e+00  2.017165675e+00  2.013710644e+00
  2.010389633e+00  2.007203545e+00  2.004153524e+00  2.001238715e+00
  1.998455967e+00  1.995801580e+00  1.993271397e+00  1.990861425e+00
  1.988566091e+00  1.986378527e+00  1.984291877e+00  1.982299377e+00
  1.980392060e+00  1.978564086e+00  1.976813424e+00  1.975137966e+00
  1.973535552e+00  1.972006469e+00  1.970552615e+00  1.969173927e+00
  1.967869967e+00  1.966639951e+00  1.965484116e+00  1.964400074e+00
  1.963383016e+00  1.962428359e+00  1.961531758e+00  1.960687293e+00
  1.959889630e+00  1.959135655e+00  1.958422470e+00  1.957747389e+00
  1.957108640e+00  1.956505064e+00  1.955935087e+00  1.955397166e+00
  1.954889784e+00  1.954411206e+00  1.953960019e+00  1.953535139e+00
  1.953135376e+00  1.952759431e+00  1.952407658e+00  1.952078728e+00
  1.951769078e+00  1.951475661e+00  1.951196100e+00  1.950652069e+00
  1.950127321e+00  1.949670940e+00  1.949336278e+00  1.949145697e+00
  1.949069541e+00  1.949050896e+00  1.949048639e+00  1.949048551e+00
  1.949048551e+00
@R OMEGA 101 []
  4.992501875e+03  4.992501875e+03  4.978801804e+03  4.961079526e+03
  4.940120160e+03  4.916382264e+03  4.890178959e+03  4.861743180e+03
  4.831258024e+03  4.798873089e+03  4.764714177e+03  4.728889466e+03
  4.691493659e+03  4.652610886e+03  4.612316799e+03  4.570680145e+03
  4.527763951e+03  4.483626454e+03  4.438321832e+03  4.391900796e+03
  4.344411068e+03  4.295897774e+03  4.246403778e+03  4.195969955e+03
  4.144635428e+03  4.092437767e+03  4.039413164e+03  3.985596584e+03
  3.931021896e+03  3.875721988e+03  3.819728870e+03  3.763073767e+03
  3.705787199e+03  3.647899055e+03  3.589438660e+03  3.530434837e+03
  3.470915960e+03  3.410910006e+03  3.350444605e+03  3.289547080e+03
  3.228244492e+03  3.166563674e+03  3.104531273e+03  3.042173783e+03
  2.979517575e+03  2.916588934e+03  2.853414088e+03  2.790019238e+03
  2.726430588e+03  2.662674375e+03  2.598776897e+03  2.534764544e+03
  2.470663824e+03  2.406501396e+03  2.342304099e+03  2.278098979e+03
  2.213913327e+03  2.149774707e+03  2.085710992e+03  2.021750397e+03
  1.957921519e+03  1.894253376e+03  1.830775447e+03  1.767517715e+03
  1.704510722e+03  1.641785608e+03  1.579374179e+03  1.517308956e+03
  1.455623246e+03  1.394351213e+03  1.333527952e+03  1.273189580e+03
  1.213373329e+03  1.154117653e+03  1.095462349e+03  1.037448686e+03
  9.801195629e+02  9.235196753e+02  8.676957162e+02  8.126966008e+02
  7.585737302e+02  7.053812976e+02  6.531766492e+02  6.020207128e+02
  5.519785103e+02  5.031197796e+02  4.555197357e+02  4.092600162e+02
  3.644298727e+02  3.211276991e+02  2.794630303e+02  2.395592200e+02
  2.015571260e+02  1.656203590e+02  1.319430748e+02  1.007621703e+02
  7.237775876e+01  4.719105135e+01  2.578549737e+01  9.151104569e+00
 -1.787014980e-12
@R Q 101 []
  0.000000000e+00  0.000000000e+00  0.000000000e+00  0.000000000e+00
  0.000000000e+00  0.000000000e+00  0.000000000e+00  0.000000000e+00
  0.000000000e+00  0.000000000e+00  0.000000000e+00  0.000000000e+00
  0.000000000e+00  0.000000000e+00  0.000000000e+00  0.000000000e+00
  0.000000000e+00  0.000000000e+00  0.000000000e+00  0.000000000e+00
  0.000000000e+00  0.000000000e+00  0.000000000e+00  0.000000000e+00
  0.000000000e+00  0.000000000e+00  0.000000000e+00  0.000000000e+00
  0.000000000e+00  0.000000000e+00  0.000000000e+00  0.000000000e+00
  0.000000000e+00  0.000000000e+00  0.000000000e+00  0.000000000e+00
  0.000000000e+00  0.000000000e+00  0.000000000e+00  0.000000000e+00
  0.000000000e+00  0.000000000e+00  0.000000000e+00  0.000000000e+00
  0.000000000e+00  0.000000000e+00  0.000000000e+00  0.000000000e+00
  0.000000000e+00  0.000000000e+00  0.000000000e+00  0.000000000e+00
  0.000000000e+00  0.000000000e+00  0.000000000e+00  0.000000000e+00
  0.000000000e+00  0.000000000e+00  0.000000000e+00  0.000000000e+00
  0.000000000e+00  0.000000000e+00  0.000000000e+00  0.000000000e+00
  0.000000000e+00  0.000000000e+00  0.000000000e+00  0.000000000e+00
  0.000000000e+00  0.000000000e+00  0.000000000e+00  0.000000000e+00
  0.000000000e+00  0.000000000e+00  0.000000000e+00  0.000000000e+00
  0.000000000e+00  0.000000000e+00  0.000000000e+00  0.000000000e+00
  0.000000000e+00  0.000000000e+00  0.000000000e+00  0.000000000e+00
  0.000000000e+00  0.000000000e+00  0.000000000e+00  0.000000000e+00
  0.000000000e+00  0.000000000e+00  0.000000000e+00  0.000000000e+00
  0.000000000e+00  0.000000000e+00  0.000000000e+00  0.000000000e+00
  0.000000000e+00  0.000000000e+00  0.000000000e+00  0.000000000e+00
  0.000000000e+00
@R FP 101 []
  0.000000000e+00  0.000000000e+00  0.000000000e+00  0.000000000e+00
  0.000000000e+00  0.000000000e+00  0.000000000e+00  0.000000000e+00
  0.000000000e+00  0.000000000e+00  0.000000000e+00  0.000000000e+00
  0.000000000e+00  0.000000000e+00  0.000000000e+00  0.000000000e+00
  0.000000000e+00  0.000000000e+00  0.000000000e+00  0.000000000e+00
  0.000000000e+00  0.000000000e+00  0.000000000e+00  0.000000000e+00
  0.000000000e+00  0.000000000e+00  0.000000000e+00  0.000000000e+00
  0.000000000e+00  0.000000000e+00  0.000000000e+00  0.000000000e+00
  0.000000000e+00  0.000000000e+00  0.000000000e+00  0.000000000e+00
  0.000000000e+00  0.000000000e+00  0.000000000e+00  0.000000000e+00
  0.000000000e+00  0.000000000e+00  0.000000000e+00  0.000000000e+00
  0.000000000e+00  0.000000000e+00  0.000000000e+00  0.000000000e+00
  0.000000000e+00  0.000000000e+00  0.000000000e+00  0.000000000e+00
  0.000000000e+00  0.000000000e+00  0.000000000e+00  0.000000000e+00
  0.000000000e+00  0.000000000e+00  0.000000000e+00  0.000000000e+00
  0.000000000e+00  0.000000000e+00  0.000000000e+00  0.000000000e+00
  0.000000000e+00  0.000000000e+00  0.000000000e+00  0.000000000e+00
  0.000000000e+00  0.000000000e+00  0.000000000e+00  0.000000000e+00
  0.000000000e+00  0.000000000e+00  0.000000000e+00  0.000000000e+00
  0.000000000e+00  0.000000000e+00  0.000000000e+00  0.000000000e+00
  0.000000000e+00  0.000000000e+00  0.000000000e+00  0.000000000e+00
  0.000000000e+00  0.000000000e+00  0.000000000e+00  0.000000000e+00
  0.000000000e+00  0.000000000e+00  0.000000000e+00  0.000000000e+00
  0.000000000e+00  0.000000000e+00  0.000000000e+00  0.000000000e+00
  0.000000000e+00  0.000000000e+00  0.000000000e+00  0.000000000e+00
  0.000000000e+00
@R CURPAR 101 []
  3.678822173e+00  3.678623504e+00  3.677894816e+00  3.676426496e+00
  3.674151526e+00  3.671099102e+00  3.667299790e+00  3.662773584e+00
  3.657534219e+00  3.651589250e+00  3.644942286e+00  3.637594809e+00
  3.629547340e+00  3.620800035e+00  3.611352935e+00  3.601206047e+00
  3.590359374e+00  3.578812915e+00  3.566566671e+00  3.553620642e+00
  3.539974827e+00  3.525629226e+00  3.510583841e+00  3.494838670e+00
  3.478393713e+00  3.461248972e+00  3.443404445e+00  3.424860132e+00
  3.405616034e+00  3.385672151e+00  3.365028482e+00  3.343685028e+00
  3.321641789e+00  3.298898764e+00  3.275455954e+00  3.251313358e+00
  3.226470977e+00  3.200928811e+00  3.174686859e+00  3.147745122e+00
  3.120103600e+00  3.091762292e+00  3.062721199e+00  3.032980321e+00
  3.002539657e+00  2.971399207e+00  2.939558972e+00  2.907018952e+00
  2.873779147e+00  2.839839556e+00  2.805200180e+00  2.769861018e+00
  2.733822072e+00  2.697083339e+00  2.659644822e+00  2.621506518e+00
  2.582668430e+00  2.543130556e+00  2.502892897e+00  2.461955452e+00
  2.420318222e+00  2.377981207e+00  2.334944406e+00  2.291207820e+00
  2.246771448e+00  2.201635291e+00  2.155799349e+00  2.109263621e+00
  2.062028108e+00  2.014092810e+00  1.965457726e+00  1.916122857e+00
  1.866088203e+00  1.815353763e+00  1.763919537e+00  1.711785527e+00
  1.658951731e+00  1.605418149e+00  1.551184783e+00  1.496251631e+00
  1.440618693e+00  1.384285970e+00  1.327253462e+00  1.269521168e+00
  1.211089089e+00  1.151957226e+00  1.092125592e+00  1.031594291e+00
  9.703639494e-01  9.084376075e-01  8.458274055e-01  7.825740993e-01
  7.187943541e-01  6.547757537e-01  5.911342633e-01  5.290179749e-01
  4.702897340e-01  4.176563337e-01  3.740868607e-01  3.433814504e-01
  3.318470515e-01
@R CURBEAM 101 []
  0.000000000e+00  0.000000000e+00  0.000000000e+00  0.000000000e+00
  0.000000000e+00  0.000000000e+00  0.000000000e+00  0.000000000e+00
  0.000000000e+00  0.000000000e+00  0.000000000e+00  0.000000000e+00
  0.000000000e+00  0.000000000e+00  0.000000000e+00  0.000000000e+00
  0.000000000e+00  0.000000000e+00  0.000000000e+00  0.000000000e+00
  0.000000000e+00  0.000000000e+00  0.000000000e+00  0.000000000e+00
  0.000000000e+00  0.000000000e+00  0.000000000e+00  0.000000000e+00
  0.000000000e+00  0.000000000e+00  0.000000000e+00  0.000000000e+00
  0.000000000e+00  0.000000000e+00  0.000000000e+00  0.000000000e+00
  0.000000000e+00  0.000000000e+00  0.000000000e+00  0.000000000e+00
  0.000000000e+00  0.000000000e+00  0.000000000e+00  0.000000000e+00
  0.000000000e+00  0.000000000e+00  0.000000000e+00  0.000000000e+00
  0.000000000e+00  0.000000000e+00  0.000000000e+00  0.000000000e+00
  0.000000000e+00  0.000000000e+00  0.000000000e+00  0.000000000e+00
  0.000000000e+00  0.000000000e+00  0.000000000e+00  0.000000000e+00
  0.000000000e+00  0.000000000e+00  0.000000000e+00  0.000000000e+00
  0.000000000e+00  0.000000000e+00  0.000000000e+00  0.000000000e+00
  0.000000000e+00  0.000000000e+00  0.000000000e+00  0.000000000e+00
  0.000000000e+00  0.000000000e+00  0.000000000e+00  0.000000000e+00
  0.000000000e+00  0.000000000e+00  0.000000000e+00  0.000000000e+00
  0.000000000e+00  0.000000000e+00  0.000000000e+00  0.000000000e+00
  0.000000000e+00  0.000000000e+00  0.000000000e+00  0.000000000e+00
  0.000000000e+00  0.000000000e+00  0.000000000e+00  0.000000000e+00
  0.000000000e+00  0.000000000e+00  0.000000000e+00  0.000000000e+00
  0.000000000e+00  0.000000000e+00  0.000000000e+00  0.000000000e+00
  0.000000000e+00
@R CURRF 101 []
  1.564537058e+00  1.414936145e+00  1.118627901e+00  1.078399740e+00
  1.327044269e+00  1.432972961e+00  1.287439214e+00  1.156601828e+00
  1.129214128e+00  9.994136696e-01  7.363089613e-01  5.950963945e-01
  6.399651047e-01  6.267350322e-01  4.810020021e-01  4.190697299e-01
  5.116797338e-01  5.632473645e-01  4.815198366e-01  4.185729982e-01
  4.609063576e-01  4.855317398e-01  4.133268801e-01  3.464495298e-01
  3.629210134e-01  3.785412743e-01  3.103859094e-01  2.215539618e-01
  2.013629897e-01  2.256186744e-01  2.097677091e-01  1.554441575e-01
  1.342633450e-01  1.500132512e-01  1.450356459e-01  1.050117286e-01
  7.641556467e-02  8.262443229e-02  9.165496965e-02  7.644331289e-02
  5.355333979e-02  4.910128257e-02  5.707749173e-02  5.406385918e-02
  3.911724472e-02  3.126344581e-02  3.656298320e-02  4.049328307e-02
  3.334425488e-02  2.421292220e-02  2.402141081e-02  2.898264311e-02
  2.841591916e-02  2.095418859e-02  1.489365082e-02  1.538613278e-02
  1.840536176e-02  1.777610798e-02  1.349454260e-02  1.036857554e-02
  1.077794669e-02  1.223396062e-02  1.160760250e-02  8.974405138e-03
  6.766109680e-03  6.401325425e-03  6.663138162e-03  5.895767754e-03
  4.897775836e-03  4.418741626e-03  4.249448593e-03  4.475147945e-03
  4.637036956e-03  4.361409519e-03  3.773693032e-03  3.254408088e-03
  2.978991221e-03  2.905813532e-03  2.896339336e-03  2.807974464e-03
  2.587428669e-03  2.262527715e-03  1.887326975e-03  1.653638266e-03
  1.681872931e-03  1.807589813e-03  1.777505169e-03  1.421988739e-03
  8.573690966e-04  4.648568142e-04  2.655117840e-04  7.119823380e-05
 -1.283917783e-04 -2.986784758e-04 -4.138512114e-04 -4.524547271e-04
 -3.955346691e-04 -2.982395288e-04 -1.875236691e-04 -4.000846353e-05
  5.135917817e-05
@R CURBOOT 101 []
  0.000000000e+00  0.000000000e+00  0.000000000e+00  0.000000000e+00
  0.000000000e+00  0.000000000e+00  0.000000000e+00  0.000000000e+00
  0.000000000e+00  0.000000000e+00  0.000000000e+00  0.000000000e+00
  0.000000000e+00  0.000000000e+00  0.000000000e+00  0.000000000e+00
  0.000000000e+00  0.000000000e+00  0.000000000e+00  0.000000000e+00
  0.000000000e+00  0.000000000e+00  0.000000000e+00  0.000000000e+00
  0.000000000e+00  0.000000000e+00  0.000000000e+00  0.000000000e+00
  0.000000000e+00  0.000000000e+00  0.000000000e+00  0.000000000e+00
  0.000000000e+00  0.000000000e+00  0.000000000e+00  0.000000000e+00
  0.000000000e+00  0.000000000e+00  0.000000000e+00  0.000000000e+00
  0.000000000e+00  0.000000000e+00  0.000000000e+00  0.000000000e+00
  0.000000000e+00  0.000000000e+00  0.000000000e+00  0.000000000e+00
  0.000000000e+00  0.000000000e+00  0.000000000e+00  0.000000000e+00
  0.000000000e+00  0.000000000e+00  0.000000000e+00  0.000000000e+00
  0.000000000e+00  0.000000000e+00  0.000000000e+00  0.000000000e+00
  0.000000000e+00  0.000000000e+00  0.000000000e+00  0.000000000e+00
  0.000000000e+00  0.000000000e+00  0.000000000e+00  0.000000000e+00
  0.000000000e+00  0.000000000e+00  0.000000000e+00  0.000000000e+00
  0.000000000e+00  0.000000000e+00  0.000000000e+00  0.000000000e+00
  0.000000000e+00  0.000000000e+00  0.000000000e+00  0.000000000e+00
  0.000000000e+00  0.000000000e+00  0.000000000e+00  0.000000000e+00
  0.000000000e+00  0.000000000e+00  0.000000000e+00  0.000000000e+00
  0.000000000e+00  0.000000000e+00  0.000000000e+00  0.000000000e+00
  0.000000000e+00  0.000000000e+00  0.000000000e+00  0.000000000e+00
  0.000000000e+00  0.000000000e+00  0.000000000e+00  0.000000000e+00
  0.000000000e+00
@R ENBEAM 101 []
  0.000000000e+00  0.000000000e+00  0.000000000e+00  0.000000000e+00
  0.000000000e+00  0.000000000e+00  0.000000000e+00  0.000000000e+00
  0.000000000e+00  0.000000000e+00  0.000000000e+00  0.000000000e+00
  0.000000000e+00  0.000000000e+00  0.000000000e+00  0.000000000e+00
  0.000000000e+00  0.000000000e+00  0.000000000e+00  0.000000000e+00
  0.000000000e+00  0.000000000e+00  0.000000000e+00  0.000000000e+00
  0.000000000e+00  0.000000000e+00  0.000000000e+00  0.000000000e+00
  0.000000000e+00  0.000000000e+00  0.000000000e+00  0.000000000e+00
  0.000000000e+00  0.000000000e+00  0.000000000e+00  0.000000000e+00
  0.000000000e+00  0.000000000e+00  0.000000000e+00  0.000000000e+00
  0.000000000e+00  0.000000000e+00  0.000000000e+00  0.000000000e+00
  0.000000000e+00  0.000000000e+00  0.000000000e+00  0.000000000e+00
  0.000000000e+00  0.000000000e+00  0.000000000e+00  0.000000000e+00
  0.000000000e+00  0.000000000e+00  0.000000000e+00  0.000000000e+00
  0.000000000e+00  0.000000000e+00  0.000000000e+00  0.000000000e+00
  0.000000000e+00  0.000000000e+00  0.000000000e+00  0.000000000e+00
  0.000000000e+00  0.000000000e+00  0.000000000e+00  0.000000000e+00
  0.000000000e+00  0.000000000e+00  0.000000000e+00  0.000000000e+00
  0.000000000e+00  0.000000000e+00  0.000000000e+00  0.000000000e+00
  0.000000000e+00  0.000000000e+00  0.000000000e+00  0.000000000e+00
  0.000000000e+00  0.000000000e+00  0.000000000e+00  0.000000000e+00
  0.000000000e+00  0.000000000e+00  0.000000000e+00  0.000000000e+00
  0.000000000e+00  0.000000000e+00  0.000000000e+00  0.000000000e+00
  0.000000000e+00  0.000000000e+00  0.000000000e+00  0.000000000e+00
  0.000000000e+00  0.000000000e+00  0.000000000e+00  0.000000000e+00
  0.000000000e+00
@R WBEAM 101 []
  0.000000000e+00  0.000000000e+00  0.000000000e+00  0.000000000e+00
  0.000000000e+00  0.000000000e+00  0.000000000e+00  0.000000000e+00
  0.000000000e+00  0.000000000e+00  0.000000000e+00  0.000000000e+00
  0.000000000e+00  0.000000000e+00  0.000000000e+00  0.000000000e+00
  0.000000000e+00  0.000000000e+00  0.000000000e+00  0.000000000e+00
  0.000000000e+00  0.000000000e+00  0.000000000e+00  0.000000000e+00
  0.000000000e+00  0.000000000e+00  0.000000000e+00  0.000000000e+00
  0.000000000e+00  0.000000000e+00  0.000000000e+00  0.000000000e+00
  0.000000000e+00  0.000000000e+00  0.000000000e+00  0.000000000e+00
  0.000000000e+00  0.000000000e+00  0.000000000e+00  0.000000000e+00
  0.000000000e+00  0.000000000e+00  0.000000000e+00  0.000000000e+00
  0.000000000e+00  0.000000000e+00  0.000000000e+00  0.000000000e+00
  0.000000000e+00  0.000000000e+00  0.000000000e+00  0.000000000e+00
  0.000000000e+00  0.000000000e+00  0.000000000e+00  0.000000000e+00
  0.000000000e+00  0.000000000e+00  0.000000000e+00  0.000000000e+00
  0.000000000e+00  0.000000000e+00  0.000000000e+00  0.000000000e+00
  0.000000000e+00  0.000000000e+00  0.000000000e+00  0.000000000e+00
  0.000000000e+00  0.000000000e+00  0.000000000e+00  0.000000000e+00
  0.000000000e+00  0.000000000e+00  0.000000000e+00  0.000000000e+00
  0.000000000e+00  0.000000000e+00  0.000000000e+00  0.000000000e+00
  0.000000000e+00  0.000000000e+00  0.000000000e+00  0.000000000e+00
  0.000000000e+00  0.000000000e+00  0.000000000e+00  0.000000000e+00
  0.000000000e+00  0.000000000e+00  0.000000000e+00  0.000000000e+00
  0.000000000e+00  0.000000000e+00  0.000000000e+00  0.000000000e+00
  0.000000000e+00  0.000000000e+00  0.000000000e+00  0.000000000e+00
  0.000000000e+00
@R QBEAME 101 []
  0.000000000e+00  0.000000000e+00  0.000000000e+00  0.000000000e+00
  0.000000000e+00  0.000000000e+00  0.000000000e+00  0.000000000e+00
  0.000000000e+00  0.000000000e+00  0.000000000e+00  0.000000000e+00
  0.000000000e+00  0.000000000e+00  0.000000000e+00  0.000000000e+00
  0.000000000e+00  0.000000000e+00  0.000000000e+00  0.000000000e+00
  0.000000000e+00  0.000000000e+00  0.000000000e+00  0.000000000e+00
  0.000000000e+00  0.000000000e+00  0.000000000e+00  0.000000000e+00
  0.000000000e+00  0.000000000e+00  0.000000000e+00  0.000000000e+00
  0.000000000e+00  0.000000000e+00  0.000000000e+00  0.000000000e+00
  0.000000000e+00  0.000000000e+00  0.000000000e+00  0.000000000e+00
  0.000000000e+00  0.000000000e+00  0.000000000e+00  0.000000000e+00
  0.000000000e+00  0.000000000e+00  0.000000000e+00  0.000000000e+00
  0.000000000e+00  0.000000000e+00  0.000000000e+00  0.000000000e+00
  0.000000000e+00  0.000000000e+00  0.000000000e+00  0.000000000e+00
  0.000000000e+00  0.000000000e+00  0.000000000e+00  0.000000000e+00
  0.000000000e+00  0.000000000e+00  0.000000000e+00  0.000000000e+00
  0.000000000e+00  0.000000000e+00  0.000000000e+00  0.000000000e+00
  0.000000000e+00  0.000000000e+00  0.000000000e+00  0.000000000e+00
  0.000000000e+00  0.000000000e+00  0.000000000e+00  0.000000000e+00
  0.000000000e+00  0.000000000e+00  0.000000000e+00  0.000000000e+00
  0.000000000e+00  0.000000000e+00  0.000000000e+00  0.000000000e+00
  0.000000000e+00  0.000000000e+00  0.000000000e+00  0.000000000e+00
  0.000000000e+00  0.000000000e+00  0.000000000e+00  0.000000000e+00
  0.000000000e+00  0.000000000e+00  0.000000000e+00  0.000000000e+00
  0.000000000e+00  0.000000000e+00  0.000000000e+00  0.000000000e+00
  0.000000000e+00
@R QBEAMI 101 []
  0.000000000e+00  0.000000000e+00  0.000000000e+00  0.000000000e+00
  0.000000000e+00  0.000000000e+00  0.000000000e+00  0.000000000e+00
  0.000000000e+00  0.000000000e+00  0.000000000e+00  0.000000000e+00
  0.000000000e+00  0.000000000e+00  0.000000000e+00  0.000000000e+00
  0.000000000e+00  0.000000000e+00  0.000000000e+00  0.000000000e+00
  0.000000000e+00  0.000000000e+00  0.000000000e+00  0.000000000e+00
  0.000000000e+00  0.000000000e+00  0.000000000e+00  0.000000000e+00
  0.000000000e+00  0.000000000e+00  0.000000000e+00  0.000000000e+00
  0.000000000e+00  0.000000000e+00  0.000000000e+00  0.000000000e+00
  0.000000000e+00  0.000000000e+00  0.000000000e+00  0.000000000e+00
  0.000000000e+00  0.000000000e+00  0.000000000e+00  0.000000000e+00
  0.000000000e+00  0.000000000e+00  0.000000000e+00  0.000000000e+00
  0.000000000e+00  0.000000000e+00  0.000000000e+00  0.000000000e+00
  0.000000000e+00  0.000000000e+00  0.000000000e+00  0.000000000e+00
  0.000000000e+00  0.000000000e+00  0.000000000e+00  0.000000000e+00
  0.000000000e+00  0.000000000e+00  0.000000000e+00  0.000000000e+00
  0.000000000e+00  0.000000000e+00  0.000000000e+00  0.000000000e+00
  0.000000000e+00  0.000000000e+00  0.000000000e+00  0.000000000e+00
  0.000000000e+00  0.000000000e+00  0.000000000e+00  0.000000000e+00
  0.000000000e+00  0.000000000e+00  0.000000000e+00  0.000000000e+00
  0.000000000e+00  0.000000000e+00  0.000000000e+00  0.000000000e+00
  0.000000000e+00  0.000000000e+00  0.000000000e+00  0.000000000e+00
  0.000000000e+00  0.000000000e+00  0.000000000e+00  0.000000000e+00
  0.000000000e+00  0.000000000e+00  0.000000000e+00  0.000000000e+00
  0.000000000e+00  0.000000000e+00  0.000000000e+00  0.000000000e+00
  0.000000000e+00
@R ENALP 101 []
  0.000000000e+00  0.000000000e+00  0.000000000e+00  0.000000000e+00
  0.000000000e+00  0.000000000e+00  0.000000000e+00  0.000000000e+00
  0.000000000e+00  0.000000000e+00  0.000000000e+00  0.000000000e+00
  0.000000000e+00  0.000000000e+00  0.000000000e+00  0.000000000e+00
  0.000000000e+00  0.000000000e+00  0.000000000e+00  0.000000000e+00
  0.000000000e+00  0.000000000e+00  0.000000000e+00  0.000000000e+00
  0.000000000e+00  0.000000000e+00  0.000000000e+00  0.000000000e+00
  0.000000000e+00  0.000000000e+00  0.000000000e+00  0.000000000e+00
  0.000000000e+00  0.000000000e+00  0.000000000e+00  0.000000000e+00
  0.000000000e+00  0.000000000e+00  0.000000000e+00  0.000000000e+00
  0.000000000e+00  0.000000000e+00  0.000000000e+00  0.000000000e+00
  0.000000000e+00  0.000000000e+00  0.000000000e+00  0.000000000e+00
  0.000000000e+00  0.000000000e+00  0.000000000e+00  0.000000000e+00
  0.000000000e+00  0.000000000e+00  0.000000000e+00  0.000000000e+00
  0.000000000e+00  0.000000000e+00  0.000000000e+00  0.000000000e+00
  0.000000000e+00  0.000000000e+00  0.000000000e+00  0.000000000e+00
  0.000000000e+00  0.000000000e+00  0.000000000e+00  0.000000000e+00
  0.000000000e+00  0.000000000e+00  0.000000000e+00  0.000000000e+00
  0.000000000e+00  0.000000000e+00  0.000000000e+00  0.000000000e+00
  0.000000000e+00  0.000000000e+00  0.000000000e+00  0.000000000e+00
  0.000000000e+00  0.000000000e+00  0.000000000e+00  0.000000000e+00
  0.000000000e+00  0.000000000e+00  0.000000000e+00  0.000000000e+00
  0.000000000e+00  0.000000000e+00  0.000000000e+00  0.000000000e+00
  0.000000000e+00  0.000000000e+00  0.000000000e+00  0.000000000e+00
  0.000000000e+00  0.000000000e+00  0.000000000e+00  0.000000000e+00
  0.000000000e+00
@R WALP 101 []
  0.000000000e+00  0.000000000e+00  0.000000000e+00  0.000000000e+00
  0.000000000e+00  0.000000000e+00  0.000000000e+00  0.000000000e+00
  0.000000000e+00  0.000000000e+00  0.000000000e+00  0.000000000e+00
  0.000000000e+00  0.000000000e+00  0.000000000e+00  0.000000000e+00
  0.000000000e+00  0.000000000e+00  0.000000000e+00  0.000000000e+00
  0.000000000e+00  0.000000000e+00  0.000000000e+00  0.000000000e+00
  0.000000000e+00  0.000000000e+00  0.000000000e+00  0.000000000e+00
  0.000000000e+00  0.000000000e+00  0.000000000e+00  0.000000000e+00
  0.000000000e+00  0.000000000e+00  0.000000000e+00  0.000000000e+00
  0.000000000e+00  0.000000000e+00  0.000000000e+00  0.000000000e+00
  0.000000000e+00  0.000000000e+00  0.000000000e+00  0.000000000e+00
  0.000000000e+00  0.000000000e+00  0.000000000e+00  0.000000000e+00
  0.000000000e+00  0.000000000e+00  0.000000000e+00  0.000000000e+00
  0.000000000e+00  0.000000000e+00  0.000000000e+00  0.000000000e+00
  0.000000000e+00  0.000000000e+00  0.000000000e+00  0.000000000e+00
  0.000000000e+00  0.000000000e+00  0.000000000e+00  0.000000000e+00
  0.000000000e+00  0.000000000e+00  0.000000000e+00  0.000000000e+00
  0.000000000e+00  0.000000000e+00  0.000000000e+00  0.000000000e+00
  0.000000000e+00  0.000000000e+00  0.000000000e+00  0.000000000e+00
  0.000000000e+00  0.000000000e+00  0.000000000e+00  0.000000000e+00
  0.000000000e+00  0.000000000e+00  0.000000000e+00  0.000000000e+00
  0.000000000e+00  0.000000000e+00  0.000000000e+00  0.000000000e+00
  0.000000000e+00  0.000000000e+00  0.000000000e+00  0.000000000e+00
  0.000000000e+00  0.000000000e+00  0.000000000e+00  0.000000000e+00
  0.000000000e+00  0.000000000e+00  0.000000000e+00  0.000000000e+00
  0.000000000e+00
@R QTFUSE 101 []
  2.118948587e+00  2.118421639e+00  2.116575210e+00  2.114055860e+00
  2.111562374e+00  2.108613944e+00  2.104407633e+00  2.097576098e+00
  2.086306458e+00  2.068472827e+00  2.042371592e+00  2.008258015e+00
  1.968066823e+00  1.923780615e+00  1.877381679e+00  1.830742510e+00
  1.784398422e+00  1.737780748e+00  1.690567235e+00  1.642793360e+00
  1.594457249e+00  1.545596159e+00  1.496342901e+00  1.446904526e+00
  1.397536185e+00  1.348553093e+00  1.300302847e+00  1.253015329e+00
  1.206749040e+00  1.161479476e+00  1.117104168e+00  1.073432891e+00
  1.030323682e+00  9.877623922e-01  9.457808916e-01  9.044287518e-01
  8.638205781e-01  8.240986540e-01  7.853685778e-01  7.477077643e-01
  7.111810291e-01  6.758308300e-01  6.416783697e-01  6.087442526e-01
  5.770524663e-01  5.466152732e-01  5.174413293e-01  4.895274655e-01
  4.628509854e-01  4.373831234e-01  4.130906463e-01  3.899371252e-01
  3.678768592e-01  3.468515252e-01  3.268009588e-01  3.076596154e-01
  2.893586553e-01  2.718492092e-01  2.551024659e-01  2.390996357e-01
  2.238272370e-01  2.092834650e-01  1.954759548e-01  1.824061190e-01
  1.700670818e-01  1.584512788e-01  1.475497234e-01  1.373387476e-01
  1.277781120e-01  1.188241248e-01  1.104314844e-01  1.025504340e-01
  9.513527057e-02  8.815156068e-02  8.157123971e-02  7.536954242e-02
  6.952753097e-02  6.402975050e-02  5.885996461e-02  5.400124607e-02
  4.943624065e-02  4.514718302e-02  4.111779836e-02  3.733345695e-02
  3.377920109e-02  3.044236270e-02  2.731293083e-02  2.437305815e-02
  2.159452719e-02  1.895020984e-02  1.591799460e-02  1.203205213e-02
  7.984663555e-03  4.610823202e-03  2.206536127e-03  8.238054933e-04
  2.219978224e-04  3.865467063e-05  3.612042464e-06  1.218886230e-07
  9.051292831e-10
@R QTFUSI 101 []
  1.158275661e+00  1.155474514e+00  1.147386257e+00  1.135342840e+00
  1.120791995e+00  1.104542410e+00  1.087082633e+00  1.068363229e+00
  1.047985260e+00  1.025417091e+00  1.000260780e+00  9.727319603e-01
  9.435354379e-01  9.133463296e-01  8.828442816e-01  8.526374667e-01
  8.227758419e-01  7.929081875e-01  7.628529632e-01  7.326037072e-01
  7.021694931e-01  6.716528943e-01  6.412515406e-01  6.111801921e-01
  5.816458693e-01  5.528661349e-01  5.250454188e-01  4.982922521e-01
  4.726084464e-01  4.479542297e-01  4.242551664e-01  4.013912494e-01
  3.792618408e-01  3.578299304e-01  3.370846277e-01  3.170287229e-01
  2.977018244e-01  2.791557183e-01  2.614180219e-01  2.444989607e-01
  2.284029894e-01  2.131266463e-01  1.986584477e-01  1.849847039e-01
  1.720912511e-01  1.599597839e-01  1.485703321e-01  1.378979392e-01
  1.279106616e-01  1.185751069e-01  1.098569698e-01  1.017207330e-01
  9.412936522e-02  8.704517506e-02  8.043233102e-02  7.425511627e-02
  6.847822622e-02  6.307330934e-02  5.801913949e-02  5.329807662e-02
  4.889429080e-02  4.479517942e-02  4.099073381e-02  3.746982762e-02
  3.421971793e-02  3.122782651e-02  2.848156084e-02  2.596544134e-02
  2.366102613e-02  2.155007799e-02  1.961501141e-02  1.783822166e-02
  1.620385878e-02  1.469924768e-02  1.331370411e-02  1.203773205e-02
  1.086340698e-02  9.783960388e-03  8.792945138e-03  7.884112789e-03
  7.051486934e-03  6.289406698e-03  5.592654436e-03  4.956351253e-03
  4.375747309e-03  3.846681286e-03  3.365556221e-03  2.927752601e-03
  2.527440904e-03  2.159382891e-03  1.754716069e-03  1.259032832e-03
  7.736268899e-04  4.048318336e-04  1.709308030e-04  5.450937510e-05
  1.205885926e-05  1.638332339e-06  1.112968096e-07  2.444668520e-09
  9.773397968e-12
@R QRFE 101 []
  1.705801834e+00  1.447390862e+00  1.065453730e+00  1.062633234e+00
  1.313025963e+00  1.398951856e+00  1.259099058e+00  1.154502402e+00
  1.134273888e+00  9.910465467e-01  7.315026476e-01  6.175274335e-01
  6.761491009e-01  6.509162583e-01  5.017829674e-01  4.638885212e-01
  5.795542369e-01  6.291458516e-01  5.407671511e-01  4.915250146e-01
  5.537512999e-01  5.773764629e-01  4.928256800e-01  4.307370977e-01
  4.647833086e-01  4.806748623e-01  3.916922405e-01  2.898570279e-01
  2.789048778e-01  3.168360622e-01  2.946068678e-01  2.276088030e-01
  2.141483146e-01  2.445510664e-01  2.370472266e-01  1.823470656e-01
  1.508047274e-01  1.684768198e-01  1.836655848e-01  1.601732876e-01
  1.283355331e-01  1.265228726e-01  1.399806590e-01  1.318384363e-01
  1.052838263e-01  9.305324357e-02  1.015451243e-01  1.043384469e-01
  8.756239369e-02  6.982105818e-02  6.914901335e-02  7.609104354e-02
  7.117614200e-02  5.394716998e-02  4.118479630e-02  4.188599102e-02
  4.706035247e-02  4.460675511e-02  3.508189240e-02  2.832648261e-02
  2.892030276e-02  3.154926749e-02  2.977386460e-02  2.386135431e-02
  1.909708223e-02  1.891798649e-02  2.326501569e-02  2.661565366e-02
  2.231262729e-02  1.514871095e-02  1.180836174e-02  1.134173084e-02
  1.146712129e-02  1.072250061e-02  9.052332482e-03  7.416240527e-03
  6.523475286e-03  6.391386976e-03  6.592212530e-03  6.545654040e-03
  5.971832050e-03  5.005243024e-03  4.004231573e-03  3.562270027e-03
  3.855689501e-03  4.291874595e-03  4.167854830e-03  3.097900512e-03
  1.685019874e-03  9.534068378e-04  7.880873782e-04  6.788529322e-04
  4.739459159e-04  2.633755586e-04  1.110375442e-04  9.886510730e-06
  1.923283304e-06  2.090435729e-07 -6.537224556e-09 -3.017857563e-08
 -4.247269789e-08
@R QRFI 101 []
  9.821193449e+00  8.483916404e+00  6.399821370e+00  6.428307446e+00
  8.834688849e+00  1.083673407e+01  1.005240867e+01  8.382610291e+00
  8.408899091e+00  8.547930430e+00  6.847342754e+00  4.675484266e+00
  3.232690325e+00  2.174876123e+00  1.423241781e+00  1.058509541e+00
  8.867163265e-01  7.570760258e-01  7.241391720e-01  8.446374208e-01
  1.014915083e+00  1.115744627e+00  1.108206321e+00  1.000907620e+00
  8.188089332e-01  6.157951501e-01  4.553197622e-01  3.407978832e-01
  2.549301217e-01  2.093913867e-01  2.001844145e-01  1.890470784e-01
  1.590766614e-01  1.249214153e-01  9.891928321e-02  8.547445671e-02
  8.415632965e-02  8.155409176e-02  6.933845576e-02  5.722103566e-02
  5.276783635e-02  5.130582340e-02  4.648302519e-02  3.831497238e-02
  2.870161880e-02  1.980069574e-02  1.577757126e-02  1.708454153e-02
  1.843800329e-02  1.691991109e-02  1.531048348e-02  1.603053214e-02
  1.842259885e-02  2.075396142e-02  2.079243546e-02  1.672619816e-02
  1.033454691e-02  6.314457933e-03  6.440919288e-03  7.747769118e-03
  7.432519268e-03  6.054582302e-03  5.165242901e-03  4.679424602e-03
  3.775596169e-03  2.854524152e-03  2.796989996e-03  3.262060091e-03
  3.275133934e-03  2.613526162e-03  1.968704855e-03  1.932736530e-03
  2.321759848e-03  2.612585906e-03  2.633249356e-03  2.658183368e-03
  2.856305329e-03  2.753490158e-03  2.152148310e-03  1.409529299e-03
  1.135773485e-03  1.789312987e-03  2.783239628e-03  3.268433221e-03
  3.357541081e-03  3.628620880e-03  3.836934734e-03  3.333971672e-03
  2.354966574e-03  1.760003414e-03  1.711477188e-03  1.587543207e-03
  1.074351578e-03  4.957704905e-04  2.029284635e-04  1.666672539e-04
  1.749995967e-04  1.284876250e-04  6.151685920e-05  3.255340768e-05
  3.355328043e-05
@R QRAD 101 []
 -0.000000000e+00 -0.000000000e+00 -0.000000000e+00 -0.000000000e+00
 -0.000000000e+00 -0.000000000e+00 -0.000000000e+00 -0.000000000e+00
 -0.000000000e+00 -0.000000000e+00 -0.000000000e+00 -0.000000000e+00
 -0.000000000e+00 -0.000000000e+00 -0.000000000e+00 -0.000000000e+00
 -0.000000000e+00 -0.000000000e+00 -0.000000000e+00 -0.000000000e+00
 -0.000000000e+00 -0.000000000e+00 -0.000000000e+00 -0.000000000e+00
 -0.000000000e+00 -0.000000000e+00 -0.000000000e+00 -0.000000000e+00
 -0.000000000e+00 -0.000000000e+00 -0.000000000e+00 -0.000000000e+00
 -0.000000000e+00 -0.000000000e+00 -0.000000000e+00 -0.000000000e+00
 -0.000000000e+00 -0.000000000e+00 -0.000000000e+00 -0.000000000e+00
 -0.000000000e+00 -0.000000000e+00 -0.000000000e+00 -0.000000000e+00
 -0.000000000e+00 -0.000000000e+00 -0.000000000e+00 -0.000000000e+00
 -0.000000000e+00 -0.000000000e+00 -0.000000000e+00 -0.000000000e+00
 -0.000000000e+00 -0.000000000e+00 -0.000000000e+00 -0.000000000e+00
 -0.000000000e+00 -0.000000000e+00 -0.000000000e+00 -0.000000000e+00
 -0.000000000e+00 -0.000000000e+00 -0.000000000e+00 -0.000000000e+00
 -0.000000000e+00 -0.000000000e+00 -0.000000000e+00 -0.000000000e+00
 -0.000000000e+00 -0.000000000e+00 -0.000000000e+00 -0.000000000e+00
 -0.000000000e+00 -0.000000000e+00 -0.000000000e+00 -0.000000000e+00
 -0.000000000e+00 -0.000000000e+00 -0.000000000e+00 -0.000000000e+00
 -0.000000000e+00 -0.000000000e+00 -0.000000000e+00 -0.000000000e+00
 -0.000000000e+00 -0.000000000e+00 -0.000000000e+00 -0.000000000e+00
 -0.000000000e+00 -0.000000000e+00 -0.000000000e+00 -0.000000000e+00
 -0.000000000e+00 -0.000000000e+00 -0.000000000e+00 -0.000000000e+00
 -0.000000000e+00 -0.000000000e+00 -0.000000000e+00 -0.000000000e+00
 -0.000000000e+00
@R QOHM 101 []
  0.000000000e+00  0.000000000e+00  0.000000000e+00  0.000000000e+00
  0.000000000e+00  0.000000000e+00  0.000000000e+00  0.000000000e+00
  0.000000000e+00  0.000000000e+00  0.000000000e+00  0.000000000e+00
  0.000000000e+00  0.000000000e+00  0.000000000e+00  0.000000000e+00
  0.000000000e+00  0.000000000e+00  0.000000000e+00  0.000000000e+00
  0.000000000e+00  0.000000000e+00  0.000000000e+00  0.000000000e+00
  0.000000000e+00  0.000000000e+00  0.000000000e+00  0.000000000e+00
  0.000000000e+00  0.000000000e+00  0.000000000e+00  0.000000000e+00
  0.000000000e+00  0.000000000e+00  0.000000000e+00  0.000000000e+00
  0.000000000e+00  0.000000000e+00  0.000000000e+00  0.000000000e+00
  0.000000000e+00  0.000000000e+00  0.000000000e+00  0.000000000e+00
  0.000000000e+00  0.000000000e+00  0.000000000e+00  0.000000000e+00
  0.000000000e+00  0.000000000e+00  0.000000000e+00  0.000000000e+00
  0.000000000e+00  0.000000000e+00  0.000000000e+00  0.000000000e+00
  0.000000000e+00  0.000000000e+00  0.000000000e+00  0.000000000e+00
  0.000000000e+00  0.000000000e+00  0.000000000e+00  0.000000000e+00
  0.000000000e+00  0.000000000e+00  0.000000000e+00  0.000000000e+00
  0.000000000e+00  0.000000000e+00  0.000000000e+00  0.000000000e+00
  0.000000000e+00  0.000000000e+00  0.000000000e+00  0.000000000e+00
  0.000000000e+00  0.000000000e+00  0.000000000e+00  0.000000000e+00
  0.000000000e+00  0.000000000e+00  0.000000000e+00  0.000000000e+00
  0.000000000e+00  0.000000000e+00  0.000000000e+00  0.000000000e+00
  0.000000000e+00  0.000000000e+00  0.000000000e+00  0.000000000e+00
  0.000000000e+00  0.000000000e+00  0.000000000e+00  0.000000000e+00
  0.000000000e+00  0.000000000e+00  0.000000000e+00  0.000000000e+00
  0.000000000e+00
@R QIONE 101 []
  0.000000000e+00  0.000000000e+00  0.000000000e+00  0.000000000e+00
  0.000000000e+00  0.000000000e+00  0.000000000e+00  0.000000000e+00
  0.000000000e+00  0.000000000e+00  0.000000000e+00  0.000000000e+00
  0.000000000e+00  0.000000000e+00  0.000000000e+00  0.000000000e+00
  0.000000000e+00  0.000000000e+00  0.000000000e+00  0.000000000e+00
  0.000000000e+00  0.000000000e+00  0.000000000e+00  0.000000000e+00
  0.000000000e+00  0.000000000e+00  0.000000000e+00  0.000000000e+00
  0.000000000e+00  0.000000000e+00  0.000000000e+00  0.000000000e+00
  0.000000000e+00  0.000000000e+00  0.000000000e+00  0.000000000e+00
  0.000000000e+00  0.000000000e+00  0.000000000e+00  0.000000000e+00
  0.000000000e+00  0.000000000e+00  0.000000000e+00  0.000000000e+00
  0.000000000e+00  0.000000000e+00  0.000000000e+00  0.000000000e+00
  0.000000000e+00  0.000000000e+00  0.000000000e+00  0.000000000e+00
  0.000000000e+00  0.000000000e+00  0.000000000e+00  0.000000000e+00
  0.000000000e+00  0.000000000e+00  0.000000000e+00  0.000000000e+00
  0.000000000e+00  0.000000000e+00  0.000000000e+00  0.000000000e+00
  0.000000000e+00  0.000000000e+00  0.000000000e+00  0.000000000e+00
  0.000000000e+00  0.000000000e+00  0.000000000e+00  0.000000000e+00
  0.000000000e+00  0.000000000e+00  0.000000000e+00  0.000000000e+00
  0.000000000e+00  0.000000000e+00  0.000000000e+00  0.000000000e+00
  0.000000000e+00  0.000000000e+00  0.000000000e+00  0.000000000e+00
  0.000000000e+00  0.000000000e+00  0.000000000e+00  0.000000000e+00
  0.000000000e+00  0.000000000e+00  0.000000000e+00  0.000000000e+00
  0.000000000e+00  0.000000000e+00  0.000000000e+00  0.000000000e+00
  0.000000000e+00  0.000000000e+00  0.000000000e+00  0.000000000e+00
  0.000000000e+00
@R QIONI 101 []
  0.000000000e+00  0.000000000e+00  0.000000000e+00  0.000000000e+00
  0.000000000e+00  0.000000000e+00  0.000000000e+00  0.000000000e+00
  0.000000000e+00  0.000000000e+00  0.000000000e+00  0.000000000e+00
  0.000000000e+00  0.000000000e+00  0.000000000e+00  0.000000000e+00
  0.000000000e+00  0.000000000e+00  0.000000000e+00  0.000000000e+00
  0.000000000e+00  0.000000000e+00  0.000000000e+00  0.000000000e+00
  0.000000000e+00  0.000000000e+00  0.000000000e+00  0.000000000e+00
  0.000000000e+00  0.000000000e+00  0.000000000e+00  0.000000000e+00
  0.000000000e+00  0.000000000e+00  0.000000000e+00  0.000000000e+00
  0.000000000e+00  0.000000000e+00  0.000000000e+00  0.000000000e+00
  0.000000000e+00  0.000000000e+00  0.000000000e+00  0.000000000e+00
  0.000000000e+00  0.000000000e+00  0.000000000e+00  0.000000000e+00
  0.000000000e+00  0.000000000e+00  0.000000000e+00  0.000000000e+00
  0.000000000e+00  0.000000000e+00  0.000000000e+00  0.000000000e+00
  0.000000000e+00  0.000000000e+00  0.000000000e+00  0.000000000e+00
  0.000000000e+00  0.000000000e+00  0.000000000e+00  0.000000000e+00
  0.000000000e+00  0.000000000e+00  0.000000000e+00  0.000000000e+00
  0.000000000e+00  0.000000000e+00  0.000000000e+00  0.000000000e+00
  0.000000000e+00  0.000000000e+00  0.000000000e+00  0.000000000e+00
  0.000000000e+00  0.000000000e+00  0.000000000e+00  0.000000000e+00
  0.000000000e+00  0.000000000e+00  0.000000000e+00  0.000000000e+00
  0.000000000e+00  0.000000000e+00  0.000000000e+00  0.000000000e+00
  0.000000000e+00  0.000000000e+00  0.000000000e+00  0.000000000e+00
  0.000000000e+00  0.000000000e+00  0.000000000e+00  0.000000000e+00
  0.000000000e+00  0.000000000e+00  0.000000000e+00  0.000000000e+00
  0.000000000e+00
@R QCX 101 []
  0.000000000e+00  0.000000000e+00  0.000000000e+00  0.000000000e+00
  0.000000000e+00  0.000000000e+00  0.000000000e+00  0.000000000e+00
  0.000000000e+00  0.000000000e+00  0.000000000e+00  0.000000000e+00
  0.000000000e+00  0.000000000e+00  0.000000000e+00  0.000000000e+00
  0.000000000e+00  0.000000000e+00  0.000000000e+00  0.000000000e+00
  0.000000000e+00  0.000000000e+00  0.000000000e+00  0.000000000e+00
  0.000000000e+00  0.000000000e+00  0.000000000e+00  0.000000000e+00
  0.000000000e+00  0.000000000e+00  0.000000000e+00  0.000000000e+00
  0.000000000e+00  0.000000000e+00  0.000000000e+00  0.000000000e+00
  0.000000000e+00  0.000000000e+00  0.000000000e+00  0.000000000e+00
  0.000000000e+00  0.000000000e+00  0.000000000e+00  0.000000000e+00
  0.000000000e+00  0.000000000e+00  0.000000000e+00  0.000000000e+00
  0.000000000e+00  0.000000000e+00  0.000000000e+00  0.000000000e+00
  0.000000000e+00  0.000000000e+00  0.000000000e+00  0.000000000e+00
  0.000000000e+00  0.000000000e+00  0.000000000e+00  0.000000000e+00
  0.000000000e+00  0.000000000e+00  0.000000000e+00  0.000000000e+00
  0.000000000e+00  0.000000000e+00  0.000000000e+00  0.000000000e+00
  0.000000000e+00  0.000000000e+00  0.000000000e+00  0.000000000e+00
  0.000000000e+00  0.000000000e+00  0.000000000e+00  0.000000000e+00
  0.000000000e+00  0.000000000e+00  0.000000000e+00  0.000000000e+00
  0.000000000e+00  0.000000000e+00  0.000000000e+00  0.000000000e+00
  0.000000000e+00  0.000000000e+00  0.000000000e+00  0.000000000e+00
  0.000000000e+00  0.000000000e+00  0.000000000e+00  0.000000000e+00
  0.000000000e+00  0.000000000e+00  0.000000000e+00  0.000000000e+00
  0.000000000e+00  0.000000000e+00  0.000000000e+00  0.000000000e+00
  0.000000000e+00
@R STORQUEB 101 []
  0.000000000e+00  0.000000000e+00  0.000000000e+00  0.000000000e+00
  0.000000000e+00  0.000000000e+00  0.000000000e+00  0.000000000e+00
  0.000000000e+00  0.000000000e+00  0.000000000e+00  0.000000000e+00
  0.000000000e+00  0.000000000e+00  0.000000000e+00  0.000000000e+00
  0.000000000e+00  0.000000000e+00  0.000000000e+00  0.000000000e+00
  0.000000000e+00  0.000000000e+00  0.000000000e+00  0.000000000e+00
  0.000000000e+00  0.000000000e+00  0.000000000e+00  0.000000000e+00
  0.000000000e+00  0.000000000e+00  0.000000000e+00  0.000000000e+00
  0.000000000e+00  0.000000000e+00  0.000000000e+00  0.000000000e+00
  0.000000000e+00  0.000000000e+00  0.000000000e+00  0.000000000e+00
  0.000000000e+00  0.000000000e+00  0.000000000e+00  0.000000000e+00
  0.000000000e+00  0.000000000e+00  0.000000000e+00  0.000000000e+00
  0.000000000e+00  0.000000000e+00  0.000000000e+00  0.000000000e+00
  0.000000000e+00  0.000000000e+00  0.000000000e+00  0.000000000e+00
  0.000000000e+00  0.000000000e+00  0.000000000e+00  0.000000000e+00
  0.000000000e+00  0.000000000e+00  0.000000000e+00  0.000000000e+00
  0.000000000e+00  0.000000000e+00  0.000000000e+00  0.000000000e+00
  0.000000000e+00  0.000000000e+00  0.000000000e+00  0.000000000e+00
  0.000000000e+00  0.000000000e+00  0.000000000e+00  0.000000000e+00
  0.000000000e+00  0.000000000e+00  0.000000000e+00  0.000000000e+00
  0.000000000e+00  0.000000000e+00  0.000000000e+00  0.000000000e+00
  0.000000000e+00  0.000000000e+00  0.000000000e+00  0.000000000e+00
  0.000000000e+00  0.000000000e+00  0.000000000e+00  0.000000000e+00
  0.000000000e+00  0.000000000e+00  0.000000000e+00  0.000000000e+00
  0.000000000e+00  0.000000000e+00  0.000000000e+00  0.000000000e+00
  0.000000000e+00
@R STORQUE 101 []
  0.000000000e+00  0.000000000e+00  0.000000000e+00  0.000000000e+00
  0.000000000e+00  0.000000000e+00  0.000000000e+00  0.000000000e+00
  0.000000000e+00  0.000000000e+00  0.000000000e+00  0.000000000e+00
  0.000000000e+00  0.000000000e+00  0.000000000e+00  0.000000000e+00
  0.000000000e+00  0.000000000e+00  0.000000000e+00  0.000000000e+00
  0.000000000e+00  0.000000000e+00  0.000000000e+00  0.000000000e+00
  0.000000000e+00  0.000000000e+00  0.000000000e+00  0.000000000e+00
  0.000000000e+00  0.000000000e+00  0.000000000e+00  0.000000000e+00
  0.000000000e+00  0.000000000e+00  0.000000000e+00  0.000000000e+00
  0.000000000e+00  0.000000000e+00  0.000000000e+00  0.000000000e+00
  0.000000000e+00  0.000000000e+00  0.000000000e+00  0.000000000e+00
  0.000000000e+00  0.000000000e+00  0.000000000e+00  0.000000000e+00
  0.000000000e+00  0.000000000e+00  0.000000000e+00  0.000000000e+00
  0.000000000e+00  0.000000000e+00  0.000000000e+00  0.000000000e+00
  0.000000000e+00  0.000000000e+00  0.000000000e+00  0.000000000e+00
  0.000000000e+00  0.000000000e+00  0.000000000e+00  0.000000000e+00
  0.000000000e+00  0.000000000e+00  0.000000000e+00  0.000000000e+00
  0.000000000e+00  0.000000000e+00  0.000000000e+00  0.000000000e+00
  0.000000000e+00  0.000000000e+00  0.000000000e+00  0.000000000e+00
  0.000000000e+00  0.000000000e+00  0.000000000e+00  0.000000000e+00
  0.000000000e+00  0.000000000e+00  0.000000000e+00  0.000000000e+00
  0.000000000e+00  0.000000000e+00  0.000000000e+00  0.000000000e+00
  0.000000000e+00  0.000000000e+00  0.000000000e+00  0.000000000e+00
  0.000000000e+00  0.000000000e+00  0.000000000e+00  0.000000000e+00
  0.000000000e+00  0.000000000e+00  0.000000000e+00  0.000000000e+00
  0.000000000e+00
@R SION 101 []
  0.000000000e+00  0.000000000e+00  0.000000000e+00  0.000000000e+00
  0.000000000e+00  0.000000000e+00  0.000000000e+00  0.000000000e+00
  0.000000000e+00  0.000000000e+00  0.000000000e+00  0.000000000e+00
  0.000000000e+00  0.000000000e+00  0.000000000e+00  0.000000000e+00
  0.000000000e+00  0.000000000e+00  0.000000000e+00  0.000000000e+00
  0.000000000e+00  0.000000000e+00  0.000000000e+00  0.000000000e+00
  0.000000000e+00  0.000000000e+00  0.000000000e+00  0.000000000e+00
  0.000000000e+00  0.000000000e+00  0.000000000e+00  0.000000000e+00
  0.000000000e+00  0.000000000e+00  0.000000000e+00  0.000000000e+00
  0.000000000e+00  0.000000000e+00  0.000000000e+00  0.000000000e+00
  0.000000000e+00  0.000000000e+00  0.000000000e+00  0.000000000e+00
  0.000000000e+00  0.000000000e+00  0.000000000e+00  0.000000000e+00
  0.000000000e+00  0.000000000e+00  0.000000000e+00  0.000000000e+00
  0.000000000e+00  0.000000000e+00  0.000000000e+00  0.000000000e+00
  0.000000000e+00  0.000000000e+00  0.000000000e+00  0.000000000e+00
  0.000000000e+00  0.000000000e+00  0.000000000e+00  0.000000000e+00
  0.000000000e+00  0.000000000e+00  0.000000000e+00  0.000000000e+00
  0.000000000e+00  0.000000000e+00  0.000000000e+00  0.000000000e+00
  0.000000000e+00  0.000000000e+00  0.000000000e+00  0.000000000e+00
  0.000000000e+00  0.000000000e+00  0.000000000e+00  0.000000000e+00
  0.000000000e+00  0.000000000e+00  0.000000000e+00  0.000000000e+00
  0.000000000e+00  0.000000000e+00  0.000000000e+00  0.000000000e+00
  0.000000000e+00  0.000000000e+00  0.000000000e+00  0.000000000e+00
  0.000000000e+00  0.000000000e+00  0.000000000e+00  0.000000000e+00
  0.000000000e+00  0.000000000e+00  0.000000000e+00  0.000000000e+00
  0.000000000e+00
@R CHIE 101 []
  0.000000000e+00  0.000000000e+00  0.000000000e+00  0.000000000e+00
  0.000000000e+00  0.000000000e+00  0.000000000e+00  0.000000000e+00
  0.000000000e+00  0.000000000e+00  0.000000000e+00  0.000000000e+00
  0.000000000e+00  0.000000000e+00  0.000000000e+00  0.000000000e+00
  0.000000000e+00  0.000000000e+00  0.000000000e+00  0.000000000e+00
  0.000000000e+00  0.000000000e+00  0.000000000e+00  0.000000000e+00
  0.000000000e+00  0.000000000e+00  0.000000000e+00  0.000000000e+00
  0.000000000e+00  0.000000000e+00  0.000000000e+00  0.000000000e+00
  0.000000000e+00  0.000000000e+00  0.000000000e+00  0.000000000e+00
  0.000000000e+00  0.000000000e+00  0.000000000e+00  0.000000000e+00
  0.000000000e+00  0.000000000e+00  0.000000000e+00  0.000000000e+00
  0.000000000e+00  0.000000000e+00  0.000000000e+00  0.000000000e+00
  0.000000000e+00  0.000000000e+00  0.000000000e+00  0.000000000e+00
  0.000000000e+00  0.000000000e+00  0.000000000e+00  0.000000000e+00
  0.000000000e+00  0.000000000e+00  0.000000000e+00  0.000000000e+00
  0.000000000e+00  0.000000000e+00  0.000000000e+00  0.000000000e+00
  0.000000000e+00  0.000000000e+00  0.000000000e+00  0.000000000e+00
  0.000000000e+00  0.000000000e+00  0.000000000e+00  0.000000000e+00
  0.000000000e+00  0.000000000e+00  0.000000000e+00  0.000000000e+00
  0.000000000e+00  0.000000000e+00  0.000000000e+00  0.000000000e+00
  0.000000000e+00  0.000000000e+00  0.000000000e+00  0.000000000e+00
  0.000000000e+00  0.000000000e+00  0.000000000e+00  0.000000000e+00
  0.000000000e+00  0.000000000e+00  0.000000000e+00  0.000000000e+00
  0.000000000e+00  0.000000000e+00  0.000000000e+00  0.000000000e+00
  0.000000000e+00  0.000000000e+00  0.000000000e+00  0.000000000e+00
  0.000000000e+00
@R CHII 101 []
  0.000000000e+00  0.000000000e+00  0.000000000e+00  0.000000000e+00
  0.000000000e+00  0.000000000e+00  0.000000000e+00  0.000000000e+00
  0.000000000e+00  0.000000000e+00  0.000000000e+00  0.000000000e+00
  0.000000000e+00  0.000000000e+00  0.000000000e+00  0.000000000e+00
  0.000000000e+00  0.000000000e+00  0.000000000e+00  0.000000000e+00
  0.000000000e+00  0.000000000e+00  0.000000000e+00  0.000000000e+00
  0.000000000e+00  0.000000000e+00  0.000000000e+00  0.000000000e+00
  0.000000000e+00  0.000000000e+00  0.000000000e+00  0.000000000e+00
  0.000000000e+00  0.000000000e+00  0.000000000e+00  0.000000000e+00
  0.000000000e+00  0.000000000e+00  0.000000000e+00  0.000000000e+00
  0.000000000e+00  0.000000000e+00  0.000000000e+00  0.000000000e+00
  0.000000000e+00  0.000000000e+00  0.000000000e+00  0.000000000e+00
  0.000000000e+00  0.000000000e+00  0.000000000e+00  0.000000000e+00
  0.000000000e+00  0.000000000e+00  0.000000000e+00  0.000000000e+00
  0.000000000e+00  0.000000000e+00  0.000000000e+00  0.000000000e+00
  0.000000000e+00  0.000000000e+00  0.000000000e+00  0.000000000e+00
  0.000000000e+00  0.000000000e+00  0.000000000e+00  0.000000000e+00
  0.000000000e+00  0.000000000e+00  0.000000000e+00  0.000000000e+00
  0.000000000e+00  0.000000000e+00  0.000000000e+00  0.000000000e+00
  0.000000000e+00  0.000000000e+00  0.000000000e+00  0.000000000e+00
  0.000000000e+00  0.000000000e+00  0.000000000e+00  0.000000000e+00
  0.000000000e+00  0.000000000e+00  0.000000000e+00  0.000000000e+00
  0.000000000e+00  0.000000000e+00  0.000000000e+00  0.000000000e+00
  0.000000000e+00  0.000000000e+00  0.000000000e+00  0.000000000e+00
  0.000000000e+00  0.000000000e+00  0.000000000e+00  0.000000000e+00
  0.000000000e+00
