@R INFLAG 1 []
1.000000e+00 
@R IP 1 []
1.000000e+01 
@R BCENTR 1 []
1.100000e+01 
@R RMAJOR 1 []
4.550000e+00 
@R AMINOR 1 []
1.112669e+00 
@R ELONGB 1 []
1.360515e+00 
@R TRIANB 1 []
-3.306839e-01 
@R AMAIN 1 []
2.500000e+00 
@R ZMAIN 1 []
1.000000e+00 
@R AIMP 3 []
1.820000e+02 8.300000e+01 3.000000e+00 
@R ZIMP 3 []
7.400000e+01 3.600000e+01 2.000000e+00 
@R RHO 101 []
0.000000e+00 1.000000e-02 2.000000e-02 3.000000e-02 4.000000e-02 
5.000000e-02 6.000000e-02 7.000000e-02 8.000000e-02 9.000000e-02 
1.000000e-01 1.100000e-01 1.200000e-01 1.300000e-01 1.400000e-01 
1.500000e-01 1.600000e-01 1.700000e-01 1.800000e-01 1.900000e-01 
2.000000e-01 2.100000e-01 2.200000e-01 2.300000e-01 2.400000e-01 
2.500000e-01 2.600000e-01 2.700000e-01 2.800000e-01 2.900000e-01 
3.000000e-01 3.100000e-01 3.200000e-01 3.300000e-01 3.400000e-01 
3.500000e-01 3.600000e-01 3.700000e-01 3.800000e-01 3.900000e-01 
4.000000e-01 4.100000e-01 4.200000e-01 4.300000e-01 4.400000e-01 
4.500000e-01 4.600000e-01 4.700000e-01 4.800000e-01 4.900000e-01 
5.000000e-01 5.100000e-01 5.200000e-01 5.300000e-01 5.400000e-01 
5.500000e-01 5.600000e-01 5.700000e-01 5.800000e-01 5.900000e-01 
6.000000e-01 6.100000e-01 6.200000e-01 6.300000e-01 6.400000e-01 
6.500000e-01 6.600000e-01 6.700000e-01 6.800000e-01 6.900000e-01 
7.000000e-01 7.100000e-01 7.200000e-01 7.300000e-01 7.400000e-01 
7.500000e-01 7.600000e-01 7.700000e-01 7.800000e-01 7.900000e-01 
8.000000e-01 8.100000e-01 8.200000e-01 8.300000e-01 8.400000e-01 
8.500000e-01 8.600000e-01 8.700000e-01 8.800000e-01 8.900000e-01 
9.000000e-01 9.100000e-01 9.200000e-01 9.300000e-01 9.400000e-01 
9.500000e-01 9.600000e-01 9.700000e-01 9.800000e-01 9.900000e-01 
1.000000e+00 
@R ENE 101 []
3.012425e+01 3.012425e+01 3.007405e+01 3.002027e+01 2.996295e+01 
2.990214e+01 2.983789e+01 2.977024e+01 2.969925e+01 2.962495e+01 
2.954741e+01 2.946666e+01 2.938275e+01 2.929572e+01 2.920564e+01 
2.911254e+01 2.901647e+01 2.891747e+01 2.881560e+01 2.871090e+01 
2.860343e+01 2.849321e+01 2.838032e+01 2.826478e+01 2.814665e+01 
2.802598e+01 2.790281e+01 2.777718e+01 2.764916e+01 2.751878e+01 
2.738609e+01 2.725114e+01 2.711398e+01 2.697464e+01 2.683319e+01 
2.668967e+01 2.654412e+01 2.639659e+01 2.624713e+01 2.609579e+01 
2.594261e+01 2.578765e+01 2.563094e+01 2.547253e+01 2.531248e+01 
2.515083e+01 2.498762e+01 2.482291e+01 2.465674e+01 2.448915e+01 
2.432021e+01 2.414994e+01 2.397841e+01 2.380565e+01 2.363172e+01 
2.345666e+01 2.328051e+01 2.310334e+01 2.292517e+01 2.274607e+01 
2.256607e+01 2.238522e+01 2.220357e+01 2.202117e+01 2.183806e+01 
2.165428e+01 2.146988e+01 2.128490e+01 2.109938e+01 2.091335e+01 
2.072683e+01 2.053986e+01 2.035244e+01 2.016456e+01 1.997618e+01 
1.978724e+01 1.959762e+01 1.940710e+01 1.921540e+01 1.902204e+01 
1.882633e+01 1.862727e+01 1.842338e+01 1.821255e+01 1.799177e+01 
1.775676e+01 1.750161e+01 1.721823e+01 1.689591e+01 1.652115e+01 
1.607803e+01 1.555001e+01 1.492371e+01 1.419496e+01 1.337591e+01 
1.249951e+01 1.161673e+01 1.078500e+01 1.005243e+01 9.446403e+00 
8.971580e+00 
@R TE 101 []
2.802534e+01 2.802534e+01 2.791590e+01 2.779750e+01 2.767034e+01 
2.753461e+01 2.739052e+01 2.723824e+01 2.707798e+01 2.690994e+01 
2.673431e+01 2.655128e+01 2.636105e+01 2.616381e+01 2.595977e+01 
2.574911e+01 2.553203e+01 2.530873e+01 2.507940e+01 2.484424e+01 
2.460343e+01 2.435719e+01 2.410569e+01 2.384915e+01 2.358774e+01 
2.332167e+01 2.305114e+01 2.277634e+01 2.249746e+01 2.221469e+01 
2.192824e+01 2.163831e+01 2.134507e+01 2.104874e+01 2.074950e+01 
2.044755e+01 2.014308e+01 1.983630e+01 1.952739e+01 1.921656e+01 
1.890399e+01 1.858988e+01 1.827443e+01 1.795783e+01 1.764028e+01 
1.732198e+01 1.700311e+01 1.668387e+01 1.636446e+01 1.604508e+01 
1.572591e+01 1.540716e+01 1.508902e+01 1.477168e+01 1.445534e+01 
1.414020e+01 1.382645e+01 1.351428e+01 1.320390e+01 1.289549e+01 
1.258925e+01 1.228538e+01 1.198407e+01 1.168552e+01 1.138992e+01 
1.109746e+01 1.080835e+01 1.052277e+01 1.024093e+01 9.963006e+00 
9.689200e+00 9.419701e+00 9.154699e+00 8.894378e+00 8.638918e+00 
8.388490e+00 8.143251e+00 7.903338e+00 7.668854e+00 7.439854e+00 
7.216311e+00 6.998079e+00 6.784821e+00 6.575909e+00 6.370264e+00 
6.166119e+00 5.960662e+00 5.749534e+00 5.526143e+00 5.280859e+00 
5.000307e+00 4.667402e+00 4.263379e+00 3.773490e+00 3.196928e+00 
2.557197e+00 1.903612e+00 1.296780e+00 7.849530e-01 3.886620e-01 
1.022746e-01 
@R TI 101 []
2.802534e+01 2.802534e+01 2.791590e+01 2.779750e+01 2.767034e+01 
2.753461e+01 2.739052e+01 2.723824e+01 2.707798e+01 2.690994e+01 
2.673431e+01 2.655128e+01 2.636105e+01 2.616381e+01 2.595977e+01 
2.574911e+01 2.553203e+01 2.530873e+01 2.507940e+01 2.484424e+01 
2.460343e+01 2.435719e+01 2.410569e+01 2.384915e+01 2.358774e+01 
2.332167e+01 2.305114e+01 2.277634e+01 2.249746e+01 2.221469e+01 
2.192824e+01 2.163831e+01 2.134507e+01 2.104874e+01 2.074950e+01 
2.044755e+01 2.014308e+01 1.983630e+01 1.952739e+01 1.921656e+01 
1.890399e+01 1.858988e+01 1.827443e+01 1.795783e+01 1.764028e+01 
1.732198e+01 1.700311e+01 1.668387e+01 1.636446e+01 1.604508e+01 
1.572591e+01 1.540716e+01 1.508902e+01 1.477168e+01 1.445534e+01 
1.414020e+01 1.382645e+01 1.351428e+01 1.320390e+01 1.289549e+01 
1.258925e+01 1.228538e+01 1.198407e+01 1.168552e+01 1.138992e+01 
1.109746e+01 1.080835e+01 1.052277e+01 1.024093e+01 9.963006e+00 
9.689200e+00 9.419701e+00 9.154699e+00 8.894378e+00 8.638918e+00 
8.388490e+00 8.143251e+00 7.903338e+00 7.668854e+00 7.439854e+00 
7.216311e+00 6.998079e+00 6.784821e+00 6.575909e+00 6.370264e+00 
6.166119e+00 5.960662e+00 5.749534e+00 5.526143e+00 5.280859e+00 
5.000307e+00 4.667402e+00 4.263379e+00 3.773490e+00 3.196928e+00 
2.557197e+00 1.903612e+00 1.296780e+00 7.849530e-01 3.886620e-01 
1.022746e-01 
@R OMEGA 101 []
4.992502e+03 4.992502e+03 4.978802e+03 4.961080e+03 4.940120e+03 
4.916382e+03 4.890179e+03 4.861743e+03 4.831258e+03 4.798873e+03 
4.764714e+03 4.728889e+03 4.691494e+03 4.652611e+03 4.612317e+03 
4.570680e+03 4.527764e+03 4.483626e+03 4.438322e+03 4.391901e+03 
4.344411e+03 4.295898e+03 4.246404e+03 4.195970e+03 4.144635e+03 
4.092438e+03 4.039413e+03 3.985597e+03 3.931022e+03 3.875722e+03 
3.819729e+03 3.763074e+03 3.705787e+03 3.647899e+03 3.589439e+03 
3.530435e+03 3.470916e+03 3.410910e+03 3.350445e+03 3.289547e+03 
3.228244e+03 3.166564e+03 3.104531e+03 3.042174e+03 2.979518e+03 
2.916589e+03 2.853414e+03 2.790019e+03 2.726431e+03 2.662674e+03 
2.598777e+03 2.534765e+03 2.470664e+03 2.406501e+03 2.342304e+03 
2.278099e+03 2.213913e+03 2.149775e+03 2.085711e+03 2.021750e+03 
1.957922e+03 1.894253e+03 1.830775e+03 1.767518e+03 1.704511e+03 
1.641786e+03 1.579374e+03 1.517309e+03 1.455623e+03 1.394351e+03 
1.333528e+03 1.273190e+03 1.213373e+03 1.154118e+03 1.095462e+03 
1.037449e+03 9.801196e+02 9.235197e+02 8.676957e+02 8.126966e+02 
7.585737e+02 7.053813e+02 6.531766e+02 6.020207e+02 5.519785e+02 
5.031198e+02 4.555197e+02 4.092600e+02 3.644299e+02 3.211277e+02 
2.794630e+02 2.395592e+02 2.015571e+02 1.656204e+02 1.319431e+02 
1.007622e+02 7.237776e+01 4.719105e+01 2.578550e+01 9.151105e+00 
-3.154810e-12 
@R ZEFF 101 []
1.874752e+00 1.874752e+00 1.874172e+00 1.873534e+00 1.872837e+00 
1.872079e+00 1.871258e+00 1.870373e+00 1.869422e+00 1.868402e+00 
1.867314e+00 1.866154e+00 1.864922e+00 1.863615e+00 1.862233e+00 
1.860774e+00 1.859237e+00 1.857621e+00 1.855924e+00 1.854147e+00 
1.852288e+00 1.850346e+00 1.848320e+00 1.846211e+00 1.844018e+00 
1.841739e+00 1.839376e+00 1.836927e+00 1.834392e+00 1.831771e+00 
1.829065e+00 1.826273e+00 1.823395e+00 1.820431e+00 1.817382e+00 
1.814247e+00 1.811028e+00 1.807725e+00 1.804338e+00 1.800869e+00 
1.797318e+00 1.793687e+00 1.789977e+00 1.786191e+00 1.782329e+00 
1.778395e+00 1.774391e+00 1.770321e+00 1.766187e+00 1.761995e+00 
1.757749e+00 1.753453e+00 1.749114e+00 1.744737e+00 1.740329e+00 
1.735898e+00 1.731451e+00 1.726997e+00 1.722545e+00 1.718105e+00 
1.713685e+00 1.709297e+00 1.704952e+00 1.700660e+00 1.696432e+00 
1.692280e+00 1.688214e+00 1.684245e+00 1.680385e+00 1.676642e+00 
1.673026e+00 1.669545e+00 1.666206e+00 1.663017e+00 1.659982e+00 
1.657105e+00 1.654388e+00 1.651832e+00 1.649437e+00 1.647200e+00 
1.645117e+00 1.643182e+00 1.641388e+00 1.639724e+00 1.638178e+00 
1.636733e+00 1.635371e+00 1.634069e+00 1.632801e+00 1.631541e+00 
1.630272e+00 1.628996e+00 1.627759e+00 1.626659e+00 1.625819e+00 
1.625313e+00 1.625096e+00 1.625038e+00 1.625030e+00 1.625030e+00 
1.625030e+00 
@R CURPAR 101 []
3.550350e+00 3.550350e+00 3.549694e+00 3.548033e+00 3.545680e+00 
3.542645e+00 3.538933e+00 3.534547e+00 3.529486e+00 3.523749e+00 
3.517339e+00 3.510253e+00 3.502492e+00 3.494057e+00 3.484947e+00 
3.475161e+00 3.464702e+00 3.453567e+00 3.441757e+00 3.429273e+00 
3.416114e+00 3.402279e+00 3.387771e+00 3.372587e+00 3.356728e+00 
3.340195e+00 3.322987e+00 3.305103e+00 3.286546e+00 3.267313e+00 
3.247405e+00 3.226823e+00 3.205566e+00 3.183633e+00 3.161027e+00 
3.137745e+00 3.113788e+00 3.089157e+00 3.063850e+00 3.037869e+00 
3.011213e+00 2.983883e+00 2.955877e+00 2.927197e+00 2.897841e+00 
2.867811e+00 2.837106e+00 2.805727e+00 2.773672e+00 2.740943e+00 
2.707538e+00 2.673459e+00 2.638705e+00 2.603277e+00 2.567173e+00 
2.530395e+00 2.492941e+00 2.454813e+00 2.416010e+00 2.376533e+00 
2.336380e+00 2.295553e+00 2.254050e+00 2.211873e+00 2.169021e+00 
2.125495e+00 2.081293e+00 2.036417e+00 1.990865e+00 1.944639e+00 
1.897738e+00 1.850163e+00 1.801912e+00 1.752986e+00 1.703386e+00 
1.653111e+00 1.602161e+00 1.550536e+00 1.498237e+00 1.445262e+00 
1.391613e+00 1.337289e+00 1.282290e+00 1.226616e+00 1.170268e+00 
1.113244e+00 1.055546e+00 9.971730e-01 9.381251e-01 8.784023e-01 
8.180047e-01 7.569323e-01 6.951850e-01 6.327629e-01 5.696660e-01 
5.058942e-01 4.414476e-01 3.768534e-01 3.158021e-01 2.688379e-01 
2.507228e-01 
@R CURBEAM 101 []
0.000000e+00 0.000000e+00 0.000000e+00 0.000000e+00 0.000000e+00 
0.000000e+00 0.000000e+00 0.000000e+00 0.000000e+00 0.000000e+00 
0.000000e+00 0.000000e+00 0.000000e+00 0.000000e+00 0.000000e+00 
0.000000e+00 0.000000e+00 0.000000e+00 0.000000e+00 0.000000e+00 
0.000000e+00 0.000000e+00 0.000000e+00 0.000000e+00 0.000000e+00 
0.000000e+00 0.000000e+00 0.000000e+00 0.000000e+00 0.000000e+00 
0.000000e+00 0.000000e+00 0.000000e+00 0.000000e+00 0.000000e+00 
0.000000e+00 0.000000e+00 0.000000e+00 0.000000e+00 0.000000e+00 
0.000000e+00 0.000000e+00 0.000000e+00 0.000000e+00 0.000000e+00 
0.000000e+00 0.000000e+00 0.000000e+00 0.000000e+00 0.000000e+00 
0.000000e+00 0.000000e+00 0.000000e+00 0.000000e+00 0.000000e+00 
0.000000e+00 0.000000e+00 0.000000e+00 0.000000e+00 0.000000e+00 
0.000000e+00 0.000000e+00 0.000000e+00 0.000000e+00 0.000000e+00 
0.000000e+00 0.000000e+00 0.000000e+00 0.000000e+00 0.000000e+00 
0.000000e+00 0.000000e+00 0.000000e+00 0.000000e+00 0.000000e+00 
0.000000e+00 0.000000e+00 0.000000e+00 0.000000e+00 0.000000e+00 
0.000000e+00 0.000000e+00 0.000000e+00 0.000000e+00 0.000000e+00 
0.000000e+00 0.000000e+00 0.000000e+00 0.000000e+00 0.000000e+00 
0.000000e+00 0.000000e+00 0.000000e+00 0.000000e+00 0.000000e+00 
0.000000e+00 0.000000e+00 0.000000e+00 0.000000e+00 0.000000e+00 
0.000000e+00 
@R CURRF 101 []
0.000000e+00 0.000000e+00 0.000000e+00 0.000000e+00 0.000000e+00 
0.000000e+00 0.000000e+00 0.000000e+00 0.000000e+00 0.000000e+00 
0.000000e+00 0.000000e+00 0.000000e+00 0.000000e+00 0.000000e+00 
0.000000e+00 0.000000e+00 0.000000e+00 0.000000e+00 0.000000e+00 
0.000000e+00 0.000000e+00 0.000000e+00 0.000000e+00 0.000000e+00 
0.000000e+00 0.000000e+00 0.000000e+00 0.000000e+00 0.000000e+00 
0.000000e+00 0.000000e+00 0.000000e+00 0.000000e+00 0.000000e+00 
0.000000e+00 0.000000e+00 0.000000e+00 0.000000e+00 0.000000e+00 
0.000000e+00 0.000000e+00 0.000000e+00 0.000000e+00 0.000000e+00 
0.000000e+00 0.000000e+00 0.000000e+00 0.000000e+00 0.000000e+00 
0.000000e+00 0.000000e+00 0.000000e+00 0.000000e+00 0.000000e+00 
0.000000e+00 0.000000e+00 0.000000e+00 0.000000e+00 0.000000e+00 
0.000000e+00 0.000000e+00 0.000000e+00 0.000000e+00 0.000000e+00 
0.000000e+00 0.000000e+00 0.000000e+00 0.000000e+00 0.000000e+00 
0.000000e+00 0.000000e+00 0.000000e+00 0.000000e+00 0.000000e+00 
0.000000e+00 0.000000e+00 0.000000e+00 0.000000e+00 0.000000e+00 
0.000000e+00 0.000000e+00 0.000000e+00 0.000000e+00 0.000000e+00 
0.000000e+00 0.000000e+00 0.000000e+00 0.000000e+00 0.000000e+00 
0.000000e+00 0.000000e+00 0.000000e+00 0.000000e+00 0.000000e+00 
0.000000e+00 0.000000e+00 0.000000e+00 0.000000e+00 0.000000e+00 
0.000000e+00 
@R Q 101 []
9.763085e-01 9.763759e-01 9.765784e-01 9.769160e-01 9.773894e-01 
9.779991e-01 9.787457e-01 9.796300e-01 9.806528e-01 9.818146e-01 
9.831159e-01 9.845570e-01 9.861369e-01 9.878533e-01 9.897044e-01 
9.916933e-01 9.938241e-01 9.960937e-01 9.985000e-01 1.001044e+00 
1.003730e+00 1.006559e+00 1.009527e+00 1.012636e+00 1.015888e+00 
1.019287e+00 1.022831e+00 1.026523e+00 1.030361e+00 1.034350e+00 
1.038493e+00 1.042790e+00 1.047243e+00 1.051857e+00 1.056637e+00 
1.061582e+00 1.066697e+00 1.071986e+00 1.077452e+00 1.083100e+00 
1.088934e+00 1.094957e+00 1.101176e+00 1.107594e+00 1.114216e+00 
1.121049e+00 1.128097e+00 1.135367e+00 1.142865e+00 1.150598e+00 
1.158572e+00 1.166794e+00 1.175273e+00 1.184016e+00 1.193032e+00 
1.202330e+00 1.211918e+00 1.221808e+00 1.232009e+00 1.242531e+00 
1.253388e+00 1.264591e+00 1.276153e+00 1.288086e+00 1.300407e+00 
1.313130e+00 1.326271e+00 1.339847e+00 1.353878e+00 1.368380e+00 
1.383376e+00 1.398888e+00 1.414938e+00 1.431552e+00 1.448755e+00 
1.466577e+00 1.485049e+00 1.504205e+00 1.524080e+00 1.544713e+00 
1.566144e+00 1.588417e+00 1.611581e+00 1.635689e+00 1.660805e+00 
1.686998e+00 1.714352e+00 1.742971e+00 1.772929e+00 1.804295e+00 
1.837182e+00 1.871717e+00 1.908041e+00 1.946238e+00 1.986364e+00 
2.028414e+00 2.072686e+00 2.119725e+00 2.170009e+00 2.224127e+00 
2.283048e+00 
@R QBEAME 101 []
0.000000e+00 0.000000e+00 0.000000e+00 0.000000e+00 0.000000e+00 
0.000000e+00 0.000000e+00 0.000000e+00 0.000000e+00 0.000000e+00 
0.000000e+00 0.000000e+00 0.000000e+00 0.000000e+00 0.000000e+00 
0.000000e+00 0.000000e+00 0.000000e+00 0.000000e+00 0.000000e+00 
0.000000e+00 0.000000e+00 0.000000e+00 0.000000e+00 0.000000e+00 
0.000000e+00 0.000000e+00 0.000000e+00 0.000000e+00 0.000000e+00 
0.000000e+00 0.000000e+00 0.000000e+00 0.000000e+00 0.000000e+00 
0.000000e+00 0.000000e+00 0.000000e+00 0.000000e+00 0.000000e+00 
0.000000e+00 0.000000e+00 0.000000e+00 0.000000e+00 0.000000e+00 
0.000000e+00 0.000000e+00 0.000000e+00 0.000000e+00 0.000000e+00 
0.000000e+00 0.000000e+00 0.000000e+00 0.000000e+00 0.000000e+00 
0.000000e+00 0.000000e+00 0.000000e+00 0.000000e+00 0.000000e+00 
0.000000e+00 0.000000e+00 0.000000e+00 0.000000e+00 0.000000e+00 
0.000000e+00 0.000000e+00 0.000000e+00 0.000000e+00 0.000000e+00 
0.000000e+00 0.000000e+00 0.000000e+00 0.000000e+00 0.000000e+00 
0.000000e+00 0.000000e+00 0.000000e+00 0.000000e+00 0.000000e+00 
0.000000e+00 0.000000e+00 0.000000e+00 0.000000e+00 0.000000e+00 
0.000000e+00 0.000000e+00 0.000000e+00 0.000000e+00 0.000000e+00 
0.000000e+00 0.000000e+00 0.000000e+00 0.000000e+00 0.000000e+00 
0.000000e+00 0.000000e+00 0.000000e+00 0.000000e+00 0.000000e+00 
0.000000e+00 
@R QBEAMI 101 []
0.000000e+00 0.000000e+00 0.000000e+00 0.000000e+00 0.000000e+00 
0.000000e+00 0.000000e+00 0.000000e+00 0.000000e+00 0.000000e+00 
0.000000e+00 0.000000e+00 0.000000e+00 0.000000e+00 0.000000e+00 
0.000000e+00 0.000000e+00 0.000000e+00 0.000000e+00 0.000000e+00 
0.000000e+00 0.000000e+00 0.000000e+00 0.000000e+00 0.000000e+00 
0.000000e+00 0.000000e+00 0.000000e+00 0.000000e+00 0.000000e+00 
0.000000e+00 0.000000e+00 0.000000e+00 0.000000e+00 0.000000e+00 
0.000000e+00 0.000000e+00 0.000000e+00 0.000000e+00 0.000000e+00 
0.000000e+00 0.000000e+00 0.000000e+00 0.000000e+00 0.000000e+00 
0.000000e+00 0.000000e+00 0.000000e+00 0.000000e+00 0.000000e+00 
0.000000e+00 0.000000e+00 0.000000e+00 0.000000e+00 0.000000e+00 
0.000000e+00 0.000000e+00 0.000000e+00 0.000000e+00 0.000000e+00 
0.000000e+00 0.000000e+00 0.000000e+00 0.000000e+00 0.000000e+00 
0.000000e+00 0.000000e+00 0.000000e+00 0.000000e+00 0.000000e+00 
0.000000e+00 0.000000e+00 0.000000e+00 0.000000e+00 0.000000e+00 
0.000000e+00 0.000000e+00 0.000000e+00 0.000000e+00 0.000000e+00 
0.000000e+00 0.000000e+00 0.000000e+00 0.000000e+00 0.000000e+00 
0.000000e+00 0.000000e+00 0.000000e+00 0.000000e+00 0.000000e+00 
0.000000e+00 0.000000e+00 0.000000e+00 0.000000e+00 0.000000e+00 
0.000000e+00 0.000000e+00 0.000000e+00 0.000000e+00 0.000000e+00 
0.000000e+00 
@R QRFE 101 []
0.000000e+00 0.000000e+00 0.000000e+00 0.000000e+00 0.000000e+00 
0.000000e+00 0.000000e+00 0.000000e+00 0.000000e+00 0.000000e+00 
0.000000e+00 0.000000e+00 0.000000e+00 0.000000e+00 0.000000e+00 
0.000000e+00 0.000000e+00 0.000000e+00 0.000000e+00 0.000000e+00 
0.000000e+00 0.000000e+00 0.000000e+00 0.000000e+00 0.000000e+00 
0.000000e+00 0.000000e+00 0.000000e+00 0.000000e+00 0.000000e+00 
0.000000e+00 0.000000e+00 0.000000e+00 0.000000e+00 0.000000e+00 
0.000000e+00 0.000000e+00 0.000000e+00 0.000000e+00 0.000000e+00 
0.000000e+00 0.000000e+00 0.000000e+00 0.000000e+00 0.000000e+00 
0.000000e+00 0.000000e+00 0.000000e+00 0.000000e+00 0.000000e+00 
0.000000e+00 0.000000e+00 0.000000e+00 0.000000e+00 0.000000e+00 
0.000000e+00 0.000000e+00 0.000000e+00 0.000000e+00 0.000000e+00 
0.000000e+00 0.000000e+00 0.000000e+00 0.000000e+00 0.000000e+00 
0.000000e+00 0.000000e+00 0.000000e+00 0.000000e+00 0.000000e+00 
0.000000e+00 0.000000e+00 0.000000e+00 0.000000e+00 0.000000e+00 
0.000000e+00 0.000000e+00 0.000000e+00 0.000000e+00 0.000000e+00 
0.000000e+00 0.000000e+00 0.000000e+00 0.000000e+00 0.000000e+00 
0.000000e+00 0.000000e+00 0.000000e+00 0.000000e+00 0.000000e+00 
0.000000e+00 0.000000e+00 0.000000e+00 0.000000e+00 0.000000e+00 
0.000000e+00 0.000000e+00 0.000000e+00 0.000000e+00 0.000000e+00 
0.000000e+00 
@R QRFI 101 []
0.000000e+00 0.000000e+00 0.000000e+00 0.000000e+00 0.000000e+00 
0.000000e+00 0.000000e+00 0.000000e+00 0.000000e+00 0.000000e+00 
0.000000e+00 0.000000e+00 0.000000e+00 0.000000e+00 0.000000e+00 
0.000000e+00 0.000000e+00 0.000000e+00 0.000000e+00 0.000000e+00 
0.000000e+00 0.000000e+00 0.000000e+00 0.000000e+00 0.000000e+00 
0.000000e+00 0.000000e+00 0.000000e+00 0.000000e+00 0.000000e+00 
0.000000e+00 0.000000e+00 0.000000e+00 0.000000e+00 0.000000e+00 
0.000000e+00 0.000000e+00 0.000000e+00 0.000000e+00 0.000000e+00 
0.000000e+00 0.000000e+00 0.000000e+00 0.000000e+00 0.000000e+00 
0.000000e+00 0.000000e+00 0.000000e+00 0.000000e+00 0.000000e+00 
0.000000e+00 0.000000e+00 0.000000e+00 0.000000e+00 0.000000e+00 
0.000000e+00 0.000000e+00 0.000000e+00 0.000000e+00 0.000000e+00 
0.000000e+00 0.000000e+00 0.000000e+00 0.000000e+00 0.000000e+00 
0.000000e+00 0.000000e+00 0.000000e+00 0.000000e+00 0.000000e+00 
0.000000e+00 0.000000e+00 0.000000e+00 0.000000e+00 0.000000e+00 
0.000000e+00 0.000000e+00 0.000000e+00 0.000000e+00 0.000000e+00 
0.000000e+00 0.000000e+00 0.000000e+00 0.000000e+00 0.000000e+00 
0.000000e+00 0.000000e+00 0.000000e+00 0.000000e+00 0.000000e+00 
0.000000e+00 0.000000e+00 0.000000e+00 0.000000e+00 0.000000e+00 
0.000000e+00 0.000000e+00 0.000000e+00 0.000000e+00 0.000000e+00 
0.000000e+00 
@R QRAD 101 []
-4.557245e-01 -4.557245e-01 -4.531788e-01 -4.504474e-01 -4.475347e-01 
-4.444456e-01 -4.411846e-01 -4.377568e-01 -4.341670e-01 -4.304202e-01 
-4.265216e-01 -4.224764e-01 -4.182897e-01 -4.139670e-01 -4.095136e-01 
-4.049350e-01 -4.002367e-01 -3.954243e-01 -3.905034e-01 -3.854795e-01 
-3.803583e-01 -3.751456e-01 -3.698470e-01 -3.644681e-01 -3.590147e-01 
-3.534924e-01 -3.479068e-01 -3.422636e-01 -3.365683e-01 -3.308265e-01 
-3.250437e-01 -3.192252e-01 -3.133765e-01 -3.075029e-01 -3.016096e-01 
-2.957019e-01 -2.897847e-01 -2.838631e-01 -2.779422e-01 -2.720267e-01 
-2.661213e-01 -2.602310e-01 -2.543601e-01 -2.485132e-01 -2.426948e-01 
-2.369092e-01 -2.311606e-01 -2.254530e-01 -2.197907e-01 -2.141774e-01 
-2.086170e-01 -2.031132e-01 -1.976695e-01 -1.922895e-01 -1.869763e-01 
-1.817334e-01 -1.765636e-01 -1.714700e-01 -1.664552e-01 -1.615220e-01 
-1.566727e-01 -1.519096e-01 -1.472348e-01 -1.426503e-01 -1.381578e-01 
-1.337587e-01 -1.294545e-01 -1.252461e-01 -1.211346e-01 -1.171205e-01 
-1.132043e-01 -1.093861e-01 -1.056658e-01 -1.020428e-01 -9.851643e-02 
-9.508523e-02 -9.174731e-02 -8.850000e-02 -8.533956e-02 -8.226085e-02 
-7.925677e-02 -7.631749e-02 -7.342935e-02 -7.057338e-02 -6.772328e-02 
-6.484284e-02 -6.188283e-02 -5.877789e-02 -5.544444e-02 -5.178228e-02 
-4.768417e-02 -4.305954e-02 -3.787661e-02 -3.221714e-02 -2.631699e-02 
-2.054734e-02 -1.531040e-02 -1.089149e-02 -7.361659e-03 -4.574366e-03 
-2.116575e-03 
@R QIONE 101 []
0.000000e+00 0.000000e+00 0.000000e+00 0.000000e+00 0.000000e+00 
0.000000e+00 0.000000e+00 0.000000e+00 0.000000e+00 0.000000e+00 
0.000000e+00 0.000000e+00 0.000000e+00 0.000000e+00 0.000000e+00 
0.000000e+00 0.000000e+00 0.000000e+00 0.000000e+00 0.000000e+00 
0.000000e+00 0.000000e+00 0.000000e+00 0.000000e+00 0.000000e+00 
0.000000e+00 0.000000e+00 0.000000e+00 0.000000e+00 0.000000e+00 
0.000000e+00 0.000000e+00 0.000000e+00 0.000000e+00 0.000000e+00 
0.000000e+00 0.000000e+00 0.000000e+00 0.000000e+00 0.000000e+00 
0.000000e+00 0.000000e+00 0.000000e+00 0.000000e+00 0.000000e+00 
0.000000e+00 0.000000e+00 0.000000e+00 0.000000e+00 0.000000e+00 
0.000000e+00 0.000000e+00 0.000000e+00 0.000000e+00 0.000000e+00 
0.000000e+00 0.000000e+00 0.000000e+00 0.000000e+00 0.000000e+00 
0.000000e+00 0.000000e+00 0.000000e+00 0.000000e+00 0.000000e+00 
0.000000e+00 0.000000e+00 0.000000e+00 0.000000e+00 0.000000e+00 
0.000000e+00 0.000000e+00 0.000000e+00 0.000000e+00 0.000000e+00 
0.000000e+00 0.000000e+00 0.000000e+00 0.000000e+00 0.000000e+00 
0.000000e+00 0.000000e+00 0.000000e+00 0.000000e+00 0.000000e+00 
0.000000e+00 0.000000e+00 0.000000e+00 0.000000e+00 0.000000e+00 
0.000000e+00 0.000000e+00 0.000000e+00 0.000000e+00 0.000000e+00 
0.000000e+00 0.000000e+00 0.000000e+00 0.000000e+00 0.000000e+00 
0.000000e+00 
@R QIONI 101 []
0.000000e+00 0.000000e+00 0.000000e+00 0.000000e+00 0.000000e+00 
0.000000e+00 0.000000e+00 0.000000e+00 0.000000e+00 0.000000e+00 
0.000000e+00 0.000000e+00 0.000000e+00 0.000000e+00 0.000000e+00 
0.000000e+00 0.000000e+00 0.000000e+00 0.000000e+00 0.000000e+00 
0.000000e+00 0.000000e+00 0.000000e+00 0.000000e+00 0.000000e+00 
0.000000e+00 0.000000e+00 0.000000e+00 0.000000e+00 0.000000e+00 
0.000000e+00 0.000000e+00 0.000000e+00 0.000000e+00 0.000000e+00 
0.000000e+00 0.000000e+00 0.000000e+00 0.000000e+00 0.000000e+00 
0.000000e+00 0.000000e+00 0.000000e+00 0.000000e+00 0.000000e+00 
0.000000e+00 0.000000e+00 0.000000e+00 0.000000e+00 0.000000e+00 
0.000000e+00 0.000000e+00 0.000000e+00 0.000000e+00 0.000000e+00 
0.000000e+00 0.000000e+00 0.000000e+00 0.000000e+00 0.000000e+00 
0.000000e+00 0.000000e+00 0.000000e+00 0.000000e+00 0.000000e+00 
0.000000e+00 0.000000e+00 0.000000e+00 0.000000e+00 0.000000e+00 
0.000000e+00 0.000000e+00 0.000000e+00 0.000000e+00 0.000000e+00 
0.000000e+00 0.000000e+00 0.000000e+00 0.000000e+00 0.000000e+00 
0.000000e+00 0.000000e+00 0.000000e+00 0.000000e+00 0.000000e+00 
0.000000e+00 0.000000e+00 0.000000e+00 0.000000e+00 0.000000e+00 
0.000000e+00 0.000000e+00 0.000000e+00 0.000000e+00 0.000000e+00 
0.000000e+00 0.000000e+00 0.000000e+00 0.000000e+00 0.000000e+00 
0.000000e+00 
@R QCX 101 []
0.000000e+00 0.000000e+00 0.000000e+00 0.000000e+00 0.000000e+00 
0.000000e+00 0.000000e+00 0.000000e+00 0.000000e+00 0.000000e+00 
0.000000e+00 0.000000e+00 0.000000e+00 0.000000e+00 0.000000e+00 
0.000000e+00 0.000000e+00 0.000000e+00 0.000000e+00 0.000000e+00 
0.000000e+00 0.000000e+00 0.000000e+00 0.000000e+00 0.000000e+00 
0.000000e+00 0.000000e+00 0.000000e+00 0.000000e+00 0.000000e+00 
0.000000e+00 0.000000e+00 0.000000e+00 0.000000e+00 0.000000e+00 
0.000000e+00 0.000000e+00 0.000000e+00 0.000000e+00 0.000000e+00 
0.000000e+00 0.000000e+00 0.000000e+00 0.000000e+00 0.000000e+00 
0.000000e+00 0.000000e+00 0.000000e+00 0.000000e+00 0.000000e+00 
0.000000e+00 0.000000e+00 0.000000e+00 0.000000e+00 0.000000e+00 
0.000000e+00 0.000000e+00 0.000000e+00 0.000000e+00 0.000000e+00 
0.000000e+00 0.000000e+00 0.000000e+00 0.000000e+00 0.000000e+00 
0.000000e+00 0.000000e+00 0.000000e+00 0.000000e+00 0.000000e+00 
0.000000e+00 0.000000e+00 0.000000e+00 0.000000e+00 0.000000e+00 
0.000000e+00 0.000000e+00 0.000000e+00 0.000000e+00 0.000000e+00 
0.000000e+00 0.000000e+00 0.000000e+00 0.000000e+00 0.000000e+00 
0.000000e+00 0.000000e+00 0.000000e+00 0.000000e+00 0.000000e+00 
0.000000e+00 0.000000e+00 0.000000e+00 0.000000e+00 0.000000e+00 
0.000000e+00 0.000000e+00 0.000000e+00 0.000000e+00 0.000000e+00 
0.000000e+00 
@R QTFUSE 101 []
2.357832e+00 2.357832e+00 2.349124e+00 2.339782e+00 2.329814e+00 
2.319231e+00 2.308038e+00 2.296241e+00 2.283847e+00 2.270858e+00 
2.257279e+00 2.243109e+00 2.228351e+00 2.213002e+00 2.197061e+00 
2.180524e+00 2.163387e+00 2.145646e+00 2.127293e+00 2.108320e+00 
2.088721e+00 2.068487e+00 2.047607e+00 2.026074e+00 2.003876e+00 
1.981003e+00 1.957447e+00 1.933197e+00 1.908244e+00 1.882579e+00 
1.856195e+00 1.829084e+00 1.801240e+00 1.772660e+00 1.743338e+00 
1.713275e+00 1.682470e+00 1.650924e+00 1.618644e+00 1.585634e+00 
1.551905e+00 1.517469e+00 1.482340e+00 1.446537e+00 1.410082e+00 
1.372999e+00 1.335319e+00 1.297074e+00 1.258303e+00 1.219046e+00 
1.179351e+00 1.139270e+00 1.098859e+00 1.058180e+00 1.017299e+00 
9.762874e-01 9.352229e-01 8.941864e-01 8.532638e-01 8.125448e-01 
7.721230e-01 7.320947e-01 6.925588e-01 6.536151e-01 6.153641e-01 
5.779055e-01 5.413370e-01 5.057535e-01 4.712451e-01 4.378962e-01 
4.057842e-01 3.749779e-01 3.455368e-01 3.175093e-01 2.909324e-01 
2.658306e-01 2.422153e-01 2.200842e-01 1.994209e-01 1.801946e-01 
1.623594e-01 1.458540e-01 1.306002e-01 1.165021e-01 1.034433e-01 
9.128566e-02 7.986739e-02 6.900558e-02 5.850771e-02 4.820261e-02 
3.800547e-02 2.802498e-02 1.868306e-02 1.072924e-02 4.965669e-03 
1.691889e-03 3.733827e-04 4.343602e-05 1.758521e-06 7.633497e-09 
3.406232e-15 
@R QTFUSI 101 []
1.432946e+00 1.432946e+00 1.422545e+00 1.411395e+00 1.399522e+00 
1.386954e+00 1.373715e+00 1.359832e+00 1.345328e+00 1.330229e+00 
1.314556e+00 1.298334e+00 1.281584e+00 1.264326e+00 1.246583e+00 
1.228372e+00 1.209713e+00 1.190625e+00 1.171125e+00 1.151231e+00 
1.130959e+00 1.110326e+00 1.089348e+00 1.068042e+00 1.046424e+00 
1.024511e+00 1.002317e+00 9.798617e-01 9.571607e-01 9.342319e-01 
9.110934e-01 8.877638e-01 8.642624e-01 8.406091e-01 8.168246e-01 
7.929304e-01 7.689486e-01 7.449021e-01 7.208149e-01 6.967114e-01 
6.726172e-01 6.485585e-01 6.245622e-01 6.006563e-01 5.768692e-01 
5.532302e-01 5.297694e-01 5.065173e-01 4.835051e-01 4.607645e-01 
4.383276e-01 4.162267e-01 3.944946e-01 3.731637e-01 3.522667e-01 
3.318359e-01 3.119029e-01 2.924988e-01 2.736536e-01 2.553961e-01 
2.377536e-01 2.207513e-01 2.044126e-01 1.887580e-01 1.738056e-01 
1.595700e-01 1.460625e-01 1.332908e-01 1.212587e-01 1.099659e-01 
9.940794e-02 8.957613e-02 8.045767e-02 7.203569e-02 6.428944e-02 
5.719452e-02 5.072324e-02 4.484489e-02 3.952618e-02 3.473156e-02 
3.042357e-02 2.656316e-02 2.310985e-02 2.002192e-02 1.725641e-02 
1.476923e-02 1.251550e-02 1.045071e-02 8.533739e-03 6.733330e-03 
5.039599e-03 3.479664e-03 2.127804e-03 1.087900e-03 4.302219e-04 
1.187336e-04 1.986724e-05 1.616410e-06 4.113337e-08 9.366442e-11 
1.247182e-17 
@R ENBEAM 101 []
0.000000e+00 0.000000e+00 0.000000e+00 0.000000e+00 0.000000e+00 
0.000000e+00 0.000000e+00 0.000000e+00 0.000000e+00 0.000000e+00 
0.000000e+00 0.000000e+00 0.000000e+00 0.000000e+00 0.000000e+00 
0.000000e+00 0.000000e+00 0.000000e+00 0.000000e+00 0.000000e+00 
0.000000e+00 0.000000e+00 0.000000e+00 0.000000e+00 0.000000e+00 
0.000000e+00 0.000000e+00 0.000000e+00 0.000000e+00 0.000000e+00 
0.000000e+00 0.000000e+00 0.000000e+00 0.000000e+00 0.000000e+00 
0.000000e+00 0.000000e+00 0.000000e+00 0.000000e+00 0.000000e+00 
0.000000e+00 0.000000e+00 0.000000e+00 0.000000e+00 0.000000e+00 
0.000000e+00 0.000000e+00 0.000000e+00 0.000000e+00 0.000000e+00 
0.000000e+00 0.000000e+00 0.000000e+00 0.000000e+00 0.000000e+00 
0.000000e+00 0.000000e+00 0.000000e+00 0.000000e+00 0.000000e+00 
0.000000e+00 0.000000e+00 0.000000e+00 0.000000e+00 0.000000e+00 
0.000000e+00 0.000000e+00 0.000000e+00 0.000000e+00 0.000000e+00 
0.000000e+00 0.000000e+00 0.000000e+00 0.000000e+00 0.000000e+00 
0.000000e+00 0.000000e+00 0.000000e+00 0.000000e+00 0.000000e+00 
0.000000e+00 0.000000e+00 0.000000e+00 0.000000e+00 0.000000e+00 
0.000000e+00 0.000000e+00 0.000000e+00 0.000000e+00 0.000000e+00 
0.000000e+00 0.000000e+00 0.000000e+00 0.000000e+00 0.000000e+00 
0.000000e+00 0.000000e+00 0.000000e+00 0.000000e+00 0.000000e+00 
0.000000e+00 
@R WBEAM 101 []
0.000000e+00 0.000000e+00 0.000000e+00 0.000000e+00 0.000000e+00 
0.000000e+00 0.000000e+00 0.000000e+00 0.000000e+00 0.000000e+00 
0.000000e+00 0.000000e+00 0.000000e+00 0.000000e+00 0.000000e+00 
0.000000e+00 0.000000e+00 0.000000e+00 0.000000e+00 0.000000e+00 
0.000000e+00 0.000000e+00 0.000000e+00 0.000000e+00 0.000000e+00 
0.000000e+00 0.000000e+00 0.000000e+00 0.000000e+00 0.000000e+00 
0.000000e+00 0.000000e+00 0.000000e+00 0.000000e+00 0.000000e+00 
0.000000e+00 0.000000e+00 0.000000e+00 0.000000e+00 0.000000e+00 
0.000000e+00 0.000000e+00 0.000000e+00 0.000000e+00 0.000000e+00 
0.000000e+00 0.000000e+00 0.000000e+00 0.000000e+00 0.000000e+00 
0.000000e+00 0.000000e+00 0.000000e+00 0.000000e+00 0.000000e+00 
0.000000e+00 0.000000e+00 0.000000e+00 0.000000e+00 0.000000e+00 
0.000000e+00 0.000000e+00 0.000000e+00 0.000000e+00 0.000000e+00 
0.000000e+00 0.000000e+00 0.000000e+00 0.000000e+00 0.000000e+00 
0.000000e+00 0.000000e+00 0.000000e+00 0.000000e+00 0.000000e+00 
0.000000e+00 0.000000e+00 0.000000e+00 0.000000e+00 0.000000e+00 
0.000000e+00 0.000000e+00 0.000000e+00 0.000000e+00 0.000000e+00 
0.000000e+00 0.000000e+00 0.000000e+00 0.000000e+00 0.000000e+00 
0.000000e+00 0.000000e+00 0.000000e+00 0.000000e+00 0.000000e+00 
0.000000e+00 0.000000e+00 0.000000e+00 0.000000e+00 0.000000e+00 
0.000000e+00 
@R ENALP 101 []
0.000000e+00 0.000000e+00 0.000000e+00 0.000000e+00 0.000000e+00 
0.000000e+00 0.000000e+00 0.000000e+00 0.000000e+00 0.000000e+00 
0.000000e+00 0.000000e+00 0.000000e+00 0.000000e+00 0.000000e+00 
0.000000e+00 0.000000e+00 0.000000e+00 0.000000e+00 0.000000e+00 
0.000000e+00 0.000000e+00 0.000000e+00 0.000000e+00 0.000000e+00 
0.000000e+00 0.000000e+00 0.000000e+00 0.000000e+00 0.000000e+00 
0.000000e+00 0.000000e+00 0.000000e+00 0.000000e+00 0.000000e+00 
0.000000e+00 0.000000e+00 0.000000e+00 0.000000e+00 0.000000e+00 
0.000000e+00 0.000000e+00 0.000000e+00 0.000000e+00 0.000000e+00 
0.000000e+00 0.000000e+00 0.000000e+00 0.000000e+00 0.000000e+00 
0.000000e+00 0.000000e+00 0.000000e+00 0.000000e+00 0.000000e+00 
0.000000e+00 0.000000e+00 0.000000e+00 0.000000e+00 0.000000e+00 
0.000000e+00 0.000000e+00 0.000000e+00 0.000000e+00 0.000000e+00 
0.000000e+00 0.000000e+00 0.000000e+00 0.000000e+00 0.000000e+00 
0.000000e+00 0.000000e+00 0.000000e+00 0.000000e+00 0.000000e+00 
0.000000e+00 0.000000e+00 0.000000e+00 0.000000e+00 0.000000e+00 
0.000000e+00 0.000000e+00 0.000000e+00 0.000000e+00 0.000000e+00 
0.000000e+00 0.000000e+00 0.000000e+00 0.000000e+00 0.000000e+00 
0.000000e+00 0.000000e+00 0.000000e+00 0.000000e+00 0.000000e+00 
0.000000e+00 0.000000e+00 0.000000e+00 0.000000e+00 0.000000e+00 
0.000000e+00 
@R WALP 101 []
0.000000e+00 0.000000e+00 0.000000e+00 0.000000e+00 0.000000e+00 
0.000000e+00 0.000000e+00 0.000000e+00 0.000000e+00 0.000000e+00 
0.000000e+00 0.000000e+00 0.000000e+00 0.000000e+00 0.000000e+00 
0.000000e+00 0.000000e+00 0.000000e+00 0.000000e+00 0.000000e+00 
0.000000e+00 0.000000e+00 0.000000e+00 0.000000e+00 0.000000e+00 
0.000000e+00 0.000000e+00 0.000000e+00 0.000000e+00 0.000000e+00 
0.000000e+00 0.000000e+00 0.000000e+00 0.000000e+00 0.000000e+00 
0.000000e+00 0.000000e+00 0.000000e+00 0.000000e+00 0.000000e+00 
0.000000e+00 0.000000e+00 0.000000e+00 0.000000e+00 0.000000e+00 
0.000000e+00 0.000000e+00 0.000000e+00 0.000000e+00 0.000000e+00 
0.000000e+00 0.000000e+00 0.000000e+00 0.000000e+00 0.000000e+00 
0.000000e+00 0.000000e+00 0.000000e+00 0.000000e+00 0.000000e+00 
0.000000e+00 0.000000e+00 0.000000e+00 0.000000e+00 0.000000e+00 
0.000000e+00 0.000000e+00 0.000000e+00 0.000000e+00 0.000000e+00 
0.000000e+00 0.000000e+00 0.000000e+00 0.000000e+00 0.000000e+00 
0.000000e+00 0.000000e+00 0.000000e+00 0.000000e+00 0.000000e+00 
0.000000e+00 0.000000e+00 0.000000e+00 0.000000e+00 0.000000e+00 
0.000000e+00 0.000000e+00 0.000000e+00 0.000000e+00 0.000000e+00 
0.000000e+00 0.000000e+00 0.000000e+00 0.000000e+00 0.000000e+00 
0.000000e+00 0.000000e+00 0.000000e+00 0.000000e+00 0.000000e+00 
0.000000e+00 
@R SION 101 []
0.000000e+00 0.000000e+00 0.000000e+00 0.000000e+00 0.000000e+00 
0.000000e+00 0.000000e+00 0.000000e+00 0.000000e+00 0.000000e+00 
0.000000e+00 0.000000e+00 0.000000e+00 0.000000e+00 0.000000e+00 
0.000000e+00 0.000000e+00 0.000000e+00 0.000000e+00 0.000000e+00 
0.000000e+00 0.000000e+00 0.000000e+00 0.000000e+00 0.000000e+00 
0.000000e+00 0.000000e+00 0.000000e+00 0.000000e+00 0.000000e+00 
0.000000e+00 0.000000e+00 0.000000e+00 0.000000e+00 0.000000e+00 
0.000000e+00 0.000000e+00 0.000000e+00 0.000000e+00 0.000000e+00 
0.000000e+00 0.000000e+00 0.000000e+00 0.000000e+00 0.000000e+00 
0.000000e+00 0.000000e+00 0.000000e+00 0.000000e+00 0.000000e+00 
0.000000e+00 0.000000e+00 0.000000e+00 0.000000e+00 0.000000e+00 
0.000000e+00 0.000000e+00 0.000000e+00 0.000000e+00 0.000000e+00 
0.000000e+00 0.000000e+00 0.000000e+00 0.000000e+00 0.000000e+00 
0.000000e+00 0.000000e+00 0.000000e+00 0.000000e+00 0.000000e+00 
0.000000e+00 0.000000e+00 0.000000e+00 0.000000e+00 0.000000e+00 
0.000000e+00 0.000000e+00 0.000000e+00 0.000000e+00 0.000000e+00 
0.000000e+00 0.000000e+00 0.000000e+00 0.000000e+00 0.000000e+00 
0.000000e+00 0.000000e+00 0.000000e+00 0.000000e+00 0.000000e+00 
0.000000e+00 0.000000e+00 0.000000e+00 0.000000e+00 0.000000e+00 
0.000000e+00 0.000000e+00 0.000000e+00 0.000000e+00 0.000000e+00 
0.000000e+00 
@R CHIE 101 []
0.000000e+00 5.878932e-02 5.650081e-02 7.860544e-02 9.784436e-02 
1.148259e-01 1.300069e-01 1.437320e-01 1.562578e-01 1.677849e-01 
1.784814e-01 1.884818e-01 1.978808e-01 2.067879e-01 2.152442e-01 
2.233953e-01 2.311843e-01 2.386790e-01 2.459536e-01 2.529556e-01 
2.598722e-01 2.665986e-01 2.731564e-01 2.796340e-01 2.860256e-01 
2.923376e-01 2.985738e-01 3.047454e-01 3.108734e-01 3.169687e-01 
3.230366e-01 3.290832e-01 3.351121e-01 3.411382e-01 3.471707e-01 
3.532052e-01 3.592426e-01 3.652739e-01 3.713125e-01 3.774038e-01 
3.835204e-01 3.896060e-01 3.957594e-01 4.019605e-01 4.081356e-01 
4.144047e-01 4.206731e-01 4.270027e-01 4.333713e-01 4.397882e-01 
4.462608e-01 4.527813e-01 4.593837e-01 4.660124e-01 4.727738e-01 
4.795597e-01 4.864638e-01 4.934808e-01 5.005507e-01 5.077944e-01 
5.151729e-01 5.226561e-01 5.303285e-01 5.382243e-01 5.462979e-01 
5.545839e-01 5.631637e-01 5.720624e-01 5.812739e-01 5.908322e-01 
6.008259e-01 6.112991e-01 6.223056e-01 6.338645e-01 6.460336e-01 
6.589020e-01 6.725071e-01 6.868782e-01 7.019673e-01 7.176569e-01 
7.337406e-01 7.497558e-01 7.648513e-01 7.775597e-01 7.855109e-01 
7.852741e-01 7.723268e-01 7.418113e-01 6.905150e-01 6.198201e-01 
5.373657e-01 4.550394e-01 3.843072e-01 3.327771e-01 3.041600e-01 
3.006021e-01 3.258674e-01 3.883640e-01 5.041390e-01 7.010795e-01 
0.000000e+00 
@R CHII 101 []
0.000000e+00 6.374605e-02 6.112110e-02 8.473390e-02 1.050630e-01 
1.227847e-01 1.384045e-01 1.523033e-01 1.647644e-01 1.760092e-01 
1.862221e-01 1.955508e-01 2.040999e-01 2.119877e-01 2.192613e-01 
2.260729e-01 2.323685e-01 2.382204e-01 2.437061e-01 2.487767e-01 
2.536197e-01 2.581341e-01 2.623443e-01 2.663380e-01 2.701112e-01 
2.736723e-01 2.770269e-01 2.801878e-01 2.831767e-01 2.860056e-01 
2.886814e-01 2.912117e-01 2.936021e-01 2.958680e-01 2.980195e-01 
3.000553e-01 3.019788e-01 3.037853e-01 3.054891e-01 3.071305e-01 
3.086895e-01 3.101246e-01 3.115185e-01 3.128581e-01 3.140901e-01 
3.153113e-01 3.164533e-01 3.175675e-01 3.186419e-01 3.196882e-01 
3.207168e-01 3.217274e-01 3.227497e-01 3.237501e-01 3.248086e-01 
3.258564e-01 3.269639e-01 3.281331e-01 3.293304e-01 3.306423e-01 
3.320486e-01 3.335368e-01 3.351670e-01 3.369664e-01 3.389119e-01 
3.410309e-01 3.433787e-01 3.459748e-01 3.488197e-01 3.519380e-01 
3.553857e-01 3.591915e-01 3.633889e-01 3.679905e-01 3.730309e-01 
3.785621e-01 3.846054e-01 3.911768e-01 3.982483e-01 4.057528e-01 
4.135732e-01 4.214494e-01 4.289043e-01 4.351186e-01 4.387719e-01 
4.379563e-01 4.301606e-01 4.126916e-01 3.837737e-01 3.441832e-01 
2.981646e-01 2.523098e-01 2.129668e-01 1.843380e-01 1.684640e-01 
1.665193e-01 1.805775e-01 2.152911e-01 2.795565e-01 3.888449e-01 
0.000000e+00 
@R STORQUE 101 []
0.000000e+00 0.000000e+00 0.000000e+00 0.000000e+00 0.000000e+00 
0.000000e+00 0.000000e+00 0.000000e+00 0.000000e+00 0.000000e+00 
0.000000e+00 0.000000e+00 0.000000e+00 0.000000e+00 0.000000e+00 
0.000000e+00 0.000000e+00 0.000000e+00 0.000000e+00 0.000000e+00 
0.000000e+00 0.000000e+00 0.000000e+00 0.000000e+00 0.000000e+00 
0.000000e+00 0.000000e+00 0.000000e+00 0.000000e+00 0.000000e+00 
0.000000e+00 0.000000e+00 0.000000e+00 0.000000e+00 0.000000e+00 
0.000000e+00 0.000000e+00 0.000000e+00 0.000000e+00 0.000000e+00 
0.000000e+00 0.000000e+00 0.000000e+00 0.000000e+00 0.000000e+00 
0.000000e+00 0.000000e+00 0.000000e+00 0.000000e+00 0.000000e+00 
0.000000e+00 0.000000e+00 0.000000e+00 0.000000e+00 0.000000e+00 
0.000000e+00 0.000000e+00 0.000000e+00 0.000000e+00 0.000000e+00 
0.000000e+00 0.000000e+00 0.000000e+00 0.000000e+00 0.000000e+00 
0.000000e+00 0.000000e+00 0.000000e+00 0.000000e+00 0.000000e+00 
0.000000e+00 0.000000e+00 0.000000e+00 0.000000e+00 0.000000e+00 
0.000000e+00 0.000000e+00 0.000000e+00 0.000000e+00 0.000000e+00 
0.000000e+00 0.000000e+00 0.000000e+00 0.000000e+00 0.000000e+00 
0.000000e+00 0.000000e+00 0.000000e+00 0.000000e+00 0.000000e+00 
0.000000e+00 0.000000e+00 0.000000e+00 0.000000e+00 0.000000e+00 
0.000000e+00 0.000000e+00 0.000000e+00 0.000000e+00 0.000000e+00 
0.000000e+00 
@R QOHM 101 []
0.000000e+00 0.000000e+00 0.000000e+00 0.000000e+00 0.000000e+00 
0.000000e+00 0.000000e+00 0.000000e+00 0.000000e+00 0.000000e+00 
0.000000e+00 0.000000e+00 0.000000e+00 0.000000e+00 0.000000e+00 
0.000000e+00 0.000000e+00 0.000000e+00 0.000000e+00 0.000000e+00 
0.000000e+00 0.000000e+00 0.000000e+00 0.000000e+00 0.000000e+00 
0.000000e+00 0.000000e+00 0.000000e+00 0.000000e+00 0.000000e+00 
0.000000e+00 0.000000e+00 0.000000e+00 0.000000e+00 0.000000e+00 
0.000000e+00 0.000000e+00 0.000000e+00 0.000000e+00 0.000000e+00 
0.000000e+00 0.000000e+00 0.000000e+00 0.000000e+00 0.000000e+00 
0.000000e+00 0.000000e+00 0.000000e+00 0.000000e+00 0.000000e+00 
0.000000e+00 0.000000e+00 0.000000e+00 0.000000e+00 0.000000e+00 
0.000000e+00 0.000000e+00 0.000000e+00 0.000000e+00 0.000000e+00 
0.000000e+00 0.000000e+00 0.000000e+00 0.000000e+00 0.000000e+00 
0.000000e+00 0.000000e+00 0.000000e+00 0.000000e+00 0.000000e+00 
0.000000e+00 0.000000e+00 0.000000e+00 0.000000e+00 0.000000e+00 
0.000000e+00 0.000000e+00 0.000000e+00 0.000000e+00 0.000000e+00 
0.000000e+00 0.000000e+00 0.000000e+00 0.000000e+00 0.000000e+00 
0.000000e+00 0.000000e+00 0.000000e+00 0.000000e+00 0.000000e+00 
0.000000e+00 0.000000e+00 0.000000e+00 0.000000e+00 0.000000e+00 
0.000000e+00 0.000000e+00 0.000000e+00 0.000000e+00 0.000000e+00 
0.000000e+00 
@R ENHE 101 []
3.761343e+00 3.761343e+00 3.746349e+00 3.730075e+00 3.712510e+00 
3.693642e+00 3.673461e+00 3.651957e+00 3.629122e+00 3.604948e+00 
3.579428e+00 3.552558e+00 3.524336e+00 3.494759e+00 3.463830e+00 
3.431551e+00 3.397928e+00 3.362968e+00 3.326681e+00 3.289079e+00 
3.250175e+00 3.209985e+00 3.168527e+00 3.125819e+00 3.081884e+00 
3.036743e+00 2.990422e+00 2.942945e+00 2.894340e+00 2.844636e+00 
2.793862e+00 2.742049e+00 2.689229e+00 2.635437e+00 2.580707e+00 
2.525075e+00 2.468581e+00 2.411264e+00 2.353166e+00 2.294331e+00 
2.234805e+00 2.174637e+00 2.113878e+00 2.052584e+00 1.990813e+00 
1.928626e+00 1.866087e+00 1.803267e+00 1.740239e+00 1.677080e+00 
1.613872e+00 1.550703e+00 1.487663e+00 1.424847e+00 1.362357e+00 
1.300295e+00 1.238770e+00 1.177893e+00 1.117778e+00 1.058540e+00 
1.000299e+00 9.431719e-01 8.872761e-01 8.327279e-01 7.796402e-01 
7.281218e-01 6.782757e-01 6.301980e-01 5.839761e-01 5.396876e-01 
4.973987e-01 4.571631e-01 4.190211e-01 3.829985e-01 3.491059e-01 
3.173383e-01 2.876748e-01 2.600785e-01 2.344964e-01 2.108595e-01 
1.890827e-01 1.690642e-01 1.506851e-01 1.338078e-01 1.182743e-01 
1.039040e-01 9.049318e-02 7.781777e-02 6.564811e-02 5.378540e-02 
4.213663e-02 3.083468e-02 2.036506e-02 1.156237e-02 5.278989e-03 
1.771281e-03 3.846946e-04 4.407196e-05 1.760487e-06 7.558988e-09 
3.344299e-15 
