&IN1
  ICONVR = 3 
  MXITER = -1 
  NXITER = 51 
  ERROR = 0.0001 
  RELAX = 0.5 
  IOUT = 4 
  ICURRT = 2 
  KPPFNC = 6 
  KPPCUR = 3 
  KFFFNC = 6 
  KFFCUR = 3 
  ISHOT = 1 
  ITIME = 1 
  ITIMEU = 0 
  ITEK = 0 
  ITRACE = 1 
  PLASMA = 10000000.0 
  BTOR = 11.0 
  RCENTR = 4.55 
  RZERO = 4.55 
  LIMITR = 5 
  XLIM = 6.0 3.5 3.5 6.0 6.0 
  YLIM = 1.93 1.93 -1.93 -1.93 1.93 
  NBDRY = 15 
  RBDRY = 5.75 5.717889612279765 5.599231274196216 5.333894952548324  
    4.862048988436734 4.215741544340384 3.606248672667517  
    3.3499999999999996 3.606248672667517 4.215741544340384  
    4.862048988436735 5.333894952548324 5.599231274196216  
    5.717889612279765 5.75 
  ZBDRY = 0.0 0.7289246817174976 1.3134768905462901 1.6378788924654637  
    1.6378788924654637 1.3134768905462901 0.7289246817174978  
    2.0574066225675533e-16 -0.7289246817174975 -1.31347689054629  
    -1.6378788924654637 -1.6378788924654637 -1.3134768905462901  
    -0.728924681717498 0.0 
  IERCHK = 0 
  NEXTRA = 0 
  SCRAPE = 0.01 
  PSIBRY = 0.0 
  CFCOIL = -10.0 
  ENP = 1.0 
  EMP = 1.0 
  FCURBD = 0 
  PCURBD = 0 
  FCZERO = 1.0 1.0 1.0 1.0 1.0 1.0 1.0 1.0 1.0 1.0 1.0 1.0 1.0 1.0 1.0  
    1.0 
  FCSUM = 1.0 1.0 1.0 1.0 1.0 1.0 1.0 1.0 1.0 1.0 1.0 1.0 1.0 1.0 1.0  
    1.0 
  IFREF = 2 
  PRBDRY = 7090.251309019399 
  KBETAPR = 1 
  FWTBDRY = 1.0 1.0 1.0 1.0 1.0 1.0 1.0 1.0 1.0 1.0 1.0 1.0 1.0 1.0 1.0 
  FWTBDRY(2) = 10.0 
  FWTBDRY(3) = 10.0 
  FWTBDRY(4) = 10.0 
  FWTBDRY(5) = 10.0 
  FWTBDRY(9) = 10.0 
  FWTBDRY(10) = 10.0 
  FWTBDRY(11) = 10.0 
  FWTBDRY(12) = 10.0 
/

&PROFILE_EXT
  NPSI_EXT = 257 
  PSIN_EXT = 0.0 0.00390625 0.0078125 0.01171875 0.015625 0.01953125  
    0.0234375 0.02734375 0.03125 0.03515625 0.0390625 0.04296875  
    0.046875 0.05078125 0.0546875 0.05859375 0.0625 0.06640625  
    0.0703125 0.07421875 0.078125 0.08203125 0.0859375 0.08984375  
    0.09375 0.09765625 0.1015625 0.10546875 0.109375 0.11328125  
    0.1171875 0.12109375 0.125 0.12890625 0.1328125 0.13671875 0.140625  
    0.14453125 0.1484375 0.15234375 0.15625 0.16015625 0.1640625  
    0.16796875 0.171875 0.17578125 0.1796875 0.18359375 0.1875  
    0.19140625 0.1953125 0.19921875 0.203125 0.20703125 0.2109375  
    0.21484375 0.21875 0.22265625 0.2265625 0.23046875 0.234375  
    0.23828125 0.2421875 0.24609375 0.25 0.25390625 0.2578125  
    0.26171875 0.265625 0.26953125 0.2734375 0.27734375 0.28125  
    0.28515625 0.2890625 0.29296875 0.296875 0.30078125 0.3046875  
    0.30859375 0.3125 0.31640625 0.3203125 0.32421875 0.328125  
    0.33203125 0.3359375 0.33984375 0.34375 0.34765625 0.3515625  
    0.35546875 0.359375 0.36328125 0.3671875 0.37109375 0.375  
    0.37890625 0.3828125 0.38671875 0.390625 0.39453125 0.3984375  
    0.40234375 0.40625 0.41015625 0.4140625 0.41796875 0.421875  
    0.42578125 0.4296875 0.43359375 0.4375 0.44140625 0.4453125  
    0.44921875 0.453125 0.45703125 0.4609375 0.46484375 0.46875  
    0.47265625 0.4765625 0.48046875 0.484375 0.48828125 0.4921875  
    0.49609375 0.5 0.50390625 0.5078125 0.51171875 0.515625 0.51953125  
    0.5234375 0.52734375 0.53125 0.53515625 0.5390625 0.54296875  
    0.546875 0.55078125 0.5546875 0.55859375 0.5625 0.56640625  
    0.5703125 0.57421875 0.578125 0.58203125 0.5859375 0.58984375  
    0.59375 0.59765625 0.6015625 0.60546875 0.609375 0.61328125  
    0.6171875 0.62109375 0.625 0.62890625 0.6328125 0.63671875 0.640625  
    0.64453125 0.6484375 0.65234375 0.65625 0.66015625 0.6640625  
    0.66796875 0.671875 0.67578125 0.6796875 0.68359375 0.6875  
    0.69140625 0.6953125 0.69921875 0.703125 0.70703125 0.7109375  
    0.71484375 0.71875 0.72265625 0.7265625 0.73046875 0.734375  
    0.73828125 0.7421875 0.74609375 0.75 0.75390625 0.7578125  
    0.76171875 0.765625 0.76953125 0.7734375 0.77734375 0.78125  
    0.78515625 0.7890625 0.79296875 0.796875 0.80078125 0.8046875  
    0.80859375 0.8125 0.81640625 0.8203125 0.82421875 0.828125  
    0.83203125 0.8359375 0.83984375 0.84375 0.84765625 0.8515625  
    0.85546875 0.859375 0.86328125 0.8671875 0.87109375 0.875  
    0.87890625 0.8828125 0.88671875 0.890625 0.89453125 0.8984375  
    0.90234375 0.90625 0.91015625 0.9140625 0.91796875 0.921875  
    0.92578125 0.9296875 0.93359375 0.9375 0.94140625 0.9453125  
    0.94921875 0.953125 0.95703125 0.9609375 0.96484375 0.96875  
    0.97265625 0.9765625 0.98046875 0.984375 0.98828125 0.9921875  
    0.99609375 1.0 
  PPRIME_EXT = 1359296.7003167542 1332716.56782588 1306487.911001802  
    1280610.72984452 1255085.0243540346 1229910.7945303451  
    1205088.040373452 1180616.7618833552 1156496.9590600543  
    1132728.6319035501 1109311.7804138418 1086246.40459093  
    1063532.5044348144 1041170.0799454949 1019159.1311229717  
    997499.6579672447 976191.6604783142 955235.1386561797  
    934630.0925008415 914376.5220122994 894474.4271905537  
    874923.8080356043 855724.6645474511 836876.996726094  
    818380.8045715332 800236.0880837687 785748.2254588716  
    776623.3674029412 767757.8996923193 758578.0215207736  
    748124.3782091845 734749.5916177582 718070.0388991165  
    698638.4794998206 677256.7769209573 655807.8017040133  
    635292.7250193032 615906.2994502136 597870.7513744601  
    581044.3208381211 565267.3809366396 550592.120759142  
    537141.5832832623 524785.0449537449 513443.1242969529  
    502991.99153137667 493227.34287646826 484012.1985243573  
    475274.5274522556 466979.8422334084 459072.66662129905  
    451544.7202772384 444363.6484296116 437464.2248749423  
    430750.63411827106 424190.27383201284 417742.0662539953  
    411350.34999530856 405047.74279102124 398830.61551742954  
    392731.8817192663 386728.5587252368 380854.4706998606  
    375093.74321663444 369427.1770284671 363877.1170927442  
    358390.94041518273 353016.7120165156 347710.25930627104  
    342490.1211275705 337379.36958127376 332340.3278890118  
    327426.89891924884 322610.4649121001 317898.8685931887  
    313317.8433445373 308815.9508084017 304428.0313334705  
    300151.19080097484 295950.6468157412 291866.5505363806  
    287883.20343262854 283986.86368189455 280218.2153516565  
    276553.2604316858 272979.38006319146 269531.2505134333  
    266178.4675108738 262897.8625611811 259722.62612268867  
    256634.51464946746 253607.19900669844 250667.51211658953  
    247810.03104007314 245010.00553731594 242290.27256499484  
    239660.86180864254 237094.32827193046 234592.72719814323  
    232177.40722542704 229821.63069752237 227498.51237148987  
    225227.8378697198 223000.62503875606 220780.58699327128  
    218571.2534830825 216390.63155907026 214225.410339456  
    212059.98797095608 209908.8818416507 207778.02715287963  
    205646.52030644796 203505.79792960596 201362.57776963015  
    199210.16045657138 197029.19206326525 194818.53311254753  
    192604.8727314234 190396.69356629872 188178.91082203982  
    185967.60757797642 183796.15953893156 181668.32209378088  
    179571.58157768933 177504.9521114717 175482.21988862279  
    173508.4380073456 171572.32326906815 169668.4559372547  
    167805.89329559717 165997.46765809707 164243.8639492272  
    162539.88702456333 160890.58690977714 159302.99134432  
    157771.90387683758 156290.5841582247 154853.90641846877  
    153456.33380366623 152097.7452617246 150773.75197462033  
    149476.09872421174 148202.90947746515 146962.4466429611  
    145754.82611715424 144570.30551261708 143406.7660650747  
    142271.98463763745 141167.3814603628 140081.78022515448  
    139010.73845449142 137957.10632012624 136922.37299013417  
    135904.61045824504 134899.64690885245 133905.49722526217  
    132922.86781632644 131958.54646051317 131013.10125253689  
    130078.21830597788 129152.35631054704 128241.20703744775  
    127350.09461882664 126476.00710981732 125615.84942400077  
    124770.84297510004 123945.39247464309 123146.8156585469  
    122373.59134093646 121618.27561865833 120874.80174274968  
    120145.19356632674 119433.67120938611 118728.44231946263  
    118017.22029323649 117300.3161697308 116580.99415805688  
    115861.8520161178 115140.27082267009 114412.65929535062  
    113678.8881517474 112941.66239265882 112201.27758328436  
    111451.477719156 110684.18871403806 109894.90048330608  
    109085.19723484562 108255.93102391253 107417.06369860853  
    106580.43901560166 105745.53825610229 104927.97367258891  
    104157.24178746206 103439.77697242305 102771.51810374502  
    102166.1509740144 101638.25489288631 101185.52496686572  
    100804.35780030028 100504.92719990764 100298.33294429365  
    100184.73021238361 100180.98438443485 100320.26335800505  
    100616.11083478492 101073.08902742207 101664.66901092915  
    102358.47372897738 103140.26376550813 104071.06185009102  
    105323.87642892895 106966.71012206803 109011.02548498334  
    110997.9603364701 112401.47172015626 113035.54351189717  
    113474.07987274579 116076.20844226246 122260.5023238108  
    131826.8911951811 145521.93287074915 164199.3824291359  
    188291.20149338862 216807.84414322488 245029.42225385446  
    270019.62867924024 292092.39929300046 311254.0741040676  
    327700.69598839397 341288.61404977215 352364.15550424205  
    362423.79191487096 372264.45492697967 381749.4303348993  
    389848.0086426195 395445.8207051246 398508.02076048986  
    398862.06316407165 396234.7160440574 390545.74751539633  
    381823.52334506356 370325.6340221118 356273.4181226904  
    339613.69389700814 320790.30146434216 300380.5540439085  
    278253.19027739007 255385.46030915377 233692.72220298124  
    214019.77948065824 195401.10695200277 174344.42369227757  
    148813.60106584115 118999.69772749912 84695.21057746172  
    45739.6316570497 2132.960964784026 
  FFPRIM_EXT = -16.582294043522865 -15.866291596337156  
    -15.166075104057422 -14.47685132849099 -13.79857461224237  
    -13.131223814389003 -12.47477113449881 -11.829191987595927  
    -11.194463913981089 -10.570552644850927 -9.95744488798373  
    -9.355117630114082 -8.76354833381994 -8.182713188315493  
    -7.612591457138217 -7.053160473912936 -6.504399073320588  
    -5.966286755815036 -5.438802153232608 -4.92192434613667  
    -4.415634479212766 -3.9199116714400555 -3.4347384934819423  
    -2.96009438882229 -2.4959628518774792 -2.042292691598629  
    -1.6927796647567352 -1.4956656001945858 -1.3061121947487138  
    -1.1079070332073944 -0.8739770780930439 -0.5577571809305839  
    -0.1485188999052386 0.3380060391476307 0.8790920720655868  
    1.4215006760020428 1.937003630422356 2.420154000951543  
    2.864736914373585 3.2748013970058016 3.654891056879289  
    4.003571079485068 4.317407885328677 4.600124427838962  
    4.853992682614839 5.082523764019971 5.291490148681822  
    5.484760455314493 5.664371944911297 5.831306487664247  
    5.987134811724234 6.132101592191299 6.267123118894256  
    6.394040642187811 6.515543729052657 6.632553018362287  
    6.746215938038896 6.858099145102765 6.96728692785242  
    7.073884818999204 7.176975540391122 7.277201859495483  
    7.37362609266395 7.4666880534241304 7.55693995791012  
    7.643746905062274 7.728589475828029 7.810121993446092  
    7.889578041117306 7.966449090559687 8.040082980162158  
    8.111542883713863 8.179323653152274 8.244226006933577  
    8.306044656653048 8.364053720170443 8.419694276613527  
    8.471996533471511 8.521032833396024 8.567785423382276  
    8.611138403633305 8.651526764354095 8.689345557179351  
    8.723457178991376 8.754525221589422 8.782911939685507  
    8.807652177528453 8.829591540792986 8.849384964075691  
    8.866104831779499 8.880250961113127 8.892562721593862  
    8.90229689261091 8.90960095499717 8.915169049881456  
    8.918367435452776 8.918910101903947 8.917565533658502  
    8.914287226624776 8.908474746736033 8.900860851694327  
    8.892197607816524 8.88194064198131 8.87033022073327  
    8.858368143959893 8.84595835770855 8.832598304730691  
    8.818653987034342 8.804561629928035 8.789919134848631  
    8.774554262137901 8.75904256733991 8.743625367629852  
    8.728115030040872 8.712687883467495 8.697873796280824  
    8.683705985537337 8.669449720908872 8.654868343122569  
    8.640377507353088 8.625539149843164 8.609436041560905  
    8.59196128427524 8.573461347111316 8.55396876709286  
    8.533104962134786 8.510726281316774 8.487141375551094  
    8.462503184636955 8.436563934035163 8.408968418789016  
    8.379698149565678 8.348900226236712 8.316437921765527  
    8.282115938809362 8.246075713452804 8.208503578430504  
    8.169538212885353 8.12932687887296 8.087873990877828  
    8.045299727937692 8.001826057893515 7.957502307115799  
    7.912104926144568 7.865629153777008 7.818335556996603  
    7.7702825865673955 7.721260803667316 7.671230142970853  
    7.6204878494833395 7.569155370544628 7.517156677210579  
    7.46444998857843 7.4110833143866675 7.357167697862586  
    7.302755869111813 7.247827161193225 7.192199454094293  
    7.1358552231492745 7.079013801034666 7.021715775423502  
    6.963808132858668 6.905146364828505 6.845809449028873  
    6.785879778650687 6.725321383405315 6.664012538310976  
    6.601757897003209 6.538598125837293 6.474730007948339  
    6.410315637195644 6.345298998346282 6.279562425642889  
    6.213419462273017 6.147200762942651 6.0808963697943135  
    6.014414999793132 5.947683792725632 5.880769795185683  
    5.8137671442645615 5.746678749569659 5.6794304129961395  
    5.612009314340435 5.544579140326597 5.477356493843834  
    5.4104603509264795 5.3438433503703235 5.277478629348637  
    5.2110982108948285 5.14438582840042 5.077355904070568  
    5.009591110411057 4.94030139572738 4.869317242113225  
    4.796753036885653 4.722245784914099 4.645404465759443  
    4.566291925294388 4.485009323200616 4.401290155707475  
    4.314842190382847 4.225667375375614 4.133321546021403  
    4.036927259199477 3.9361374978713943 3.830842256656766  
    3.7217533329410206 3.60973208160189 3.495165827617872  
    3.3764532353135346 3.249024407860328 3.111095506131427  
    2.9623805837412887 2.8150324370392026 2.6829221214769627  
    2.570999617839986 2.4641226656070994 2.2999317265734684  
    2.0411394828047693 1.6932884681365679 1.2368207673629206  
    0.6493763040220689 -0.080222029707291 -0.9258325699876017  
    -1.763012493328382 -2.514561092265974 -3.189140811284945  
    -3.7871204689879874 -4.313755467932504 -4.7654335734087  
    -5.151439412450902 -5.511223540184702 -5.86577025946001  
    -6.2116724756920405 -6.522063818427533 -6.7679946181204444  
    -6.948918985759646 -7.060566886946132 -7.095945898268396  
    -7.053078809967555 -6.9327778274573895 -6.7417040684686675  
    -6.485506012623221 -6.162596376885321 -5.7841440004252505  
    -5.3643880011191385 -4.898777637299681 -4.4112431617756975  
    -3.9504841704075497 -3.538177704568499 -3.1489427778960604  
    -2.692019309185329 -2.1124682603293476 -1.4140087623342468  
    -0.5882165518268891 0.38053548623560723 1.4922473518599872 
/

