@I NRHO 1 []
101
@R RHOB 1 []
1.266017e+00
@R RHO 101 []
0.000000e+00 1.000000e-02 2.000000e-02 3.000000e-02 4.000000e-02 
5.000000e-02 6.000000e-02 7.000000e-02 8.000000e-02 9.000000e-02 
1.000000e-01 1.100000e-01 1.200000e-01 1.300000e-01 1.400000e-01 
1.500000e-01 1.600000e-01 1.700000e-01 1.800000e-01 1.900000e-01 
2.000000e-01 2.100000e-01 2.200000e-01 2.300000e-01 2.400000e-01 
2.500000e-01 2.600000e-01 2.700000e-01 2.800000e-01 2.900000e-01 
3.000000e-01 3.100000e-01 3.200000e-01 3.300000e-01 3.400000e-01 
3.500000e-01 3.600000e-01 3.700000e-01 3.800000e-01 3.900000e-01 
4.000000e-01 4.100000e-01 4.200000e-01 4.300000e-01 4.400000e-01 
4.500000e-01 4.600000e-01 4.700000e-01 4.800000e-01 4.900000e-01 
5.000000e-01 5.100000e-01 5.200000e-01 5.300000e-01 5.400000e-01 
5.500000e-01 5.600000e-01 5.700000e-01 5.800000e-01 5.900000e-01 
6.000000e-01 6.100000e-01 6.200000e-01 6.300000e-01 6.400000e-01 
6.500000e-01 6.600000e-01 6.700000e-01 6.800000e-01 6.900000e-01 
7.000000e-01 7.100000e-01 7.200000e-01 7.300000e-01 7.400000e-01 
7.500000e-01 7.600000e-01 7.700000e-01 7.800000e-01 7.900000e-01 
8.000000e-01 8.100000e-01 8.200000e-01 8.300000e-01 8.400000e-01 
8.500000e-01 8.600000e-01 8.700000e-01 8.800000e-01 8.900000e-01 
9.000000e-01 9.100000e-01 9.200000e-01 9.300000e-01 9.400000e-01 
9.500000e-01 9.600000e-01 9.700000e-01 9.800000e-01 9.900000e-01 
1.000000e+00 
@R VOLP 101 []
0.000000e+00 2.466524e+00 4.932715e+00 7.398243e+00 9.862778e+00 
1.232600e+01 1.478760e+01 1.724728e+01 1.970473e+01 2.215970e+01 
2.461191e+01 2.706112e+01 2.950711e+01 3.194968e+01 3.438863e+01 
3.682380e+01 3.925506e+01 4.168228e+01 4.410536e+01 4.652426e+01 
4.893891e+01 5.134927e+01 5.375536e+01 5.615721e+01 5.855487e+01 
6.094846e+01 6.333808e+01 6.572361e+01 6.810472e+01 7.048112e+01 
7.285316e+01 7.522172e+01 7.758770e+01 7.995155e+01 8.231325e+01 
8.467264e+01 8.702961e+01 8.938417e+01 9.173635e+01 9.408612e+01 
9.643343e+01 9.877816e+01 1.011202e+02 1.034597e+02 1.057965e+02 
1.081310e+02 1.104631e+02 1.127929e+02 1.151204e+02 1.174453e+02 
1.197673e+02 1.220858e+02 1.244003e+02 1.267106e+02 1.290162e+02 
1.313171e+02 1.336134e+02 1.359051e+02 1.381926e+02 1.404759e+02 
1.427550e+02 1.450296e+02 1.472996e+02 1.495651e+02 1.518259e+02 
1.540822e+02 1.563343e+02 1.585822e+02 1.608259e+02 1.630654e+02 
1.653007e+02 1.675315e+02 1.697578e+02 1.719793e+02 1.741959e+02 
1.764076e+02 1.786144e+02 1.808165e+02 1.830140e+02 1.852071e+02 
1.873957e+02 1.895797e+02 1.917587e+02 1.939322e+02 1.961002e+02 
1.982653e+02 2.004344e+02 2.026137e+02 2.048007e+02 2.069744e+02 
2.090902e+02 2.111056e+02 2.130163e+02 2.148430e+02 2.166155e+02 
2.183648e+02 2.201190e+02 2.219259e+02 2.238667e+02 2.260101e+02 
2.283891e+02 
@R IPOL 101 []
1.010849e+00 1.010851e+00 1.010858e+00 1.010872e+00 1.010892e+00 
1.010920e+00 1.010953e+00 1.010993e+00 1.011037e+00 1.011087e+00 
1.011141e+00 1.011199e+00 1.011259e+00 1.011322e+00 1.011386e+00 
1.011451e+00 1.011515e+00 1.011578e+00 1.011639e+00 1.011697e+00 
1.011751e+00 1.011800e+00 1.011844e+00 1.011880e+00 1.011908e+00 
1.011928e+00 1.011939e+00 1.011939e+00 1.011930e+00 1.011913e+00 
1.011888e+00 1.011852e+00 1.011800e+00 1.011729e+00 1.011639e+00 
1.011533e+00 1.011410e+00 1.011273e+00 1.011120e+00 1.010954e+00 
1.010775e+00 1.010583e+00 1.010380e+00 1.010166e+00 1.009942e+00 
1.009707e+00 1.009463e+00 1.009208e+00 1.008944e+00 1.008673e+00 
1.008394e+00 1.008110e+00 1.007823e+00 1.007533e+00 1.007242e+00 
1.006950e+00 1.006659e+00 1.006366e+00 1.006073e+00 1.005779e+00 
1.005485e+00 1.005190e+00 1.004897e+00 1.004604e+00 1.004312e+00 
1.004022e+00 1.003734e+00 1.003447e+00 1.003163e+00 1.002881e+00 
1.002602e+00 1.002328e+00 1.002057e+00 1.001792e+00 1.001533e+00 
1.001280e+00 1.001035e+00 1.000797e+00 1.000566e+00 1.000345e+00 
1.000132e+00 9.999286e-01 9.997353e-01 9.995522e-01 9.993797e-01 
9.992179e-01 9.990671e-01 9.989272e-01 9.987986e-01 9.986826e-01 
9.986029e-01 9.986064e-01 9.987059e-01 9.988716e-01 9.990780e-01 
9.993063e-01 9.995306e-01 9.997253e-01 9.998738e-01 9.999708e-01 
1.000003e+00 
@R G11 101 []
0.000000e+00 2.463694e+00 4.927488e+00 7.391696e+00 9.857005e+00 
1.232326e+01 1.479013e+01 1.725780e+01 1.972675e+01 2.219748e+01 
2.467021e+01 2.714448e+01 2.962131e+01 3.209793e+01 3.457959e+01 
3.705333e+01 3.953461e+01 4.202097e+01 4.450843e+01 4.700818e+01 
4.949324e+01 5.199023e+01 5.449490e+01 5.699394e+01 5.949341e+01 
6.199499e+01 6.450188e+01 6.701171e+01 6.952230e+01 7.203525e+01 
7.455027e+01 7.706704e+01 7.958425e+01 8.210220e+01 8.461859e+01 
8.713192e+01 8.964608e+01 9.216269e+01 9.468706e+01 9.721061e+01 
9.972581e+01 1.022504e+02 1.047854e+02 1.073080e+02 1.098430e+02 
1.123812e+02 1.149134e+02 1.174604e+02 1.200017e+02 1.225515e+02 
1.251066e+02 1.276618e+02 1.302332e+02 1.328002e+02 1.353837e+02 
1.379748e+02 1.405650e+02 1.431811e+02 1.457888e+02 1.484073e+02 
1.510486e+02 1.536864e+02 1.563308e+02 1.589983e+02 1.616776e+02 
1.643569e+02 1.670498e+02 1.697654e+02 1.724935e+02 1.752300e+02 
1.779771e+02 1.807466e+02 1.835411e+02 1.863511e+02 1.891793e+02 
1.920259e+02 1.948981e+02 1.978033e+02 2.007362e+02 2.036947e+02 
2.066827e+02 2.097016e+02 2.127653e+02 2.158793e+02 2.190357e+02 
2.222341e+02 2.254664e+02 2.287465e+02 2.320915e+02 2.355222e+02 
2.390867e+02 2.428378e+02 2.467986e+02 2.509359e+02 2.552068e+02 
2.596226e+02 2.641605e+02 2.687506e+02 2.734062e+02 2.781363e+02 
2.829602e+02 
@R G22 101 []
0.000000e+00 1.250966e-02 2.501994e-02 3.753253e-02 5.005104e-02 
6.257479e-02 7.510225e-02 8.763451e-02 1.001741e-01 1.127238e-01 
1.252848e-01 1.378551e-01 1.504401e-01 1.630258e-01 1.756393e-01 
1.882150e-01 2.008318e-01 2.134774e-01 2.261320e-01 2.388529e-01 
2.515034e-01 2.642191e-01 2.769789e-01 2.897156e-01 3.024608e-01 
3.152236e-01 3.280208e-01 3.408399e-01 3.536690e-01 3.665158e-01 
3.793806e-01 3.922645e-01 4.051639e-01 4.180817e-01 4.310059e-01 
4.439278e-01 4.568665e-01 4.698299e-01 4.828453e-01 4.958689e-01 
5.088618e-01 5.219144e-01 5.350313e-01 5.480969e-01 5.612373e-01 
5.744070e-01 5.875587e-01 6.007998e-01 6.140243e-01 6.273045e-01 
6.406232e-01 6.539516e-01 6.673714e-01 6.807747e-01 6.942692e-01 
7.078084e-01 7.213503e-01 7.350334e-01 7.486820e-01 7.623965e-01 
7.762375e-01 7.900703e-01 8.039452e-01 8.179478e-01 8.320196e-01 
8.461007e-01 8.602622e-01 8.745510e-01 8.889144e-01 9.033312e-01 
9.178118e-01 9.324153e-01 9.471550e-01 9.619799e-01 9.769022e-01 
9.919226e-01 1.007077e+00 1.022403e+00 1.037874e+00 1.053476e+00 
1.069229e+00 1.085134e+00 1.101258e+00 1.117623e+00 1.134185e+00 
1.150957e+00 1.167931e+00 1.185202e+00 1.202830e+00 1.220791e+00 
1.239126e+00 1.257944e+00 1.277328e+00 1.297187e+00 1.317455e+00 
1.338329e+00 1.359809e+00 1.381733e+00 1.404512e+00 1.428401e+00 
1.453501e+00 
@R G33 101 []
9.120723e-01 9.120898e-01 9.121419e-01 9.122286e-01 9.123498e-01 
9.125052e-01 9.126943e-01 9.129169e-01 9.131725e-01 9.134604e-01 
9.137801e-01 9.141310e-01 9.145123e-01 9.149230e-01 9.153624e-01 
9.158298e-01 9.163238e-01 9.168437e-01 9.173884e-01 9.179567e-01 
9.185474e-01 9.191597e-01 9.197922e-01 9.204435e-01 9.211122e-01 
9.217963e-01 9.224947e-01 9.232087e-01 9.239409e-01 9.246922e-01 
9.254593e-01 9.262355e-01 9.270144e-01 9.277929e-01 9.285716e-01 
9.293523e-01 9.301366e-01 9.309251e-01 9.317176e-01 9.325144e-01 
9.333160e-01 9.341232e-01 9.349363e-01 9.357555e-01 9.365800e-01 
9.374091e-01 9.382420e-01 9.390782e-01 9.399181e-01 9.407628e-01 
9.416142e-01 9.424744e-01 9.433452e-01 9.442284e-01 9.451248e-01 
9.460343e-01 9.469558e-01 9.478877e-01 9.488284e-01 9.497772e-01 
9.507337e-01 9.516982e-01 9.526707e-01 9.536511e-01 9.546386e-01 
9.556320e-01 9.566300e-01 9.576315e-01 9.586356e-01 9.596419e-01 
9.606503e-01 9.616609e-01 9.626736e-01 9.636886e-01 9.647056e-01 
9.657242e-01 9.667434e-01 9.677617e-01 9.687777e-01 9.697902e-01 
9.707984e-01 9.718024e-01 9.728040e-01 9.738050e-01 9.748052e-01 
9.757906e-01 9.767284e-01 9.775893e-01 9.783874e-01 9.792201e-01 
9.802520e-01 9.816248e-01 9.833709e-01 9.854205e-01 9.876456e-01 
9.899254e-01 9.921598e-01 9.941593e-01 9.955782e-01 9.961283e-01 
9.957157e-01 
@R GRADRHO 101 []
1.003599e+00 9.952419e-01 9.952738e-01 9.953420e-01 9.954662e-01 
9.956154e-01 9.957724e-01 9.959439e-01 9.961421e-01 9.963754e-01 
9.966404e-01 9.969227e-01 9.972384e-01 9.975397e-01 9.979070e-01 
9.981545e-01 9.985016e-01 9.989023e-01 9.993043e-01 9.998276e-01 
1.000182e+00 1.000646e+00 1.001169e+00 1.001625e+00 1.002073e+00 
1.002528e+00 1.003013e+00 1.003508e+00 1.003996e+00 1.004490e+00 
1.004987e+00 1.005481e+00 1.005960e+00 1.006427e+00 1.006870e+00 
1.007282e+00 1.007684e+00 1.008087e+00 1.008518e+00 1.008930e+00 
1.009286e+00 1.009678e+00 1.010107e+00 1.010464e+00 1.010866e+00 
1.011268e+00 1.011629e+00 1.012042e+00 1.012415e+00 1.012809e+00 
1.013213e+00 1.013603e+00 1.014046e+00 1.014459e+00 1.014923e+00 
1.015402e+00 1.015865e+00 1.016405e+00 1.016899e+00 1.017413e+00 
1.017987e+00 1.018530e+00 1.019075e+00 1.019675e+00 1.020289e+00 
1.020881e+00 1.021489e+00 1.022141e+00 1.022801e+00 1.023456e+00 
1.024111e+00 1.024797e+00 1.025520e+00 1.026249e+00 1.026989e+00 
1.027737e+00 1.028510e+00 1.029323e+00 1.030156e+00 1.030999e+00 
1.031857e+00 1.032728e+00 1.033639e+00 1.034599e+00 1.035582e+00 
1.036578e+00 1.037544e+00 1.038485e+00 1.039429e+00 1.040455e+00 
1.041764e+00 1.043572e+00 1.045919e+00 1.048654e+00 1.051585e+00 
1.054632e+00 1.057661e+00 1.060380e+00 1.062543e+00 1.063839e+00 
1.064087e+00 
@R AREA 101 []
0.000000e+00 2.454876e+00 4.909643e+00 7.364222e+00 9.818434e+00 
1.227212e+01 1.472522e+01 1.717766e+01 1.962937e+01 2.208024e+01 
2.453014e+01 2.697897e+01 2.942668e+01 3.187315e+01 3.431841e+01 
3.676228e+01 3.920515e+01 4.164634e+01 4.408623e+01 4.652427e+01 
4.896074e+01 5.139570e+01 5.382883e+01 5.626024e+01 5.868999e+01 
6.111812e+01 6.354459e+01 6.596935e+01 6.839242e+01 7.081379e+01 
7.323347e+01 7.565149e+01 7.806791e+01 8.048283e+01 8.289634e+01 
8.530856e+01 8.771959e+01 9.012948e+01 9.253825e+01 9.494591e+01 
9.735263e+01 9.975847e+01 1.021634e+02 1.045674e+02 1.069707e+02 
1.093732e+02 1.117750e+02 1.141763e+02 1.165769e+02 1.189771e+02 
1.213767e+02 1.237760e+02 1.261749e+02 1.285733e+02 1.309715e+02 
1.333692e+02 1.357666e+02 1.381637e+02 1.405605e+02 1.429572e+02 
1.453536e+02 1.477500e+02 1.501463e+02 1.525428e+02 1.549393e+02 
1.573360e+02 1.597330e+02 1.621305e+02 1.645286e+02 1.669273e+02 
1.693269e+02 1.717275e+02 1.741292e+02 1.765323e+02 1.789369e+02 
1.813432e+02 1.837514e+02 1.861619e+02 1.885748e+02 1.909904e+02 
1.934091e+02 1.958312e+02 1.982572e+02 2.006873e+02 2.031220e+02 
2.055619e+02 2.080077e+02 2.104602e+02 2.129207e+02 2.153898e+02 
2.178677e+02 2.203534e+02 2.228451e+02 2.253413e+02 2.278414e+02 
2.303460e+02 2.328562e+02 2.353745e+02 2.379055e+02 2.404566e+02 
2.430385e+02 
@R A 101 []
0.000000e+00 1.131566e-02 2.263141e-02 3.394719e-02 4.526280e-02 
5.657824e-02 6.789386e-02 7.920957e-02 9.052522e-02 1.018410e-01 
1.131567e-01 1.244721e-01 1.357874e-01 1.471024e-01 1.584175e-01 
1.697321e-01 1.810484e-01 1.923632e-01 2.036785e-01 2.149918e-01 
2.263047e-01 2.376172e-01 2.489280e-01 2.602374e-01 2.715457e-01 
2.828527e-01 2.941578e-01 3.054608e-01 3.167620e-01 3.280619e-01 
3.393605e-01 3.506566e-01 3.619494e-01 3.732389e-01 3.845250e-01 
3.958080e-01 4.070876e-01 4.183636e-01 4.296356e-01 4.409028e-01 
4.521659e-01 4.634247e-01 4.746785e-01 4.859273e-01 4.971716e-01 
5.084101e-01 5.196436e-01 5.308711e-01 5.420928e-01 5.533085e-01 
5.645177e-01 5.757205e-01 5.869166e-01 5.981057e-01 6.092882e-01 
6.204630e-01 6.316309e-01 6.427908e-01 6.539426e-01 6.650866e-01 
6.762217e-01 6.873478e-01 6.984649e-01 7.095724e-01 7.206696e-01 
7.317564e-01 7.428326e-01 7.538974e-01 7.649502e-01 7.759907e-01 
7.870183e-01 7.980327e-01 8.090330e-01 8.200186e-01 8.309890e-01 
8.419436e-01 8.528819e-01 8.638030e-01 8.747062e-01 8.855909e-01 
8.964564e-01 9.073018e-01 9.181260e-01 9.289275e-01 9.397054e-01 
9.504596e-01 9.611894e-01 9.718939e-01 9.825714e-01 9.932227e-01 
1.003846e+00 1.014442e+00 1.025015e+00 1.035574e+00 1.046127e+00 
1.056676e+00 1.067220e+00 1.077754e+00 1.088262e+00 1.098729e+00 
1.109134e+00 
@R RTOR 101 []
4.764274e+00 4.764250e+00 4.764179e+00 4.764060e+00 4.763894e+00 
4.763680e+00 4.763420e+00 4.763113e+00 4.762760e+00 4.762361e+00 
4.761918e+00 4.761429e+00 4.760897e+00 4.760321e+00 4.759703e+00 
4.759044e+00 4.758343e+00 4.757602e+00 4.756823e+00 4.756005e+00 
4.755150e+00 4.754258e+00 4.753332e+00 4.752372e+00 4.751378e+00 
4.750353e+00 4.749297e+00 4.748213e+00 4.747099e+00 4.745958e+00 
4.744787e+00 4.743589e+00 4.742365e+00 4.741118e+00 4.739849e+00 
4.738561e+00 4.737253e+00 4.735928e+00 4.734585e+00 4.733226e+00 
4.731850e+00 4.730458e+00 4.729050e+00 4.727626e+00 4.726187e+00 
4.724733e+00 4.723262e+00 4.721777e+00 4.720277e+00 4.718762e+00 
4.717232e+00 4.715686e+00 4.714125e+00 4.712547e+00 4.710952e+00 
4.709339e+00 4.707708e+00 4.706058e+00 4.704388e+00 4.702699e+00 
4.700989e+00 4.699260e+00 4.697510e+00 4.695739e+00 4.693947e+00 
4.692133e+00 4.690298e+00 4.688440e+00 4.686560e+00 4.684658e+00 
4.682733e+00 4.680785e+00 4.678813e+00 4.676818e+00 4.674798e+00 
4.672753e+00 4.670682e+00 4.668586e+00 4.666462e+00 4.664312e+00 
4.662133e+00 4.659926e+00 4.657689e+00 4.655421e+00 4.653120e+00 
4.650786e+00 4.648419e+00 4.646021e+00 4.643593e+00 4.641132e+00 
4.638628e+00 4.636071e+00 4.633444e+00 4.630731e+00 4.627920e+00 
4.625007e+00 4.621988e+00 4.618870e+00 4.615667e+00 4.612395e+00 
4.609076e+00 
@R SHIFT 101 []
2.142744e-01 2.142504e-01 2.141788e-01 2.140600e-01 2.138936e-01 
2.136800e-01 2.134196e-01 2.131129e-01 2.127599e-01 2.123612e-01 
2.119175e-01 2.114292e-01 2.108969e-01 2.103215e-01 2.097035e-01 
2.090437e-01 2.083431e-01 2.076025e-01 2.068225e-01 2.060046e-01 
2.051496e-01 2.042584e-01 2.033320e-01 2.023717e-01 2.013783e-01 
2.003529e-01 1.992973e-01 1.982127e-01 1.970995e-01 1.959576e-01 
1.947872e-01 1.935892e-01 1.923654e-01 1.911182e-01 1.898494e-01 
1.885607e-01 1.872533e-01 1.859278e-01 1.845851e-01 1.832257e-01 
1.818498e-01 1.804578e-01 1.790500e-01 1.776265e-01 1.761872e-01 
1.747326e-01 1.732625e-01 1.717772e-01 1.702770e-01 1.687619e-01 
1.672318e-01 1.656863e-01 1.641249e-01 1.625470e-01 1.609520e-01 
1.593392e-01 1.577079e-01 1.560576e-01 1.543879e-01 1.526985e-01 
1.509893e-01 1.492599e-01 1.475099e-01 1.457391e-01 1.439470e-01 
1.421333e-01 1.402978e-01 1.384402e-01 1.365604e-01 1.346581e-01 
1.327331e-01 1.307849e-01 1.288133e-01 1.268178e-01 1.247979e-01 
1.227530e-01 1.206824e-01 1.185856e-01 1.164623e-01 1.143116e-01 
1.121332e-01 1.099260e-01 1.076889e-01 1.054208e-01 1.031200e-01 
1.007858e-01 9.841907e-02 9.602119e-02 9.359340e-02 9.113210e-02 
8.862825e-02 8.607088e-02 8.344440e-02 8.073149e-02 7.792025e-02 
7.500677e-02 7.198818e-02 6.887039e-02 6.566652e-02 6.239498e-02 
5.907553e-02 
@R ELONG 101 []
1.297404e+00 1.297398e+00 1.297380e+00 1.297355e+00 1.297306e+00 
1.297232e+00 1.297139e+00 1.297038e+00 1.296933e+00 1.296815e+00 
1.296684e+00 1.296545e+00 1.296400e+00 1.296245e+00 1.296084e+00 
1.295915e+00 1.295741e+00 1.295563e+00 1.295382e+00 1.295198e+00 
1.295013e+00 1.294828e+00 1.294646e+00 1.294466e+00 1.294289e+00 
1.294119e+00 1.293957e+00 1.293802e+00 1.293655e+00 1.293511e+00 
1.293373e+00 1.293246e+00 1.293133e+00 1.293037e+00 1.292957e+00 
1.292895e+00 1.292852e+00 1.292828e+00 1.292825e+00 1.292842e+00 
1.292880e+00 1.292938e+00 1.293018e+00 1.293118e+00 1.293239e+00 
1.293380e+00 1.293543e+00 1.293727e+00 1.293934e+00 1.294162e+00 
1.294412e+00 1.294685e+00 1.294979e+00 1.295294e+00 1.295631e+00 
1.295987e+00 1.296365e+00 1.296763e+00 1.297181e+00 1.297622e+00 
1.298084e+00 1.298569e+00 1.299077e+00 1.299609e+00 1.300165e+00 
1.300748e+00 1.301356e+00 1.301992e+00 1.302657e+00 1.303353e+00 
1.304079e+00 1.304839e+00 1.305633e+00 1.306463e+00 1.307330e+00 
1.308236e+00 1.309183e+00 1.310173e+00 1.311207e+00 1.312290e+00 
1.313422e+00 1.314607e+00 1.315848e+00 1.317146e+00 1.318504e+00 
1.319926e+00 1.321418e+00 1.322990e+00 1.324654e+00 1.326417e+00 
1.328274e+00 1.330212e+00 1.332207e+00 1.334233e+00 1.336275e+00 
1.338336e+00 1.340420e+00 1.342555e+00 1.344801e+00 1.347238e+00 
1.349958e+00 
@R TRIAG 101 []
0.000000e+00 3.171892e-02 3.010428e-02 2.848854e-02 2.686169e-02 
2.522487e-02 2.358234e-02 2.193017e-02 2.026496e-02 1.858881e-02 
1.690049e-02 1.519703e-02 1.347809e-02 1.174402e-02 9.993544e-03 
8.224989e-03 6.437839e-03 4.631508e-03 2.804255e-03 9.565765e-04 
-9.122951e-04 -2.803849e-03 -4.718353e-03 -6.656202e-03 -8.618673e-03 
-1.060587e-02 -1.261674e-02 -1.465144e-02 -1.671247e-02 -1.880279e-02 
-2.092471e-02 -2.307730e-02 -2.525851e-02 -2.746760e-02 -2.970579e-02 
-3.197519e-02 -3.427902e-02 -3.661908e-02 -3.899419e-02 -4.140344e-02 
-4.384661e-02 -4.632361e-02 -4.883448e-02 -5.137963e-02 -5.395969e-02 
-5.657505e-02 -5.922666e-02 -6.191522e-02 -6.464173e-02 -6.740746e-02 
-7.021374e-02 -7.306102e-02 -7.594914e-02 -7.887811e-02 -8.184856e-02 
-8.486114e-02 -8.791783e-02 -9.102019e-02 -9.416987e-02 -9.736876e-02 
-1.006183e-01 -1.039207e-01 -1.072780e-01 -1.106926e-01 -1.141675e-01 
-1.177062e-01 -1.213115e-01 -1.249863e-01 -1.287337e-01 -1.325569e-01 
-1.364595e-01 -1.404451e-01 -1.445175e-01 -1.486808e-01 -1.529390e-01 
-1.572967e-01 -1.617589e-01 -1.663311e-01 -1.710192e-01 -1.758301e-01 
-1.807714e-01 -1.858514e-01 -1.910778e-01 -1.964581e-01 -2.020006e-01 
-2.077145e-01 -2.136171e-01 -2.197359e-01 -2.261046e-01 -2.327628e-01 
-2.397038e-01 -2.468825e-01 -2.542498e-01 -2.617608e-01 -2.694602e-01 
-2.774482e-01 -2.858139e-01 -2.945671e-01 -3.034938e-01 -3.125227e-01 
-3.219079e-01 
