 # generated by zfastran.py Ver+Oct2009
@R INFLAG 1 []
  1.000000000e+00
@R TIME0 1 [s]
  0.000000000e+00
@R IP 1 []
  9.999999995e+00
@R BCENTR 1 []
  1.100000000e+01
@R RMAJOR 1 []
  4.550000000e+00
@R AMINOR 1 []
  1.107807252e+00
@R ELONGB 1 []
  1.344883081e+00
@R TRIANB 1 []
 -3.150313129e-01
@R RHO 101 []
  0.000000000e+00  1.000000000e-02  2.000000000e-02  3.000000000e-02
  4.000000000e-02  5.000000000e-02  6.000000000e-02  7.000000000e-02
  8.000000000e-02  9.000000000e-02  1.000000000e-01  1.100000000e-01
  1.200000000e-01  1.300000000e-01  1.400000000e-01  1.500000000e-01
  1.600000000e-01  1.700000000e-01  1.800000000e-01  1.900000000e-01
  2.000000000e-01  2.100000000e-01  2.200000000e-01  2.300000000e-01
  2.400000000e-01  2.500000000e-01  2.600000000e-01  2.700000000e-01
  2.800000000e-01  2.900000000e-01  3.000000000e-01  3.100000000e-01
  3.200000000e-01  3.300000000e-01  3.400000000e-01  3.500000000e-01
  3.600000000e-01  3.700000000e-01  3.800000000e-01  3.900000000e-01
  4.000000000e-01  4.100000000e-01  4.200000000e-01  4.300000000e-01
  4.400000000e-01  4.500000000e-01  4.600000000e-01  4.700000000e-01
  4.800000000e-01  4.900000000e-01  5.000000000e-01  5.100000000e-01
  5.200000000e-01  5.300000000e-01  5.400000000e-01  5.500000000e-01
  5.600000000e-01  5.700000000e-01  5.800000000e-01  5.900000000e-01
  6.000000000e-01  6.100000000e-01  6.200000000e-01  6.300000000e-01
  6.400000000e-01  6.500000000e-01  6.600000000e-01  6.700000000e-01
  6.800000000e-01  6.900000000e-01  7.000000000e-01  7.100000000e-01
  7.200000000e-01  7.300000000e-01  7.400000000e-01  7.500000000e-01
  7.600000000e-01  7.700000000e-01  7.800000000e-01  7.900000000e-01
  8.000000000e-01  8.100000000e-01  8.200000000e-01  8.300000000e-01
  8.400000000e-01  8.500000000e-01  8.600000000e-01  8.700000000e-01
  8.800000000e-01  8.900000000e-01  9.000000000e-01  9.100000000e-01
  9.200000000e-01  9.300000000e-01  9.400000000e-01  9.500000000e-01
  9.600000000e-01  9.700000000e-01  9.800000000e-01  9.900000000e-01
  1.000000000e+00
@R AMAIN 1 []
  2.500000000e+00
@R ZMAIN 1 []
  1.000000000e+00
@I NIMP 1 []
                1
@R AIMP 1 []
  4.000000000e+01
@R ZIMP 1 []
  1.800000000e+01
@R FIMP 1 []
  2.000000000e-03
@R ENE 101 []
  2.762306735e+01  2.762306735e+01  2.757546442e+01  2.752446609e+01
  2.747011707e+01  2.741246207e+01  2.735154580e+01  2.728741298e+01
  2.722010832e+01  2.714967653e+01  2.707616232e+01  2.699961042e+01
  2.692006552e+01  2.683757235e+01  2.675217561e+01  2.666392003e+01
  2.657285030e+01  2.647901115e+01  2.638244728e+01  2.628320342e+01
  2.618132427e+01  2.607685454e+01  2.596983895e+01  2.586032222e+01
  2.574834904e+01  2.563396415e+01  2.551721224e+01  2.539813803e+01
  2.527678624e+01  2.515320158e+01  2.502742875e+01  2.489951248e+01
  2.476949748e+01  2.463742845e+01  2.450335012e+01  2.436730718e+01
  2.422934437e+01  2.408950638e+01  2.394783794e+01  2.380438375e+01
  2.365918852e+01  2.351229698e+01  2.336375383e+01  2.321360378e+01
  2.306189155e+01  2.290866184e+01  2.275395937e+01  2.259782885e+01
  2.244031499e+01  2.228146248e+01  2.212131604e+01  2.195992037e+01
  2.179732015e+01  2.163356007e+01  2.146868480e+01  2.130273900e+01
  2.113576729e+01  2.096781426e+01  2.079892444e+01  2.062914227e+01
  2.045851210e+01  2.028707809e+01  2.011488415e+01  1.994197386e+01
  1.976839027e+01  1.959417572e+01  1.941937148e+01  1.924401730e+01
  1.906815074e+01  1.889180620e+01  1.871501356e+01  1.853779614e+01
  1.836016787e+01  1.818212917e+01  1.800366107e+01  1.782471671e+01
  1.764520933e+01  1.746499491e+01  1.728384757e+01  1.710142452e+01
  1.691721648e+01  1.673047789e+01  1.654012960e+01  1.634462484e+01
  1.614176854e+01  1.592848087e+01  1.570050384e+01  1.545206898e+01
  1.517558875e+01  1.486151692e+01  1.449865645e+01  1.407535272e+01
  1.358207892e+01  1.301562760e+01  1.238413291e+01  1.171056221e+01
  1.103138998e+01  1.038887851e+01  9.819731030e+00  9.346060347e+00
  8.972965753e+00
@R TE 101 []
  1.881675760e+01  1.881675760e+01  1.874541711e+01  1.866824538e+01
  1.858536946e+01  1.849691645e+01  1.840301341e+01  1.830378741e+01
  1.819936554e+01  1.808987487e+01  1.797544247e+01  1.785619542e+01
  1.773226079e+01  1.760376565e+01  1.747083709e+01  1.733360217e+01
  1.719218797e+01  1.704672157e+01  1.689733004e+01  1.674414045e+01
  1.658727988e+01  1.642687541e+01  1.626305410e+01  1.609594304e+01
  1.592566930e+01  1.575235995e+01  1.557614207e+01  1.539714273e+01
  1.521548901e+01  1.503130798e+01  1.484472671e+01  1.465587229e+01
  1.446487178e+01  1.427185227e+01  1.407694082e+01  1.388026451e+01
  1.368195041e+01  1.348212561e+01  1.328091717e+01  1.307845216e+01
  1.287485768e+01  1.267026078e+01  1.246478854e+01  1.225856804e+01
  1.205172636e+01  1.184439056e+01  1.163668772e+01  1.142874492e+01
  1.122068923e+01  1.101264773e+01  1.080474748e+01  1.059711557e+01
  1.038987907e+01  1.018316505e+01  9.977100579e+00  9.771812733e+00
  9.567428581e+00  9.364075186e+00  9.161879611e+00  8.960968907e+00
  8.761470117e+00  8.563510263e+00  8.367216341e+00  8.172715301e+00
  7.980134029e+00  7.789599306e+00  7.601237756e+00  7.415175756e+00
  7.231539307e+00  7.050453829e+00  6.872043846e+00  6.696432502e+00
  6.523740816e+00  6.354086533e+00  6.187582354e+00  6.024333210e+00
  5.864432060e+00  5.707953425e+00  5.554943414e+00  5.405404386e+00
  5.259271340e+00  5.116375670e+00  4.976389662e+00  4.838741905e+00
  4.702489477e+00  4.566127398e+00  4.427311121e+00  4.282468169e+00
  4.126292744e+00  3.951178484e+00  3.746797423e+00  3.500332288e+00
  3.198284898e+00  2.830947788e+00  2.399573790e+00  1.923139121e+00
  1.438300093e+00  9.885116223e-01  6.078188840e-01  3.107984791e-01
  9.381087106e-02
@R TI 101 []
  1.901696608e+01  1.901696608e+01  1.894464486e+01  1.886641151e+01
  1.878239486e+01  1.869272377e+01  1.859752706e+01  1.849693357e+01
  1.839107216e+01  1.828007165e+01  1.816406089e+01  1.804316871e+01
  1.791752396e+01  1.778725548e+01  1.765249210e+01  1.751336267e+01
  1.736999602e+01  1.722252100e+01  1.707106644e+01  1.691576119e+01
  1.675673408e+01  1.659411396e+01  1.642802966e+01  1.625861002e+01
  1.608598389e+01  1.591028010e+01  1.573162749e+01  1.555015491e+01
  1.536599118e+01  1.517926517e+01  1.499010569e+01  1.479864159e+01
  1.460500172e+01  1.440931491e+01  1.421171000e+01  1.401231583e+01
  1.381126124e+01  1.360867507e+01  1.340468616e+01  1.319942336e+01
  1.299301549e+01  1.278559140e+01  1.257727993e+01  1.236820992e+01
  1.215851021e+01  1.194830964e+01  1.173773704e+01  1.152692127e+01
  1.131599115e+01  1.110507553e+01  1.089430324e+01  1.068380314e+01
  1.047370404e+01  1.026413480e+01  1.005522425e+01  9.847101223e+00
  9.639894558e+00  9.433733084e+00  9.228745628e+00  9.025061008e+00
  8.822808032e+00  8.622115489e+00  8.423112142e+00  8.225926710e+00
  8.030687849e+00  7.837524113e+00  7.646563902e+00  7.457935376e+00
  7.271766326e+00  7.088183976e+00  6.907314670e+00  6.729283402e+00
  6.554213081e+00  6.382223400e+00  6.213429099e+00  6.047937276e+00
  5.885843250e+00  5.727224180e+00  5.572129224e+00  5.420564389e+00
  5.272469189e+00  5.127680784e+00  4.985879011e+00  4.846502540e+00
  4.708622019e+00  4.570750726e+00  4.430568342e+00  4.284533547e+00
  4.127378238e+00  3.951536597e+00  3.746713880e+00  3.500098985e+00
  3.198145301e+00  2.831023133e+00  2.399812948e+00  1.923358188e+00
  1.438325931e+00  9.883266268e-01  6.075777711e-01  3.107215441e-01
  9.406899116e-02
@R ZEFF 101 []
  1.787087449e+00  1.787087449e+00  1.786208113e+00  1.785255766e+00
  1.784231022e+00  1.783134465e+00  1.781966655e+00  1.780728132e+00
  1.779419425e+00  1.778041053e+00  1.776593533e+00  1.775077384e+00
  1.773493135e+00  1.771841329e+00  1.770122530e+00  1.768337327e+00
  1.766486344e+00  1.764570244e+00  1.762589737e+00  1.760545587e+00
  1.758438618e+00  1.756269725e+00  1.754039879e+00  1.751750136e+00
  1.749401646e+00  1.746995663e+00  1.744533550e+00  1.742016793e+00
  1.739447004e+00  1.736825938e+00  1.734155496e+00  1.731437735e+00
  1.728674879e+00  1.725869327e+00  1.723023658e+00  1.720140642e+00
  1.717223243e+00  1.714274627e+00  1.711298167e+00  1.708297441e+00
  1.705276237e+00  1.702238553e+00  1.699188591e+00  1.696130755e+00
  1.693069637e+00  1.690010016e+00  1.686956834e+00  1.683915188e+00
  1.680890301e+00  1.677887506e+00  1.674912213e+00  1.671969881e+00
  1.669065986e+00  1.666205977e+00  1.663395244e+00  1.660639071e+00
  1.657942595e+00  1.655310760e+00  1.652748268e+00  1.650259542e+00
  1.647848675e+00  1.645519390e+00  1.643275005e+00  1.641118396e+00
  1.639051967e+00  1.637077627e+00  1.635196774e+00  1.633410281e+00
  1.631718496e+00  1.630121241e+00  1.628617828e+00  1.627207070e+00
  1.625887308e+00  1.624656435e+00  1.623511930e+00  1.622450889e+00
  1.621470055e+00  1.620565853e+00  1.619734408e+00  1.618971561e+00
  1.618272868e+00  1.617633579e+00  1.617048588e+00  1.616512353e+00
  1.616018779e+00  1.615561076e+00  1.615131636e+00  1.614722031e+00
  1.614323396e+00  1.613927645e+00  1.613530218e+00  1.613134826e+00
  1.612759005e+00  1.612435285e+00  1.612199541e+00  1.612066402e+00
  1.612013993e+00  1.612001504e+00  1.612000054e+00  1.612000000e+00
  1.612000000e+00
@R OMEGA 101 []
  4.992501875e+03  4.992501875e+03  4.978801804e+03  4.961079526e+03
  4.940120160e+03  4.916382264e+03  4.890178959e+03  4.861743180e+03
  4.831258024e+03  4.798873089e+03  4.764714177e+03  4.728889466e+03
  4.691493659e+03  4.652610886e+03  4.612316799e+03  4.570680145e+03
  4.527763951e+03  4.483626454e+03  4.438321832e+03  4.391900796e+03
  4.344411068e+03  4.295897774e+03  4.246403778e+03  4.195969955e+03
  4.144635428e+03  4.092437767e+03  4.039413164e+03  3.985596584e+03
  3.931021896e+03  3.875721988e+03  3.819728870e+03  3.763073767e+03
  3.705787199e+03  3.647899055e+03  3.589438660e+03  3.530434837e+03
  3.470915960e+03  3.410910006e+03  3.350444605e+03  3.289547080e+03
  3.228244492e+03  3.166563674e+03  3.104531273e+03  3.042173783e+03
  2.979517575e+03  2.916588934e+03  2.853414088e+03  2.790019238e+03
  2.726430588e+03  2.662674375e+03  2.598776897e+03  2.534764544e+03
  2.470663824e+03  2.406501396e+03  2.342304099e+03  2.278098979e+03
  2.213913327e+03  2.149774707e+03  2.085710992e+03  2.021750397e+03
  1.957921519e+03  1.894253376e+03  1.830775447e+03  1.767517715e+03
  1.704510722e+03  1.641785608e+03  1.579374179e+03  1.517308956e+03
  1.455623246e+03  1.394351213e+03  1.333527952e+03  1.273189580e+03
  1.213373329e+03  1.154117653e+03  1.095462349e+03  1.037448686e+03
  9.801195629e+02  9.235196753e+02  8.676957162e+02  8.126966008e+02
  7.585737302e+02  7.053812976e+02  6.531766492e+02  6.020207128e+02
  5.519785103e+02  5.031197796e+02  4.555197357e+02  4.092600162e+02
  3.644298727e+02  3.211276991e+02  2.794630303e+02  2.395592200e+02
  2.015571260e+02  1.656203590e+02  1.319430748e+02  1.007621703e+02
  7.237775876e+01  4.719105135e+01  2.578549737e+01  9.151104569e+00
  3.218758593e-12
@R Q 101 []
  0.000000000e+00  0.000000000e+00  0.000000000e+00  0.000000000e+00
  0.000000000e+00  0.000000000e+00  0.000000000e+00  0.000000000e+00
  0.000000000e+00  0.000000000e+00  0.000000000e+00  0.000000000e+00
  0.000000000e+00  0.000000000e+00  0.000000000e+00  0.000000000e+00
  0.000000000e+00  0.000000000e+00  0.000000000e+00  0.000000000e+00
  0.000000000e+00  0.000000000e+00  0.000000000e+00  0.000000000e+00
  0.000000000e+00  0.000000000e+00  0.000000000e+00  0.000000000e+00
  0.000000000e+00  0.000000000e+00  0.000000000e+00  0.000000000e+00
  0.000000000e+00  0.000000000e+00  0.000000000e+00  0.000000000e+00
  0.000000000e+00  0.000000000e+00  0.000000000e+00  0.000000000e+00
  0.000000000e+00  0.000000000e+00  0.000000000e+00  0.000000000e+00
  0.000000000e+00  0.000000000e+00  0.000000000e+00  0.000000000e+00
  0.000000000e+00  0.000000000e+00  0.000000000e+00  0.000000000e+00
  0.000000000e+00  0.000000000e+00  0.000000000e+00  0.000000000e+00
  0.000000000e+00  0.000000000e+00  0.000000000e+00  0.000000000e+00
  0.000000000e+00  0.000000000e+00  0.000000000e+00  0.000000000e+00
  0.000000000e+00  0.000000000e+00  0.000000000e+00  0.000000000e+00
  0.000000000e+00  0.000000000e+00  0.000000000e+00  0.000000000e+00
  0.000000000e+00  0.000000000e+00  0.000000000e+00  0.000000000e+00
  0.000000000e+00  0.000000000e+00  0.000000000e+00  0.000000000e+00
  0.000000000e+00  0.000000000e+00  0.000000000e+00  0.000000000e+00
  0.000000000e+00  0.000000000e+00  0.000000000e+00  0.000000000e+00
  0.000000000e+00  0.000000000e+00  0.000000000e+00  0.000000000e+00
  0.000000000e+00  0.000000000e+00  0.000000000e+00  0.000000000e+00
  0.000000000e+00  0.000000000e+00  0.000000000e+00  0.000000000e+00
  0.000000000e+00
@R FP 101 []
  0.000000000e+00  0.000000000e+00  0.000000000e+00  0.000000000e+00
  0.000000000e+00  0.000000000e+00  0.000000000e+00  0.000000000e+00
  0.000000000e+00  0.000000000e+00  0.000000000e+00  0.000000000e+00
  0.000000000e+00  0.000000000e+00  0.000000000e+00  0.000000000e+00
  0.000000000e+00  0.000000000e+00  0.000000000e+00  0.000000000e+00
  0.000000000e+00  0.000000000e+00  0.000000000e+00  0.000000000e+00
  0.000000000e+00  0.000000000e+00  0.000000000e+00  0.000000000e+00
  0.000000000e+00  0.000000000e+00  0.000000000e+00  0.000000000e+00
  0.000000000e+00  0.000000000e+00  0.000000000e+00  0.000000000e+00
  0.000000000e+00  0.000000000e+00  0.000000000e+00  0.000000000e+00
  0.000000000e+00  0.000000000e+00  0.000000000e+00  0.000000000e+00
  0.000000000e+00  0.000000000e+00  0.000000000e+00  0.000000000e+00
  0.000000000e+00  0.000000000e+00  0.000000000e+00  0.000000000e+00
  0.000000000e+00  0.000000000e+00  0.000000000e+00  0.000000000e+00
  0.000000000e+00  0.000000000e+00  0.000000000e+00  0.000000000e+00
  0.000000000e+00  0.000000000e+00  0.000000000e+00  0.000000000e+00
  0.000000000e+00  0.000000000e+00  0.000000000e+00  0.000000000e+00
  0.000000000e+00  0.000000000e+00  0.000000000e+00  0.000000000e+00
  0.000000000e+00  0.000000000e+00  0.000000000e+00  0.000000000e+00
  0.000000000e+00  0.000000000e+00  0.000000000e+00  0.000000000e+00
  0.000000000e+00  0.000000000e+00  0.000000000e+00  0.000000000e+00
  0.000000000e+00  0.000000000e+00  0.000000000e+00  0.000000000e+00
  0.000000000e+00  0.000000000e+00  0.000000000e+00  0.000000000e+00
  0.000000000e+00  0.000000000e+00  0.000000000e+00  0.000000000e+00
  0.000000000e+00  0.000000000e+00  0.000000000e+00  0.000000000e+00
  0.000000000e+00
@R CURPAR 101 []
  3.678796787e+00  3.678594323e+00  3.677853002e+00  3.676363467e+00
  3.674063917e+00  3.670989946e+00  3.667175512e+00  3.662640709e+00
  3.657397581e+00  3.651451704e+00  3.644805239e+00  3.637458885e+00
  3.629412824e+00  3.620667097e+00  3.611221711e+00  3.601076666e+00
  3.590231963e+00  3.578687601e+00  3.566443582e+00  3.553499904e+00
  3.539856568e+00  3.525513573e+00  3.510470920e+00  3.494728609e+00
  3.478286640e+00  3.461145012e+00  3.443303727e+00  3.424762782e+00
  3.405522180e+00  3.385581919e+00  3.364942000e+00  3.343602423e+00
  3.321563187e+00  3.298824293e+00  3.275385741e+00  3.251247531e+00
  3.226409663e+00  3.200872136e+00  3.174634951e+00  3.147698107e+00
  3.120061606e+00  3.091725446e+00  3.062689628e+00  3.032954152e+00
  3.002519017e+00  2.971384224e+00  2.939549773e+00  2.907015663e+00
  2.873781895e+00  2.839848470e+00  2.805215385e+00  2.769882643e+00
  2.733850242e+00  2.697118183e+00  2.659686466e+00  2.621555090e+00
  2.582724056e+00  2.543193364e+00  2.502963013e+00  2.462033004e+00
  2.420403337e+00  2.378074012e+00  2.335045029e+00  2.291316387e+00
  2.246888087e+00  2.201760129e+00  2.155932512e+00  2.109405237e+00
  2.062178304e+00  2.014251713e+00  1.965625463e+00  1.916299555e+00
  1.866273989e+00  1.815548765e+00  1.764123882e+00  1.711999341e+00
  1.659175142e+00  1.605651284e+00  1.551427768e+00  1.496504594e+00
  1.440881762e+00  1.384559271e+00  1.327537122e+00  1.269815315e+00
  1.211393850e+00  1.152272726e+00  1.092451944e+00  1.031931508e+00
  9.707114702e-01  9.087922988e-01  8.461769510e-01  7.828796747e-01
  7.189549556e-01  6.545725190e-01  5.901724608e-01  5.267118907e-01
  4.659485019e-01  4.107051363e-01  3.643274212e-01  3.312786038e-01
  3.187931024e-01
@R CURBEAM 101 []
  0.000000000e+00  0.000000000e+00  0.000000000e+00  0.000000000e+00
  0.000000000e+00  0.000000000e+00  0.000000000e+00  0.000000000e+00
  0.000000000e+00  0.000000000e+00  0.000000000e+00  0.000000000e+00
  0.000000000e+00  0.000000000e+00  0.000000000e+00  0.000000000e+00
  0.000000000e+00  0.000000000e+00  0.000000000e+00  0.000000000e+00
  0.000000000e+00  0.000000000e+00  0.000000000e+00  0.000000000e+00
  0.000000000e+00  0.000000000e+00  0.000000000e+00  0.000000000e+00
  0.000000000e+00  0.000000000e+00  0.000000000e+00  0.000000000e+00
  0.000000000e+00  0.000000000e+00  0.000000000e+00  0.000000000e+00
  0.000000000e+00  0.000000000e+00  0.000000000e+00  0.000000000e+00
  0.000000000e+00  0.000000000e+00  0.000000000e+00  0.000000000e+00
  0.000000000e+00  0.000000000e+00  0.000000000e+00  0.000000000e+00
  0.000000000e+00  0.000000000e+00  0.000000000e+00  0.000000000e+00
  0.000000000e+00  0.000000000e+00  0.000000000e+00  0.000000000e+00
  0.000000000e+00  0.000000000e+00  0.000000000e+00  0.000000000e+00
  0.000000000e+00  0.000000000e+00  0.000000000e+00  0.000000000e+00
  0.000000000e+00  0.000000000e+00  0.000000000e+00  0.000000000e+00
  0.000000000e+00  0.000000000e+00  0.000000000e+00  0.000000000e+00
  0.000000000e+00  0.000000000e+00  0.000000000e+00  0.000000000e+00
  0.000000000e+00  0.000000000e+00  0.000000000e+00  0.000000000e+00
  0.000000000e+00  0.000000000e+00  0.000000000e+00  0.000000000e+00
  0.000000000e+00  0.000000000e+00  0.000000000e+00  0.000000000e+00
  0.000000000e+00  0.000000000e+00  0.000000000e+00  0.000000000e+00
  0.000000000e+00  0.000000000e+00  0.000000000e+00  0.000000000e+00
  0.000000000e+00  0.000000000e+00  0.000000000e+00  0.000000000e+00
  0.000000000e+00
@R CURRF 101 []
  0.000000000e+00  0.000000000e+00  0.000000000e+00  0.000000000e+00
  0.000000000e+00  0.000000000e+00  0.000000000e+00  0.000000000e+00
  0.000000000e+00  0.000000000e+00  0.000000000e+00  0.000000000e+00
  0.000000000e+00  0.000000000e+00  0.000000000e+00  0.000000000e+00
  0.000000000e+00  0.000000000e+00  0.000000000e+00  0.000000000e+00
  0.000000000e+00  0.000000000e+00  0.000000000e+00  0.000000000e+00
  0.000000000e+00  0.000000000e+00  0.000000000e+00  0.000000000e+00
  0.000000000e+00  0.000000000e+00  0.000000000e+00  0.000000000e+00
  0.000000000e+00  0.000000000e+00  0.000000000e+00  0.000000000e+00
  0.000000000e+00  0.000000000e+00  0.000000000e+00  0.000000000e+00
  0.000000000e+00  0.000000000e+00  0.000000000e+00  0.000000000e+00
  0.000000000e+00  0.000000000e+00  0.000000000e+00  0.000000000e+00
  0.000000000e+00  0.000000000e+00  0.000000000e+00  0.000000000e+00
  0.000000000e+00  0.000000000e+00  0.000000000e+00  0.000000000e+00
  0.000000000e+00  0.000000000e+00  0.000000000e+00  0.000000000e+00
  0.000000000e+00  0.000000000e+00  0.000000000e+00  0.000000000e+00
  0.000000000e+00  0.000000000e+00  0.000000000e+00  0.000000000e+00
  0.000000000e+00  0.000000000e+00  0.000000000e+00  0.000000000e+00
  0.000000000e+00  0.000000000e+00  0.000000000e+00  0.000000000e+00
  0.000000000e+00  0.000000000e+00  0.000000000e+00  0.000000000e+00
  0.000000000e+00  0.000000000e+00  0.000000000e+00  0.000000000e+00
  0.000000000e+00  0.000000000e+00  0.000000000e+00  0.000000000e+00
  0.000000000e+00  0.000000000e+00  0.000000000e+00  0.000000000e+00
  0.000000000e+00  0.000000000e+00  0.000000000e+00  0.000000000e+00
  0.000000000e+00  0.000000000e+00  0.000000000e+00  0.000000000e+00
  0.000000000e+00
@R CURBOOT 101 []
  0.000000000e+00  0.000000000e+00  0.000000000e+00  0.000000000e+00
  0.000000000e+00  0.000000000e+00  0.000000000e+00  0.000000000e+00
  0.000000000e+00  0.000000000e+00  0.000000000e+00  0.000000000e+00
  0.000000000e+00  0.000000000e+00  0.000000000e+00  0.000000000e+00
  0.000000000e+00  0.000000000e+00  0.000000000e+00  0.000000000e+00
  0.000000000e+00  0.000000000e+00  0.000000000e+00  0.000000000e+00
  0.000000000e+00  0.000000000e+00  0.000000000e+00  0.000000000e+00
  0.000000000e+00  0.000000000e+00  0.000000000e+00  0.000000000e+00
  0.000000000e+00  0.000000000e+00  0.000000000e+00  0.000000000e+00
  0.000000000e+00  0.000000000e+00  0.000000000e+00  0.000000000e+00
  0.000000000e+00  0.000000000e+00  0.000000000e+00  0.000000000e+00
  0.000000000e+00  0.000000000e+00  0.000000000e+00  0.000000000e+00
  0.000000000e+00  0.000000000e+00  0.000000000e+00  0.000000000e+00
  0.000000000e+00  0.000000000e+00  0.000000000e+00  0.000000000e+00
  0.000000000e+00  0.000000000e+00  0.000000000e+00  0.000000000e+00
  0.000000000e+00  0.000000000e+00  0.000000000e+00  0.000000000e+00
  0.000000000e+00  0.000000000e+00  0.000000000e+00  0.000000000e+00
  0.000000000e+00  0.000000000e+00  0.000000000e+00  0.000000000e+00
  0.000000000e+00  0.000000000e+00  0.000000000e+00  0.000000000e+00
  0.000000000e+00  0.000000000e+00  0.000000000e+00  0.000000000e+00
  0.000000000e+00  0.000000000e+00  0.000000000e+00  0.000000000e+00
  0.000000000e+00  0.000000000e+00  0.000000000e+00  0.000000000e+00
  0.000000000e+00  0.000000000e+00  0.000000000e+00  0.000000000e+00
  0.000000000e+00  0.000000000e+00  0.000000000e+00  0.000000000e+00
  0.000000000e+00  0.000000000e+00  0.000000000e+00  0.000000000e+00
  0.000000000e+00
@R ENBEAM 101 []
  0.000000000e+00  0.000000000e+00  0.000000000e+00  0.000000000e+00
  0.000000000e+00  0.000000000e+00  0.000000000e+00  0.000000000e+00
  0.000000000e+00  0.000000000e+00  0.000000000e+00  0.000000000e+00
  0.000000000e+00  0.000000000e+00  0.000000000e+00  0.000000000e+00
  0.000000000e+00  0.000000000e+00  0.000000000e+00  0.000000000e+00
  0.000000000e+00  0.000000000e+00  0.000000000e+00  0.000000000e+00
  0.000000000e+00  0.000000000e+00  0.000000000e+00  0.000000000e+00
  0.000000000e+00  0.000000000e+00  0.000000000e+00  0.000000000e+00
  0.000000000e+00  0.000000000e+00  0.000000000e+00  0.000000000e+00
  0.000000000e+00  0.000000000e+00  0.000000000e+00  0.000000000e+00
  0.000000000e+00  0.000000000e+00  0.000000000e+00  0.000000000e+00
  0.000000000e+00  0.000000000e+00  0.000000000e+00  0.000000000e+00
  0.000000000e+00  0.000000000e+00  0.000000000e+00  0.000000000e+00
  0.000000000e+00  0.000000000e+00  0.000000000e+00  0.000000000e+00
  0.000000000e+00  0.000000000e+00  0.000000000e+00  0.000000000e+00
  0.000000000e+00  0.000000000e+00  0.000000000e+00  0.000000000e+00
  0.000000000e+00  0.000000000e+00  0.000000000e+00  0.000000000e+00
  0.000000000e+00  0.000000000e+00  0.000000000e+00  0.000000000e+00
  0.000000000e+00  0.000000000e+00  0.000000000e+00  0.000000000e+00
  0.000000000e+00  0.000000000e+00  0.000000000e+00  0.000000000e+00
  0.000000000e+00  0.000000000e+00  0.000000000e+00  0.000000000e+00
  0.000000000e+00  0.000000000e+00  0.000000000e+00  0.000000000e+00
  0.000000000e+00  0.000000000e+00  0.000000000e+00  0.000000000e+00
  0.000000000e+00  0.000000000e+00  0.000000000e+00  0.000000000e+00
  0.000000000e+00  0.000000000e+00  0.000000000e+00  0.000000000e+00
  0.000000000e+00
@R WBEAM 101 []
  0.000000000e+00  0.000000000e+00  0.000000000e+00  0.000000000e+00
  0.000000000e+00  0.000000000e+00  0.000000000e+00  0.000000000e+00
  0.000000000e+00  0.000000000e+00  0.000000000e+00  0.000000000e+00
  0.000000000e+00  0.000000000e+00  0.000000000e+00  0.000000000e+00
  0.000000000e+00  0.000000000e+00  0.000000000e+00  0.000000000e+00
  0.000000000e+00  0.000000000e+00  0.000000000e+00  0.000000000e+00
  0.000000000e+00  0.000000000e+00  0.000000000e+00  0.000000000e+00
  0.000000000e+00  0.000000000e+00  0.000000000e+00  0.000000000e+00
  0.000000000e+00  0.000000000e+00  0.000000000e+00  0.000000000e+00
  0.000000000e+00  0.000000000e+00  0.000000000e+00  0.000000000e+00
  0.000000000e+00  0.000000000e+00  0.000000000e+00  0.000000000e+00
  0.000000000e+00  0.000000000e+00  0.000000000e+00  0.000000000e+00
  0.000000000e+00  0.000000000e+00  0.000000000e+00  0.000000000e+00
  0.000000000e+00  0.000000000e+00  0.000000000e+00  0.000000000e+00
  0.000000000e+00  0.000000000e+00  0.000000000e+00  0.000000000e+00
  0.000000000e+00  0.000000000e+00  0.000000000e+00  0.000000000e+00
  0.000000000e+00  0.000000000e+00  0.000000000e+00  0.000000000e+00
  0.000000000e+00  0.000000000e+00  0.000000000e+00  0.000000000e+00
  0.000000000e+00  0.000000000e+00  0.000000000e+00  0.000000000e+00
  0.000000000e+00  0.000000000e+00  0.000000000e+00  0.000000000e+00
  0.000000000e+00  0.000000000e+00  0.000000000e+00  0.000000000e+00
  0.000000000e+00  0.000000000e+00  0.000000000e+00  0.000000000e+00
  0.000000000e+00  0.000000000e+00  0.000000000e+00  0.000000000e+00
  0.000000000e+00  0.000000000e+00  0.000000000e+00  0.000000000e+00
  0.000000000e+00  0.000000000e+00  0.000000000e+00  0.000000000e+00
  0.000000000e+00
@R QBEAME 101 []
  0.000000000e+00  0.000000000e+00  0.000000000e+00  0.000000000e+00
  0.000000000e+00  0.000000000e+00  0.000000000e+00  0.000000000e+00
  0.000000000e+00  0.000000000e+00  0.000000000e+00  0.000000000e+00
  0.000000000e+00  0.000000000e+00  0.000000000e+00  0.000000000e+00
  0.000000000e+00  0.000000000e+00  0.000000000e+00  0.000000000e+00
  0.000000000e+00  0.000000000e+00  0.000000000e+00  0.000000000e+00
  0.000000000e+00  0.000000000e+00  0.000000000e+00  0.000000000e+00
  0.000000000e+00  0.000000000e+00  0.000000000e+00  0.000000000e+00
  0.000000000e+00  0.000000000e+00  0.000000000e+00  0.000000000e+00
  0.000000000e+00  0.000000000e+00  0.000000000e+00  0.000000000e+00
  0.000000000e+00  0.000000000e+00  0.000000000e+00  0.000000000e+00
  0.000000000e+00  0.000000000e+00  0.000000000e+00  0.000000000e+00
  0.000000000e+00  0.000000000e+00  0.000000000e+00  0.000000000e+00
  0.000000000e+00  0.000000000e+00  0.000000000e+00  0.000000000e+00
  0.000000000e+00  0.000000000e+00  0.000000000e+00  0.000000000e+00
  0.000000000e+00  0.000000000e+00  0.000000000e+00  0.000000000e+00
  0.000000000e+00  0.000000000e+00  0.000000000e+00  0.000000000e+00
  0.000000000e+00  0.000000000e+00  0.000000000e+00  0.000000000e+00
  0.000000000e+00  0.000000000e+00  0.000000000e+00  0.000000000e+00
  0.000000000e+00  0.000000000e+00  0.000000000e+00  0.000000000e+00
  0.000000000e+00  0.000000000e+00  0.000000000e+00  0.000000000e+00
  0.000000000e+00  0.000000000e+00  0.000000000e+00  0.000000000e+00
  0.000000000e+00  0.000000000e+00  0.000000000e+00  0.000000000e+00
  0.000000000e+00  0.000000000e+00  0.000000000e+00  0.000000000e+00
  0.000000000e+00  0.000000000e+00  0.000000000e+00  0.000000000e+00
  0.000000000e+00
@R QBEAMI 101 []
  0.000000000e+00  0.000000000e+00  0.000000000e+00  0.000000000e+00
  0.000000000e+00  0.000000000e+00  0.000000000e+00  0.000000000e+00
  0.000000000e+00  0.000000000e+00  0.000000000e+00  0.000000000e+00
  0.000000000e+00  0.000000000e+00  0.000000000e+00  0.000000000e+00
  0.000000000e+00  0.000000000e+00  0.000000000e+00  0.000000000e+00
  0.000000000e+00  0.000000000e+00  0.000000000e+00  0.000000000e+00
  0.000000000e+00  0.000000000e+00  0.000000000e+00  0.000000000e+00
  0.000000000e+00  0.000000000e+00  0.000000000e+00  0.000000000e+00
  0.000000000e+00  0.000000000e+00  0.000000000e+00  0.000000000e+00
  0.000000000e+00  0.000000000e+00  0.000000000e+00  0.000000000e+00
  0.000000000e+00  0.000000000e+00  0.000000000e+00  0.000000000e+00
  0.000000000e+00  0.000000000e+00  0.000000000e+00  0.000000000e+00
  0.000000000e+00  0.000000000e+00  0.000000000e+00  0.000000000e+00
  0.000000000e+00  0.000000000e+00  0.000000000e+00  0.000000000e+00
  0.000000000e+00  0.000000000e+00  0.000000000e+00  0.000000000e+00
  0.000000000e+00  0.000000000e+00  0.000000000e+00  0.000000000e+00
  0.000000000e+00  0.000000000e+00  0.000000000e+00  0.000000000e+00
  0.000000000e+00  0.000000000e+00  0.000000000e+00  0.000000000e+00
  0.000000000e+00  0.000000000e+00  0.000000000e+00  0.000000000e+00
  0.000000000e+00  0.000000000e+00  0.000000000e+00  0.000000000e+00
  0.000000000e+00  0.000000000e+00  0.000000000e+00  0.000000000e+00
  0.000000000e+00  0.000000000e+00  0.000000000e+00  0.000000000e+00
  0.000000000e+00  0.000000000e+00  0.000000000e+00  0.000000000e+00
  0.000000000e+00  0.000000000e+00  0.000000000e+00  0.000000000e+00
  0.000000000e+00  0.000000000e+00  0.000000000e+00  0.000000000e+00
  0.000000000e+00
@R ENALP 101 []
  0.000000000e+00  0.000000000e+00  0.000000000e+00  0.000000000e+00
  0.000000000e+00  0.000000000e+00  0.000000000e+00  0.000000000e+00
  0.000000000e+00  0.000000000e+00  0.000000000e+00  0.000000000e+00
  0.000000000e+00  0.000000000e+00  0.000000000e+00  0.000000000e+00
  0.000000000e+00  0.000000000e+00  0.000000000e+00  0.000000000e+00
  0.000000000e+00  0.000000000e+00  0.000000000e+00  0.000000000e+00
  0.000000000e+00  0.000000000e+00  0.000000000e+00  0.000000000e+00
  0.000000000e+00  0.000000000e+00  0.000000000e+00  0.000000000e+00
  0.000000000e+00  0.000000000e+00  0.000000000e+00  0.000000000e+00
  0.000000000e+00  0.000000000e+00  0.000000000e+00  0.000000000e+00
  0.000000000e+00  0.000000000e+00  0.000000000e+00  0.000000000e+00
  0.000000000e+00  0.000000000e+00  0.000000000e+00  0.000000000e+00
  0.000000000e+00  0.000000000e+00  0.000000000e+00  0.000000000e+00
  0.000000000e+00  0.000000000e+00  0.000000000e+00  0.000000000e+00
  0.000000000e+00  0.000000000e+00  0.000000000e+00  0.000000000e+00
  0.000000000e+00  0.000000000e+00  0.000000000e+00  0.000000000e+00
  0.000000000e+00  0.000000000e+00  0.000000000e+00  0.000000000e+00
  0.000000000e+00  0.000000000e+00  0.000000000e+00  0.000000000e+00
  0.000000000e+00  0.000000000e+00  0.000000000e+00  0.000000000e+00
  0.000000000e+00  0.000000000e+00  0.000000000e+00  0.000000000e+00
  0.000000000e+00  0.000000000e+00  0.000000000e+00  0.000000000e+00
  0.000000000e+00  0.000000000e+00  0.000000000e+00  0.000000000e+00
  0.000000000e+00  0.000000000e+00  0.000000000e+00  0.000000000e+00
  0.000000000e+00  0.000000000e+00  0.000000000e+00  0.000000000e+00
  0.000000000e+00  0.000000000e+00  0.000000000e+00  0.000000000e+00
  0.000000000e+00
@R WALP 101 []
  0.000000000e+00  0.000000000e+00  0.000000000e+00  0.000000000e+00
  0.000000000e+00  0.000000000e+00  0.000000000e+00  0.000000000e+00
  0.000000000e+00  0.000000000e+00  0.000000000e+00  0.000000000e+00
  0.000000000e+00  0.000000000e+00  0.000000000e+00  0.000000000e+00
  0.000000000e+00  0.000000000e+00  0.000000000e+00  0.000000000e+00
  0.000000000e+00  0.000000000e+00  0.000000000e+00  0.000000000e+00
  0.000000000e+00  0.000000000e+00  0.000000000e+00  0.000000000e+00
  0.000000000e+00  0.000000000e+00  0.000000000e+00  0.000000000e+00
  0.000000000e+00  0.000000000e+00  0.000000000e+00  0.000000000e+00
  0.000000000e+00  0.000000000e+00  0.000000000e+00  0.000000000e+00
  0.000000000e+00  0.000000000e+00  0.000000000e+00  0.000000000e+00
  0.000000000e+00  0.000000000e+00  0.000000000e+00  0.000000000e+00
  0.000000000e+00  0.000000000e+00  0.000000000e+00  0.000000000e+00
  0.000000000e+00  0.000000000e+00  0.000000000e+00  0.000000000e+00
  0.000000000e+00  0.000000000e+00  0.000000000e+00  0.000000000e+00
  0.000000000e+00  0.000000000e+00  0.000000000e+00  0.000000000e+00
  0.000000000e+00  0.000000000e+00  0.000000000e+00  0.000000000e+00
  0.000000000e+00  0.000000000e+00  0.000000000e+00  0.000000000e+00
  0.000000000e+00  0.000000000e+00  0.000000000e+00  0.000000000e+00
  0.000000000e+00  0.000000000e+00  0.000000000e+00  0.000000000e+00
  0.000000000e+00  0.000000000e+00  0.000000000e+00  0.000000000e+00
  0.000000000e+00  0.000000000e+00  0.000000000e+00  0.000000000e+00
  0.000000000e+00  0.000000000e+00  0.000000000e+00  0.000000000e+00
  0.000000000e+00  0.000000000e+00  0.000000000e+00  0.000000000e+00
  0.000000000e+00  0.000000000e+00  0.000000000e+00  0.000000000e+00
  0.000000000e+00
@R QTFUSE 101 []
  1.844067301e+00  1.841470070e+00  1.833474688e+00  1.822272359e+00
  1.810261913e+00  1.797451109e+00  1.783847657e+00  1.769459323e+00
  1.754294243e+00  1.738360933e+00  1.721667684e+00  1.704222411e+00
  1.686033147e+00  1.667108585e+00  1.647457866e+00  1.627090488e+00
  1.606016269e+00  1.584245533e+00  1.561789403e+00  1.538659882e+00
  1.514869509e+00  1.490431692e+00  1.465361051e+00  1.439673036e+00
  1.413384148e+00  1.386512201e+00  1.359076394e+00  1.331097202e+00
  1.302596527e+00  1.273597833e+00  1.244126195e+00  1.214208378e+00
  1.183872895e+00  1.153150073e+00  1.122072112e+00  1.090673053e+00
  1.058989020e+00  1.027058129e+00  9.949203188e-01  9.626174936e-01
  9.301935302e-01  8.976943674e-01  8.651675846e-01  8.326623137e-01
  8.002296434e-01  7.679218408e-01  7.357924204e-01  7.038960732e-01
  6.722880656e-01  6.410243105e-01  6.101608234e-01  5.797534464e-01
  5.498575488e-01  5.205274379e-01  4.918162076e-01  4.637750412e-01
  4.364529157e-01  4.098962801e-01  3.841481726e-01  3.592483288e-01
  3.352325645e-01  3.121321582e-01  2.899739292e-01  2.687798124e-01
  2.485665000e-01  2.293453866e-01  2.111225739e-01  1.938987652e-01
  1.776692463e-01  1.624241143e-01  1.481484585e-01  1.348226244e-01
  1.224224801e-01  1.109197793e-01  1.002825587e-01  9.047551482e-02
  8.146040849e-02  7.319639889e-02  6.564032661e-02  5.874694521e-02
  5.246899721e-02  4.675714092e-02  4.155968584e-02  3.682210626e-02
  3.248639521e-02  2.849045086e-02  2.476798480e-02  2.125008547e-02
  1.787055978e-02  1.457834802e-02  1.136021274e-02  8.271769749e-03
  5.459901083e-03  3.139547160e-03  1.495685230e-03  5.545983208e-04
  1.477017716e-04  2.521433298e-05  2.283561654e-06  7.372346304e-08
  5.336266190e-10
@R QTFUSI 101 []
  8.105241719e-01  8.087468831e-01  8.032809470e-01  7.956390041e-01
  7.874753781e-01  7.788054175e-01  7.696447823e-01  7.600094644e-01
  7.499158980e-01  7.393809334e-01  7.284215554e-01  7.170547958e-01
  7.052979254e-01  6.931686519e-01  6.806850067e-01  6.678652775e-01
  6.547279684e-01  6.412918508e-01  6.275760505e-01  6.136000518e-01
  5.993835256e-01  5.849464324e-01  5.703091226e-01  5.554921478e-01
  5.405163150e-01  5.254027443e-01  5.101728563e-01  4.948482873e-01
  4.794509008e-01  4.640027907e-01  4.485262518e-01  4.330437552e-01
  4.175779181e-01  4.021514717e-01  3.867872244e-01  3.715079945e-01
  3.563366325e-01  3.412959285e-01  3.264084927e-01  3.116967442e-01
  2.971828492e-01  2.828886861e-01  2.688356503e-01  2.550445688e-01
  2.415357681e-01  2.283287811e-01  2.154423179e-01  2.028942025e-01
  1.907011547e-01  1.788787823e-01  1.674414012e-01  1.564019454e-01
  1.457718805e-01  1.355610525e-01  1.257776667e-01  1.164281402e-01
  1.075170698e-01  9.904721365e-02  9.101934525e-02  8.343236981e-02
  7.628327721e-02  6.956711244e-02  6.327712054e-02  5.740478536e-02
  5.193989482e-02  4.687068141e-02  4.218397628e-02  3.786534353e-02
  3.389923174e-02  3.026917222e-02  2.695795960e-02  2.394783974e-02
  2.122068722e-02  1.875818748e-02  1.654201039e-02  1.455396440e-02
  1.277613945e-02  1.119102232e-02  9.781589046e-03  8.531375614e-03
  7.424513178e-03  6.445732735e-03  5.580337650e-03  4.814146373e-03
  4.133423115e-03  3.524835410e-03  2.975521156e-03  2.473432349e-03
  2.008231404e-03  1.573085619e-03  1.167477628e-03  8.001303140e-04
  4.891185588e-04  2.550278489e-04  1.073026380e-04  3.402956201e-05
  7.450460099e-06  9.934292318e-07  6.543061464e-08  1.376810932e-09
  5.411972526e-12
@R QRFE 101 []
  1.103839312e+00  1.103226934e+00  1.101392037e+00  1.098340344e+00
  1.094081324e+00  1.088628904e+00  1.082000966e+00  1.074219273e+00
  1.065309509e+00  1.055301114e+00  1.044226714e+00  1.032121822e+00
  1.019024907e+00  1.004977480e+00  9.900237004e-01  9.742100545e-01
  9.575850485e-01  9.401990325e-01  9.221040722e-01  9.033536966e-01
  8.840023833e-01  8.641054504e-01  8.437189456e-01  8.228991142e-01
  8.017022338e-01  7.801844594e-01  7.584015794e-01  7.364086725e-01
  7.142599237e-01  6.920084440e-01  6.697060573e-01  6.474031132e-01
  6.251483122e-01  6.029885503e-01  5.809687764e-01  5.591318283e-01
  5.375184275e-01  5.161670256e-01  4.951136360e-01  4.743918519e-01
  4.540328153e-01  4.340652514e-01  4.145152831e-01  3.954064357e-01
  3.767599013e-01  3.585942674e-01  3.409256728e-01  3.237679266e-01
  3.071324028e-01  2.910282731e-01  2.754624775e-01  2.604398425e-01
  2.459632059e-01  2.320334278e-01  2.186496134e-01  2.058091028e-01
  1.935076451e-01  1.817395661e-01  1.704976845e-01  1.597736620e-01
  1.495580218e-01  1.398401503e-01  1.306085894e-01  1.218510803e-01
  1.135546077e-01  1.057055484e-01  9.828981421e-02  9.129290651e-02
  8.469997301e-02  7.849594036e-02  7.266558959e-02  6.719363666e-02
  6.206478255e-02  5.726378444e-02  5.277552523e-02  4.858506136e-02
  4.467768461e-02  4.103895672e-02  3.765474226e-02  3.451125576e-02
  3.159508659e-02  2.889322533e-02  2.639308827e-02  2.408253044e-02
  2.194985817e-02  1.998384300e-02  1.817372664e-02  1.650922523e-02
  1.498052899e-02  1.357829888e-02  1.229366303e-02  1.111821035e-02
  1.004398358e-02  9.063471159e-03  8.169600283e-03  7.355720830e-03
  6.615581571e-03  5.943317044e-03  5.333437649e-03  4.780819841e-03
  4.518208605e-03
@R QRFI 101 []
  2.943571499e-01  2.941938490e-01  2.937045433e-01  2.928907584e-01
  2.917550196e-01  2.903010412e-01  2.885335910e-01  2.864584727e-01
  2.840825358e-01  2.814136303e-01  2.784604571e-01  2.752324857e-01
  2.717399753e-01  2.679939946e-01  2.640063201e-01  2.597893479e-01
  2.553560129e-01  2.507197420e-01  2.458944192e-01  2.408943191e-01
  2.357339689e-01  2.304281201e-01  2.249917188e-01  2.194397638e-01
  2.137872623e-01  2.080491892e-01  2.022404212e-01  1.963756460e-01
  1.904693130e-01  1.845355851e-01  1.785882820e-01  1.726408302e-01
  1.667062166e-01  1.607969467e-01  1.549250070e-01  1.491018209e-01
  1.433382473e-01  1.376445401e-01  1.320303029e-01  1.265044939e-01
  1.210754174e-01  1.157507337e-01  1.105374088e-01  1.054417162e-01
  1.004693070e-01  9.562513798e-02  9.091351274e-02  8.633811377e-02
  8.190197409e-02  7.760753948e-02  7.345666066e-02  6.945062468e-02
  6.559018824e-02  6.187558074e-02  5.830656359e-02  5.488242741e-02
  5.160203868e-02  4.846388430e-02  4.546604919e-02  4.260630988e-02
  3.988213915e-02  3.729070673e-02  3.482895718e-02  3.249362142e-02
  3.028122872e-02  2.818814625e-02  2.621061712e-02  2.434477507e-02
  2.258665947e-02  2.093225076e-02  1.937749056e-02  1.791830311e-02
  1.655060868e-02  1.527034252e-02  1.407347339e-02  1.295601636e-02
  1.191404923e-02  1.094372179e-02  1.004126460e-02  9.203001537e-03
  8.425356424e-03  7.704860089e-03  7.038156872e-03  6.422008117e-03
  5.853295511e-03  5.329024801e-03  4.846327103e-03  4.402460061e-03
  3.994807730e-03  3.620879700e-03  3.278310142e-03  2.964856094e-03
  2.678395621e-03  2.416925642e-03  2.178560075e-03  1.961525555e-03
  1.764155086e-03  1.584884545e-03  1.422250040e-03  1.274885291e-03
  1.204855628e-03
@R QRAD 101 []
 -1.038728103e+00 -1.038175680e+00 -1.036481809e+00 -1.034125326e+00
 -1.031621613e+00 -1.028970534e+00 -1.026171981e+00 -1.023225913e+00
 -1.020132514e+00 -1.016892174e+00 -1.013505118e+00 -1.009971275e+00
 -1.006290535e+00 -1.002463039e+00 -9.984890224e-01 -9.943687246e-01
 -9.901023283e-01 -9.856900330e-01 -9.811321884e-01 -9.764293150e-01
 -9.715818337e-01 -9.665902365e-01 -9.614552544e-01 -9.561775621e-01
 -9.508609807e-01 -9.457910703e-01 -9.410464651e-01 -9.363413465e-01
 -9.314930700e-01 -9.265011507e-01 -9.213652530e-01 -9.160851905e-01
 -9.106609267e-01 -9.050925825e-01 -8.993804388e-01 -8.935248778e-01
 -8.875265542e-01 -8.813863068e-01 -8.751050132e-01 -8.686837119e-01
 -8.621236357e-01 -8.556065997e-01 -8.495047713e-01 -8.438212067e-01
 -8.381698728e-01 -8.323528975e-01 -8.263712938e-01 -8.202264699e-01
 -8.139198620e-01 -8.074533195e-01 -8.008288372e-01 -7.940486351e-01
 -7.871152510e-01 -7.800367350e-01 -7.732319109e-01 -7.670938873e-01
 -7.611804453e-01 -7.550698354e-01 -7.487650635e-01 -7.422698523e-01
 -7.355882416e-01 -7.287240580e-01 -7.216817435e-01 -7.144660431e-01
 -7.073932402e-01 -7.008799082e-01 -6.946998811e-01 -6.884069465e-01
 -6.818865811e-01 -6.751446523e-01 -6.681870408e-01 -6.610195472e-01
 -6.536475080e-01 -6.463523039e-01 -6.395348860e-01 -6.330168838e-01
 -6.263528252e-01 -6.193957670e-01 -6.121391837e-01 -6.045699201e-01
 -5.966653726e-01 -5.884658384e-01 -5.803067578e-01 -5.723234726e-01
 -5.639717802e-01 -5.547713605e-01 -5.445312665e-01 -5.330024879e-01
 -5.199531398e-01 -5.056909786e-01 -4.903926514e-01 -4.731277468e-01
 -4.544993844e-01 -4.367133529e-01 -4.221448461e-01 -4.174970804e-01
 -4.355784583e-01 -5.010364443e-01 -6.262081788e-01 -6.952608122e-01
 -6.879804605e-01
@R QOHM 101 []
  0.000000000e+00  0.000000000e+00  0.000000000e+00  0.000000000e+00
  0.000000000e+00  0.000000000e+00  0.000000000e+00  0.000000000e+00
  0.000000000e+00  0.000000000e+00  0.000000000e+00  0.000000000e+00
  0.000000000e+00  0.000000000e+00  0.000000000e+00  0.000000000e+00
  0.000000000e+00  0.000000000e+00  0.000000000e+00  0.000000000e+00
  0.000000000e+00  0.000000000e+00  0.000000000e+00  0.000000000e+00
  0.000000000e+00  0.000000000e+00  0.000000000e+00  0.000000000e+00
  0.000000000e+00  0.000000000e+00  0.000000000e+00  0.000000000e+00
  0.000000000e+00  0.000000000e+00  0.000000000e+00  0.000000000e+00
  0.000000000e+00  0.000000000e+00  0.000000000e+00  0.000000000e+00
  0.000000000e+00  0.000000000e+00  0.000000000e+00  0.000000000e+00
  0.000000000e+00  0.000000000e+00  0.000000000e+00  0.000000000e+00
  0.000000000e+00  0.000000000e+00  0.000000000e+00  0.000000000e+00
  0.000000000e+00  0.000000000e+00  0.000000000e+00  0.000000000e+00
  0.000000000e+00  0.000000000e+00  0.000000000e+00  0.000000000e+00
  0.000000000e+00  0.000000000e+00  0.000000000e+00  0.000000000e+00
  0.000000000e+00  0.000000000e+00  0.000000000e+00  0.000000000e+00
  0.000000000e+00  0.000000000e+00  0.000000000e+00  0.000000000e+00
  0.000000000e+00  0.000000000e+00  0.000000000e+00  0.000000000e+00
  0.000000000e+00  0.000000000e+00  0.000000000e+00  0.000000000e+00
  0.000000000e+00  0.000000000e+00  0.000000000e+00  0.000000000e+00
  0.000000000e+00  0.000000000e+00  0.000000000e+00  0.000000000e+00
  0.000000000e+00  0.000000000e+00  0.000000000e+00  0.000000000e+00
  0.000000000e+00  0.000000000e+00  0.000000000e+00  0.000000000e+00
  0.000000000e+00  0.000000000e+00  0.000000000e+00  0.000000000e+00
  0.000000000e+00
@R QIONE 101 []
  0.000000000e+00  0.000000000e+00  0.000000000e+00  0.000000000e+00
  0.000000000e+00  0.000000000e+00  0.000000000e+00  0.000000000e+00
  0.000000000e+00  0.000000000e+00  0.000000000e+00  0.000000000e+00
  0.000000000e+00  0.000000000e+00  0.000000000e+00  0.000000000e+00
  0.000000000e+00  0.000000000e+00  0.000000000e+00  0.000000000e+00
  0.000000000e+00  0.000000000e+00  0.000000000e+00  0.000000000e+00
  0.000000000e+00  0.000000000e+00  0.000000000e+00  0.000000000e+00
  0.000000000e+00  0.000000000e+00  0.000000000e+00  0.000000000e+00
  0.000000000e+00  0.000000000e+00  0.000000000e+00  0.000000000e+00
  0.000000000e+00  0.000000000e+00  0.000000000e+00  0.000000000e+00
  0.000000000e+00  0.000000000e+00  0.000000000e+00  0.000000000e+00
  0.000000000e+00  0.000000000e+00  0.000000000e+00  0.000000000e+00
  0.000000000e+00  0.000000000e+00  0.000000000e+00  0.000000000e+00
  0.000000000e+00  0.000000000e+00  0.000000000e+00  0.000000000e+00
  0.000000000e+00  0.000000000e+00  0.000000000e+00  0.000000000e+00
  0.000000000e+00  0.000000000e+00  0.000000000e+00  0.000000000e+00
  0.000000000e+00  0.000000000e+00  0.000000000e+00  0.000000000e+00
  0.000000000e+00  0.000000000e+00  0.000000000e+00  0.000000000e+00
  0.000000000e+00  0.000000000e+00  0.000000000e+00  0.000000000e+00
  0.000000000e+00  0.000000000e+00  0.000000000e+00  0.000000000e+00
  0.000000000e+00  0.000000000e+00  0.000000000e+00  0.000000000e+00
  0.000000000e+00  0.000000000e+00  0.000000000e+00  0.000000000e+00
  0.000000000e+00  0.000000000e+00  0.000000000e+00  0.000000000e+00
  0.000000000e+00  0.000000000e+00  0.000000000e+00  0.000000000e+00
  0.000000000e+00  0.000000000e+00  0.000000000e+00  0.000000000e+00
  0.000000000e+00
@R QIONI 101 []
  0.000000000e+00  0.000000000e+00  0.000000000e+00  0.000000000e+00
  0.000000000e+00  0.000000000e+00  0.000000000e+00  0.000000000e+00
  0.000000000e+00  0.000000000e+00  0.000000000e+00  0.000000000e+00
  0.000000000e+00  0.000000000e+00  0.000000000e+00  0.000000000e+00
  0.000000000e+00  0.000000000e+00  0.000000000e+00  0.000000000e+00
  0.000000000e+00  0.000000000e+00  0.000000000e+00  0.000000000e+00
  0.000000000e+00  0.000000000e+00  0.000000000e+00  0.000000000e+00
  0.000000000e+00  0.000000000e+00  0.000000000e+00  0.000000000e+00
  0.000000000e+00  0.000000000e+00  0.000000000e+00  0.000000000e+00
  0.000000000e+00  0.000000000e+00  0.000000000e+00  0.000000000e+00
  0.000000000e+00  0.000000000e+00  0.000000000e+00  0.000000000e+00
  0.000000000e+00  0.000000000e+00  0.000000000e+00  0.000000000e+00
  0.000000000e+00  0.000000000e+00  0.000000000e+00  0.000000000e+00
  0.000000000e+00  0.000000000e+00  0.000000000e+00  0.000000000e+00
  0.000000000e+00  0.000000000e+00  0.000000000e+00  0.000000000e+00
  0.000000000e+00  0.000000000e+00  0.000000000e+00  0.000000000e+00
  0.000000000e+00  0.000000000e+00  0.000000000e+00  0.000000000e+00
  0.000000000e+00  0.000000000e+00  0.000000000e+00  0.000000000e+00
  0.000000000e+00  0.000000000e+00  0.000000000e+00  0.000000000e+00
  0.000000000e+00  0.000000000e+00  0.000000000e+00  0.000000000e+00
  0.000000000e+00  0.000000000e+00  0.000000000e+00  0.000000000e+00
  0.000000000e+00  0.000000000e+00  0.000000000e+00  0.000000000e+00
  0.000000000e+00  0.000000000e+00  0.000000000e+00  0.000000000e+00
  0.000000000e+00  0.000000000e+00  0.000000000e+00  0.000000000e+00
  0.000000000e+00  0.000000000e+00  0.000000000e+00  0.000000000e+00
  0.000000000e+00
@R QCX 101 []
  0.000000000e+00  0.000000000e+00  0.000000000e+00  0.000000000e+00
  0.000000000e+00  0.000000000e+00  0.000000000e+00  0.000000000e+00
  0.000000000e+00  0.000000000e+00  0.000000000e+00  0.000000000e+00
  0.000000000e+00  0.000000000e+00  0.000000000e+00  0.000000000e+00
  0.000000000e+00  0.000000000e+00  0.000000000e+00  0.000000000e+00
  0.000000000e+00  0.000000000e+00  0.000000000e+00  0.000000000e+00
  0.000000000e+00  0.000000000e+00  0.000000000e+00  0.000000000e+00
  0.000000000e+00  0.000000000e+00  0.000000000e+00  0.000000000e+00
  0.000000000e+00  0.000000000e+00  0.000000000e+00  0.000000000e+00
  0.000000000e+00  0.000000000e+00  0.000000000e+00  0.000000000e+00
  0.000000000e+00  0.000000000e+00  0.000000000e+00  0.000000000e+00
  0.000000000e+00  0.000000000e+00  0.000000000e+00  0.000000000e+00
  0.000000000e+00  0.000000000e+00  0.000000000e+00  0.000000000e+00
  0.000000000e+00  0.000000000e+00  0.000000000e+00  0.000000000e+00
  0.000000000e+00  0.000000000e+00  0.000000000e+00  0.000000000e+00
  0.000000000e+00  0.000000000e+00  0.000000000e+00  0.000000000e+00
  0.000000000e+00  0.000000000e+00  0.000000000e+00  0.000000000e+00
  0.000000000e+00  0.000000000e+00  0.000000000e+00  0.000000000e+00
  0.000000000e+00  0.000000000e+00  0.000000000e+00  0.000000000e+00
  0.000000000e+00  0.000000000e+00  0.000000000e+00  0.000000000e+00
  0.000000000e+00  0.000000000e+00  0.000000000e+00  0.000000000e+00
  0.000000000e+00  0.000000000e+00  0.000000000e+00  0.000000000e+00
  0.000000000e+00  0.000000000e+00  0.000000000e+00  0.000000000e+00
  0.000000000e+00  0.000000000e+00  0.000000000e+00  0.000000000e+00
  0.000000000e+00  0.000000000e+00  0.000000000e+00  0.000000000e+00
  0.000000000e+00
@R STORQUEB 101 []
  0.000000000e+00  0.000000000e+00  0.000000000e+00  0.000000000e+00
  0.000000000e+00  0.000000000e+00  0.000000000e+00  0.000000000e+00
  0.000000000e+00  0.000000000e+00  0.000000000e+00  0.000000000e+00
  0.000000000e+00  0.000000000e+00  0.000000000e+00  0.000000000e+00
  0.000000000e+00  0.000000000e+00  0.000000000e+00  0.000000000e+00
  0.000000000e+00  0.000000000e+00  0.000000000e+00  0.000000000e+00
  0.000000000e+00  0.000000000e+00  0.000000000e+00  0.000000000e+00
  0.000000000e+00  0.000000000e+00  0.000000000e+00  0.000000000e+00
  0.000000000e+00  0.000000000e+00  0.000000000e+00  0.000000000e+00
  0.000000000e+00  0.000000000e+00  0.000000000e+00  0.000000000e+00
  0.000000000e+00  0.000000000e+00  0.000000000e+00  0.000000000e+00
  0.000000000e+00  0.000000000e+00  0.000000000e+00  0.000000000e+00
  0.000000000e+00  0.000000000e+00  0.000000000e+00  0.000000000e+00
  0.000000000e+00  0.000000000e+00  0.000000000e+00  0.000000000e+00
  0.000000000e+00  0.000000000e+00  0.000000000e+00  0.000000000e+00
  0.000000000e+00  0.000000000e+00  0.000000000e+00  0.000000000e+00
  0.000000000e+00  0.000000000e+00  0.000000000e+00  0.000000000e+00
  0.000000000e+00  0.000000000e+00  0.000000000e+00  0.000000000e+00
  0.000000000e+00  0.000000000e+00  0.000000000e+00  0.000000000e+00
  0.000000000e+00  0.000000000e+00  0.000000000e+00  0.000000000e+00
  0.000000000e+00  0.000000000e+00  0.000000000e+00  0.000000000e+00
  0.000000000e+00  0.000000000e+00  0.000000000e+00  0.000000000e+00
  0.000000000e+00  0.000000000e+00  0.000000000e+00  0.000000000e+00
  0.000000000e+00  0.000000000e+00  0.000000000e+00  0.000000000e+00
  0.000000000e+00  0.000000000e+00  0.000000000e+00  0.000000000e+00
  0.000000000e+00
@R STORQUE 101 []
  0.000000000e+00  0.000000000e+00  0.000000000e+00  0.000000000e+00
  0.000000000e+00  0.000000000e+00  0.000000000e+00  0.000000000e+00
  0.000000000e+00  0.000000000e+00  0.000000000e+00  0.000000000e+00
  0.000000000e+00  0.000000000e+00  0.000000000e+00  0.000000000e+00
  0.000000000e+00  0.000000000e+00  0.000000000e+00  0.000000000e+00
  0.000000000e+00  0.000000000e+00  0.000000000e+00  0.000000000e+00
  0.000000000e+00  0.000000000e+00  0.000000000e+00  0.000000000e+00
  0.000000000e+00  0.000000000e+00  0.000000000e+00  0.000000000e+00
  0.000000000e+00  0.000000000e+00  0.000000000e+00  0.000000000e+00
  0.000000000e+00  0.000000000e+00  0.000000000e+00  0.000000000e+00
  0.000000000e+00  0.000000000e+00  0.000000000e+00  0.000000000e+00
  0.000000000e+00  0.000000000e+00  0.000000000e+00  0.000000000e+00
  0.000000000e+00  0.000000000e+00  0.000000000e+00  0.000000000e+00
  0.000000000e+00  0.000000000e+00  0.000000000e+00  0.000000000e+00
  0.000000000e+00  0.000000000e+00  0.000000000e+00  0.000000000e+00
  0.000000000e+00  0.000000000e+00  0.000000000e+00  0.000000000e+00
  0.000000000e+00  0.000000000e+00  0.000000000e+00  0.000000000e+00
  0.000000000e+00  0.000000000e+00  0.000000000e+00  0.000000000e+00
  0.000000000e+00  0.000000000e+00  0.000000000e+00  0.000000000e+00
  0.000000000e+00  0.000000000e+00  0.000000000e+00  0.000000000e+00
  0.000000000e+00  0.000000000e+00  0.000000000e+00  0.000000000e+00
  0.000000000e+00  0.000000000e+00  0.000000000e+00  0.000000000e+00
  0.000000000e+00  0.000000000e+00  0.000000000e+00  0.000000000e+00
  0.000000000e+00  0.000000000e+00  0.000000000e+00  0.000000000e+00
  0.000000000e+00  0.000000000e+00  0.000000000e+00  0.000000000e+00
  0.000000000e+00
@R SION 101 []
  0.000000000e+00  0.000000000e+00  0.000000000e+00  0.000000000e+00
  0.000000000e+00  0.000000000e+00  0.000000000e+00  0.000000000e+00
  0.000000000e+00  0.000000000e+00  0.000000000e+00  0.000000000e+00
  0.000000000e+00  0.000000000e+00  0.000000000e+00  0.000000000e+00
  0.000000000e+00  0.000000000e+00  0.000000000e+00  0.000000000e+00
  0.000000000e+00  0.000000000e+00  0.000000000e+00  0.000000000e+00
  0.000000000e+00  0.000000000e+00  0.000000000e+00  0.000000000e+00
  0.000000000e+00  0.000000000e+00  0.000000000e+00  0.000000000e+00
  0.000000000e+00  0.000000000e+00  0.000000000e+00  0.000000000e+00
  0.000000000e+00  0.000000000e+00  0.000000000e+00  0.000000000e+00
  0.000000000e+00  0.000000000e+00  0.000000000e+00  0.000000000e+00
  0.000000000e+00  0.000000000e+00  0.000000000e+00  0.000000000e+00
  0.000000000e+00  0.000000000e+00  0.000000000e+00  0.000000000e+00
  0.000000000e+00  0.000000000e+00  0.000000000e+00  0.000000000e+00
  0.000000000e+00  0.000000000e+00  0.000000000e+00  0.000000000e+00
  0.000000000e+00  0.000000000e+00  0.000000000e+00  0.000000000e+00
  0.000000000e+00  0.000000000e+00  0.000000000e+00  0.000000000e+00
  0.000000000e+00  0.000000000e+00  0.000000000e+00  0.000000000e+00
  0.000000000e+00  0.000000000e+00  0.000000000e+00  0.000000000e+00
  0.000000000e+00  0.000000000e+00  0.000000000e+00  0.000000000e+00
  0.000000000e+00  0.000000000e+00  0.000000000e+00  0.000000000e+00
  0.000000000e+00  0.000000000e+00  0.000000000e+00  0.000000000e+00
  0.000000000e+00  0.000000000e+00  0.000000000e+00  0.000000000e+00
  0.000000000e+00  0.000000000e+00  0.000000000e+00  0.000000000e+00
  0.000000000e+00  0.000000000e+00  0.000000000e+00  0.000000000e+00
  0.000000000e+00
@R CHIE 101 []
  0.000000000e+00  0.000000000e+00  0.000000000e+00  0.000000000e+00
  0.000000000e+00  0.000000000e+00  0.000000000e+00  0.000000000e+00
  0.000000000e+00  0.000000000e+00  0.000000000e+00  0.000000000e+00
  0.000000000e+00  0.000000000e+00  0.000000000e+00  0.000000000e+00
  0.000000000e+00  0.000000000e+00  0.000000000e+00  0.000000000e+00
  0.000000000e+00  0.000000000e+00  0.000000000e+00  0.000000000e+00
  0.000000000e+00  0.000000000e+00  0.000000000e+00  0.000000000e+00
  0.000000000e+00  0.000000000e+00  0.000000000e+00  0.000000000e+00
  0.000000000e+00  0.000000000e+00  0.000000000e+00  0.000000000e+00
  0.000000000e+00  0.000000000e+00  0.000000000e+00  0.000000000e+00
  0.000000000e+00  0.000000000e+00  0.000000000e+00  0.000000000e+00
  0.000000000e+00  0.000000000e+00  0.000000000e+00  0.000000000e+00
  0.000000000e+00  0.000000000e+00  0.000000000e+00  0.000000000e+00
  0.000000000e+00  0.000000000e+00  0.000000000e+00  0.000000000e+00
  0.000000000e+00  0.000000000e+00  0.000000000e+00  0.000000000e+00
  0.000000000e+00  0.000000000e+00  0.000000000e+00  0.000000000e+00
  0.000000000e+00  0.000000000e+00  0.000000000e+00  0.000000000e+00
  0.000000000e+00  0.000000000e+00  0.000000000e+00  0.000000000e+00
  0.000000000e+00  0.000000000e+00  0.000000000e+00  0.000000000e+00
  0.000000000e+00  0.000000000e+00  0.000000000e+00  0.000000000e+00
  0.000000000e+00  0.000000000e+00  0.000000000e+00  0.000000000e+00
  0.000000000e+00  0.000000000e+00  0.000000000e+00  0.000000000e+00
  0.000000000e+00  0.000000000e+00  0.000000000e+00  0.000000000e+00
  0.000000000e+00  0.000000000e+00  0.000000000e+00  0.000000000e+00
  0.000000000e+00  0.000000000e+00  0.000000000e+00  0.000000000e+00
  0.000000000e+00
@R CHII 101 []
  0.000000000e+00  0.000000000e+00  0.000000000e+00  0.000000000e+00
  0.000000000e+00  0.000000000e+00  0.000000000e+00  0.000000000e+00
  0.000000000e+00  0.000000000e+00  0.000000000e+00  0.000000000e+00
  0.000000000e+00  0.000000000e+00  0.000000000e+00  0.000000000e+00
  0.000000000e+00  0.000000000e+00  0.000000000e+00  0.000000000e+00
  0.000000000e+00  0.000000000e+00  0.000000000e+00  0.000000000e+00
  0.000000000e+00  0.000000000e+00  0.000000000e+00  0.000000000e+00
  0.000000000e+00  0.000000000e+00  0.000000000e+00  0.000000000e+00
  0.000000000e+00  0.000000000e+00  0.000000000e+00  0.000000000e+00
  0.000000000e+00  0.000000000e+00  0.000000000e+00  0.000000000e+00
  0.000000000e+00  0.000000000e+00  0.000000000e+00  0.000000000e+00
  0.000000000e+00  0.000000000e+00  0.000000000e+00  0.000000000e+00
  0.000000000e+00  0.000000000e+00  0.000000000e+00  0.000000000e+00
  0.000000000e+00  0.000000000e+00  0.000000000e+00  0.000000000e+00
  0.000000000e+00  0.000000000e+00  0.000000000e+00  0.000000000e+00
  0.000000000e+00  0.000000000e+00  0.000000000e+00  0.000000000e+00
  0.000000000e+00  0.000000000e+00  0.000000000e+00  0.000000000e+00
  0.000000000e+00  0.000000000e+00  0.000000000e+00  0.000000000e+00
  0.000000000e+00  0.000000000e+00  0.000000000e+00  0.000000000e+00
  0.000000000e+00  0.000000000e+00  0.000000000e+00  0.000000000e+00
  0.000000000e+00  0.000000000e+00  0.000000000e+00  0.000000000e+00
  0.000000000e+00  0.000000000e+00  0.000000000e+00  0.000000000e+00
  0.000000000e+00  0.000000000e+00  0.000000000e+00  0.000000000e+00
  0.000000000e+00  0.000000000e+00  0.000000000e+00  0.000000000e+00
  0.000000000e+00  0.000000000e+00  0.000000000e+00  0.000000000e+00
  0.000000000e+00
