 # generated by zfastran.py Ver+Oct2009
@R INFLAG 1 []
  1.000000000e+00
@R TIME0 1 [s]
  0.000000000e+00
@R IP 1 []
  9.999999995e+00
@R BCENTR 1 []
  1.100000000e+01
@R RMAJOR 1 []
  4.550000000e+00
@R AMINOR 1 []
  1.108898532e+00
@R ELONGB 1 []
  1.350121518e+00
@R TRIANB 1 []
 -3.215493962e-01
@R RHO 101 []
  0.000000000e+00  1.000000000e-02  2.000000000e-02  3.000000000e-02
  4.000000000e-02  5.000000000e-02  6.000000000e-02  7.000000000e-02
  8.000000000e-02  9.000000000e-02  1.000000000e-01  1.100000000e-01
  1.200000000e-01  1.300000000e-01  1.400000000e-01  1.500000000e-01
  1.600000000e-01  1.700000000e-01  1.800000000e-01  1.900000000e-01
  2.000000000e-01  2.100000000e-01  2.200000000e-01  2.300000000e-01
  2.400000000e-01  2.500000000e-01  2.600000000e-01  2.700000000e-01
  2.800000000e-01  2.900000000e-01  3.000000000e-01  3.100000000e-01
  3.200000000e-01  3.300000000e-01  3.400000000e-01  3.500000000e-01
  3.600000000e-01  3.700000000e-01  3.800000000e-01  3.900000000e-01
  4.000000000e-01  4.100000000e-01  4.200000000e-01  4.300000000e-01
  4.400000000e-01  4.500000000e-01  4.600000000e-01  4.700000000e-01
  4.800000000e-01  4.900000000e-01  5.000000000e-01  5.100000000e-01
  5.200000000e-01  5.300000000e-01  5.400000000e-01  5.500000000e-01
  5.600000000e-01  5.700000000e-01  5.800000000e-01  5.900000000e-01
  6.000000000e-01  6.100000000e-01  6.200000000e-01  6.300000000e-01
  6.400000000e-01  6.500000000e-01  6.600000000e-01  6.700000000e-01
  6.800000000e-01  6.900000000e-01  7.000000000e-01  7.100000000e-01
  7.200000000e-01  7.300000000e-01  7.400000000e-01  7.500000000e-01
  7.600000000e-01  7.700000000e-01  7.800000000e-01  7.900000000e-01
  8.000000000e-01  8.100000000e-01  8.200000000e-01  8.300000000e-01
  8.400000000e-01  8.500000000e-01  8.600000000e-01  8.700000000e-01
  8.800000000e-01  8.900000000e-01  9.000000000e-01  9.100000000e-01
  9.200000000e-01  9.300000000e-01  9.400000000e-01  9.500000000e-01
  9.600000000e-01  9.700000000e-01  9.800000000e-01  9.900000000e-01
  1.000000000e+00
@R AMAIN 1 []
  2.500000000e+00
@R ZMAIN 1 []
  1.000000000e+00
@I NIMP 1 []
                1
@R AIMP 1 []
  1.820000000e+02
@R ZIMP 1 []
  7.400000000e+01
@R FIMP 1 []
  4.894683557e-05
@R ENE 101 []
  2.762637092e+01  2.762637092e+01  2.757235982e+01  2.751450361e+01
  2.745285286e+01  2.738745813e+01  2.731836998e+01  2.724563899e+01
  2.716931572e+01  2.708945072e+01  2.700609457e+01  2.691929784e+01
  2.682911107e+01  2.673558485e+01  2.663876973e+01  2.653871628e+01
  2.643547506e+01  2.632909664e+01  2.621963158e+01  2.610713045e+01
  2.599164381e+01  2.587322223e+01  2.575191627e+01  2.562777649e+01
  2.550085347e+01  2.537119775e+01  2.523885992e+01  2.510389053e+01
  2.496634015e+01  2.482625935e+01  2.468369868e+01  2.453870871e+01
  2.439134001e+01  2.424164314e+01  2.408966867e+01  2.393546716e+01
  2.377908917e+01  2.362058528e+01  2.346000603e+01  2.329740201e+01
  2.313282377e+01  2.296632187e+01  2.279794689e+01  2.262774938e+01
  2.245577991e+01  2.228208904e+01  2.210672733e+01  2.192974535e+01
  2.175119365e+01  2.157112279e+01  2.138958333e+01  2.120662581e+01
  2.102230078e+01  2.083665877e+01  2.064975031e+01  2.046162589e+01
  2.027233599e+01  2.008193106e+01  1.989046147e+01  1.969797755e+01
  1.950452948e+01  1.931016732e+01  1.911494090e+01  1.891889975e+01
  1.872209295e+01  1.852456898e+01  1.832637542e+01  1.812755861e+01
  1.792816316e+01  1.772823115e+01  1.752780119e+01  1.732690690e+01
  1.712557492e+01  1.692382203e+01  1.672165114e+01  1.651904563e+01
  1.631596151e+01  1.611231636e+01  1.590797403e+01  1.570272338e+01
  1.549624892e+01  1.528809061e+01  1.507758928e+01  1.486381363e+01
  1.464546461e+01  1.442075424e+01  1.418726007e+01  1.394176664e+01
  1.368012594e+01  1.339720656e+01  1.308706069e+01  1.274351126e+01
  1.236140712e+01  1.193870464e+01  1.147915304e+01  1.099462890e+01
  1.050546087e+01  1.003732921e+01  9.615147828e+00  9.256666394e+00
  8.969028760e+00
@R TE 101 []
  1.881488206e+01  1.881488206e+01  1.875344373e+01  1.868699833e+01
  1.861565494e+01  1.853952260e+01  1.845871040e+01  1.837332738e+01
  1.828348261e+01  1.818928515e+01  1.809084407e+01  1.798826843e+01
  1.788166728e+01  1.777114969e+01  1.765682473e+01  1.753880145e+01
  1.741718891e+01  1.729209619e+01  1.716363233e+01  1.703190641e+01
  1.689702749e+01  1.675910462e+01  1.661824687e+01  1.647456330e+01
  1.632816297e+01  1.617915496e+01  1.602764830e+01  1.587375208e+01
  1.571757535e+01  1.555922718e+01  1.539881662e+01  1.523645274e+01
  1.507224460e+01  1.490630126e+01  1.473873178e+01  1.456964523e+01
  1.439915068e+01  1.422735717e+01  1.405437377e+01  1.388030955e+01
  1.370527357e+01  1.352937488e+01  1.335272256e+01  1.317542566e+01
  1.299759324e+01  1.281933438e+01  1.264075812e+01  1.246197353e+01
  1.228308967e+01  1.210421560e+01  1.192546039e+01  1.174693309e+01
  1.156874276e+01  1.139099846e+01  1.121380924e+01  1.103728414e+01
  1.086153222e+01  1.068666249e+01  1.051278398e+01  1.034000567e+01
  1.016843652e+01  9.998185426e+00  9.829361202e+00  9.662072537e+00
  9.496427926e+00  9.332535577e+00  9.170503263e+00  9.010438096e+00
  8.852446194e+00  8.696632172e+00  8.543098375e+00  8.391943714e+00
  8.243261917e+00  8.097138875e+00  7.953648631e+00  7.812847327e+00
  7.674764034e+00  7.539386912e+00  7.406642297e+00  7.276363138e+00
  7.148241471e+00  7.021757038e+00  6.896070613e+00  6.769865824e+00
  6.641117537e+00  6.506759547e+00  6.362223641e+00  6.200836531e+00
  6.013113130e+00  5.786115153e+00  5.503307167e+00  5.145753397e+00
  4.695867140e+00  4.144583440e+00  3.500704056e+00  2.797275325e+00
  2.087842618e+00  1.430722700e+00  8.698377708e-01  4.242299685e-01
  9.022769169e-02
@R TI 101 []
  1.901511263e+01  1.901511263e+01  1.895268916e+01  1.888517807e+01
  1.881269020e+01  1.873533634e+01  1.865322733e+01  1.856647398e+01
  1.847518710e+01  1.837947751e+01  1.827945604e+01  1.817523350e+01
  1.806692070e+01  1.795462846e+01  1.783846761e+01  1.771854896e+01
  1.759498332e+01  1.746788152e+01  1.733735437e+01  1.720351268e+01
  1.706646729e+01  1.692632900e+01  1.678320863e+01  1.663721700e+01
  1.648846493e+01  1.633706323e+01  1.618312273e+01  1.602675423e+01
  1.586806857e+01  1.570717654e+01  1.554418898e+01  1.537921670e+01
  1.521237052e+01  1.504376126e+01  1.487349972e+01  1.470169674e+01
  1.452846313e+01  1.435390970e+01  1.417814727e+01  1.400128667e+01
  1.382343870e+01  1.364471419e+01  1.346522395e+01  1.328507880e+01
  1.310438957e+01  1.292326705e+01  1.274182208e+01  1.256016547e+01
  1.237840804e+01  1.219666060e+01  1.201503397e+01  1.183363896e+01
  1.165258639e+01  1.147198707e+01  1.129195181e+01  1.111259141e+01
  1.093401667e+01  1.075633837e+01  1.057966729e+01  1.040411418e+01
  1.022978974e+01  1.005680462e+01  9.885269412e+00  9.715294552e+00
  9.546990302e+00  9.380466637e+00  9.215833098e+00  9.053198579e+00
  8.892670985e+00  8.734356739e+00  8.578360012e+00  8.424781579e+00
  8.273717081e+00  8.125254391e+00  7.979469646e+00  7.836421229e+00
  7.696140681e+00  7.558618956e+00  7.423785648e+00  7.291477647e+00
  7.161391893e+00  7.033014410e+00  6.905514189e+00  6.777585750e+00
  6.647218457e+00  6.511365282e+00  6.365482850e+00  6.202928744e+00
  6.014253429e+00  5.786553875e+00  5.503318596e+00  5.145606206e+00
  4.695774014e+00  4.144643582e+00  3.500876392e+00  2.797424222e+00
  2.087848488e+00  1.430578712e+00  8.696567322e-01  4.241731036e-01
  9.042720551e-02
@R ZEFF 101 []
  1.264410806e+00  1.264410806e+00  1.263574624e+00  1.262670182e+00
  1.261698154e+00  1.260659196e+00  1.259553948e+00  1.258383040e+00
  1.257147095e+00  1.255846733e+00  1.254482579e+00  1.253055260e+00
  1.251565418e+00  1.250013706e+00  1.248400800e+00  1.246727396e+00
  1.244994219e+00  1.243202027e+00  1.241351614e+00  1.239443817e+00
  1.237479518e+00  1.235459650e+00  1.233385204e+00  1.231257230e+00
  1.229076846e+00  1.226845241e+00  1.224563681e+00  1.222233514e+00
  1.219856175e+00  1.217433193e+00  1.214966192e+00  1.212456902e+00
  1.209907158e+00  1.207318907e+00  1.204694213e+00  1.202035259e+00
  1.199344350e+00  1.196623920e+00  1.193876525e+00  1.191104854e+00
  1.188311722e+00  1.185500076e+00  1.182672985e+00  1.179833645e+00
  1.176985369e+00  1.174131585e+00  1.171275829e+00  1.168421734e+00
  1.165573022e+00  1.162733491e+00  1.159907005e+00  1.157097474e+00
  1.154308842e+00  1.151545068e+00  1.148810105e+00  1.146107883e+00
  1.143442283e+00  1.140817117e+00  1.138236105e+00  1.135702850e+00
  1.133220815e+00  1.130793298e+00  1.128423411e+00  1.126114058e+00
  1.123867910e+00  1.121687389e+00  1.119574647e+00  1.117531551e+00
  1.115559669e+00  1.113660254e+00  1.111834234e+00  1.110082202e+00
  1.108404397e+00  1.106800699e+00  1.105270604e+00  1.103813197e+00
  1.102427113e+00  1.101110473e+00  1.099860793e+00  1.098674844e+00
  1.097548448e+00  1.096476186e+00  1.095450981e+00  1.094463530e+00
  1.093501563e+00  1.092548966e+00  1.091584934e+00  1.090583620e+00
  1.089515343e+00  1.088351364e+00  1.087075187e+00  1.085702600e+00
  1.084306271e+00  1.083025069e+00  1.082024849e+00  1.081405034e+00
  1.081125079e+00  1.081043276e+00  1.081030667e+00  1.081030003e+00
  1.081030000e+00
@R OMEGA 101 []
  4.992501875e+03  4.992501875e+03  4.978801804e+03  4.961079526e+03
  4.940120160e+03  4.916382264e+03  4.890178959e+03  4.861743180e+03
  4.831258024e+03  4.798873089e+03  4.764714177e+03  4.728889466e+03
  4.691493659e+03  4.652610886e+03  4.612316799e+03  4.570680145e+03
  4.527763951e+03  4.483626454e+03  4.438321832e+03  4.391900796e+03
  4.344411068e+03  4.295897774e+03  4.246403778e+03  4.195969955e+03
  4.144635428e+03  4.092437767e+03  4.039413164e+03  3.985596584e+03
  3.931021896e+03  3.875721988e+03  3.819728870e+03  3.763073767e+03
  3.705787199e+03  3.647899055e+03  3.589438660e+03  3.530434837e+03
  3.470915960e+03  3.410910006e+03  3.350444605e+03  3.289547080e+03
  3.228244492e+03  3.166563674e+03  3.104531273e+03  3.042173783e+03
  2.979517575e+03  2.916588934e+03  2.853414088e+03  2.790019238e+03
  2.726430588e+03  2.662674375e+03  2.598776897e+03  2.534764544e+03
  2.470663824e+03  2.406501396e+03  2.342304099e+03  2.278098979e+03
  2.213913327e+03  2.149774707e+03  2.085710992e+03  2.021750397e+03
  1.957921519e+03  1.894253376e+03  1.830775447e+03  1.767517715e+03
  1.704510722e+03  1.641785608e+03  1.579374179e+03  1.517308956e+03
  1.455623246e+03  1.394351213e+03  1.333527952e+03  1.273189580e+03
  1.213373329e+03  1.154117653e+03  1.095462349e+03  1.037448686e+03
  9.801195629e+02  9.235196753e+02  8.676957162e+02  8.126966008e+02
  7.585737302e+02  7.053812976e+02  6.531766492e+02  6.020207128e+02
  5.519785103e+02  5.031197796e+02  4.555197357e+02  4.092600162e+02
  3.644298727e+02  3.211276991e+02  2.794630303e+02  2.395592200e+02
  2.015571260e+02  1.656203590e+02  1.319430748e+02  1.007621703e+02
  7.237775876e+01  4.719105135e+01  2.578549737e+01  9.151104569e+00
 -2.470912364e-12
@R Q 101 []
  0.000000000e+00  0.000000000e+00  0.000000000e+00  0.000000000e+00
  0.000000000e+00  0.000000000e+00  0.000000000e+00  0.000000000e+00
  0.000000000e+00  0.000000000e+00  0.000000000e+00  0.000000000e+00
  0.000000000e+00  0.000000000e+00  0.000000000e+00  0.000000000e+00
  0.000000000e+00  0.000000000e+00  0.000000000e+00  0.000000000e+00
  0.000000000e+00  0.000000000e+00  0.000000000e+00  0.000000000e+00
  0.000000000e+00  0.000000000e+00  0.000000000e+00  0.000000000e+00
  0.000000000e+00  0.000000000e+00  0.000000000e+00  0.000000000e+00
  0.000000000e+00  0.000000000e+00  0.000000000e+00  0.000000000e+00
  0.000000000e+00  0.000000000e+00  0.000000000e+00  0.000000000e+00
  0.000000000e+00  0.000000000e+00  0.000000000e+00  0.000000000e+00
  0.000000000e+00  0.000000000e+00  0.000000000e+00  0.000000000e+00
  0.000000000e+00  0.000000000e+00  0.000000000e+00  0.000000000e+00
  0.000000000e+00  0.000000000e+00  0.000000000e+00  0.000000000e+00
  0.000000000e+00  0.000000000e+00  0.000000000e+00  0.000000000e+00
  0.000000000e+00  0.000000000e+00  0.000000000e+00  0.000000000e+00
  0.000000000e+00  0.000000000e+00  0.000000000e+00  0.000000000e+00
  0.000000000e+00  0.000000000e+00  0.000000000e+00  0.000000000e+00
  0.000000000e+00  0.000000000e+00  0.000000000e+00  0.000000000e+00
  0.000000000e+00  0.000000000e+00  0.000000000e+00  0.000000000e+00
  0.000000000e+00  0.000000000e+00  0.000000000e+00  0.000000000e+00
  0.000000000e+00  0.000000000e+00  0.000000000e+00  0.000000000e+00
  0.000000000e+00  0.000000000e+00  0.000000000e+00  0.000000000e+00
  0.000000000e+00  0.000000000e+00  0.000000000e+00  0.000000000e+00
  0.000000000e+00  0.000000000e+00  0.000000000e+00  0.000000000e+00
  0.000000000e+00
@R FP 101 []
  0.000000000e+00  0.000000000e+00  0.000000000e+00  0.000000000e+00
  0.000000000e+00  0.000000000e+00  0.000000000e+00  0.000000000e+00
  0.000000000e+00  0.000000000e+00  0.000000000e+00  0.000000000e+00
  0.000000000e+00  0.000000000e+00  0.000000000e+00  0.000000000e+00
  0.000000000e+00  0.000000000e+00  0.000000000e+00  0.000000000e+00
  0.000000000e+00  0.000000000e+00  0.000000000e+00  0.000000000e+00
  0.000000000e+00  0.000000000e+00  0.000000000e+00  0.000000000e+00
  0.000000000e+00  0.000000000e+00  0.000000000e+00  0.000000000e+00
  0.000000000e+00  0.000000000e+00  0.000000000e+00  0.000000000e+00
  0.000000000e+00  0.000000000e+00  0.000000000e+00  0.000000000e+00
  0.000000000e+00  0.000000000e+00  0.000000000e+00  0.000000000e+00
  0.000000000e+00  0.000000000e+00  0.000000000e+00  0.000000000e+00
  0.000000000e+00  0.000000000e+00  0.000000000e+00  0.000000000e+00
  0.000000000e+00  0.000000000e+00  0.000000000e+00  0.000000000e+00
  0.000000000e+00  0.000000000e+00  0.000000000e+00  0.000000000e+00
  0.000000000e+00  0.000000000e+00  0.000000000e+00  0.000000000e+00
  0.000000000e+00  0.000000000e+00  0.000000000e+00  0.000000000e+00
  0.000000000e+00  0.000000000e+00  0.000000000e+00  0.000000000e+00
  0.000000000e+00  0.000000000e+00  0.000000000e+00  0.000000000e+00
  0.000000000e+00  0.000000000e+00  0.000000000e+00  0.000000000e+00
  0.000000000e+00  0.000000000e+00  0.000000000e+00  0.000000000e+00
  0.000000000e+00  0.000000000e+00  0.000000000e+00  0.000000000e+00
  0.000000000e+00  0.000000000e+00  0.000000000e+00  0.000000000e+00
  0.000000000e+00  0.000000000e+00  0.000000000e+00  0.000000000e+00
  0.000000000e+00  0.000000000e+00  0.000000000e+00  0.000000000e+00
  0.000000000e+00
@R CURPAR 101 []
  3.649891403e+00  3.649658170e+00  3.648827120e+00  3.647218458e+00
  3.644823800e+00  3.641706409e+00  3.637891607e+00  3.633382187e+00
  3.628178913e+00  3.622281870e+00  3.615691056e+00  3.608406473e+00
  3.600428120e+00  3.591755997e+00  3.582390104e+00  3.572330441e+00
  3.561577009e+00  3.550129807e+00  3.537988834e+00  3.525154092e+00
  3.511625581e+00  3.497403299e+00  3.482487247e+00  3.466877426e+00
  3.450573835e+00  3.433576474e+00  3.415885343e+00  3.397500442e+00
  3.378421772e+00  3.358649331e+00  3.338183121e+00  3.317023141e+00
  3.295169391e+00  3.272621871e+00  3.249380582e+00  3.225445522e+00
  3.200816693e+00  3.175494094e+00  3.149477725e+00  3.122767586e+00
  3.095363677e+00  3.067265999e+00  3.038474551e+00  3.008989333e+00
  2.978810345e+00  2.947937587e+00  2.916371059e+00  2.884110762e+00
  2.851156694e+00  2.817508857e+00  2.783167250e+00  2.748131873e+00
  2.712402727e+00  2.675979810e+00  2.638863124e+00  2.601052667e+00
  2.562548441e+00  2.523350446e+00  2.483458680e+00  2.442873144e+00
  2.401593839e+00  2.359620764e+00  2.316953919e+00  2.273593304e+00
  2.229538919e+00  2.184790764e+00  2.139348840e+00  2.093213146e+00
  2.046383681e+00  1.998860448e+00  1.950643444e+00  1.901732670e+00
  1.852128127e+00  1.801829813e+00  1.750837730e+00  1.699151877e+00
  1.646772254e+00  1.593698862e+00  1.539931699e+00  1.485470767e+00
  1.430316065e+00  1.374467593e+00  1.317925351e+00  1.260689339e+00
  1.202759558e+00  1.144136006e+00  1.084818685e+00  1.024807594e+00
  9.641027333e-01  9.027041026e-01  8.406117020e-01  7.778255317e-01
  7.143455914e-01  6.501718814e-01  5.853044014e-01  5.197770272e-01
  4.539623888e-01  3.896897624e-01  3.310120102e-01  2.860809281e-01
  2.684494180e-01
@R CURBEAM 101 []
  0.000000000e+00  0.000000000e+00  0.000000000e+00  0.000000000e+00
  0.000000000e+00  0.000000000e+00  0.000000000e+00  0.000000000e+00
  0.000000000e+00  0.000000000e+00  0.000000000e+00  0.000000000e+00
  0.000000000e+00  0.000000000e+00  0.000000000e+00  0.000000000e+00
  0.000000000e+00  0.000000000e+00  0.000000000e+00  0.000000000e+00
  0.000000000e+00  0.000000000e+00  0.000000000e+00  0.000000000e+00
  0.000000000e+00  0.000000000e+00  0.000000000e+00  0.000000000e+00
  0.000000000e+00  0.000000000e+00  0.000000000e+00  0.000000000e+00
  0.000000000e+00  0.000000000e+00  0.000000000e+00  0.000000000e+00
  0.000000000e+00  0.000000000e+00  0.000000000e+00  0.000000000e+00
  0.000000000e+00  0.000000000e+00  0.000000000e+00  0.000000000e+00
  0.000000000e+00  0.000000000e+00  0.000000000e+00  0.000000000e+00
  0.000000000e+00  0.000000000e+00  0.000000000e+00  0.000000000e+00
  0.000000000e+00  0.000000000e+00  0.000000000e+00  0.000000000e+00
  0.000000000e+00  0.000000000e+00  0.000000000e+00  0.000000000e+00
  0.000000000e+00  0.000000000e+00  0.000000000e+00  0.000000000e+00
  0.000000000e+00  0.000000000e+00  0.000000000e+00  0.000000000e+00
  0.000000000e+00  0.000000000e+00  0.000000000e+00  0.000000000e+00
  0.000000000e+00  0.000000000e+00  0.000000000e+00  0.000000000e+00
  0.000000000e+00  0.000000000e+00  0.000000000e+00  0.000000000e+00
  0.000000000e+00  0.000000000e+00  0.000000000e+00  0.000000000e+00
  0.000000000e+00  0.000000000e+00  0.000000000e+00  0.000000000e+00
  0.000000000e+00  0.000000000e+00  0.000000000e+00  0.000000000e+00
  0.000000000e+00  0.000000000e+00  0.000000000e+00  0.000000000e+00
  0.000000000e+00  0.000000000e+00  0.000000000e+00  0.000000000e+00
  0.000000000e+00
@R CURRF 101 []
  1.192344841e+00  1.185803146e+00  1.186103323e+00  1.279853768e+00
  1.406638363e+00  1.403149979e+00  1.317199900e+00  1.258601345e+00
  1.194187567e+00  1.050564589e+00  9.057240462e-01  8.566846475e-01
  8.126168001e-01  6.807391503e-01  5.806644260e-01  6.135344504e-01
  6.459286272e-01  5.653226562e-01  4.874713139e-01  5.221026112e-01
  5.715592936e-01  5.352753316e-01  4.904834306e-01  5.165188983e-01
  5.354490540e-01  4.682751529e-01  3.843511232e-01  3.665922408e-01
  3.703465569e-01  3.265795929e-01  2.662181569e-01  2.520011120e-01
  2.585284417e-01  2.297892968e-01  1.833534039e-01  1.675676702e-01
  1.771801568e-01  1.686690789e-01  1.376164131e-01  1.186968451e-01
  1.215889566e-01  1.187178777e-01  9.781768346e-02  8.056249404e-02
  8.259182401e-02  8.882246617e-02  8.045182838e-02  6.330261030e-02
  5.573543864e-02  6.019379493e-02  6.127685045e-02  5.090876050e-02
  3.907195285e-02  3.800326773e-02  4.445480687e-02  4.535805157e-02
  3.645494300e-02  2.707409069e-02  2.610935509e-02  3.059221953e-02
  3.146659977e-02  2.557243693e-02  1.865039481e-02  1.690844576e-02
  1.963124049e-02  2.133864971e-02  1.869590371e-02  1.392153382e-02
  1.116666661e-02  1.160230192e-02  1.265835675e-02  1.170090490e-02
  9.906320236e-03  8.547435376e-03  7.823142720e-03  8.215732549e-03
  8.812856832e-03  8.498242676e-03  7.251822966e-03  5.909451201e-03
  5.125658983e-03  4.953264441e-03  4.957083886e-03  4.730581416e-03
  4.174044500e-03  3.418408584e-03  2.645907839e-03  1.993995139e-03
  1.484309178e-03  1.045623080e-03  6.010837804e-04  1.307004042e-04
 -3.017701889e-04 -6.239100872e-04 -8.021331201e-04 -8.426337918e-04
 -7.736207813e-04 -6.362983924e-04 -4.681835790e-04 -2.124017845e-04
 -4.496310915e-05
@R CURBOOT 101 []
  0.000000000e+00  0.000000000e+00  0.000000000e+00  0.000000000e+00
  0.000000000e+00  0.000000000e+00  0.000000000e+00  0.000000000e+00
  0.000000000e+00  0.000000000e+00  0.000000000e+00  0.000000000e+00
  0.000000000e+00  0.000000000e+00  0.000000000e+00  0.000000000e+00
  0.000000000e+00  0.000000000e+00  0.000000000e+00  0.000000000e+00
  0.000000000e+00  0.000000000e+00  0.000000000e+00  0.000000000e+00
  0.000000000e+00  0.000000000e+00  0.000000000e+00  0.000000000e+00
  0.000000000e+00  0.000000000e+00  0.000000000e+00  0.000000000e+00
  0.000000000e+00  0.000000000e+00  0.000000000e+00  0.000000000e+00
  0.000000000e+00  0.000000000e+00  0.000000000e+00  0.000000000e+00
  0.000000000e+00  0.000000000e+00  0.000000000e+00  0.000000000e+00
  0.000000000e+00  0.000000000e+00  0.000000000e+00  0.000000000e+00
  0.000000000e+00  0.000000000e+00  0.000000000e+00  0.000000000e+00
  0.000000000e+00  0.000000000e+00  0.000000000e+00  0.000000000e+00
  0.000000000e+00  0.000000000e+00  0.000000000e+00  0.000000000e+00
  0.000000000e+00  0.000000000e+00  0.000000000e+00  0.000000000e+00
  0.000000000e+00  0.000000000e+00  0.000000000e+00  0.000000000e+00
  0.000000000e+00  0.000000000e+00  0.000000000e+00  0.000000000e+00
  0.000000000e+00  0.000000000e+00  0.000000000e+00  0.000000000e+00
  0.000000000e+00  0.000000000e+00  0.000000000e+00  0.000000000e+00
  0.000000000e+00  0.000000000e+00  0.000000000e+00  0.000000000e+00
  0.000000000e+00  0.000000000e+00  0.000000000e+00  0.000000000e+00
  0.000000000e+00  0.000000000e+00  0.000000000e+00  0.000000000e+00
  0.000000000e+00  0.000000000e+00  0.000000000e+00  0.000000000e+00
  0.000000000e+00  0.000000000e+00  0.000000000e+00  0.000000000e+00
  0.000000000e+00
@R ENBEAM 101 []
  0.000000000e+00  0.000000000e+00  0.000000000e+00  0.000000000e+00
  0.000000000e+00  0.000000000e+00  0.000000000e+00  0.000000000e+00
  0.000000000e+00  0.000000000e+00  0.000000000e+00  0.000000000e+00
  0.000000000e+00  0.000000000e+00  0.000000000e+00  0.000000000e+00
  0.000000000e+00  0.000000000e+00  0.000000000e+00  0.000000000e+00
  0.000000000e+00  0.000000000e+00  0.000000000e+00  0.000000000e+00
  0.000000000e+00  0.000000000e+00  0.000000000e+00  0.000000000e+00
  0.000000000e+00  0.000000000e+00  0.000000000e+00  0.000000000e+00
  0.000000000e+00  0.000000000e+00  0.000000000e+00  0.000000000e+00
  0.000000000e+00  0.000000000e+00  0.000000000e+00  0.000000000e+00
  0.000000000e+00  0.000000000e+00  0.000000000e+00  0.000000000e+00
  0.000000000e+00  0.000000000e+00  0.000000000e+00  0.000000000e+00
  0.000000000e+00  0.000000000e+00  0.000000000e+00  0.000000000e+00
  0.000000000e+00  0.000000000e+00  0.000000000e+00  0.000000000e+00
  0.000000000e+00  0.000000000e+00  0.000000000e+00  0.000000000e+00
  0.000000000e+00  0.000000000e+00  0.000000000e+00  0.000000000e+00
  0.000000000e+00  0.000000000e+00  0.000000000e+00  0.000000000e+00
  0.000000000e+00  0.000000000e+00  0.000000000e+00  0.000000000e+00
  0.000000000e+00  0.000000000e+00  0.000000000e+00  0.000000000e+00
  0.000000000e+00  0.000000000e+00  0.000000000e+00  0.000000000e+00
  0.000000000e+00  0.000000000e+00  0.000000000e+00  0.000000000e+00
  0.000000000e+00  0.000000000e+00  0.000000000e+00  0.000000000e+00
  0.000000000e+00  0.000000000e+00  0.000000000e+00  0.000000000e+00
  0.000000000e+00  0.000000000e+00  0.000000000e+00  0.000000000e+00
  0.000000000e+00  0.000000000e+00  0.000000000e+00  0.000000000e+00
  0.000000000e+00
@R WBEAM 101 []
  0.000000000e+00  0.000000000e+00  0.000000000e+00  0.000000000e+00
  0.000000000e+00  0.000000000e+00  0.000000000e+00  0.000000000e+00
  0.000000000e+00  0.000000000e+00  0.000000000e+00  0.000000000e+00
  0.000000000e+00  0.000000000e+00  0.000000000e+00  0.000000000e+00
  0.000000000e+00  0.000000000e+00  0.000000000e+00  0.000000000e+00
  0.000000000e+00  0.000000000e+00  0.000000000e+00  0.000000000e+00
  0.000000000e+00  0.000000000e+00  0.000000000e+00  0.000000000e+00
  0.000000000e+00  0.000000000e+00  0.000000000e+00  0.000000000e+00
  0.000000000e+00  0.000000000e+00  0.000000000e+00  0.000000000e+00
  0.000000000e+00  0.000000000e+00  0.000000000e+00  0.000000000e+00
  0.000000000e+00  0.000000000e+00  0.000000000e+00  0.000000000e+00
  0.000000000e+00  0.000000000e+00  0.000000000e+00  0.000000000e+00
  0.000000000e+00  0.000000000e+00  0.000000000e+00  0.000000000e+00
  0.000000000e+00  0.000000000e+00  0.000000000e+00  0.000000000e+00
  0.000000000e+00  0.000000000e+00  0.000000000e+00  0.000000000e+00
  0.000000000e+00  0.000000000e+00  0.000000000e+00  0.000000000e+00
  0.000000000e+00  0.000000000e+00  0.000000000e+00  0.000000000e+00
  0.000000000e+00  0.000000000e+00  0.000000000e+00  0.000000000e+00
  0.000000000e+00  0.000000000e+00  0.000000000e+00  0.000000000e+00
  0.000000000e+00  0.000000000e+00  0.000000000e+00  0.000000000e+00
  0.000000000e+00  0.000000000e+00  0.000000000e+00  0.000000000e+00
  0.000000000e+00  0.000000000e+00  0.000000000e+00  0.000000000e+00
  0.000000000e+00  0.000000000e+00  0.000000000e+00  0.000000000e+00
  0.000000000e+00  0.000000000e+00  0.000000000e+00  0.000000000e+00
  0.000000000e+00  0.000000000e+00  0.000000000e+00  0.000000000e+00
  0.000000000e+00
@R QBEAME 101 []
  0.000000000e+00  0.000000000e+00  0.000000000e+00  0.000000000e+00
  0.000000000e+00  0.000000000e+00  0.000000000e+00  0.000000000e+00
  0.000000000e+00  0.000000000e+00  0.000000000e+00  0.000000000e+00
  0.000000000e+00  0.000000000e+00  0.000000000e+00  0.000000000e+00
  0.000000000e+00  0.000000000e+00  0.000000000e+00  0.000000000e+00
  0.000000000e+00  0.000000000e+00  0.000000000e+00  0.000000000e+00
  0.000000000e+00  0.000000000e+00  0.000000000e+00  0.000000000e+00
  0.000000000e+00  0.000000000e+00  0.000000000e+00  0.000000000e+00
  0.000000000e+00  0.000000000e+00  0.000000000e+00  0.000000000e+00
  0.000000000e+00  0.000000000e+00  0.000000000e+00  0.000000000e+00
  0.000000000e+00  0.000000000e+00  0.000000000e+00  0.000000000e+00
  0.000000000e+00  0.000000000e+00  0.000000000e+00  0.000000000e+00
  0.000000000e+00  0.000000000e+00  0.000000000e+00  0.000000000e+00
  0.000000000e+00  0.000000000e+00  0.000000000e+00  0.000000000e+00
  0.000000000e+00  0.000000000e+00  0.000000000e+00  0.000000000e+00
  0.000000000e+00  0.000000000e+00  0.000000000e+00  0.000000000e+00
  0.000000000e+00  0.000000000e+00  0.000000000e+00  0.000000000e+00
  0.000000000e+00  0.000000000e+00  0.000000000e+00  0.000000000e+00
  0.000000000e+00  0.000000000e+00  0.000000000e+00  0.000000000e+00
  0.000000000e+00  0.000000000e+00  0.000000000e+00  0.000000000e+00
  0.000000000e+00  0.000000000e+00  0.000000000e+00  0.000000000e+00
  0.000000000e+00  0.000000000e+00  0.000000000e+00  0.000000000e+00
  0.000000000e+00  0.000000000e+00  0.000000000e+00  0.000000000e+00
  0.000000000e+00  0.000000000e+00  0.000000000e+00  0.000000000e+00
  0.000000000e+00  0.000000000e+00  0.000000000e+00  0.000000000e+00
  0.000000000e+00
@R QBEAMI 101 []
  0.000000000e+00  0.000000000e+00  0.000000000e+00  0.000000000e+00
  0.000000000e+00  0.000000000e+00  0.000000000e+00  0.000000000e+00
  0.000000000e+00  0.000000000e+00  0.000000000e+00  0.000000000e+00
  0.000000000e+00  0.000000000e+00  0.000000000e+00  0.000000000e+00
  0.000000000e+00  0.000000000e+00  0.000000000e+00  0.000000000e+00
  0.000000000e+00  0.000000000e+00  0.000000000e+00  0.000000000e+00
  0.000000000e+00  0.000000000e+00  0.000000000e+00  0.000000000e+00
  0.000000000e+00  0.000000000e+00  0.000000000e+00  0.000000000e+00
  0.000000000e+00  0.000000000e+00  0.000000000e+00  0.000000000e+00
  0.000000000e+00  0.000000000e+00  0.000000000e+00  0.000000000e+00
  0.000000000e+00  0.000000000e+00  0.000000000e+00  0.000000000e+00
  0.000000000e+00  0.000000000e+00  0.000000000e+00  0.000000000e+00
  0.000000000e+00  0.000000000e+00  0.000000000e+00  0.000000000e+00
  0.000000000e+00  0.000000000e+00  0.000000000e+00  0.000000000e+00
  0.000000000e+00  0.000000000e+00  0.000000000e+00  0.000000000e+00
  0.000000000e+00  0.000000000e+00  0.000000000e+00  0.000000000e+00
  0.000000000e+00  0.000000000e+00  0.000000000e+00  0.000000000e+00
  0.000000000e+00  0.000000000e+00  0.000000000e+00  0.000000000e+00
  0.000000000e+00  0.000000000e+00  0.000000000e+00  0.000000000e+00
  0.000000000e+00  0.000000000e+00  0.000000000e+00  0.000000000e+00
  0.000000000e+00  0.000000000e+00  0.000000000e+00  0.000000000e+00
  0.000000000e+00  0.000000000e+00  0.000000000e+00  0.000000000e+00
  0.000000000e+00  0.000000000e+00  0.000000000e+00  0.000000000e+00
  0.000000000e+00  0.000000000e+00  0.000000000e+00  0.000000000e+00
  0.000000000e+00  0.000000000e+00  0.000000000e+00  0.000000000e+00
  0.000000000e+00
@R ENALP 101 []
  0.000000000e+00  0.000000000e+00  0.000000000e+00  0.000000000e+00
  0.000000000e+00  0.000000000e+00  0.000000000e+00  0.000000000e+00
  0.000000000e+00  0.000000000e+00  0.000000000e+00  0.000000000e+00
  0.000000000e+00  0.000000000e+00  0.000000000e+00  0.000000000e+00
  0.000000000e+00  0.000000000e+00  0.000000000e+00  0.000000000e+00
  0.000000000e+00  0.000000000e+00  0.000000000e+00  0.000000000e+00
  0.000000000e+00  0.000000000e+00  0.000000000e+00  0.000000000e+00
  0.000000000e+00  0.000000000e+00  0.000000000e+00  0.000000000e+00
  0.000000000e+00  0.000000000e+00  0.000000000e+00  0.000000000e+00
  0.000000000e+00  0.000000000e+00  0.000000000e+00  0.000000000e+00
  0.000000000e+00  0.000000000e+00  0.000000000e+00  0.000000000e+00
  0.000000000e+00  0.000000000e+00  0.000000000e+00  0.000000000e+00
  0.000000000e+00  0.000000000e+00  0.000000000e+00  0.000000000e+00
  0.000000000e+00  0.000000000e+00  0.000000000e+00  0.000000000e+00
  0.000000000e+00  0.000000000e+00  0.000000000e+00  0.000000000e+00
  0.000000000e+00  0.000000000e+00  0.000000000e+00  0.000000000e+00
  0.000000000e+00  0.000000000e+00  0.000000000e+00  0.000000000e+00
  0.000000000e+00  0.000000000e+00  0.000000000e+00  0.000000000e+00
  0.000000000e+00  0.000000000e+00  0.000000000e+00  0.000000000e+00
  0.000000000e+00  0.000000000e+00  0.000000000e+00  0.000000000e+00
  0.000000000e+00  0.000000000e+00  0.000000000e+00  0.000000000e+00
  0.000000000e+00  0.000000000e+00  0.000000000e+00  0.000000000e+00
  0.000000000e+00  0.000000000e+00  0.000000000e+00  0.000000000e+00
  0.000000000e+00  0.000000000e+00  0.000000000e+00  0.000000000e+00
  0.000000000e+00  0.000000000e+00  0.000000000e+00  0.000000000e+00
  0.000000000e+00
@R WALP 101 []
  0.000000000e+00  0.000000000e+00  0.000000000e+00  0.000000000e+00
  0.000000000e+00  0.000000000e+00  0.000000000e+00  0.000000000e+00
  0.000000000e+00  0.000000000e+00  0.000000000e+00  0.000000000e+00
  0.000000000e+00  0.000000000e+00  0.000000000e+00  0.000000000e+00
  0.000000000e+00  0.000000000e+00  0.000000000e+00  0.000000000e+00
  0.000000000e+00  0.000000000e+00  0.000000000e+00  0.000000000e+00
  0.000000000e+00  0.000000000e+00  0.000000000e+00  0.000000000e+00
  0.000000000e+00  0.000000000e+00  0.000000000e+00  0.000000000e+00
  0.000000000e+00  0.000000000e+00  0.000000000e+00  0.000000000e+00
  0.000000000e+00  0.000000000e+00  0.000000000e+00  0.000000000e+00
  0.000000000e+00  0.000000000e+00  0.000000000e+00  0.000000000e+00
  0.000000000e+00  0.000000000e+00  0.000000000e+00  0.000000000e+00
  0.000000000e+00  0.000000000e+00  0.000000000e+00  0.000000000e+00
  0.000000000e+00  0.000000000e+00  0.000000000e+00  0.000000000e+00
  0.000000000e+00  0.000000000e+00  0.000000000e+00  0.000000000e+00
  0.000000000e+00  0.000000000e+00  0.000000000e+00  0.000000000e+00
  0.000000000e+00  0.000000000e+00  0.000000000e+00  0.000000000e+00
  0.000000000e+00  0.000000000e+00  0.000000000e+00  0.000000000e+00
  0.000000000e+00  0.000000000e+00  0.000000000e+00  0.000000000e+00
  0.000000000e+00  0.000000000e+00  0.000000000e+00  0.000000000e+00
  0.000000000e+00  0.000000000e+00  0.000000000e+00  0.000000000e+00
  0.000000000e+00  0.000000000e+00  0.000000000e+00  0.000000000e+00
  0.000000000e+00  0.000000000e+00  0.000000000e+00  0.000000000e+00
  0.000000000e+00  0.000000000e+00  0.000000000e+00  0.000000000e+00
  0.000000000e+00  0.000000000e+00  0.000000000e+00  0.000000000e+00
  0.000000000e+00
@R QTFUSE 101 []
  1.957740631e+00  1.954969482e+00  1.946450836e+00  1.934540760e+00
  1.921801084e+00  1.908236083e+00  1.893856754e+00  1.878677596e+00
  1.862714528e+00  1.845984711e+00  1.828502224e+00  1.810277219e+00
  1.791320771e+00  1.771647219e+00  1.751271819e+00  1.730208740e+00
  1.708473820e+00  1.686081598e+00  1.663047504e+00  1.639389858e+00
  1.615124100e+00  1.590268547e+00  1.564843230e+00  1.538866721e+00
  1.512358702e+00  1.485340424e+00  1.457834665e+00  1.429864288e+00
  1.401452895e+00  1.372625464e+00  1.343407991e+00  1.313827477e+00
  1.283912004e+00  1.253690741e+00  1.223193860e+00  1.192452332e+00
  1.161499002e+00  1.130367678e+00  1.099092463e+00  1.067708565e+00
  1.036252499e+00  1.004762169e+00  9.732755084e-01  9.418311460e-01
  9.104692278e-01  8.792296874e-01  8.481531426e-01  8.172807660e-01
  7.866534853e-01  7.563125556e-01  7.262989408e-01  6.966533018e-01
  6.674157599e-01  6.386257298e-01  6.103216248e-01  5.825407924e-01
  5.553191468e-01  5.286909448e-01  5.026888457e-01  4.773432975e-01
  4.526824377e-01  4.287322831e-01  4.055160813e-01  3.830541627e-01
  3.613641098e-01  3.404606040e-01  3.203549641e-01  3.010552239e-01
  2.825663408e-01  2.648899479e-01  2.480243721e-01  2.319644370e-01
  2.167016656e-01  2.022243870e-01  1.885174439e-01  1.755622276e-01
  1.633363545e-01  1.518133828e-01  1.409623979e-01  1.307470551e-01
  1.211243279e-01  1.120427592e-01  1.034398622e-01  9.523891368e-02
  8.734503576e-02  7.964092882e-02  7.198423065e-02  6.421000138e-02
  5.614579622e-02  4.765114158e-02  3.869436683e-02  2.946584252e-02
  2.047967139e-02  1.254438930e-02  6.481620905e-03  2.675283132e-03
  8.217538882e-04  1.696004373e-04  1.976736383e-05  8.876758789e-07
  8.542765436e-09
@R QTFUSI 101 []
  8.808257445e-01  8.789869637e-01  8.733369294e-01  8.654476019e-01
  8.570303187e-01  8.480980217e-01  8.386669486e-01  8.287551390e-01
  8.183814596e-01  8.075654875e-01  7.963255914e-01  7.846785618e-01
  7.726417190e-01  7.602338934e-01  7.474743632e-01  7.343819722e-01
  7.209762770e-01  7.072762734e-01  6.933012848e-01  6.790717782e-01
  6.646069225e-01  6.499269514e-01  6.350526511e-01  6.200040223e-01
  6.048013139e-01  5.894651692e-01  5.740165679e-01  5.584762224e-01
  5.428648045e-01  5.272031660e-01  5.115121600e-01  4.958126010e-01
  4.801252594e-01  4.644708276e-01  4.488698543e-01  4.333426354e-01
  4.179095685e-01  4.025907840e-01  3.874058706e-01  3.723741405e-01
  3.575146612e-01  3.428462481e-01  3.283869643e-01  3.141543261e-01
  3.001655510e-01  2.864369545e-01  2.729842246e-01  2.598223661e-01
  2.469654214e-01  2.344266491e-01  2.222183189e-01  2.103517085e-01
  1.988370341e-01  1.876834096e-01  1.768987732e-01  1.664898897e-01
  1.564622702e-01  1.468201421e-01  1.375665048e-01  1.287030047e-01
  1.202299612e-01  1.121464754e-01  1.044503189e-01  9.713796575e-02
  9.020470948e-02  8.364469819e-02  7.745089969e-02  7.161520418e-02
  6.612855847e-02  6.098098853e-02  5.616168672e-02  5.165905007e-02
  4.746080587e-02  4.355411152e-02  3.992556069e-02  3.656125876e-02
  3.344681662e-02  3.056734796e-02  2.790743446e-02  2.545097634e-02
  2.318098487e-02  2.107928193e-02  1.912605121e-02  1.729931187e-02
  1.557434073e-02  1.392319816e-02  1.231487514e-02  1.071693262e-02
  9.100232494e-03  7.448818213e-03  5.775983786e-03  4.142494025e-03
  2.662283421e-03  1.473217322e-03  6.685751348e-04  2.344734177e-04
  5.885865876e-05  9.462867976e-06  8.038145589e-07  2.347490518e-08
  1.175673960e-10
@R QRFE 101 []
  1.101279324e+00  1.028783999e+00  9.659836644e-01  1.048428784e+00
  1.148776901e+00  1.141812282e+00  1.080159633e+00  1.044319620e+00
  9.929219860e-01  8.733058794e-01  7.644817816e-01  7.360622814e-01
  6.964044085e-01  5.824553180e-01  5.118100666e-01  5.539562320e-01
  5.778477567e-01  5.026666375e-01  4.460418141e-01  4.894754706e-01
  5.317987100e-01  4.959820677e-01  4.645673596e-01  4.976663985e-01
  5.118094744e-01  4.451492570e-01  3.739397514e-01  3.669155898e-01
  3.707990848e-01  3.266368911e-01  2.744399636e-01  2.714178828e-01
  2.809681915e-01  2.511850713e-01  2.115311173e-01  2.072751707e-01
  2.231669495e-01  2.148418482e-01  1.855258000e-01  1.728029601e-01
  1.797035948e-01  1.735878275e-01  1.470688858e-01  1.283343822e-01
  1.323781938e-01  1.384137604e-01  1.255829732e-01  1.040132586e-01
  9.528226722e-02  9.944937297e-02  9.760118491e-02  8.230366820e-02
  6.742885736e-02  6.688070350e-02  7.433243001e-02  7.310382083e-02
  5.958586778e-02  4.696804057e-02  4.609609946e-02  5.179089160e-02
  5.186302870e-02  4.286165964e-02  3.300554847e-02  3.037514842e-02
  3.348923842e-02  3.494522092e-02  3.075837724e-02  2.426836448e-02
  2.090447056e-02  2.191026623e-02  2.514423046e-02  2.628337470e-02
  2.165817126e-02  1.578252504e-02  1.368915519e-02  1.411125102e-02
  1.475144212e-02  1.384760658e-02  1.146662889e-02  9.055066708e-03
  7.700375936e-03  7.438747527e-03  7.540194203e-03  7.244504232e-03
  6.321910210e-03  5.049955061e-03  3.842440365e-03  2.968425875e-03
  2.401047000e-03  1.940741571e-03  1.448503958e-03  9.294625632e-04
  4.973810989e-04  2.209698694e-04  8.333604820e-05  2.748980875e-05
  7.135119062e-06  9.089659952e-07  1.041268803e-08  3.165531190e-11
  0.000000000e+00
@R QRFI 101 []
  6.758687103e+00  6.307879439e+00  5.328103759e+00  5.254534599e+00
  7.243870896e+00  9.541489271e+00  9.528729932e+00  8.194808194e+00
  7.884087542e+00  7.599410369e+00  5.985298304e+00  4.447618632e+00
  3.634822790e+00  2.728293869e+00  1.779825645e+00  1.181308995e+00
  8.901312792e-01  7.498007062e-01  6.870023694e-01  6.844032166e-01
  7.231542880e-01  7.742728786e-01  7.907362793e-01  7.676735188e-01
  7.240083150e-01  6.701358968e-01  6.055561450e-01  5.081293026e-01
  3.946075915e-01  3.076216397e-01  2.570397600e-01  2.104077466e-01
  1.518372405e-01  9.959712850e-02  6.762040082e-02  5.382170575e-02
  5.695036024e-02  7.071208502e-02  7.705127200e-02  6.861582966e-02
  5.842498688e-02  5.508492468e-02  5.059484674e-02  3.857911299e-02
  2.716872839e-02  2.647971812e-02  3.433975720e-02  4.162949264e-02
  4.259308400e-02  3.707182006e-02  2.763934461e-02  1.784885696e-02
  1.144891666e-02  1.010958554e-02  1.169687032e-02  1.237741905e-02
  1.122307664e-02  1.085299454e-02  1.269866510e-02  1.405737742e-02
  1.188524953e-02  7.367814650e-03  4.394278311e-03  4.351494435e-03
  5.106045983e-03  4.894465726e-03  4.409601277e-03  4.721376005e-03
  5.304924818e-03  5.204749179e-03  4.326088579e-03  3.205738709e-03
  2.390867406e-03  2.287872977e-03  3.105403739e-03  4.304889878e-03
  4.653005869e-03  3.648636229e-03  2.233783075e-03  1.413443879e-03
  1.131458971e-03  1.026290833e-03  1.258620213e-03  1.892644864e-03
  2.427762561e-03  2.344309384e-03  1.757784167e-03  1.237269017e-03
  1.061114751e-03  1.008447416e-03  8.469360212e-04  6.130467219e-04
  4.435985746e-04  3.605060832e-04  3.033736987e-04  2.389736484e-04
  1.732899879e-04  1.138711139e-04  6.273887489e-05  6.154205797e-05
  8.356629028e-05
@R QRAD 101 []
 -0.000000000e+00 -0.000000000e+00 -0.000000000e+00 -0.000000000e+00
 -0.000000000e+00 -0.000000000e+00 -0.000000000e+00 -0.000000000e+00
 -0.000000000e+00 -0.000000000e+00 -0.000000000e+00 -0.000000000e+00
 -0.000000000e+00 -0.000000000e+00 -0.000000000e+00 -0.000000000e+00
 -0.000000000e+00 -0.000000000e+00 -0.000000000e+00 -0.000000000e+00
 -0.000000000e+00 -0.000000000e+00 -0.000000000e+00 -0.000000000e+00
 -0.000000000e+00 -0.000000000e+00 -0.000000000e+00 -0.000000000e+00
 -0.000000000e+00 -0.000000000e+00 -0.000000000e+00 -0.000000000e+00
 -0.000000000e+00 -0.000000000e+00 -0.000000000e+00 -0.000000000e+00
 -0.000000000e+00 -0.000000000e+00 -0.000000000e+00 -0.000000000e+00
 -0.000000000e+00 -0.000000000e+00 -0.000000000e+00 -0.000000000e+00
 -0.000000000e+00 -0.000000000e+00 -0.000000000e+00 -0.000000000e+00
 -0.000000000e+00 -0.000000000e+00 -0.000000000e+00 -0.000000000e+00
 -0.000000000e+00 -0.000000000e+00 -0.000000000e+00 -0.000000000e+00
 -0.000000000e+00 -0.000000000e+00 -0.000000000e+00 -0.000000000e+00
 -0.000000000e+00 -0.000000000e+00 -0.000000000e+00 -0.000000000e+00
 -0.000000000e+00 -0.000000000e+00 -0.000000000e+00 -0.000000000e+00
 -0.000000000e+00 -0.000000000e+00 -0.000000000e+00 -0.000000000e+00
 -0.000000000e+00 -0.000000000e+00 -0.000000000e+00 -0.000000000e+00
 -0.000000000e+00 -0.000000000e+00 -0.000000000e+00 -0.000000000e+00
 -0.000000000e+00 -0.000000000e+00 -0.000000000e+00 -0.000000000e+00
 -0.000000000e+00 -0.000000000e+00 -0.000000000e+00 -0.000000000e+00
 -0.000000000e+00 -0.000000000e+00 -0.000000000e+00 -0.000000000e+00
 -0.000000000e+00 -0.000000000e+00 -0.000000000e+00 -0.000000000e+00
 -0.000000000e+00 -0.000000000e+00 -0.000000000e+00 -0.000000000e+00
 -0.000000000e+00
@R QOHM 101 []
  0.000000000e+00  0.000000000e+00  0.000000000e+00  0.000000000e+00
  0.000000000e+00  0.000000000e+00  0.000000000e+00  0.000000000e+00
  0.000000000e+00  0.000000000e+00  0.000000000e+00  0.000000000e+00
  0.000000000e+00  0.000000000e+00  0.000000000e+00  0.000000000e+00
  0.000000000e+00  0.000000000e+00  0.000000000e+00  0.000000000e+00
  0.000000000e+00  0.000000000e+00  0.000000000e+00  0.000000000e+00
  0.000000000e+00  0.000000000e+00  0.000000000e+00  0.000000000e+00
  0.000000000e+00  0.000000000e+00  0.000000000e+00  0.000000000e+00
  0.000000000e+00  0.000000000e+00  0.000000000e+00  0.000000000e+00
  0.000000000e+00  0.000000000e+00  0.000000000e+00  0.000000000e+00
  0.000000000e+00  0.000000000e+00  0.000000000e+00  0.000000000e+00
  0.000000000e+00  0.000000000e+00  0.000000000e+00  0.000000000e+00
  0.000000000e+00  0.000000000e+00  0.000000000e+00  0.000000000e+00
  0.000000000e+00  0.000000000e+00  0.000000000e+00  0.000000000e+00
  0.000000000e+00  0.000000000e+00  0.000000000e+00  0.000000000e+00
  0.000000000e+00  0.000000000e+00  0.000000000e+00  0.000000000e+00
  0.000000000e+00  0.000000000e+00  0.000000000e+00  0.000000000e+00
  0.000000000e+00  0.000000000e+00  0.000000000e+00  0.000000000e+00
  0.000000000e+00  0.000000000e+00  0.000000000e+00  0.000000000e+00
  0.000000000e+00  0.000000000e+00  0.000000000e+00  0.000000000e+00
  0.000000000e+00  0.000000000e+00  0.000000000e+00  0.000000000e+00
  0.000000000e+00  0.000000000e+00  0.000000000e+00  0.000000000e+00
  0.000000000e+00  0.000000000e+00  0.000000000e+00  0.000000000e+00
  0.000000000e+00  0.000000000e+00  0.000000000e+00  0.000000000e+00
  0.000000000e+00  0.000000000e+00  0.000000000e+00  0.000000000e+00
  0.000000000e+00
@R QIONE 101 []
  0.000000000e+00  0.000000000e+00  0.000000000e+00  0.000000000e+00
  0.000000000e+00  0.000000000e+00  0.000000000e+00  0.000000000e+00
  0.000000000e+00  0.000000000e+00  0.000000000e+00  0.000000000e+00
  0.000000000e+00  0.000000000e+00  0.000000000e+00  0.000000000e+00
  0.000000000e+00  0.000000000e+00  0.000000000e+00  0.000000000e+00
  0.000000000e+00  0.000000000e+00  0.000000000e+00  0.000000000e+00
  0.000000000e+00  0.000000000e+00  0.000000000e+00  0.000000000e+00
  0.000000000e+00  0.000000000e+00  0.000000000e+00  0.000000000e+00
  0.000000000e+00  0.000000000e+00  0.000000000e+00  0.000000000e+00
  0.000000000e+00  0.000000000e+00  0.000000000e+00  0.000000000e+00
  0.000000000e+00  0.000000000e+00  0.000000000e+00  0.000000000e+00
  0.000000000e+00  0.000000000e+00  0.000000000e+00  0.000000000e+00
  0.000000000e+00  0.000000000e+00  0.000000000e+00  0.000000000e+00
  0.000000000e+00  0.000000000e+00  0.000000000e+00  0.000000000e+00
  0.000000000e+00  0.000000000e+00  0.000000000e+00  0.000000000e+00
  0.000000000e+00  0.000000000e+00  0.000000000e+00  0.000000000e+00
  0.000000000e+00  0.000000000e+00  0.000000000e+00  0.000000000e+00
  0.000000000e+00  0.000000000e+00  0.000000000e+00  0.000000000e+00
  0.000000000e+00  0.000000000e+00  0.000000000e+00  0.000000000e+00
  0.000000000e+00  0.000000000e+00  0.000000000e+00  0.000000000e+00
  0.000000000e+00  0.000000000e+00  0.000000000e+00  0.000000000e+00
  0.000000000e+00  0.000000000e+00  0.000000000e+00  0.000000000e+00
  0.000000000e+00  0.000000000e+00  0.000000000e+00  0.000000000e+00
  0.000000000e+00  0.000000000e+00  0.000000000e+00  0.000000000e+00
  0.000000000e+00  0.000000000e+00  0.000000000e+00  0.000000000e+00
  0.000000000e+00
@R QIONI 101 []
  0.000000000e+00  0.000000000e+00  0.000000000e+00  0.000000000e+00
  0.000000000e+00  0.000000000e+00  0.000000000e+00  0.000000000e+00
  0.000000000e+00  0.000000000e+00  0.000000000e+00  0.000000000e+00
  0.000000000e+00  0.000000000e+00  0.000000000e+00  0.000000000e+00
  0.000000000e+00  0.000000000e+00  0.000000000e+00  0.000000000e+00
  0.000000000e+00  0.000000000e+00  0.000000000e+00  0.000000000e+00
  0.000000000e+00  0.000000000e+00  0.000000000e+00  0.000000000e+00
  0.000000000e+00  0.000000000e+00  0.000000000e+00  0.000000000e+00
  0.000000000e+00  0.000000000e+00  0.000000000e+00  0.000000000e+00
  0.000000000e+00  0.000000000e+00  0.000000000e+00  0.000000000e+00
  0.000000000e+00  0.000000000e+00  0.000000000e+00  0.000000000e+00
  0.000000000e+00  0.000000000e+00  0.000000000e+00  0.000000000e+00
  0.000000000e+00  0.000000000e+00  0.000000000e+00  0.000000000e+00
  0.000000000e+00  0.000000000e+00  0.000000000e+00  0.000000000e+00
  0.000000000e+00  0.000000000e+00  0.000000000e+00  0.000000000e+00
  0.000000000e+00  0.000000000e+00  0.000000000e+00  0.000000000e+00
  0.000000000e+00  0.000000000e+00  0.000000000e+00  0.000000000e+00
  0.000000000e+00  0.000000000e+00  0.000000000e+00  0.000000000e+00
  0.000000000e+00  0.000000000e+00  0.000000000e+00  0.000000000e+00
  0.000000000e+00  0.000000000e+00  0.000000000e+00  0.000000000e+00
  0.000000000e+00  0.000000000e+00  0.000000000e+00  0.000000000e+00
  0.000000000e+00  0.000000000e+00  0.000000000e+00  0.000000000e+00
  0.000000000e+00  0.000000000e+00  0.000000000e+00  0.000000000e+00
  0.000000000e+00  0.000000000e+00  0.000000000e+00  0.000000000e+00
  0.000000000e+00  0.000000000e+00  0.000000000e+00  0.000000000e+00
  0.000000000e+00
@R QCX 101 []
  0.000000000e+00  0.000000000e+00  0.000000000e+00  0.000000000e+00
  0.000000000e+00  0.000000000e+00  0.000000000e+00  0.000000000e+00
  0.000000000e+00  0.000000000e+00  0.000000000e+00  0.000000000e+00
  0.000000000e+00  0.000000000e+00  0.000000000e+00  0.000000000e+00
  0.000000000e+00  0.000000000e+00  0.000000000e+00  0.000000000e+00
  0.000000000e+00  0.000000000e+00  0.000000000e+00  0.000000000e+00
  0.000000000e+00  0.000000000e+00  0.000000000e+00  0.000000000e+00
  0.000000000e+00  0.000000000e+00  0.000000000e+00  0.000000000e+00
  0.000000000e+00  0.000000000e+00  0.000000000e+00  0.000000000e+00
  0.000000000e+00  0.000000000e+00  0.000000000e+00  0.000000000e+00
  0.000000000e+00  0.000000000e+00  0.000000000e+00  0.000000000e+00
  0.000000000e+00  0.000000000e+00  0.000000000e+00  0.000000000e+00
  0.000000000e+00  0.000000000e+00  0.000000000e+00  0.000000000e+00
  0.000000000e+00  0.000000000e+00  0.000000000e+00  0.000000000e+00
  0.000000000e+00  0.000000000e+00  0.000000000e+00  0.000000000e+00
  0.000000000e+00  0.000000000e+00  0.000000000e+00  0.000000000e+00
  0.000000000e+00  0.000000000e+00  0.000000000e+00  0.000000000e+00
  0.000000000e+00  0.000000000e+00  0.000000000e+00  0.000000000e+00
  0.000000000e+00  0.000000000e+00  0.000000000e+00  0.000000000e+00
  0.000000000e+00  0.000000000e+00  0.000000000e+00  0.000000000e+00
  0.000000000e+00  0.000000000e+00  0.000000000e+00  0.000000000e+00
  0.000000000e+00  0.000000000e+00  0.000000000e+00  0.000000000e+00
  0.000000000e+00  0.000000000e+00  0.000000000e+00  0.000000000e+00
  0.000000000e+00  0.000000000e+00  0.000000000e+00  0.000000000e+00
  0.000000000e+00  0.000000000e+00  0.000000000e+00  0.000000000e+00
  0.000000000e+00
@R STORQUEB 101 []
  0.000000000e+00  0.000000000e+00  0.000000000e+00  0.000000000e+00
  0.000000000e+00  0.000000000e+00  0.000000000e+00  0.000000000e+00
  0.000000000e+00  0.000000000e+00  0.000000000e+00  0.000000000e+00
  0.000000000e+00  0.000000000e+00  0.000000000e+00  0.000000000e+00
  0.000000000e+00  0.000000000e+00  0.000000000e+00  0.000000000e+00
  0.000000000e+00  0.000000000e+00  0.000000000e+00  0.000000000e+00
  0.000000000e+00  0.000000000e+00  0.000000000e+00  0.000000000e+00
  0.000000000e+00  0.000000000e+00  0.000000000e+00  0.000000000e+00
  0.000000000e+00  0.000000000e+00  0.000000000e+00  0.000000000e+00
  0.000000000e+00  0.000000000e+00  0.000000000e+00  0.000000000e+00
  0.000000000e+00  0.000000000e+00  0.000000000e+00  0.000000000e+00
  0.000000000e+00  0.000000000e+00  0.000000000e+00  0.000000000e+00
  0.000000000e+00  0.000000000e+00  0.000000000e+00  0.000000000e+00
  0.000000000e+00  0.000000000e+00  0.000000000e+00  0.000000000e+00
  0.000000000e+00  0.000000000e+00  0.000000000e+00  0.000000000e+00
  0.000000000e+00  0.000000000e+00  0.000000000e+00  0.000000000e+00
  0.000000000e+00  0.000000000e+00  0.000000000e+00  0.000000000e+00
  0.000000000e+00  0.000000000e+00  0.000000000e+00  0.000000000e+00
  0.000000000e+00  0.000000000e+00  0.000000000e+00  0.000000000e+00
  0.000000000e+00  0.000000000e+00  0.000000000e+00  0.000000000e+00
  0.000000000e+00  0.000000000e+00  0.000000000e+00  0.000000000e+00
  0.000000000e+00  0.000000000e+00  0.000000000e+00  0.000000000e+00
  0.000000000e+00  0.000000000e+00  0.000000000e+00  0.000000000e+00
  0.000000000e+00  0.000000000e+00  0.000000000e+00  0.000000000e+00
  0.000000000e+00  0.000000000e+00  0.000000000e+00  0.000000000e+00
  0.000000000e+00
@R STORQUE 101 []
  0.000000000e+00  0.000000000e+00  0.000000000e+00  0.000000000e+00
  0.000000000e+00  0.000000000e+00  0.000000000e+00  0.000000000e+00
  0.000000000e+00  0.000000000e+00  0.000000000e+00  0.000000000e+00
  0.000000000e+00  0.000000000e+00  0.000000000e+00  0.000000000e+00
  0.000000000e+00  0.000000000e+00  0.000000000e+00  0.000000000e+00
  0.000000000e+00  0.000000000e+00  0.000000000e+00  0.000000000e+00
  0.000000000e+00  0.000000000e+00  0.000000000e+00  0.000000000e+00
  0.000000000e+00  0.000000000e+00  0.000000000e+00  0.000000000e+00
  0.000000000e+00  0.000000000e+00  0.000000000e+00  0.000000000e+00
  0.000000000e+00  0.000000000e+00  0.000000000e+00  0.000000000e+00
  0.000000000e+00  0.000000000e+00  0.000000000e+00  0.000000000e+00
  0.000000000e+00  0.000000000e+00  0.000000000e+00  0.000000000e+00
  0.000000000e+00  0.000000000e+00  0.000000000e+00  0.000000000e+00
  0.000000000e+00  0.000000000e+00  0.000000000e+00  0.000000000e+00
  0.000000000e+00  0.000000000e+00  0.000000000e+00  0.000000000e+00
  0.000000000e+00  0.000000000e+00  0.000000000e+00  0.000000000e+00
  0.000000000e+00  0.000000000e+00  0.000000000e+00  0.000000000e+00
  0.000000000e+00  0.000000000e+00  0.000000000e+00  0.000000000e+00
  0.000000000e+00  0.000000000e+00  0.000000000e+00  0.000000000e+00
  0.000000000e+00  0.000000000e+00  0.000000000e+00  0.000000000e+00
  0.000000000e+00  0.000000000e+00  0.000000000e+00  0.000000000e+00
  0.000000000e+00  0.000000000e+00  0.000000000e+00  0.000000000e+00
  0.000000000e+00  0.000000000e+00  0.000000000e+00  0.000000000e+00
  0.000000000e+00  0.000000000e+00  0.000000000e+00  0.000000000e+00
  0.000000000e+00  0.000000000e+00  0.000000000e+00  0.000000000e+00
  0.000000000e+00
@R SION 101 []
  0.000000000e+00  0.000000000e+00  0.000000000e+00  0.000000000e+00
  0.000000000e+00  0.000000000e+00  0.000000000e+00  0.000000000e+00
  0.000000000e+00  0.000000000e+00  0.000000000e+00  0.000000000e+00
  0.000000000e+00  0.000000000e+00  0.000000000e+00  0.000000000e+00
  0.000000000e+00  0.000000000e+00  0.000000000e+00  0.000000000e+00
  0.000000000e+00  0.000000000e+00  0.000000000e+00  0.000000000e+00
  0.000000000e+00  0.000000000e+00  0.000000000e+00  0.000000000e+00
  0.000000000e+00  0.000000000e+00  0.000000000e+00  0.000000000e+00
  0.000000000e+00  0.000000000e+00  0.000000000e+00  0.000000000e+00
  0.000000000e+00  0.000000000e+00  0.000000000e+00  0.000000000e+00
  0.000000000e+00  0.000000000e+00  0.000000000e+00  0.000000000e+00
  0.000000000e+00  0.000000000e+00  0.000000000e+00  0.000000000e+00
  0.000000000e+00  0.000000000e+00  0.000000000e+00  0.000000000e+00
  0.000000000e+00  0.000000000e+00  0.000000000e+00  0.000000000e+00
  0.000000000e+00  0.000000000e+00  0.000000000e+00  0.000000000e+00
  0.000000000e+00  0.000000000e+00  0.000000000e+00  0.000000000e+00
  0.000000000e+00  0.000000000e+00  0.000000000e+00  0.000000000e+00
  0.000000000e+00  0.000000000e+00  0.000000000e+00  0.000000000e+00
  0.000000000e+00  0.000000000e+00  0.000000000e+00  0.000000000e+00
  0.000000000e+00  0.000000000e+00  0.000000000e+00  0.000000000e+00
  0.000000000e+00  0.000000000e+00  0.000000000e+00  0.000000000e+00
  0.000000000e+00  0.000000000e+00  0.000000000e+00  0.000000000e+00
  0.000000000e+00  0.000000000e+00  0.000000000e+00  0.000000000e+00
  0.000000000e+00  0.000000000e+00  0.000000000e+00  0.000000000e+00
  0.000000000e+00  0.000000000e+00  0.000000000e+00  0.000000000e+00
  0.000000000e+00
@R CHIE 101 []
  0.000000000e+00  0.000000000e+00  0.000000000e+00  0.000000000e+00
  0.000000000e+00  0.000000000e+00  0.000000000e+00  0.000000000e+00
  0.000000000e+00  0.000000000e+00  0.000000000e+00  0.000000000e+00
  0.000000000e+00  0.000000000e+00  0.000000000e+00  0.000000000e+00
  0.000000000e+00  0.000000000e+00  0.000000000e+00  0.000000000e+00
  0.000000000e+00  0.000000000e+00  0.000000000e+00  0.000000000e+00
  0.000000000e+00  0.000000000e+00  0.000000000e+00  0.000000000e+00
  0.000000000e+00  0.000000000e+00  0.000000000e+00  0.000000000e+00
  0.000000000e+00  0.000000000e+00  0.000000000e+00  0.000000000e+00
  0.000000000e+00  0.000000000e+00  0.000000000e+00  0.000000000e+00
  0.000000000e+00  0.000000000e+00  0.000000000e+00  0.000000000e+00
  0.000000000e+00  0.000000000e+00  0.000000000e+00  0.000000000e+00
  0.000000000e+00  0.000000000e+00  0.000000000e+00  0.000000000e+00
  0.000000000e+00  0.000000000e+00  0.000000000e+00  0.000000000e+00
  0.000000000e+00  0.000000000e+00  0.000000000e+00  0.000000000e+00
  0.000000000e+00  0.000000000e+00  0.000000000e+00  0.000000000e+00
  0.000000000e+00  0.000000000e+00  0.000000000e+00  0.000000000e+00
  0.000000000e+00  0.000000000e+00  0.000000000e+00  0.000000000e+00
  0.000000000e+00  0.000000000e+00  0.000000000e+00  0.000000000e+00
  0.000000000e+00  0.000000000e+00  0.000000000e+00  0.000000000e+00
  0.000000000e+00  0.000000000e+00  0.000000000e+00  0.000000000e+00
  0.000000000e+00  0.000000000e+00  0.000000000e+00  0.000000000e+00
  0.000000000e+00  0.000000000e+00  0.000000000e+00  0.000000000e+00
  0.000000000e+00  0.000000000e+00  0.000000000e+00  0.000000000e+00
  0.000000000e+00  0.000000000e+00  0.000000000e+00  0.000000000e+00
  0.000000000e+00
@R CHII 101 []
  0.000000000e+00  0.000000000e+00  0.000000000e+00  0.000000000e+00
  0.000000000e+00  0.000000000e+00  0.000000000e+00  0.000000000e+00
  0.000000000e+00  0.000000000e+00  0.000000000e+00  0.000000000e+00
  0.000000000e+00  0.000000000e+00  0.000000000e+00  0.000000000e+00
  0.000000000e+00  0.000000000e+00  0.000000000e+00  0.000000000e+00
  0.000000000e+00  0.000000000e+00  0.000000000e+00  0.000000000e+00
  0.000000000e+00  0.000000000e+00  0.000000000e+00  0.000000000e+00
  0.000000000e+00  0.000000000e+00  0.000000000e+00  0.000000000e+00
  0.000000000e+00  0.000000000e+00  0.000000000e+00  0.000000000e+00
  0.000000000e+00  0.000000000e+00  0.000000000e+00  0.000000000e+00
  0.000000000e+00  0.000000000e+00  0.000000000e+00  0.000000000e+00
  0.000000000e+00  0.000000000e+00  0.000000000e+00  0.000000000e+00
  0.000000000e+00  0.000000000e+00  0.000000000e+00  0.000000000e+00
  0.000000000e+00  0.000000000e+00  0.000000000e+00  0.000000000e+00
  0.000000000e+00  0.000000000e+00  0.000000000e+00  0.000000000e+00
  0.000000000e+00  0.000000000e+00  0.000000000e+00  0.000000000e+00
  0.000000000e+00  0.000000000e+00  0.000000000e+00  0.000000000e+00
  0.000000000e+00  0.000000000e+00  0.000000000e+00  0.000000000e+00
  0.000000000e+00  0.000000000e+00  0.000000000e+00  0.000000000e+00
  0.000000000e+00  0.000000000e+00  0.000000000e+00  0.000000000e+00
  0.000000000e+00  0.000000000e+00  0.000000000e+00  0.000000000e+00
  0.000000000e+00  0.000000000e+00  0.000000000e+00  0.000000000e+00
  0.000000000e+00  0.000000000e+00  0.000000000e+00  0.000000000e+00
  0.000000000e+00  0.000000000e+00  0.000000000e+00  0.000000000e+00
  0.000000000e+00  0.000000000e+00  0.000000000e+00  0.000000000e+00
  0.000000000e+00
