@R IP 1 []
  9.999999995e+06
@R BCENTR 1 []
  1.100000000e+01
@R RMAJOR 1 []
  4.550000000e+00
@R AMINOR 1 []
  1.105494738e+00
@R KAPPA 1 []
  1.340042995e+00
@R DELTA 1 []
 -3.114823266e-01
@I NRHO 1 []
              101
@R RHOB 1 []
  1.260013621e+00
@R RHO 101 []
  0.000000000e+00  1.000000000e-02  2.000000000e-02  3.000000000e-02
  4.000000000e-02  5.000000000e-02  6.000000000e-02  7.000000000e-02
  8.000000000e-02  9.000000000e-02  1.000000000e-01  1.100000000e-01
  1.200000000e-01  1.300000000e-01  1.400000000e-01  1.500000000e-01
  1.600000000e-01  1.700000000e-01  1.800000000e-01  1.900000000e-01
  2.000000000e-01  2.100000000e-01  2.200000000e-01  2.300000000e-01
  2.400000000e-01  2.500000000e-01  2.600000000e-01  2.700000000e-01
  2.800000000e-01  2.900000000e-01  3.000000000e-01  3.100000000e-01
  3.200000000e-01  3.300000000e-01  3.400000000e-01  3.500000000e-01
  3.600000000e-01  3.700000000e-01  3.800000000e-01  3.900000000e-01
  4.000000000e-01  4.100000000e-01  4.200000000e-01  4.300000000e-01
  4.400000000e-01  4.500000000e-01  4.600000000e-01  4.700000000e-01
  4.800000000e-01  4.900000000e-01  5.000000000e-01  5.100000000e-01
  5.200000000e-01  5.300000000e-01  5.400000000e-01  5.500000000e-01
  5.600000000e-01  5.700000000e-01  5.800000000e-01  5.900000000e-01
  6.000000000e-01  6.100000000e-01  6.200000000e-01  6.300000000e-01
  6.400000000e-01  6.500000000e-01  6.600000000e-01  6.700000000e-01
  6.800000000e-01  6.900000000e-01  7.000000000e-01  7.100000000e-01
  7.200000000e-01  7.300000000e-01  7.400000000e-01  7.500000000e-01
  7.600000000e-01  7.700000000e-01  7.800000000e-01  7.900000000e-01
  8.000000000e-01  8.100000000e-01  8.200000000e-01  8.300000000e-01
  8.400000000e-01  8.500000000e-01  8.600000000e-01  8.700000000e-01
  8.800000000e-01  8.900000000e-01  9.000000000e-01  9.100000000e-01
  9.200000000e-01  9.300000000e-01  9.400000000e-01  9.500000000e-01
  9.600000000e-01  9.700000000e-01  9.800000000e-01  9.900000000e-01
  1.000000000e+00
@R VOLP 101 []
  0.000000000e+00  2.383643960e+00  4.767226048e+00  7.150686474e+00
  9.533963576e+00  1.191699690e+01  1.429972946e+01  1.668210297e+01
  1.906405935e+01  2.144554592e+01  2.382651056e+01  2.620689937e+01
  2.858666492e+01  3.096576291e+01  3.334414611e+01  3.572177134e+01
  3.809860144e+01  4.047459837e+01  4.284972526e+01  4.522395141e+01
  4.759724689e+01  4.996957891e+01  5.234092213e+01  5.471125474e+01
  5.708054695e+01  5.944877250e+01  6.181591635e+01  6.418195536e+01
  6.654686182e+01  6.891061756e+01  7.127319645e+01  7.363455982e+01
  7.599468083e+01  7.835352827e+01  8.071104931e+01  8.306719412e+01
  8.542192083e+01  8.777517048e+01  9.012687975e+01  9.247699459e+01
  9.482545090e+01  9.717217033e+01  9.951707818e+01  1.018601005e+02
  1.042011559e+02  1.065401630e+02  1.088770540e+02  1.112117610e+02
  1.135441944e+02  1.158742595e+02  1.182018659e+02  1.205268987e+02
  1.228492420e+02  1.251688042e+02  1.274854900e+02  1.297991900e+02
  1.321098262e+02  1.344173247e+02  1.367216037e+02  1.390225855e+02
  1.413201917e+02  1.436143484e+02  1.459049875e+02  1.481920692e+02
  1.504755787e+02  1.527554765e+02  1.550316632e+02  1.573040549e+02
  1.595726170e+02  1.618373137e+02  1.640981006e+02  1.663549026e+02
  1.686076333e+02  1.708562413e+02  1.731007090e+02  1.753410615e+02
  1.775773452e+02  1.798095993e+02  1.820378966e+02  1.842623542e+02
  1.864831119e+02  1.887002863e+02  1.909138197e+02  1.931234361e+02
  1.953289733e+02  1.975310761e+02  1.997314032e+02  2.019309855e+02
  2.041266150e+02  2.063082828e+02  2.084570253e+02  2.105541028e+02
  2.125967879e+02  2.145944637e+02  2.165605162e+02  2.185085287e+02
  2.204560199e+02  2.224374266e+02  2.245192277e+02  2.267632448e+02
  2.291984588e+02
@R IPOL 101 []
  1.022611253e+00  1.022606649e+00  1.022592836e+00  1.022569807e+00
  1.022537548e+00  1.022496045e+00  1.022445279e+00  1.022385227e+00
  1.022315866e+00  1.022237171e+00  1.022149119e+00  1.022051685e+00
  1.021944846e+00  1.021828575e+00  1.021702846e+00  1.021567640e+00
  1.021422921e+00  1.021268692e+00  1.021104943e+00  1.020931697e+00
  1.020748932e+00  1.020556689e+00  1.020354998e+00  1.020143888e+00
  1.019923411e+00  1.019693646e+00  1.019454679e+00  1.019206607e+00
  1.018949522e+00  1.018683557e+00  1.018408910e+00  1.018125774e+00
  1.017834336e+00  1.017534846e+00  1.017227582e+00  1.016912846e+00
  1.016590949e+00  1.016262203e+00  1.015926920e+00  1.015585449e+00
  1.015238153e+00  1.014885416e+00  1.014527593e+00  1.014165084e+00
  1.013798274e+00  1.013427513e+00  1.013053195e+00  1.012675658e+00
  1.012295298e+00  1.011912549e+00  1.011527817e+00  1.011141577e+00
  1.010754264e+00  1.010366312e+00  1.009978137e+00  1.009590130e+00
  1.009202712e+00  1.008816232e+00  1.008431065e+00  1.008047604e+00
  1.007666221e+00  1.007287322e+00  1.006911308e+00  1.006538503e+00
  1.006169215e+00  1.005803823e+00  1.005442810e+00  1.005086680e+00
  1.004735844e+00  1.004390683e+00  1.004051621e+00  1.003719193e+00
  1.003393954e+00  1.003076362e+00  1.002766826e+00  1.002465768e+00
  1.002173642e+00  1.001890903e+00  1.001617965e+00  1.001355247e+00
  1.001103177e+00  1.000862233e+00  1.000632944e+00  1.000415925e+00
  1.000211932e+00  1.000021930e+00  9.998471527e-01  9.996892746e-01
  9.995502444e-01  9.994332387e-01  9.993578553e-01  9.993448737e-01
  9.993856698e-01  9.994648614e-01  9.995735742e-01  9.996967731e-01
  9.998155658e-01  9.999135154e-01  9.999821249e-01  1.000018828e+00
  1.000000000e+00
@R G11 101 []
  0.000000000e+00  2.416781850e+00  4.833837451e+00  7.250924399e+00
  9.668286165e+00  1.208613028e+01  1.450412461e+01  1.692204092e+01
  1.934026103e+01  2.175919308e+01  2.417881323e+01  2.659856623e+01
  2.901943319e+01  3.143953458e+01  3.386194229e+01  3.627990389e+01
  3.869769873e+01  4.111940138e+01  4.354853035e+01  4.597558692e+01
  4.839736820e+01  5.083290729e+01  5.326416968e+01  5.569021188e+01
  5.812082045e+01  6.055802434e+01  6.299489134e+01  6.543155889e+01
  6.786942453e+01  7.030878794e+01  7.274988203e+01  7.519278769e+01
  7.763754420e+01  8.008439468e+01  8.253377787e+01  8.498714857e+01
  8.744386079e+01  8.989781684e+01  9.235196957e+01  9.481377914e+01
  9.728533863e+01  9.975084817e+01  1.022141915e+02  1.046981494e+02
  1.071724013e+02  1.096521403e+02  1.121429685e+02  1.146272413e+02
  1.171264167e+02  1.196243053e+02  1.221279368e+02  1.246414318e+02
  1.271515126e+02  1.296784120e+02  1.322019895e+02  1.347352275e+02
  1.372842909e+02  1.398225863e+02  1.423837775e+02  1.449527418e+02
  1.475157513e+02  1.501006806e+02  1.526994477e+02  1.552934193e+02
  1.579011291e+02  1.605300668e+02  1.631675142e+02  1.658105311e+02
  1.684645759e+02  1.711407030e+02  1.738349576e+02  1.765395346e+02
  1.792585004e+02  1.819923695e+02  1.847510994e+02  1.875353672e+02
  1.903382072e+02  1.931624080e+02  1.960095743e+02  1.988810705e+02
  2.017868954e+02  2.047291671e+02  2.077027237e+02  2.107115909e+02
  2.137579532e+02  2.168453567e+02  2.199863074e+02  2.231820046e+02
  2.264324517e+02  2.297541293e+02  2.331750724e+02  2.367319392e+02
  2.404227584e+02  2.442251728e+02  2.481464886e+02  2.522070723e+02
  2.563861144e+02  2.606484807e+02  2.650174309e+02  2.695062533e+02
  2.741369555e+02
@R G22 101 []
  0.000000000e+00  1.249279840e-02  2.498717024e-02  3.748202076e-02
  4.997875741e-02  6.247861385e-02  7.498004441e-02  8.748202287e-02
  9.998667761e-02  1.124962996e-01  1.250109368e-01  1.375278731e-01
  1.500523683e-01  1.625748945e-01  1.751114992e-01  1.876274436e-01
  2.001450680e-01  2.126856273e-01  2.252675105e-01  2.378417965e-01
  2.503921286e-01  2.630171473e-01  2.756237680e-01  2.882073393e-01
  3.008186779e-01  3.134684862e-01  3.261211479e-01  3.387775738e-01
  3.514451671e-01  3.641257237e-01  3.768206620e-01  3.895305282e-01
  4.022557373e-01  4.149977621e-01  4.277589685e-01  4.405470368e-01
  4.533588239e-01  4.661628188e-01  4.789744206e-01  4.918325006e-01
  5.047480569e-01  5.176391737e-01  5.305261072e-01  5.435272229e-01
  5.564852043e-01  5.694790262e-01  5.825379444e-01  5.955704900e-01
  6.086881763e-01  6.218069442e-01  6.349634272e-01  6.481790054e-01
  6.613845913e-01  6.746855375e-01  6.879771082e-01  7.013268282e-01
  7.147668861e-01  7.281589954e-01  7.416784777e-01  7.552465884e-01
  7.687918457e-01  7.824595442e-01  7.962075552e-01  8.099388096e-01
  8.237501328e-01  8.376805818e-01  8.516634643e-01  8.656831882e-01
  8.797681442e-01  8.939757953e-01  9.082851028e-01  9.226548036e-01
  9.371054914e-01  9.516391419e-01  9.663071244e-01  9.811124375e-01
  9.960180758e-01  1.011037744e+00  1.026178889e+00  1.041447696e+00
  1.056895297e+00  1.072530997e+00  1.088324693e+00  1.104293229e+00
  1.120444631e+00  1.136798410e+00  1.153426079e+00  1.170334260e+00
  1.187496714e+00  1.204938419e+00  1.222717387e+00  1.240944023e+00
  1.259586104e+00  1.278561997e+00  1.297968326e+00  1.317958026e+00
  1.338481810e+00  1.359507589e+00  1.381438063e+00  1.404537742e+00
  1.428935372e+00
@R G33 101 []
  9.285226808e-01  9.285309298e-01  9.285555234e-01  9.285962520e-01
  9.286533118e-01  9.287266644e-01  9.288160874e-01  9.289215766e-01
  9.290431345e-01  9.291805444e-01  9.293336685e-01  9.295024928e-01
  9.296868130e-01  9.298864041e-01  9.301012022e-01  9.303310568e-01
  9.305757338e-01  9.308350513e-01  9.311088578e-01  9.313968847e-01
  9.316989409e-01  9.320148779e-01  9.323444471e-01  9.326873849e-01
  9.330435800e-01  9.334128537e-01  9.337948755e-01  9.341894608e-01
  9.345965095e-01  9.350157646e-01  9.354470326e-01  9.358902882e-01
  9.363453523e-01  9.368120431e-01  9.372904009e-01  9.377803819e-01
  9.382818222e-01  9.387947292e-01  9.393191272e-01  9.398548856e-01
  9.404019431e-01  9.409603329e-01  9.415300458e-01  9.421109993e-01
  9.427031660e-01  9.433065280e-01  9.439208801e-01  9.445460642e-01
  9.451820335e-01  9.458287260e-01  9.464860457e-01  9.471540037e-01
  9.478326260e-01  9.485217249e-01  9.492211425e-01  9.499308334e-01
  9.506504771e-01  9.513797870e-01  9.521185078e-01  9.528663321e-01
  9.536229753e-01  9.543880848e-01  9.551612757e-01  9.559420560e-01
  9.567297964e-01  9.575239794e-01  9.583243648e-01  9.591305869e-01
  9.599420641e-01  9.607582614e-01  9.615786621e-01  9.624028247e-01
  9.632303491e-01  9.640607224e-01  9.648932957e-01  9.657271786e-01
  9.665613622e-01  9.673948971e-01  9.682267167e-01  9.690555458e-01
  9.698800209e-01  9.706988868e-01  9.715117593e-01  9.723192629e-01
  9.731212610e-01  9.739134100e-01  9.746862902e-01  9.754334141e-01
  9.761684841e-01  9.769355802e-01  9.778028895e-01  9.788331486e-01
  9.800413152e-01  9.813937290e-01  9.828340248e-01  9.843131696e-01
  9.857703476e-01  9.870696695e-01  9.879311349e-01  9.880996115e-01
  9.874944888e-01
@R GRADRHO 101 []
  1.010430959e+00  1.003381550e+00  1.003412115e+00  1.003429020e+00
  1.003457597e+00  1.003498483e+00  1.003536153e+00  1.003566471e+00
  1.003601555e+00  1.003650396e+00  1.003708916e+00  1.003764060e+00
  1.003833917e+00  1.003885826e+00  1.003969206e+00  1.003984284e+00
  1.003999866e+00  1.004065487e+00  1.004213391e+00  1.004327013e+00
  1.004378312e+00  1.004564072e+00  1.004695892e+00  1.004772437e+00
  1.004884934e+00  1.005045910e+00  1.005194459e+00  1.005332857e+00
  1.005472417e+00  1.005615112e+00  1.005762209e+00  1.005913652e+00
  1.006069290e+00  1.006230228e+00  1.006398595e+00  1.006582368e+00
  1.006776557e+00  1.006946163e+00  1.007109125e+00  1.007305649e+00
  1.007544092e+00  1.007741498e+00  1.007919959e+00  1.008190548e+00
  1.008404271e+00  1.008634744e+00  1.008906049e+00  1.009137775e+00
  1.009424746e+00  1.009695212e+00  1.009979194e+00  1.010292476e+00
  1.010580433e+00  1.010923290e+00  1.011240740e+00  1.011582647e+00
  1.011970035e+00  1.012303929e+00  1.012706447e+00  1.013120628e+00
  1.013498226e+00  1.013934665e+00  1.014399488e+00  1.014829610e+00
  1.015285397e+00  1.015788351e+00  1.016295685e+00  1.016797223e+00
  1.017308526e+00  1.017860599e+00  1.018438496e+00  1.019017117e+00
  1.019606423e+00  1.020205407e+00  1.020838934e+00  1.021504991e+00
  1.022180863e+00  1.022870475e+00  1.023574048e+00  1.024290769e+00
  1.025041240e+00  1.025824628e+00  1.026622181e+00  1.027439032e+00
  1.028275092e+00  1.029130708e+00  1.030023554e+00  1.030943141e+00
  1.031884383e+00  1.032898247e+00  1.034085449e+00  1.035563701e+00
  1.037321808e+00  1.039270079e+00  1.041365929e+00  1.043583250e+00
  1.045799832e+00  1.047837889e+00  1.049494288e+00  1.050471264e+00
  1.050629018e+00
@R AREA 101 []
  0.000000000e+00  2.391937175e+00  4.783770348e+00  7.175556439e+00
  9.567283570e+00  1.195890851e+01  1.435043641e+01  1.674186750e+01
  1.913321730e+01  2.152445470e+01  2.391555613e+01  2.630650641e+01
  2.869731595e+01  3.108794921e+01  3.347846339e+01  3.586877340e+01
  3.825916266e+01  4.064936656e+01  4.303943379e+01  4.542905240e+01
  4.781863805e+01  5.020790574e+01  5.259682143e+01  5.498554370e+01
  5.737412019e+01  5.976241486e+01  6.215041312e+01  6.453816145e+01
  6.692567964e+01  6.931297724e+01  7.170005971e+01  7.408693278e+01
  7.647360364e+01  7.886007913e+01  8.124636343e+01  8.363245186e+01
  8.601832751e+01  8.840402460e+01  9.078962882e+01  9.317511679e+01
  9.556042850e+01  9.794555008e+01  1.003306625e+02  1.027156629e+02
  1.051004849e+02  1.074853532e+02  1.098700714e+02  1.122547978e+02
  1.146395003e+02  1.170241629e+02  1.194088854e+02  1.217936056e+02
  1.241783983e+02  1.265633035e+02  1.289482553e+02  1.313334502e+02
  1.337187193e+02  1.361042399e+02  1.384900497e+02  1.408760736e+02
  1.432624802e+02  1.456493261e+02  1.480365535e+02  1.504243013e+02
  1.528126997e+02  1.552017452e+02  1.575915022e+02  1.599821087e+02
  1.623736993e+02  1.647663654e+02  1.671601650e+02  1.695552544e+02
  1.719517972e+02  1.743499644e+02  1.767499243e+02  1.791518045e+02
  1.815558129e+02  1.839621856e+02  1.863711799e+02  1.887830777e+02
  1.911981760e+02  1.936167513e+02  1.960391653e+02  1.984658160e+02
  2.008971348e+02  2.033336063e+02  2.057757699e+02  2.082242101e+02
  2.106796180e+02  2.131425872e+02  2.156134222e+02  2.180919542e+02
  2.205777385e+02  2.230706044e+02  2.255707889e+02  2.280789563e+02
  2.305962940e+02  2.331249058e+02  2.356682630e+02  2.382326422e+02
  2.408271247e+02
@R A 101 []
  0.000000000e+00  1.127112083e-02  2.254172983e-02  3.381214639e-02
  4.508260081e-02  5.635266320e-02  6.762231172e-02  7.889190837e-02
  9.016134324e-02  1.014304002e-01  1.126991192e-01  1.239673517e-01
  1.352350426e-01  1.465021380e-01  1.577689244e-01  1.690348724e-01
  1.803013952e-01  1.915672443e-01  2.028325140e-01  2.140957441e-01
  2.253588937e-01  2.366205018e-01  2.478803298e-01  2.591391254e-01
  2.703969953e-01  2.816531712e-01  2.929075527e-01  3.041602365e-01
  3.154111652e-01  3.266602862e-01  3.379075059e-01  3.491526883e-01
  3.603957184e-01  3.716364980e-01  3.828748815e-01  3.941106640e-01
  4.053436042e-01  4.165737030e-01  4.278011536e-01  4.390256391e-01
  4.502467112e-01  4.614640835e-01  4.726783548e-01  4.838888468e-01
  4.950950152e-01  5.062976285e-01  5.174955202e-01  5.286891726e-01
  5.398781092e-01  5.510619414e-01  5.622408361e-01  5.734141532e-01
  5.845818763e-01  5.957438263e-01  6.068993146e-01  6.180488394e-01
  6.291911492e-01  6.403266211e-01  6.514549435e-01  6.625752028e-01
  6.736876201e-01  6.847918816e-01  6.958870619e-01  7.069730920e-01
  7.180498541e-01  7.291165455e-01  7.401726196e-01  7.512178264e-01
  7.622518622e-01  7.732741474e-01  7.842838449e-01  7.952805132e-01
  8.062637246e-01  8.172329759e-01  8.281876367e-01  8.391268221e-01
  8.500498955e-01  8.609562105e-01  8.718450785e-01  8.827157860e-01
  8.935675310e-01  9.043992365e-01  9.152100131e-01  9.259990060e-01
  9.367653082e-01  9.475079183e-01  9.582257166e-01  9.689173916e-01
  9.795821207e-01  9.902195563e-01  1.000829238e+00  1.011411185e+00
  1.021968035e+00  1.032503650e+00  1.043019776e+00  1.053516352e+00
  1.063992509e+00  1.074440483e+00  1.084849711e+00  1.095206311e+00
  1.105494738e+00
@R RTOR 101 []
  4.721882092e+00  4.721870056e+00  4.721834055e+00  4.721774491e+00
  4.721691099e+00  4.721583769e+00  4.721452801e+00  4.721298239e+00
  4.721120000e+00  4.720918194e+00  4.720692966e+00  4.720444347e+00
  4.720172419e+00  4.719877366e+00  4.719559268e+00  4.719218207e+00
  4.718854312e+00  4.718467761e+00  4.718058631e+00  4.717627127e+00
  4.717173356e+00  4.716697487e+00  4.716199648e+00  4.715680001e+00
  4.715138681e+00  4.714575807e+00  4.713991565e+00  4.713386108e+00
  4.712759512e+00  4.712111918e+00  4.711443498e+00  4.710754325e+00
  4.710044474e+00  4.709314089e+00  4.708563223e+00  4.707791891e+00
  4.707000184e+00  4.706188119e+00  4.705355637e+00  4.704502762e+00
  4.703629519e+00  4.702735868e+00  4.701821694e+00  4.700887000e+00
  4.699931742e+00  4.698955741e+00  4.697959006e+00  4.696941416e+00
  4.695902900e+00  4.694843345e+00  4.693762629e+00  4.692660681e+00
  4.691537303e+00  4.690392345e+00  4.689225722e+00  4.688037160e+00
  4.686826570e+00  4.685593744e+00  4.684338512e+00  4.683060743e+00
  4.681760191e+00  4.680436677e+00  4.679090063e+00  4.677720088e+00
  4.676326544e+00  4.674909309e+00  4.673468162e+00  4.672002818e+00
  4.670513030e+00  4.668998543e+00  4.667459098e+00  4.665894375e+00
  4.664304012e+00  4.662687612e+00  4.661044752e+00  4.659375035e+00
  4.657678017e+00  4.655953192e+00  4.654199995e+00  4.652417895e+00
  4.650606336e+00  4.648764738e+00  4.646892432e+00  4.644988579e+00
  4.643052256e+00  4.641082478e+00  4.639078121e+00  4.637038153e+00
  4.634961237e+00  4.632845432e+00  4.630688410e+00  4.628484094e+00
  4.626222355e+00  4.623892630e+00  4.621486914e+00  4.619000173e+00
  4.616429315e+00  4.613779019e+00  4.611056876e+00  4.608272641e+00
  4.605440384e+00
@R SHIFT 101 []
  1.718820924e-01  1.718700562e-01  1.718340555e-01  1.717744913e-01
  1.716910992e-01  1.715837686e-01  1.714528009e-01  1.712982392e-01
  1.711200004e-01  1.709181938e-01  1.706929659e-01  1.704443468e-01
  1.701724190e-01  1.698773662e-01  1.695592681e-01  1.692182068e-01
  1.688543125e-01  1.684677609e-01  1.680586306e-01  1.676271273e-01
  1.671733563e-01  1.666974873e-01  1.661996478e-01  1.656800012e-01
  1.651386812e-01  1.645758069e-01  1.639915645e-01  1.633861080e-01
  1.627595124e-01  1.621119185e-01  1.614434977e-01  1.607543248e-01
  1.600444744e-01  1.593140887e-01  1.585632230e-01  1.577918907e-01
  1.570001841e-01  1.561881194e-01  1.553556370e-01  1.545027616e-01
  1.536295187e-01  1.527358677e-01  1.518216942e-01  1.508869997e-01
  1.499317424e-01  1.489557414e-01  1.479590058e-01  1.469414161e-01
  1.459029002e-01  1.448433447e-01  1.437626292e-01  1.426606813e-01
  1.415373025e-01  1.403923453e-01  1.392257218e-01  1.380371596e-01
  1.368265704e-01  1.355937444e-01  1.343385115e-01  1.330607425e-01
  1.317601913e-01  1.304366771e-01  1.290900633e-01  1.277200878e-01
  1.263265443e-01  1.249093093e-01  1.234681615e-01  1.220028176e-01
  1.205130302e-01  1.189985433e-01  1.174590978e-01  1.158943749e-01
  1.143040124e-01  1.126876123e-01  1.110447520e-01  1.093750350e-01
  1.076780175e-01  1.059531925e-01  1.041999952e-01  1.024178953e-01
  1.006063358e-01  9.876473800e-02  9.689243152e-02  9.498857873e-02
  9.305225560e-02  9.108247781e-02  8.907812068e-02  8.703815269e-02
  8.496123652e-02  8.284543208e-02  8.068840978e-02  7.848409352e-02
  7.622235469e-02  7.389263039e-02  7.148691370e-02  6.900017256e-02
  6.642931494e-02  6.377901922e-02  6.105687557e-02  5.827264083e-02
  5.544038439e-02
@R ELONG 101 []
  1.269014469e+00  1.269017549e+00  1.269026787e+00  1.269050463e+00
  1.269061035e+00  1.269078328e+00  1.269104986e+00  1.269131906e+00
  1.269166034e+00  1.269206481e+00  1.269252448e+00  1.269304584e+00
  1.269364418e+00  1.269430664e+00  1.269502375e+00  1.269581233e+00
  1.269666098e+00  1.269757373e+00  1.269855700e+00  1.269960865e+00
  1.270072898e+00  1.270192172e+00  1.270319234e+00  1.270453602e+00
  1.270595857e+00  1.270746335e+00  1.270904948e+00  1.271072056e+00
  1.271247926e+00  1.271432853e+00  1.271626886e+00  1.271830451e+00
  1.272043736e+00  1.272266901e+00  1.272500251e+00  1.272743985e+00
  1.272998368e+00  1.273263489e+00  1.273539759e+00  1.273827416e+00
  1.274126558e+00  1.274437473e+00  1.274760515e+00  1.275095911e+00
  1.275443824e+00  1.275804699e+00  1.276178736e+00  1.276566275e+00
  1.276967739e+00  1.277383428e+00  1.277813693e+00  1.278258912e+00
  1.278719593e+00  1.279196106e+00  1.279688826e+00  1.280198272e+00
  1.280724993e+00  1.281269548e+00  1.281832434e+00  1.282414306e+00
  1.283015862e+00  1.283637813e+00  1.284280890e+00  1.284945930e+00
  1.285633802e+00  1.286345449e+00  1.287081894e+00  1.287844158e+00
  1.288633313e+00  1.289450549e+00  1.290297196e+00  1.291174626e+00
  1.292084164e+00  1.293027320e+00  1.294005769e+00  1.295021210e+00
  1.296075460e+00  1.297170536e+00  1.298308702e+00  1.299492384e+00
  1.300724153e+00  1.302006766e+00  1.303343175e+00  1.304736411e+00
  1.306189742e+00  1.307706745e+00  1.309291381e+00  1.310948405e+00
  1.312683111e+00  1.314500604e+00  1.316405663e+00  1.318395423e+00
  1.320460438e+00  1.322590953e+00  1.324780802e+00  1.327032215e+00
  1.329354888e+00  1.331769560e+00  1.334309021e+00  1.337038700e+00
  1.340042995e+00
@R TRIAG 101 []
  0.000000000e+00  2.914673446e-02  2.737576670e-02  2.561076571e-02
  2.383718904e-02  2.205486207e-02  2.026867136e-02  1.847666393e-02
  1.667625288e-02  1.486774864e-02  1.305131056e-02  1.122580299e-02
  9.390687553e-03  7.546084741e-03  5.691013325e-03  3.824452534e-03
  1.945817415e-03  5.476025965e-05 -1.849531926e-03 -3.767259145e-03
 -5.699095748e-03 -7.645492490e-03 -9.607080391e-03 -1.158431224e-02
 -1.357783405e-02 -1.558839620e-02 -1.761643568e-02 -1.966252597e-02
 -2.172744159e-02 -2.381165568e-02 -2.591558368e-02 -2.803992672e-02
 -3.018539596e-02 -3.235245000e-02 -3.454164059e-02 -3.675372137e-02
 -3.898921331e-02 -4.124883783e-02 -4.353339520e-02 -4.584343384e-02
 -4.817954839e-02 -5.054251882e-02 -5.293333650e-02 -5.535256596e-02
 -5.780097278e-02 -6.027968693e-02 -6.278941266e-02 -6.533117870e-02
 -6.790587527e-02 -7.051453919e-02 -7.315830182e-02 -7.583821778e-02
 -7.855544633e-02 -8.131120541e-02 -8.410658411e-02 -8.694320375e-02
 -8.982228675e-02 -9.274538522e-02 -9.571409886e-02 -9.873000134e-02
 -1.017950848e-01 -1.049111828e-01 -1.080804890e-01 -1.113059849e-01
 -1.145900483e-01 -1.179348058e-01 -1.213427037e-01 -1.248163961e-01
 -1.283587245e-01 -1.319726654e-01 -1.356611323e-01 -1.394274485e-01
 -1.432751859e-01 -1.472082889e-01 -1.512306331e-01 -1.553461891e-01
 -1.595594425e-01 -1.638754525e-01 -1.682997815e-01 -1.728383592e-01
 -1.774979766e-01 -1.822858496e-01 -1.872097904e-01 -1.922771515e-01
 -1.974966400e-01 -2.028794791e-01 -2.084393507e-01 -2.141902930e-01
 -2.201424444e-01 -2.263021596e-01 -2.326739194e-01 -2.392695151e-01
 -2.461039669e-01 -2.531862638e-01 -2.605190294e-01 -2.680951276e-01
 -2.759331760e-01 -2.840627649e-01 -2.925312763e-01 -3.015664005e-01
 -3.114823266e-01
@R PMHD 101 []
  9.364503299e+05  9.361634609e+05  9.353036758e+05  9.338734433e+05
  9.318768673e+05  9.293196789e+05  9.262092134e+05  9.225543847e+05
  9.183656328e+05  9.136548932e+05  9.084355134e+05  9.027221550e+05
  8.965306319e+05  8.898780602e+05  8.827823371e+05  8.752627461e+05
  8.673382346e+05  8.590302819e+05  8.503600005e+05  8.413503645e+05
  8.320220413e+05  8.223985889e+05  8.125027805e+05  8.023565601e+05
  7.919821526e+05  7.814023005e+05  7.706387659e+05  7.597129446e+05
  7.486473872e+05  7.374621826e+05  7.261727009e+05  7.147952514e+05
  7.033474025e+05  6.918425020e+05  6.802913366e+05  6.687040716e+05
  6.570908033e+05  6.454614031e+05  6.338249240e+05  6.221904362e+05
  6.105664373e+05  5.989599506e+05  5.873767605e+05  5.758249394e+05
  5.643130255e+05  5.528487764e+05  5.414434629e+05  5.301073496e+05
  5.188493870e+05  5.076753018e+05  4.965907831e+05  4.855991540e+05
  4.747041154e+05  4.639116361e+05  4.532298239e+05  4.426654631e+05
  4.322291172e+05  4.219310517e+05  4.117822706e+05  4.017937412e+05
  3.919737539e+05  3.823293133e+05  3.728698109e+05  3.636078198e+05
  3.545573262e+05  3.457274444e+05  3.371160627e+05  3.287174147e+05
  3.205327952e+05  3.125680273e+05  3.048236640e+05  2.972884055e+05
  2.899477760e+05  2.827951449e+05  2.758285632e+05  2.690438224e+05
  2.624318953e+05  2.559823997e+05  2.496867716e+05  2.435359426e+05
  2.375173434e+05  2.316133848e+05  2.257991760e+05  2.200393844e+05
  2.142836228e+05  2.084596764e+05  2.024674065e+05  1.961632211e+05
  1.893738830e+05  1.818054407e+05  1.715915706e+05  1.567476395e+05
  1.380923530e+05  1.170925145e+05  9.458969120e+04  7.201038652e+04
  5.113475273e+04  3.347035553e+04  1.969446184e+04  9.860291716e+03
  5.946591585e+03
@R QMHD 101 []
  9.908232844e-01  9.908717887e-01  9.910180709e-01  9.912643679e-01
  9.916141771e-01  9.920719086e-01  9.926424033e-01  9.933303151e-01
  9.941393652e-01  9.950714634e-01  9.961257138e-01  9.972973729e-01
  9.985818306e-01  9.999804039e-01  1.001495612e+00  1.003128749e+00
  1.004880713e+00  1.006751157e+00  1.008740192e+00  1.010850592e+00
  1.013084380e+00  1.015440405e+00  1.017921144e+00  1.020528973e+00
  1.023264559e+00  1.026129100e+00  1.029126214e+00  1.032256569e+00
  1.035522068e+00  1.038925792e+00  1.042469675e+00  1.046156033e+00
  1.049987448e+00  1.053967213e+00  1.058097926e+00  1.062382519e+00
  1.066824684e+00  1.071427703e+00  1.076195656e+00  1.081131905e+00
  1.086241162e+00  1.091526896e+00  1.096994110e+00  1.102647980e+00
  1.108492562e+00  1.114533166e+00  1.120775285e+00  1.127225376e+00
  1.133888511e+00  1.140770956e+00  1.147879882e+00  1.155221777e+00
  1.162804243e+00  1.170634765e+00  1.178721364e+00  1.187072900e+00
  1.195697703e+00  1.204605721e+00  1.213806358e+00  1.223309150e+00
  1.233126103e+00  1.243269349e+00  1.253749650e+00  1.264579816e+00
  1.275773931e+00  1.287346181e+00  1.299311767e+00  1.311686713e+00
  1.324488241e+00  1.337734475e+00  1.351444161e+00  1.365638212e+00
  1.380339389e+00  1.395571026e+00  1.411357947e+00  1.427726512e+00
  1.444705080e+00  1.462325789e+00  1.480623521e+00  1.499636122e+00
  1.519402821e+00  1.539963044e+00  1.561355712e+00  1.583626622e+00
  1.606831095e+00  1.631038416e+00  1.656327284e+00  1.682768565e+00
  1.710440763e+00  1.739427084e+00  1.769820964e+00  1.801690435e+00
  1.835087326e+00  1.870063790e+00  1.906724390e+00  1.945327059e+00
  1.986046761e+00  2.028841596e+00  2.073947843e+00  2.122582015e+00
  2.176330469e+00
@R ER 101 []
  0.000000000e+00  0.000000000e+00  0.000000000e+00  0.000000000e+00
  0.000000000e+00  0.000000000e+00  0.000000000e+00  0.000000000e+00
  0.000000000e+00  0.000000000e+00  0.000000000e+00  0.000000000e+00
  0.000000000e+00  0.000000000e+00  0.000000000e+00  0.000000000e+00
  0.000000000e+00  0.000000000e+00  0.000000000e+00  0.000000000e+00
  0.000000000e+00  0.000000000e+00  0.000000000e+00  0.000000000e+00
  0.000000000e+00  0.000000000e+00  0.000000000e+00  0.000000000e+00
  0.000000000e+00  0.000000000e+00  0.000000000e+00  0.000000000e+00
  0.000000000e+00  0.000000000e+00  0.000000000e+00  0.000000000e+00
  0.000000000e+00  0.000000000e+00  0.000000000e+00  0.000000000e+00
  0.000000000e+00  0.000000000e+00  0.000000000e+00  0.000000000e+00
  0.000000000e+00  0.000000000e+00  0.000000000e+00  0.000000000e+00
  0.000000000e+00  0.000000000e+00  0.000000000e+00  0.000000000e+00
  0.000000000e+00  0.000000000e+00  0.000000000e+00  0.000000000e+00
  0.000000000e+00  0.000000000e+00  0.000000000e+00  0.000000000e+00
  0.000000000e+00  0.000000000e+00  0.000000000e+00  0.000000000e+00
  0.000000000e+00  0.000000000e+00  0.000000000e+00  0.000000000e+00
  0.000000000e+00  0.000000000e+00  0.000000000e+00  0.000000000e+00
  0.000000000e+00  0.000000000e+00  0.000000000e+00  0.000000000e+00
  0.000000000e+00  0.000000000e+00  0.000000000e+00  0.000000000e+00
  0.000000000e+00  0.000000000e+00  0.000000000e+00  0.000000000e+00
  0.000000000e+00  0.000000000e+00  0.000000000e+00  0.000000000e+00
  0.000000000e+00  0.000000000e+00  0.000000000e+00  0.000000000e+00
  0.000000000e+00  0.000000000e+00  0.000000000e+00  0.000000000e+00
  0.000000000e+00  0.000000000e+00  0.000000000e+00  0.000000000e+00
  0.000000000e+00
@R NC1 101 []
  9.985000477e-01  9.384285943e-01  9.152466822e-01  8.982611390e-01
  8.844444148e-01  8.726303281e-01  8.622239124e-01  8.528736795e-01
  8.443516645e-01  8.365002009e-01  8.292051263e-01  8.223811402e-01
  8.159618265e-01  8.098947061e-01  8.041372612e-01  7.986549245e-01
  7.934180431e-01  7.884027084e-01  7.835881365e-01  7.789569549e-01
  7.744927428e-01  7.701826851e-01  7.660149408e-01  7.619785519e-01
  7.580641844e-01  7.542638344e-01  7.505697938e-01  7.469752529e-01
  7.434742297e-01  7.400609945e-01  7.367305179e-01  7.334783962e-01
  7.303002896e-01  7.271923059e-01  7.241511255e-01  7.211734131e-01
  7.182561308e-01  7.153965927e-01  7.125920090e-01  7.098399772e-01
  7.071383864e-01  7.044850635e-01  7.018778686e-01  6.993151183e-01
  6.967950348e-01  6.943157275e-01  6.918758044e-01  6.894734120e-01
  6.871072910e-01  6.847761838e-01  6.824785863e-01  6.802135294e-01
  6.779798755e-01  6.757763493e-01  6.736020368e-01  6.714557565e-01
  6.693365552e-01  6.672433058e-01  6.651750248e-01  6.631308707e-01
  6.611099157e-01  6.591112385e-01  6.571340554e-01  6.551774354e-01
  6.532403604e-01  6.513221780e-01  6.494223745e-01  6.475401795e-01
  6.456748414e-01  6.438257072e-01  6.419921221e-01  6.401736460e-01
  6.383697998e-01  6.365799009e-01  6.348034093e-01  6.330396885e-01
  6.312880282e-01  6.295478959e-01  6.278185554e-01  6.260992433e-01
  6.243893558e-01  6.226882498e-01  6.209958184e-01  6.193122926e-01
  6.176372531e-01  6.159696543e-01  6.143066969e-01  6.126463279e-01
  6.109937102e-01  6.093608389e-01  6.077719442e-01  6.062586699e-01
  6.048295574e-01  6.034627354e-01  6.021272076e-01  6.008053990e-01
  5.994602229e-01  5.980372746e-01  5.964565964e-01  5.946408628e-01
  5.925756483e-01
@R HFAC1 101 []
  1.000000000e+00  9.976126047e-01  9.952245203e-01  9.928357383e-01
  9.904463469e-01  9.880564686e-01  9.856661383e-01  9.832753718e-01
  9.808842404e-01  9.784927744e-01  9.761009982e-01  9.737089969e-01
  9.713167573e-01  9.689242799e-01  9.665315308e-01  9.641386118e-01
  9.617451838e-01  9.593514830e-01  9.569574728e-01  9.545634178e-01
  9.521688352e-01  9.497740271e-01  9.473789855e-01  9.449834486e-01
  9.425873805e-01  9.401909170e-01  9.377939398e-01  9.353963710e-01
  9.329982165e-01  9.305993641e-01  9.281997705e-01  9.257994990e-01
  9.233984720e-01  9.209966400e-01  9.185941004e-01  9.161908440e-01
  9.137868473e-01  9.113821435e-01  9.089766444e-01  9.065703440e-01
  9.041633296e-01  9.017556193e-01  8.993470361e-01  8.969376970e-01
  8.945276393e-01  8.921166158e-01  8.897047673e-01  8.872917996e-01
  8.848777688e-01  8.824626902e-01  8.800463622e-01  8.776289097e-01
  8.752102845e-01  8.727903128e-01  8.703690296e-01  8.679461952e-01
  8.655218283e-01  8.630956111e-01  8.606673874e-01  8.582371145e-01
  8.558045258e-01  8.533694143e-01  8.509316956e-01  8.484910363e-01
  8.460470268e-01  8.435995439e-01  8.411485596e-01  8.386938277e-01
  8.362350428e-01  8.337720029e-01  8.313045339e-01  8.288324993e-01
  8.263557628e-01  8.238740567e-01  8.213871491e-01  8.188947377e-01
  8.163963897e-01  8.138917826e-01  8.113804669e-01  8.088619070e-01
  8.063356459e-01  8.038012891e-01  8.012588948e-01  7.987089350e-01
  7.961512651e-01  7.935842081e-01  7.910040338e-01  7.884084677e-01
  7.858044805e-01  7.832098804e-01  7.806534209e-01  7.781654533e-01
  7.757521447e-01  7.733916127e-01  7.710513303e-01  7.687085221e-01
  7.663287121e-01  7.638527542e-01  7.611806666e-01  7.582203085e-01
  7.549495282e-01
@R HFAC2 101 []
  1.000000000e+00  9.952337444e-01  9.904831322e-01  9.857480751e-01
  9.810286774e-01  9.763251079e-01  9.716373619e-01  9.669653984e-01
  9.623092821e-01  9.576689983e-01  9.530445206e-01  9.484359394e-01
  9.438431535e-01  9.392660904e-01  9.347046123e-01  9.301588382e-01
  9.256280542e-01  9.211126352e-01  9.166124414e-01  9.121278968e-01
  9.076580242e-01  9.032033187e-01  8.987636932e-01  8.943385924e-01
  8.899278834e-01  8.855317518e-01  8.811499106e-01  8.767821518e-01
  8.724284254e-01  8.680884623e-01  8.637621241e-01  8.594494682e-01
  8.551502949e-01  8.508644565e-01  8.465920754e-01  8.423330780e-01
  8.380873645e-01  8.338549429e-01  8.296356003e-01  8.254292721e-01
  8.212360610e-01  8.170559414e-01  8.128885535e-01  8.087340507e-01
  8.045924419e-01  8.004632481e-01  7.963466583e-01  7.922421110e-01
  7.881496543e-01  7.840692688e-01  7.800005603e-01  7.759436965e-01
  7.718985516e-01  7.678647817e-01  7.638423998e-01  7.598309595e-01
  7.558304355e-01  7.518402551e-01  7.478601149e-01  7.438898951e-01
  7.399291175e-01  7.359773997e-01  7.320345580e-01  7.281000065e-01
  7.241730328e-01  7.202534010e-01  7.163410431e-01  7.124355333e-01
  7.085363470e-01  7.046431271e-01  7.007555592e-01  6.968734109e-01
  6.929964524e-01  6.891242268e-01  6.852563374e-01  6.813922742e-01
  6.775313223e-01  6.736729490e-01  6.698164148e-01  6.659608427e-01
  6.621054870e-01  6.582496933e-01  6.543935611e-01  6.505378893e-01
  6.466825008e-01  6.428247715e-01  6.389587416e-01  6.350806331e-01
  6.312015104e-01  6.273497821e-01  6.235712816e-01  6.199144739e-01
  6.163890748e-01  6.129600131e-01  6.095754848e-01  6.061992458e-01
  6.027759638e-01  5.992102398e-01  5.953412514e-01  5.910246516e-01
  5.862299611e-01
