@I NRHO 1 []
101
@R RHOB 1 []
1.265893e+00
@R RHO 101 []
0.000000e+00 1.000000e-02 2.000000e-02 3.000000e-02 4.000000e-02 
5.000000e-02 6.000000e-02 7.000000e-02 8.000000e-02 9.000000e-02 
1.000000e-01 1.100000e-01 1.200000e-01 1.300000e-01 1.400000e-01 
1.500000e-01 1.600000e-01 1.700000e-01 1.800000e-01 1.900000e-01 
2.000000e-01 2.100000e-01 2.200000e-01 2.300000e-01 2.400000e-01 
2.500000e-01 2.600000e-01 2.700000e-01 2.800000e-01 2.900000e-01 
3.000000e-01 3.100000e-01 3.200000e-01 3.300000e-01 3.400000e-01 
3.500000e-01 3.600000e-01 3.700000e-01 3.800000e-01 3.900000e-01 
4.000000e-01 4.100000e-01 4.200000e-01 4.300000e-01 4.400000e-01 
4.500000e-01 4.600000e-01 4.700000e-01 4.800000e-01 4.900000e-01 
5.000000e-01 5.100000e-01 5.200000e-01 5.300000e-01 5.400000e-01 
5.500000e-01 5.600000e-01 5.700000e-01 5.800000e-01 5.900000e-01 
6.000000e-01 6.100000e-01 6.200000e-01 6.300000e-01 6.400000e-01 
6.500000e-01 6.600000e-01 6.700000e-01 6.800000e-01 6.900000e-01 
7.000000e-01 7.100000e-01 7.200000e-01 7.300000e-01 7.400000e-01 
7.500000e-01 7.600000e-01 7.700000e-01 7.800000e-01 7.900000e-01 
8.000000e-01 8.100000e-01 8.200000e-01 8.300000e-01 8.400000e-01 
8.500000e-01 8.600000e-01 8.700000e-01 8.800000e-01 8.900000e-01 
9.000000e-01 9.100000e-01 9.200000e-01 9.300000e-01 9.400000e-01 
9.500000e-01 9.600000e-01 9.700000e-01 9.800000e-01 9.900000e-01 
1.000000e+00 
@R VOLP 101 []
0.000000e+00 2.459289e+00 4.918305e+00 7.376781e+00 9.834448e+00 
1.229104e+01 1.474630e+01 1.719997e+01 1.965180e+01 2.210155e+01 
2.454899e+01 2.699390e+01 2.943607e+01 3.187529e+01 3.431139e+01 
3.674417e+01 3.917349e+01 4.159920e+01 4.402117e+01 4.643930e+01 
4.885349e+01 5.126365e+01 5.366974e+01 5.607174e+01 5.846964e+01 
6.086348e+01 6.325330e+01 6.563901e+01 6.802041e+01 7.039730e+01 
7.276988e+01 7.513873e+01 7.750451e+01 7.986783e+01 8.222900e+01 
8.458820e+01 8.694552e+01 8.930099e+01 9.165460e+01 9.400631e+01 
9.635598e+01 9.870345e+01 1.010485e+02 1.033911e+02 1.057311e+02 
1.080687e+02 1.104041e+02 1.127373e+02 1.150683e+02 1.173968e+02 
1.197226e+02 1.220450e+02 1.243637e+02 1.266781e+02 1.289880e+02 
1.312931e+02 1.335937e+02 1.358897e+02 1.381814e+02 1.404687e+02 
1.427517e+02 1.450301e+02 1.473039e+02 1.495730e+02 1.518375e+02 
1.540974e+02 1.563530e+02 1.586043e+02 1.608514e+02 1.630943e+02 
1.653327e+02 1.675666e+02 1.697957e+02 1.720198e+02 1.742388e+02 
1.764526e+02 1.786613e+02 1.808649e+02 1.830637e+02 1.852577e+02 
1.874469e+02 1.896310e+02 1.918094e+02 1.939817e+02 1.961479e+02 
1.983111e+02 2.004784e+02 2.026563e+02 2.048422e+02 2.070152e+02 
2.091308e+02 2.111461e+02 2.130565e+02 2.148824e+02 2.166536e+02 
2.184014e+02 2.201541e+02 2.219591e+02 2.238981e+02 2.260404e+02 
2.284186e+02 
@R IPOL 101 []
1.011990e+00 1.011991e+00 1.011994e+00 1.012001e+00 1.012010e+00 
1.012023e+00 1.012039e+00 1.012057e+00 1.012078e+00 1.012101e+00 
1.012126e+00 1.012153e+00 1.012181e+00 1.012209e+00 1.012237e+00 
1.012266e+00 1.012293e+00 1.012320e+00 1.012344e+00 1.012366e+00 
1.012385e+00 1.012400e+00 1.012411e+00 1.012416e+00 1.012416e+00 
1.012409e+00 1.012395e+00 1.012373e+00 1.012343e+00 1.012306e+00 
1.012263e+00 1.012210e+00 1.012144e+00 1.012062e+00 1.011963e+00 
1.011846e+00 1.011713e+00 1.011563e+00 1.011397e+00 1.011215e+00 
1.011020e+00 1.010812e+00 1.010592e+00 1.010362e+00 1.010122e+00 
1.009872e+00 1.009613e+00 1.009345e+00 1.009067e+00 1.008782e+00 
1.008491e+00 1.008195e+00 1.007895e+00 1.007593e+00 1.007291e+00 
1.006989e+00 1.006687e+00 1.006385e+00 1.006083e+00 1.005780e+00 
1.005479e+00 1.005177e+00 1.004878e+00 1.004579e+00 1.004282e+00 
1.003988e+00 1.003695e+00 1.003405e+00 1.003117e+00 1.002832e+00 
1.002551e+00 1.002274e+00 1.002002e+00 1.001735e+00 1.001475e+00 
1.001223e+00 1.000977e+00 1.000740e+00 1.000511e+00 1.000290e+00 
1.000080e+00 9.998791e-01 9.996889e-01 9.995095e-01 9.993410e-01 
9.991836e-01 9.990368e-01 9.989005e-01 9.987748e-01 9.986614e-01 
9.985842e-01 9.985899e-01 9.986914e-01 9.988591e-01 9.990679e-01 
9.992985e-01 9.995252e-01 9.997218e-01 9.998719e-01 9.999700e-01 
1.000003e+00 
@R G11 101 []
0.000000e+00 2.460079e+00 4.920325e+00 7.380842e+00 9.842227e+00 
1.230456e+01 1.476745e+01 1.723077e+01 1.969516e+01 2.216123e+01 
2.462897e+01 2.709795e+01 2.956937e+01 3.204044e+01 3.451619e+01 
3.698452e+01 3.945967e+01 4.193952e+01 4.442145e+01 4.691466e+01 
4.939368e+01 5.188552e+01 5.438438e+01 5.687771e+01 5.937185e+01 
6.186933e+01 6.437264e+01 6.687839e+01 6.938519e+01 7.189446e+01 
7.440600e+01 7.691976e+01 7.943477e+01 8.195106e+01 8.446704e+01 
8.697948e+01 8.949083e+01 9.200399e+01 9.452349e+01 9.704427e+01 
9.955627e+01 1.020734e+02 1.046046e+02 1.071242e+02 1.096519e+02 
1.121878e+02 1.147149e+02 1.172584e+02 1.197960e+02 1.223415e+02 
1.248924e+02 1.274439e+02 1.300121e+02 1.325740e+02 1.351560e+02 
1.377405e+02 1.403291e+02 1.429424e+02 1.455447e+02 1.481627e+02 
1.508019e+02 1.534346e+02 1.560791e+02 1.587466e+02 1.614220e+02 
1.640987e+02 1.667920e+02 1.695077e+02 1.722331e+02 1.749678e+02 
1.777143e+02 1.804849e+02 1.832793e+02 1.860884e+02 1.889164e+02 
1.917630e+02 1.946374e+02 1.975448e+02 2.004781e+02 2.034380e+02 
2.064274e+02 2.094489e+02 2.125168e+02 2.156343e+02 2.187938e+02 
2.219954e+02 2.252307e+02 2.285139e+02 2.318599e+02 2.352893e+02 
2.388516e+02 2.426021e+02 2.465617e+02 2.506962e+02 2.549656e+02 
2.593798e+02 2.639155e+02 2.685039e+02 2.731570e+02 2.778807e+02 
2.826935e+02 
@R G22 101 []
0.000000e+00 1.251275e-02 2.502647e-02 3.754181e-02 5.006192e-02 
6.258733e-02 7.511613e-02 8.764792e-02 1.001860e-01 1.127337e-01 
1.252910e-01 1.378560e-01 1.504350e-01 1.630139e-01 1.756186e-01 
1.881876e-01 2.007938e-01 2.134265e-01 2.260728e-01 2.387797e-01 
2.514180e-01 2.641253e-01 2.768726e-01 2.895965e-01 3.023296e-01 
3.150855e-01 3.278773e-01 3.406876e-01 3.535090e-01 3.663485e-01 
3.792065e-01 3.920845e-01 4.049799e-01 4.178951e-01 4.308228e-01 
4.437468e-01 4.566793e-01 4.696349e-01 4.826365e-01 4.956579e-01 
5.086473e-01 5.216747e-01 5.347858e-01 5.478481e-01 5.609632e-01 
5.741325e-01 5.872685e-01 6.005015e-01 6.137170e-01 6.269856e-01 
6.402923e-01 6.536110e-01 6.670232e-01 6.804092e-01 6.939041e-01 
7.074176e-01 7.209588e-01 7.346340e-01 7.482607e-01 7.619772e-01 
7.758116e-01 7.896208e-01 8.034987e-01 8.175028e-01 8.315560e-01 
8.456242e-01 8.597881e-01 8.740772e-01 8.884262e-01 9.028324e-01 
9.173081e-01 9.319148e-01 9.466501e-01 9.614659e-01 9.763819e-01 
9.913953e-01 1.006554e+00 1.021883e+00 1.037346e+00 1.052945e+00 
1.068692e+00 1.084597e+00 1.100726e+00 1.117091e+00 1.133649e+00 
1.150416e+00 1.167386e+00 1.184657e+00 1.202276e+00 1.220219e+00 
1.238536e+00 1.257344e+00 1.276714e+00 1.296550e+00 1.316799e+00 
1.337656e+00 1.359114e+00 1.381020e+00 1.403778e+00 1.427633e+00 
1.452681e+00 
@R G33 101 []
9.136383e-01 9.136537e-01 9.136997e-01 9.137761e-01 9.138830e-01 
9.140203e-01 9.141876e-01 9.143849e-01 9.146119e-01 9.148682e-01 
9.151535e-01 9.154677e-01 9.158100e-01 9.161801e-01 9.165775e-01 
9.170019e-01 9.174523e-01 9.179283e-01 9.184293e-01 9.189544e-01 
9.195028e-01 9.200741e-01 9.206672e-01 9.212809e-01 9.219143e-01 
9.225658e-01 9.232345e-01 9.239208e-01 9.246262e-01 9.253509e-01 
9.260926e-01 9.268467e-01 9.276083e-01 9.283730e-01 9.291386e-01 
9.299046e-01 9.306714e-01 9.314393e-01 9.322086e-01 9.329802e-01 
9.337550e-01 9.345343e-01 9.353192e-01 9.361104e-01 9.369077e-01 
9.377105e-01 9.385177e-01 9.393286e-01 9.401432e-01 9.409624e-01 
9.417881e-01 9.426227e-01 9.434682e-01 9.443263e-01 9.451979e-01 
9.460828e-01 9.469802e-01 9.478888e-01 9.488072e-01 9.497347e-01 
9.506709e-01 9.516160e-01 9.525700e-01 9.535323e-01 9.545024e-01 
9.554788e-01 9.564603e-01 9.574458e-01 9.584344e-01 9.594259e-01 
9.604202e-01 9.614175e-01 9.624180e-01 9.634218e-01 9.644287e-01 
9.654384e-01 9.664500e-01 9.674619e-01 9.684726e-01 9.694812e-01 
9.704870e-01 9.714908e-01 9.724946e-01 9.735004e-01 9.745076e-01 
9.755009e-01 9.764459e-01 9.773122e-01 9.781148e-01 9.789500e-01 
9.799824e-01 9.813551e-01 9.831017e-01 9.851541e-01 9.873837e-01 
9.896685e-01 9.919081e-01 9.939152e-01 9.953421e-01 9.958972e-01 
9.954889e-01 
@R GRADRHO 101 []
1.004260e+00 9.960343e-01 9.960686e-01 9.961234e-01 9.962239e-01 
9.963523e-01 9.964868e-01 9.966263e-01 9.967889e-01 9.969856e-01 
9.972092e-01 9.974461e-01 9.977163e-01 9.979713e-01 9.982891e-01 
9.984951e-01 9.987922e-01 9.991403e-01 9.995027e-01 9.999762e-01 
1.000287e+00 1.000719e+00 1.001203e+00 1.001622e+00 1.002039e+00 
1.002472e+00 1.002941e+00 1.003416e+00 1.003887e+00 1.004365e+00 
1.004847e+00 1.005330e+00 1.005805e+00 1.006273e+00 1.006722e+00 
1.007135e+00 1.007527e+00 1.007915e+00 1.008322e+00 1.008721e+00 
1.009060e+00 1.009413e+00 1.009823e+00 1.010163e+00 1.010529e+00 
1.010920e+00 1.011256e+00 1.011651e+00 1.012006e+00 1.012381e+00 
1.012765e+00 1.013138e+00 1.013565e+00 1.013955e+00 1.014411e+00 
1.014864e+00 1.015318e+00 1.015846e+00 1.016319e+00 1.016831e+00 
1.017397e+00 1.017922e+00 1.018468e+00 1.019068e+00 1.019670e+00 
1.020254e+00 1.020865e+00 1.021517e+00 1.022170e+00 1.022821e+00 
1.023475e+00 1.024167e+00 1.024891e+00 1.025620e+00 1.026363e+00 
1.027116e+00 1.027899e+00 1.028722e+00 1.029562e+00 1.030416e+00 
1.031285e+00 1.032171e+00 1.033102e+00 1.034082e+00 1.035086e+00 
1.036102e+00 1.037088e+00 1.038048e+00 1.039007e+00 1.040040e+00 
1.041356e+00 1.043174e+00 1.045532e+00 1.048277e+00 1.051223e+00 
1.054284e+00 1.057325e+00 1.060061e+00 1.062241e+00 1.063545e+00 
1.063796e+00 
@R AREA 101 []
0.000000e+00 2.449661e+00 4.899209e+00 7.348607e+00 9.797715e+00 
1.224639e+01 1.469458e+01 1.714225e+01 1.958933e+01 2.203573e+01 
2.448134e+01 2.692608e+01 2.936990e+01 3.181269e+01 3.425448e+01 
3.669511e+01 3.913493e+01 4.157330e+01 4.401059e+01 4.644623e+01 
4.888051e+01 5.131347e+01 5.374477e+01 5.617451e+01 5.860277e+01 
6.102952e+01 6.345471e+01 6.587830e+01 6.830029e+01 7.072068e+01 
7.313946e+01 7.555664e+01 7.797228e+01 8.038644e+01 8.279918e+01 
8.521064e+01 8.762095e+01 9.003018e+01 9.243838e+01 9.484556e+01 
9.725188e+01 9.965745e+01 1.020622e+02 1.044662e+02 1.068695e+02 
1.092722e+02 1.116743e+02 1.140759e+02 1.164769e+02 1.188776e+02 
1.212779e+02 1.236779e+02 1.260775e+02 1.284769e+02 1.308760e+02 
1.332748e+02 1.356733e+02 1.380716e+02 1.404697e+02 1.428677e+02 
1.452655e+02 1.476633e+02 1.500612e+02 1.524591e+02 1.548572e+02 
1.572555e+02 1.596542e+02 1.620534e+02 1.644531e+02 1.668536e+02 
1.692549e+02 1.716573e+02 1.740609e+02 1.764657e+02 1.788721e+02 
1.812802e+02 1.836903e+02 1.861025e+02 1.885172e+02 1.909345e+02 
1.933549e+02 1.957786e+02 1.982062e+02 2.006378e+02 2.030740e+02 
2.055152e+02 2.079621e+02 2.104158e+02 2.128773e+02 2.153474e+02 
2.178263e+02 2.203128e+02 2.228053e+02 2.253023e+02 2.278031e+02 
2.303082e+02 2.328188e+02 2.353374e+02 2.378685e+02 2.404197e+02 
2.430013e+02 
@R A 101 []
0.000000e+00 1.131438e-02 2.262854e-02 3.394265e-02 4.525672e-02 
5.657049e-02 6.788414e-02 7.919783e-02 9.051144e-02 1.018249e-01 
1.131381e-01 1.244510e-01 1.357635e-01 1.470756e-01 1.583876e-01 
1.696990e-01 1.810117e-01 1.923230e-01 2.036346e-01 2.149441e-01 
2.262531e-01 2.375618e-01 2.488685e-01 2.601740e-01 2.714785e-01 
2.827817e-01 2.940831e-01 3.053826e-01 3.166805e-01 3.279769e-01 
3.392717e-01 3.505642e-01 3.618539e-01 3.731408e-01 3.844247e-01 
3.957054e-01 4.069829e-01 4.182567e-01 4.295266e-01 4.407919e-01 
4.520529e-01 4.633096e-01 4.745613e-01 4.858079e-01 4.970500e-01 
5.082864e-01 5.195176e-01 5.307432e-01 5.419627e-01 5.531764e-01 
5.643835e-01 5.755844e-01 5.867785e-01 5.979656e-01 6.091460e-01 
6.203189e-01 6.314848e-01 6.426427e-01 6.537925e-01 6.649345e-01 
6.760677e-01 6.871919e-01 6.983072e-01 7.094128e-01 7.205082e-01 
7.315933e-01 7.426677e-01 7.537308e-01 7.647820e-01 7.758208e-01 
7.868469e-01 7.978598e-01 8.088586e-01 8.198428e-01 8.308118e-01 
8.417652e-01 8.527023e-01 8.636223e-01 8.745245e-01 8.854083e-01 
8.962731e-01 9.071180e-01 9.179418e-01 9.287432e-01 9.395213e-01 
9.502757e-01 9.610060e-01 9.717112e-01 9.823897e-01 9.930424e-01 
1.003668e+00 1.014266e+00 1.024841e+00 1.035402e+00 1.045957e+00 
1.056507e+00 1.067054e+00 1.077590e+00 1.088100e+00 1.098570e+00 
1.108978e+00 
@R RTOR 101 []
4.760190e+00 4.760168e+00 4.760104e+00 4.759998e+00 4.759850e+00 
4.759660e+00 4.759427e+00 4.759153e+00 4.758838e+00 4.758481e+00 
4.758082e+00 4.757643e+00 4.757164e+00 4.756645e+00 4.756085e+00 
4.755487e+00 4.754850e+00 4.754175e+00 4.753462e+00 4.752712e+00 
4.751925e+00 4.751103e+00 4.750245e+00 4.749353e+00 4.748428e+00 
4.747469e+00 4.746479e+00 4.745457e+00 4.744406e+00 4.743324e+00 
4.742212e+00 4.741071e+00 4.739902e+00 4.738708e+00 4.737489e+00 
4.736249e+00 4.734988e+00 4.733707e+00 4.732409e+00 4.731094e+00 
4.729763e+00 4.728415e+00 4.727051e+00 4.725672e+00 4.724277e+00 
4.722867e+00 4.721441e+00 4.720000e+00 4.718544e+00 4.717072e+00 
4.715585e+00 4.714083e+00 4.712565e+00 4.711030e+00 4.709477e+00 
4.707907e+00 4.706318e+00 4.704710e+00 4.703082e+00 4.701434e+00 
4.699765e+00 4.698076e+00 4.696366e+00 4.694634e+00 4.692881e+00 
4.691105e+00 4.689307e+00 4.687487e+00 4.685643e+00 4.683777e+00 
4.681887e+00 4.679973e+00 4.678036e+00 4.676073e+00 4.674086e+00 
4.672073e+00 4.670033e+00 4.667967e+00 4.665873e+00 4.663751e+00 
4.661600e+00 4.659420e+00 4.657209e+00 4.654965e+00 4.652688e+00 
4.650376e+00 4.648031e+00 4.645653e+00 4.643245e+00 4.640802e+00 
4.638317e+00 4.635778e+00 4.633169e+00 4.630474e+00 4.627679e+00 
4.624781e+00 4.621778e+00 4.618674e+00 4.615485e+00 4.612227e+00 
4.608920e+00 
@R SHIFT 101 []
2.101895e-01 2.101682e-01 2.101043e-01 2.099985e-01 2.098503e-01 
2.096598e-01 2.094275e-01 2.091534e-01 2.088377e-01 2.084806e-01 
2.080824e-01 2.076434e-01 2.071640e-01 2.066445e-01 2.060855e-01 
2.054871e-01 2.048500e-01 2.041747e-01 2.034616e-01 2.027115e-01 
2.019251e-01 2.011027e-01 2.002452e-01 1.993533e-01 1.984276e-01 
1.974691e-01 1.964787e-01 1.954574e-01 1.944056e-01 1.933236e-01 
1.922117e-01 1.910709e-01 1.899023e-01 1.887076e-01 1.874891e-01 
1.862485e-01 1.849875e-01 1.837074e-01 1.824094e-01 1.810942e-01 
1.797625e-01 1.784148e-01 1.770514e-01 1.756723e-01 1.742775e-01 
1.728672e-01 1.714413e-01 1.700000e-01 1.685436e-01 1.670720e-01 
1.655853e-01 1.640830e-01 1.625648e-01 1.610298e-01 1.594775e-01 
1.579071e-01 1.563181e-01 1.547097e-01 1.530817e-01 1.514336e-01 
1.497651e-01 1.480761e-01 1.463659e-01 1.446342e-01 1.428808e-01 
1.411052e-01 1.393072e-01 1.374866e-01 1.356432e-01 1.337767e-01 
1.318869e-01 1.299733e-01 1.280356e-01 1.260734e-01 1.240860e-01 
1.220729e-01 1.200334e-01 1.179669e-01 1.158730e-01 1.137509e-01 
1.116002e-01 1.094199e-01 1.072087e-01 1.049653e-01 1.026882e-01 
1.003764e-01 9.803089e-02 9.565321e-02 9.324479e-02 9.080234e-02 
8.831708e-02 8.577801e-02 8.316937e-02 8.047366e-02 7.767885e-02 
7.478111e-02 7.177762e-02 6.867441e-02 6.548461e-02 6.222663e-02 
5.892035e-02 
@R ELONG 101 []
1.294879e+00 1.294880e+00 1.294883e+00 1.294879e+00 1.294847e+00 
1.294797e+00 1.294737e+00 1.294671e+00 1.294604e+00 1.294530e+00 
1.294447e+00 1.294358e+00 1.294266e+00 1.294169e+00 1.294066e+00 
1.293958e+00 1.293846e+00 1.293731e+00 1.293613e+00 1.293492e+00 
1.293370e+00 1.293247e+00 1.293125e+00 1.293003e+00 1.292883e+00 
1.292766e+00 1.292654e+00 1.292547e+00 1.292445e+00 1.292345e+00 
1.292250e+00 1.292163e+00 1.292086e+00 1.292021e+00 1.291969e+00 
1.291932e+00 1.291913e+00 1.291912e+00 1.291932e+00 1.291971e+00 
1.292032e+00 1.292114e+00 1.292217e+00 1.292341e+00 1.292485e+00 
1.292651e+00 1.292837e+00 1.293045e+00 1.293275e+00 1.293526e+00 
1.293799e+00 1.294094e+00 1.294410e+00 1.294748e+00 1.295106e+00 
1.295485e+00 1.295884e+00 1.296304e+00 1.296745e+00 1.297206e+00 
1.297690e+00 1.298195e+00 1.298723e+00 1.299275e+00 1.299851e+00 
1.300452e+00 1.301079e+00 1.301733e+00 1.302416e+00 1.303129e+00 
1.303872e+00 1.304648e+00 1.305458e+00 1.306304e+00 1.307186e+00 
1.308106e+00 1.309067e+00 1.310069e+00 1.311117e+00 1.312211e+00 
1.313354e+00 1.314549e+00 1.315799e+00 1.317105e+00 1.318470e+00 
1.319898e+00 1.321394e+00 1.322969e+00 1.324635e+00 1.326400e+00 
1.328258e+00 1.330196e+00 1.332191e+00 1.334216e+00 1.336257e+00 
1.338316e+00 1.340399e+00 1.342531e+00 1.344772e+00 1.347202e+00 
1.349915e+00 
@R TRIAG 101 []
0.000000e+00 3.140035e-02 2.973284e-02 2.807103e-02 2.639947e-02 
2.471723e-02 2.303016e-02 2.133569e-02 1.963013e-02 1.791440e-02 
1.618857e-02 1.445033e-02 1.269877e-02 1.093463e-02 9.156857e-03 
7.363596e-03 5.554293e-03 3.728595e-03 1.885002e-03 2.368215e-05 
-1.856059e-03 -3.755411e-03 -5.674744e-03 -7.614346e-03 -9.575740e-03 
-1.155996e-02 -1.356714e-02 -1.559802e-02 -1.765428e-02 -1.973703e-02 
-2.184684e-02 -2.398297e-02 -2.614514e-02 -2.833501e-02 -3.055464e-02 
-3.280679e-02 -3.509489e-02 -3.742059e-02 -3.978248e-02 -4.217973e-02 
-4.461244e-02 -4.708097e-02 -4.958503e-02 -5.212442e-02 -5.469932e-02 
-5.730975e-02 -5.995644e-02 -6.264033e-02 -6.536231e-02 -6.812373e-02 
-7.092591e-02 -7.376934e-02 -7.665380e-02 -7.957942e-02 -8.254667e-02 
-8.555623e-02 -8.860989e-02 -9.170916e-02 -9.485572e-02 -9.805135e-02 
-1.012975e-01 -1.045963e-01 -1.079499e-01 -1.113605e-01 -1.148316e-01 
-1.183663e-01 -1.219674e-01 -1.256377e-01 -1.293805e-01 -1.331990e-01 
-1.370966e-01 -1.410769e-01 -1.451438e-01 -1.493012e-01 -1.535532e-01 
-1.579043e-01 -1.623593e-01 -1.669239e-01 -1.716039e-01 -1.764061e-01 
-1.813382e-01 -1.864082e-01 -1.916234e-01 -1.969910e-01 -2.025192e-01 
-2.082177e-01 -2.141051e-01 -2.202093e-01 -2.265617e-01 -2.331974e-01 
-2.401088e-01 -2.472586e-01 -2.546039e-01 -2.621024e-01 -2.697855e-01 
-2.777396e-01 -2.860417e-01 -2.946929e-01 -3.035150e-01 -3.124856e-01 
-3.218806e-01 
