&IN1
  ICONVR = 3 
  MXITER = -1 
  NXITER = 51 
  ERROR = 0.0001 
  RELAX = 0.5 
  IOUT = 4 
  ICURRT = 2 
  KPPFNC = 6 
  KPPCUR = 3 
  KFFFNC = 6 
  KFFCUR = 3 
  ISHOT = 1 
  ITIME = 2 
  ITIMEU = 0 
  ITEK = 0 
  ITRACE = 1 
  PLASMA = 10000000.0 
  BTOR = 11.0 
  RCENTR = 4.55 
  RZERO = 4.55 
  LIMITR = 5 
  XLIM = 6.0 3.5 3.5 6.0 6.0 
  YLIM = 1.93 1.93 -1.93 -1.93 1.93 
  NBDRY = 15 
  RBDRY = 5.75 5.717889612279765 5.599231274196216 5.333894952548324  
    4.862048988436734 4.215741544340384 3.606248672667517  
    3.3499999999999996 3.606248672667517 4.215741544340384  
    4.862048988436735 5.333894952548324 5.599231274196216  
    5.717889612279765 5.75 
  ZBDRY = 0.0 0.7289246817174976 1.3134768905462901 1.6378788924654637  
    1.6378788924654637 1.3134768905462901 0.7289246817174978  
    2.0574066225675533e-16 -0.7289246817174975 -1.31347689054629  
    -1.6378788924654637 -1.6378788924654637 -1.3134768905462901  
    -0.728924681717498 0.0 
  IERCHK = 0 
  NEXTRA = 0 
  SCRAPE = 0.01 
  PSIBRY = 0.0 
  CFCOIL = -10.0 
  ENP = 1.0 
  EMP = 1.0 
  FCURBD = 0 
  PCURBD = 0 
  FCZERO = 1.0 1.0 1.0 1.0 1.0 1.0 1.0 1.0 1.0 1.0 1.0 1.0 1.0 1.0 1.0  
    1.0 
  FCSUM = 1.0 1.0 1.0 1.0 1.0 1.0 1.0 1.0 1.0 1.0 1.0 1.0 1.0 1.0 1.0  
    1.0 
  IFREF = 2 
  PRBDRY = 5807.99877867503 
  KBETAPR = 1 
  FWTBDRY = 1.0 1.0 1.0 1.0 1.0 1.0 1.0 1.0 1.0 1.0 1.0 1.0 1.0 1.0 1.0 
  FWTBDRY(2) = 10.0 
  FWTBDRY(3) = 10.0 
  FWTBDRY(4) = 10.0 
  FWTBDRY(5) = 10.0 
  FWTBDRY(9) = 10.0 
  FWTBDRY(10) = 10.0 
  FWTBDRY(11) = 10.0 
  FWTBDRY(12) = 10.0 
/

&PROFILE_EXT
  NPSI_EXT = 257 
  PSIN_EXT = 0.0 0.00390625 0.0078125 0.01171875 0.015625 0.01953125  
    0.0234375 0.02734375 0.03125 0.03515625 0.0390625 0.04296875  
    0.046875 0.05078125 0.0546875 0.05859375 0.0625 0.06640625  
    0.0703125 0.07421875 0.078125 0.08203125 0.0859375 0.08984375  
    0.09375 0.09765625 0.1015625 0.10546875 0.109375 0.11328125  
    0.1171875 0.12109375 0.125 0.12890625 0.1328125 0.13671875 0.140625  
    0.14453125 0.1484375 0.15234375 0.15625 0.16015625 0.1640625  
    0.16796875 0.171875 0.17578125 0.1796875 0.18359375 0.1875  
    0.19140625 0.1953125 0.19921875 0.203125 0.20703125 0.2109375  
    0.21484375 0.21875 0.22265625 0.2265625 0.23046875 0.234375  
    0.23828125 0.2421875 0.24609375 0.25 0.25390625 0.2578125  
    0.26171875 0.265625 0.26953125 0.2734375 0.27734375 0.28125  
    0.28515625 0.2890625 0.29296875 0.296875 0.30078125 0.3046875  
    0.30859375 0.3125 0.31640625 0.3203125 0.32421875 0.328125  
    0.33203125 0.3359375 0.33984375 0.34375 0.34765625 0.3515625  
    0.35546875 0.359375 0.36328125 0.3671875 0.37109375 0.375  
    0.37890625 0.3828125 0.38671875 0.390625 0.39453125 0.3984375  
    0.40234375 0.40625 0.41015625 0.4140625 0.41796875 0.421875  
    0.42578125 0.4296875 0.43359375 0.4375 0.44140625 0.4453125  
    0.44921875 0.453125 0.45703125 0.4609375 0.46484375 0.46875  
    0.47265625 0.4765625 0.48046875 0.484375 0.48828125 0.4921875  
    0.49609375 0.5 0.50390625 0.5078125 0.51171875 0.515625 0.51953125  
    0.5234375 0.52734375 0.53125 0.53515625 0.5390625 0.54296875  
    0.546875 0.55078125 0.5546875 0.55859375 0.5625 0.56640625  
    0.5703125 0.57421875 0.578125 0.58203125 0.5859375 0.58984375  
    0.59375 0.59765625 0.6015625 0.60546875 0.609375 0.61328125  
    0.6171875 0.62109375 0.625 0.62890625 0.6328125 0.63671875 0.640625  
    0.64453125 0.6484375 0.65234375 0.65625 0.66015625 0.6640625  
    0.66796875 0.671875 0.67578125 0.6796875 0.68359375 0.6875  
    0.69140625 0.6953125 0.69921875 0.703125 0.70703125 0.7109375  
    0.71484375 0.71875 0.72265625 0.7265625 0.73046875 0.734375  
    0.73828125 0.7421875 0.74609375 0.75 0.75390625 0.7578125  
    0.76171875 0.765625 0.76953125 0.7734375 0.77734375 0.78125  
    0.78515625 0.7890625 0.79296875 0.796875 0.80078125 0.8046875  
    0.80859375 0.8125 0.81640625 0.8203125 0.82421875 0.828125  
    0.83203125 0.8359375 0.83984375 0.84375 0.84765625 0.8515625  
    0.85546875 0.859375 0.86328125 0.8671875 0.87109375 0.875  
    0.87890625 0.8828125 0.88671875 0.890625 0.89453125 0.8984375  
    0.90234375 0.90625 0.91015625 0.9140625 0.91796875 0.921875  
    0.92578125 0.9296875 0.93359375 0.9375 0.94140625 0.9453125  
    0.94921875 0.953125 0.95703125 0.9609375 0.96484375 0.96875  
    0.97265625 0.9765625 0.98046875 0.984375 0.98828125 0.9921875  
    0.99609375 1.0 
  PPRIME_EXT = 1072260.5415543616 1055527.455394769 1038960.682813033  
    1022560.2238091532 1006326.0783831298 990258.2465349627  
    974356.728264652 958621.5235721976 943052.6324575995  
    927650.0549208578 912413.7909619724 897343.8405809434  
    882440.2037777707 867702.8805524544 853131.8709049944  
    838727.1748353906 824488.7923436434 810416.7234297524  
    796510.9680937177 782771.5263355393 769198.3981552174  
    755791.5835527518 742551.0825281425 729476.8950813896  
    716569.021212493 703827.4609214526 692594.184740279  
    683602.0254098421 674801.993532005 665920.6329489802  
    656545.8156728491 645895.5452275394 633712.4426924536  
    620329.082054193 606095.7857110514 591940.2684288365  
    578418.6583854051 565618.0597808114 553692.6002371716  
    542495.7775073587 531885.2569586092 521760.71361775545  
    511952.68357047625 502365.37840916764 492936.2928919111  
    483573.8361981234 474358.311576211 465305.04129849724  
    456420.5220371329 447736.1126462202 439233.01809306385  
    430906.53719093464 422729.3706890452 414705.04630353104  
    406825.45247911353 399085.3582928018 391508.71634966554  
    384095.9957624066 376863.34697226004 369811.7534532534  
    362960.0845990422 356287.58325248334 349794.43966856436  
    343483.40201485076 337321.6935114239 331343.955140899  
    325500.9727021937 319833.84097744105 314319.13316218776  
    308951.97193368967 303754.0579571235 298680.9509794324  
    293770.7916393174 288984.61933586834 284314.6078328631  
    279791.15079316456 275361.07096013706 271052.4081423143  
    266864.1331181588 262757.2788744522 258771.8181886106  
    254883.48892378114 251068.18893297337 247365.8402163423  
    243750.23955056982 240212.33717617154 236786.50970081822  
    233444.7744310171 230179.38494041632 227024.9195667349  
    223956.85222870758 220958.60094660358 218060.9136911388  
    215247.74183296348 212496.4183089427 209835.15599108717  
    207264.38480318 204757.7159884432 202330.09050492622  
    199996.21334775383 197727.3210026804 195515.38739801518  
    193383.73640976928 191315.09104597912 189281.6115317725  
    187299.49610910652 185379.0699067596 183496.5438149682  
    181643.99032727597 179842.37980850704 178092.112158962  
    176372.60223292658 174685.85761948297 173047.31390241918  
    171447.92302155087 169871.01380689043 168319.55384742326  
    166800.1930114258 165302.32847735123 163812.13761463435  
    162332.11868826038 160871.12792294766 159421.94173208612  
    157972.46014721796 156529.19355079078 155104.46057879415  
    153692.52917336026 152277.9790458514 150862.07894129114  
    149457.81789016683 148059.10223397939 146646.79589725682  
    145219.13398491833 143789.89526394053 142367.70402866992  
    140944.27777855322 139513.79283257236 138094.37453153924  
    136704.2689728498 135336.86075667353 133983.96584887698  
    132652.53554307995 131351.5994993285 130079.40851802123  
    128828.3013967564 127597.39794744743 126391.72117224644  
    125217.49770248105 124077.5511193736 122968.38288053447  
    121889.94176801211 120850.71996075351 119854.3551990407  
    118892.46489591642 117959.81802124964 117057.02343601623  
    116185.13843917556 115341.96557473027 114520.22263595156  
    113716.5626379752 112933.40232351529 112176.22759241052  
    111443.88656833081 110728.6200221564 110028.95486780268  
    109351.24269678374 108698.1524128074 108062.50155520166  
    107438.4454476512 106826.82297450758 106229.46884865372  
    105648.15071152087 105079.69862290591 104518.31910416616  
    103964.29749885945 103424.01820982687 102900.97758694856  
    102388.57430034858 101881.48528302464 101382.57505958647  
    100899.47566546261 100438.05230043537 99995.37225794783  
    99567.05321933152 99158.99912156537 98782.25863267938  
    98440.20754691507 98123.1648805908 97813.22331134777  
    97505.9920906811 97210.3937982851 96914.06230931621  
    96591.56305563304 96235.81051889058 95850.62361155741  
    95448.69863769879 95037.0937351776 94610.08902737874  
    94157.13965202626 93661.15860423315 93116.04131778356  
    92521.12113574825 91842.57504355797 91045.22221611923  
    90126.31720444348 89097.35117625174 88009.26573549988  
    86903.44396517133 85758.02106460527 84696.8190228125  
    83951.98107329279 83588.54809921145 83583.8280704187  
    83660.36329441072 83586.29615966196 83258.14795501689  
    83185.00167714688 84726.72754202507 88463.53717536043  
    94301.0729263988 102729.75648882678 114178.38893400625  
    128904.88607031427 145990.00899574894 162642.67198070255  
    177576.18046004605 191002.73854745418 202885.1368094174  
    213265.01750719274 222034.43030905465 229488.65463080766  
    236447.71119465824 243241.32697271692 249747.0387680796  
    255297.57562753576 259292.39999012346 261745.94261534064  
    262504.61796184804 261389.27071634063 258355.18487876217  
    253417.56063614174 246717.56993168188 238366.29826015234  
    228339.30357666896 216870.2935858519 204248.8913950076  
    190369.8491743029 175976.4898040627 162351.18057849002  
    150034.5973978531 138226.09872358912 124296.29316926074  
    106834.45805500966 85982.47329717464 61580.53832819605  
    33504.60232444485 1754.665285229683 
  FFPRIM_EXT = -7.937892385606451 -7.507490389091861  
    -7.0889464380471665 -6.676080077198117 -6.268705958086892  
    -5.866796486531455 -5.470332462309019 -5.0792945949000385  
    -4.693667680595985 -4.313425186966695 -3.9385595994415254  
    -3.5690547111407014 -3.204894622464768 -2.8460620164941046  
    -2.4925416931416033 -2.1443177618691855 -1.8013749585720988  
    -1.4636988835018974 -1.1312738268211302 -0.8040854838504407  
    -0.4821197206597788 -0.1653609587463285 0.1462036161470386  
    0.45258894991278686 0.7538073494296242 1.0499426758469617  
    1.303176354038556 1.49287523177864 1.6769474103416573  
    1.862994711117075 2.0625040530531384 2.2974444349614345  
    2.574968875982617 2.885689901800662 3.2197510366082533  
    3.551120607306962 3.8642698275369978 4.156814598618469  
    4.424490880642976 4.671443966328797 4.901691840086439  
    5.118066342511627 5.325327981801971 5.526169487488918  
    5.722342240981686 5.916406380972049 6.106111865217795  
    6.291028959467516 6.470987095285002 6.64511124250518  
    6.8139365475777005 6.977597315760031 7.136861385586103  
    7.291633383879443 7.442142161345483 7.58853619201456  
    7.730149964377556 7.866975487962962 7.998570400244345  
    8.124913057177913 8.245490956468895 8.360881459049427  
    8.471093790701605 8.576048458567804 8.676673395929065  
    8.771999517536925 8.863402439558303 8.949746726789911  
    9.031685070474863 9.109368446692532 9.18219397745034  
    9.251413681632714 9.31597852041099 9.376975437217766  
    9.434638718208674 9.488120677432466 9.53889996740444  
    9.586205506682678 9.630058352555302 9.671544432577228  
    9.709557469436405 9.744769493572905 9.77786193695205  
    9.807728870073129 9.835089373479065 9.860200454767604  
    9.882108696942147 9.901583049767137 9.918845784449534  
    9.932940118358562 9.944537522295308 9.954097935140817  
    9.960768456059736 9.964992467242546 9.967405363435127  
    9.967228722545514 9.96444002789349 9.959768869304828  
    9.952809869052118 9.943155681063082 9.931596229689465  
    9.91835329568782 9.902779433089602 9.8853477490844  
    9.866829396339089 9.846779103809368 9.824903626243593  
    9.80185548374569 9.777859229736997 9.752338006598471  
    9.725273205403406 9.69723184275953 9.668164063247861  
    9.637641898520458 9.605905299196737 9.573414758105622  
    9.54009279052763 9.505751081494475 9.470671723890248  
    9.435234888530074 9.399374686947166 9.362846580756855  
    9.325843299360592 9.288694716113566 9.251223970082085  
    9.213092220001375 9.174451599661369 9.135722792714883  
    9.09687318635116 9.057545844030805 9.017900303132947  
    8.978456311224502 8.939263512482842 8.899945084871934  
    8.860260589430034 8.82043414364115 8.78062783869455  
    8.740349878749875 8.699099646018773 8.657052196549252  
    8.61443212807727 8.571054678768853 8.526674591861426  
    8.481332760533013 8.43523388822096 8.388403419999914  
    8.340705557242677 8.29197133321766 8.242121289091378  
    8.191246736976893 8.139349815518647 8.08620301462368  
    8.031706640700929 7.976080136031092 7.919465580142107  
    7.861849905621476 7.803204249376249 7.7435805122682995  
    7.683172105035247 7.6220715040756755 7.560213554423091  
    7.497447486315514 7.433798655681045 7.369473902633501  
    7.304514406584388 7.238750311761615 7.1721069171209715  
    7.104770582699634 7.0368972384123705 6.968465265482198  
    6.899423521995857 6.829719245945759 6.759432115148316  
    6.688716820565414 6.6175673676080935 6.545810838302657  
    6.473346482939332 6.40034457688541 6.326948329659812  
    6.253082770352093 6.178541080966745 6.103161544379821  
    6.027018724742209 5.950228095201921 5.872631891007596  
    5.793936439868865 5.714048446032751 5.633213988629414  
    5.551908033647773 5.470249348519608 5.387996950266344  
    5.305465413647466 5.2233237704418745 5.141761041405996  
    5.06067509198954 4.979723447567487 4.898709291919136  
    4.817779102681442 4.737212081299152 4.657460276185873  
    4.578674837030626 4.500857466394147 4.424899884176979  
    4.351732024897547 4.281417272018337 4.213642882460808  
    4.147052927418391 4.08055599118656 4.014751900222878  
    3.946386582684715 3.8693332998806245 3.7818827100922534  
    3.6846291801153543 3.5848570540844893 3.488601962742028  
    3.3987101009236365 3.3018673424088822 3.1622637366440007  
    2.9648236393374665 2.712287847586947 2.3918575700355857  
    1.992341798973864 1.507005250975506 0.9598143331030318  
    0.4240589080205631 -0.06662216234630344 -0.5181723354408447  
    -0.9297271344314616 -1.3023694388446785 -1.6332580005920523  
    -1.9301669172524787 -2.2146011189541936 -2.4951301191045423  
    -2.768611388469685 -3.0175475257850177 -3.2262487944243396  
    -3.395218284671767 -3.5204011366190744 -3.596985169354632  
    -3.623648678813776 -3.6005963715016542 -3.531263463403049  
    -3.4182511456027163 -3.260562942496774 -3.0638228223380324  
    -2.8348504487306387 -2.5699190177688447 -2.287306707848011  
    -2.0198471172579158 -1.781652088268956 -1.5517869716791615  
    -1.2615660509510485 -0.8725518399183461 -0.3877695189928241  
    0.19937820185087987 0.9006752064775829 1.716121494881918 
/

