  PS-state 101   8   1   1   1
   2   1
   3   1
 182  74
  83  36
   3   2
   4   2
   2   1
   4   2
  Sqrt(Psi / Psilim)
 0.000000000E+00 0.118148248E-01 0.236285390E-01 0.354399827E-01 0.472480107E-01
 0.590514334E-01 0.708490359E-01 0.826395690E-01 0.944217962E-01 0.106194409E+00
 0.117956142E+00 0.129705802E+00 0.141442298E+00 0.153164320E+00 0.164871147E+00
 0.176561217E+00 0.188235264E+00 0.199889820E+00 0.211525301E+00 0.223138343E+00
 0.234729767E+00 0.246298306E+00 0.257841743E+00 0.269359855E+00 0.280851928E+00
 0.292316916E+00 0.303753342E+00 0.315160370E+00 0.326537173E+00 0.337882802E+00
 0.349196253E+00 0.360476548E+00 0.371722820E+00 0.382934292E+00 0.394110158E+00
 0.405249520E+00 0.416351779E+00 0.427416294E+00 0.438442137E+00 0.449428213E+00
 0.460373408E+00 0.471277580E+00 0.482139512E+00 0.492957596E+00 0.503731729E+00
 0.514460569E+00 0.525142696E+00 0.535778074E+00 0.546364660E+00 0.556902559E+00
 0.567389668E+00 0.577825945E+00 0.588209253E+00 0.598539451E+00 0.608814496E+00
 0.619033738E+00 0.629196034E+00 0.639299686E+00 0.649344216E+00 0.659328043E+00
 0.669249862E+00 0.679108930E+00 0.688903917E+00 0.698633267E+00 0.708296057E+00
 0.717891264E+00 0.727417334E+00 0.736872920E+00 0.746256910E+00 0.755568136E+00
 0.764805273E+00 0.773966723E+00 0.783051218E+00 0.792057483E+00 0.800984209E+00
 0.809830039E+00 0.818593369E+00 0.827272750E+00 0.835866782E+00 0.844374015E+00
 0.852792969E+00 0.861122109E+00 0.869359718E+00 0.877504301E+00 0.885554382E+00
 0.893508407E+00 0.901364702E+00 0.909121309E+00 0.916776322E+00 0.924327959E+00
 0.931774272E+00 0.939113239E+00 0.946342576E+00 0.953460578E+00 0.960465868E+00
 0.967356714E+00 0.974130583E+00 0.980785313E+00 0.987318424E+00 0.993725521E+00
 0.100000000E+01
       n_e
 0.258583077E+15 0.258574822E+15 0.258543092E+15 0.258487376E+15 0.258407497E+15
 0.258305718E+15 0.258182098E+15 0.258036713E+15 0.257869649E+15 0.257679099E+15
 0.257466189E+15 0.257231975E+15 0.256976594E+15 0.256700203E+15 0.256402956E+15
 0.256082589E+15 0.255741526E+15 0.255380236E+15 0.254998884E+15 0.254597768E+15
 0.254177055E+15 0.253735013E+15 0.253273564E+15 0.252793356E+15 0.252294648E+15
 0.251777719E+15 0.251254541E+15 0.250753303E+15 0.250281262E+15 0.249815414E+15
 0.249335394E+15 0.248822354E+15 0.248263874E+15 0.247653218E+15 0.246984968E+15
 0.246256495E+15 0.245475615E+15 0.244661022E+15 0.243825294E+15 0.242982664E+15
 0.242148647E+15 0.241325436E+15 0.240499033E+15 0.239651290E+15 0.238760649E+15
 0.237795074E+15 0.236713864E+15 0.235472211E+15 0.234042743E+15 0.232418099E+15
 0.230626584E+15 0.228699122E+15 0.226658167E+15 0.224523003E+15 0.222304208E+15
 0.220005105E+15 0.217631546E+15 0.215192271E+15 0.212696194E+15 0.210153858E+15
 0.207575777E+15 0.204970643E+15 0.202346221E+15 0.199709870E+15 0.197067648E+15
 0.194424231E+15 0.191783754E+15 0.189150213E+15 0.186527483E+15 0.183919785E+15
 0.181330271E+15 0.178758776E+15 0.176203922E+15 0.173664386E+15 0.171133273E+15
 0.168602830E+15 0.166073886E+15 0.163556509E+15 0.161065148E+15 0.158615906E+15
 0.156275698E+15 0.154096829E+15 0.152071388E+15 0.150163749E+15 0.148325659E+15
 0.146496648E+15 0.144063737E+15 0.140981296E+15 0.137345952E+15 0.133344622E+15
 0.128930926E+15 0.124314779E+15 0.119565395E+15 0.114750982E+15 0.110097687E+15
 0.105673576E+15 0.101569766E+15 0.980265328E+14 0.948473766E+14 0.921347227E+14
 0.915951305E+14
       t_e
 0.176607136E+02 0.176543467E+02 0.176298930E+02 0.175870262E+02 0.175257481E+02
 0.174479495E+02 0.173538721E+02 0.172438062E+02 0.171180882E+02 0.169757799E+02
 0.168180791E+02 0.166461153E+02 0.164604000E+02 0.162614829E+02 0.160499356E+02
 0.158250043E+02 0.155886830E+02 0.153417986E+02 0.150849999E+02 0.148190346E+02
 0.145445700E+02 0.142615742E+02 0.139715420E+02 0.136753500E+02 0.133737168E+02
 0.130673661E+02 0.127583869E+02 0.124511854E+02 0.121489638E+02 0.118516198E+02
 0.115591710E+02 0.112713968E+02 0.109879809E+02 0.107087617E+02 0.104336499E+02
 0.101625580E+02 0.989570147E+01 0.963345837E+01 0.937660533E+01 0.912611105E+01
 0.888341623E+01 0.864950499E+01 0.842437820E+01 0.820771438E+01 0.799875457E+01
 0.779619763E+01 0.759923736E+01 0.740776379E+01 0.722146765E+01 0.704064371E+01
 0.686595838E+01 0.669773952E+01 0.653608516E+01 0.638101317E+01 0.623241443E+01
 0.609006543E+01 0.595382781E+01 0.582363071E+01 0.569939632E+01 0.558108258E+01
 0.546863884E+01 0.536197627E+01 0.526099536E+01 0.516560565E+01 0.507570050E+01
 0.499109041E+01 0.491148311E+01 0.483654924E+01 0.476597370E+01 0.469948289E+01
 0.463684327E+01 0.457770873E+01 0.452134157E+01 0.446725359E+01 0.441493293E+01
 0.436382261E+01 0.431337869E+01 0.426310945E+01 0.421258440E+01 0.416125798E+01
 0.410727102E+01 0.404945791E+01 0.398824739E+01 0.392481555E+01 0.386066494E+01
 0.379767417E+01 0.368256460E+01 0.351053536E+01 0.328985649E+01 0.303710903E+01
 0.274408202E+01 0.242855908E+01 0.209682729E+01 0.175470992E+01 0.142529208E+01
 0.111554552E+01 0.834266958E+00 0.602126107E+00 0.399724269E+00 0.235059293E+00
 0.202304675E+00
n_i_01
 0.913891810E+14 0.913941581E+14 0.914107172E+14 0.914314277E+14 0.914466068E+14
 0.914536948E+14 0.914633752E+14 0.914952037E+14 0.915710381E+14 0.917285949E+14
 0.919902621E+14 0.923482361E+14 0.927872118E+14 0.932926731E+14 0.938589984E+14
 0.944892967E+14 0.951654938E+14 0.958704454E+14 0.965849785E+14 0.972969934E+14
 0.980026859E+14 0.986987409E+14 0.993849626E+14 0.100060776E+15 0.100721895E+15
 0.101362776E+15 0.101983207E+15 0.102590904E+15 0.103185200E+15 0.103757461E+15
 0.104298260E+15 0.104799051E+15 0.105254115E+15 0.105660134E+15 0.106014521E+15
 0.106315868E+15 0.106565808E+15 0.106771825E+15 0.106936756E+15 0.107064181E+15
 0.107157642E+15 0.107217150E+15 0.107238996E+15 0.107218526E+15 0.107150117E+15
 0.107023792E+15 0.106823654E+15 0.106529941E+15 0.106131770E+15 0.105625434E+15
 0.105022977E+15 0.104338875E+15 0.103584539E+15 0.102770118E+15 0.101902004E+15
 0.100983254E+15 0.100017714E+15 0.990103457E+14 0.979661406E+14 0.968907166E+14
 0.957895975E+14 0.946674563E+14 0.935285275E+14 0.923768263E+14 0.912157397E+14
 0.900479801E+14 0.888759769E+14 0.877020614E+14 0.865284748E+14 0.853575755E+14
 0.841911241E+14 0.830292770E+14 0.818719834E+14 0.807189392E+14 0.795672382E+14
 0.784135442E+14 0.772584436E+14 0.761067636E+14 0.749653435E+14 0.738416715E+14
 0.727668451E+14 0.717654449E+14 0.708339994E+14 0.699561714E+14 0.691097393E+14
 0.682666060E+14 0.671473236E+14 0.657293861E+14 0.640552982E+14 0.622076609E+14
 0.601628530E+14 0.580197033E+14 0.558108198E+14 0.535675503E+14 0.513972057E+14
 0.493328305E+14 0.474172601E+14 0.457631781E+14 0.442790225E+14 0.430126344E+14
 0.427607287E+14
t_i_01
 0.237627548E+02 0.237500165E+02 0.237011102E+02 0.236154561E+02 0.234932045E+02
 0.233382919E+02 0.231514058E+02 0.229333667E+02 0.226851218E+02 0.224052541E+02
 0.220964793E+02 0.217613544E+02 0.214012795E+02 0.210177435E+02 0.206122874E+02
 0.201842916E+02 0.197377828E+02 0.192747626E+02 0.187969093E+02 0.183060710E+02
 0.178039277E+02 0.172913648E+02 0.167711951E+02 0.162452943E+02 0.157153115E+02
 0.151828669E+02 0.146538351E+02 0.141413807E+02 0.136551713E+02 0.131924023E+02
 0.127519857E+02 0.123327232E+02 0.119331146E+02 0.115514580E+02 0.111860351E+02
 0.108349356E+02 0.104966365E+02 0.101702069E+02 0.985640945E+01 0.955642858E+01
 0.927245433E+01 0.900567864E+01 0.875513929E+01 0.851918655E+01 0.829561014E+01
 0.808176109E+01 0.787621469E+01 0.767875966E+01 0.748887451E+01 0.730705983E+01
 0.713416186E+01 0.697012454E+01 0.681437637E+01 0.666624020E+01 0.652481822E+01
 0.638917732E+01 0.625870812E+01 0.613298346E+01 0.601160540E+01 0.589431086E+01
 0.578094100E+01 0.567133741E+01 0.556532968E+01 0.546275593E+01 0.536345836E+01
 0.526728811E+01 0.517410114E+01 0.508375124E+01 0.499609806E+01 0.491102717E+01
 0.482846461E+01 0.474830584E+01 0.467021931E+01 0.459400621E+01 0.451940864E+01
 0.444616166E+01 0.437410723E+01 0.430320365E+01 0.423347171E+01 0.416497618E+01
 0.409833915E+01 0.403406985E+01 0.397205374E+01 0.391186563E+01 0.385293912E+01
 0.379456306E+01 0.368164738E+01 0.351036539E+01 0.328969745E+01 0.303706654E+01
 0.274417819E+01 0.242874589E+01 0.209704208E+01 0.175484879E+01 0.142530411E+01
 0.111543449E+01 0.834065508E+00 0.601944311E+00 0.399623116E+00 0.235118072E+00
 0.202395268E+00
n_i_02
 0.913891810E+14 0.913941581E+14 0.914107172E+14 0.914314277E+14 0.914466068E+14
 0.914536948E+14 0.914633752E+14 0.914952037E+14 0.915710381E+14 0.917285949E+14
 0.919902621E+14 0.923482361E+14 0.927872118E+14 0.932926731E+14 0.938589984E+14
 0.944892967E+14 0.951654938E+14 0.958704454E+14 0.965849785E+14 0.972969934E+14
 0.980026859E+14 0.986987409E+14 0.993849626E+14 0.100060776E+15 0.100721895E+15
 0.101362776E+15 0.101983207E+15 0.102590904E+15 0.103185200E+15 0.103757461E+15
 0.104298260E+15 0.104799051E+15 0.105254115E+15 0.105660134E+15 0.106014521E+15
 0.106315868E+15 0.106565808E+15 0.106771825E+15 0.106936756E+15 0.107064181E+15
 0.107157642E+15 0.107217150E+15 0.107238996E+15 0.107218526E+15 0.107150117E+15
 0.107023792E+15 0.106823654E+15 0.106529941E+15 0.106131770E+15 0.105625434E+15
 0.105022977E+15 0.104338875E+15 0.103584539E+15 0.102770118E+15 0.101902004E+15
 0.100983254E+15 0.100017714E+15 0.990103457E+14 0.979661406E+14 0.968907166E+14
 0.957895975E+14 0.946674563E+14 0.935285275E+14 0.923768263E+14 0.912157397E+14
 0.900479801E+14 0.888759769E+14 0.877020614E+14 0.865284748E+14 0.853575755E+14
 0.841911241E+14 0.830292770E+14 0.818719834E+14 0.807189392E+14 0.795672382E+14
 0.784135442E+14 0.772584436E+14 0.761067636E+14 0.749653435E+14 0.738416715E+14
 0.727668451E+14 0.717654449E+14 0.708339994E+14 0.699561714E+14 0.691097393E+14
 0.682666060E+14 0.671473236E+14 0.657293861E+14 0.640552982E+14 0.622076609E+14
 0.601628530E+14 0.580197033E+14 0.558108198E+14 0.535675503E+14 0.513972057E+14
 0.493328305E+14 0.474172601E+14 0.457631781E+14 0.442790225E+14 0.430126344E+14
 0.427607287E+14
t_i_02
 0.237627548E+02 0.237500165E+02 0.237011102E+02 0.236154561E+02 0.234932045E+02
 0.233382919E+02 0.231514058E+02 0.229333667E+02 0.226851218E+02 0.224052541E+02
 0.220964793E+02 0.217613544E+02 0.214012795E+02 0.210177435E+02 0.206122874E+02
 0.201842916E+02 0.197377828E+02 0.192747626E+02 0.187969093E+02 0.183060710E+02
 0.178039277E+02 0.172913648E+02 0.167711951E+02 0.162452943E+02 0.157153115E+02
 0.151828669E+02 0.146538351E+02 0.141413807E+02 0.136551713E+02 0.131924023E+02
 0.127519857E+02 0.123327232E+02 0.119331146E+02 0.115514580E+02 0.111860351E+02
 0.108349356E+02 0.104966365E+02 0.101702069E+02 0.985640945E+01 0.955642858E+01
 0.927245433E+01 0.900567864E+01 0.875513929E+01 0.851918655E+01 0.829561014E+01
 0.808176109E+01 0.787621469E+01 0.767875966E+01 0.748887451E+01 0.730705983E+01
 0.713416186E+01 0.697012454E+01 0.681437637E+01 0.666624020E+01 0.652481822E+01
 0.638917732E+01 0.625870812E+01 0.613298346E+01 0.601160540E+01 0.589431086E+01
 0.578094100E+01 0.567133741E+01 0.556532968E+01 0.546275593E+01 0.536345836E+01
 0.526728811E+01 0.517410114E+01 0.508375124E+01 0.499609806E+01 0.491102717E+01
 0.482846461E+01 0.474830584E+01 0.467021931E+01 0.459400621E+01 0.451940864E+01
 0.444616166E+01 0.437410723E+01 0.430320365E+01 0.423347171E+01 0.416497618E+01
 0.409833915E+01 0.403406985E+01 0.397205374E+01 0.391186563E+01 0.385293912E+01
 0.379456306E+01 0.368164738E+01 0.351036539E+01 0.328969745E+01 0.303706654E+01
 0.274417819E+01 0.242874589E+01 0.209704208E+01 0.175484879E+01 0.142530411E+01
 0.111543449E+01 0.834065508E+00 0.601944311E+00 0.399623116E+00 0.235118072E+00
 0.202395268E+00
n_i_03
 0.387874616E+10 0.387862233E+10 0.387814638E+10 0.387731064E+10 0.387611246E+10
 0.387458577E+10 0.387273147E+10 0.387055069E+10 0.386804473E+10 0.386518649E+10
 0.386199284E+10 0.385847962E+10 0.385464891E+10 0.385050305E+10 0.384604435E+10
 0.384123884E+10 0.383612288E+10 0.383070354E+10 0.382498327E+10 0.381896652E+10
 0.381265583E+10 0.380602519E+10 0.379910346E+10 0.379190035E+10 0.378441971E+10
 0.377666578E+10 0.376881812E+10 0.376129954E+10 0.375421893E+10 0.374723121E+10
 0.374003090E+10 0.373233531E+10 0.372395811E+10 0.371479827E+10 0.370477452E+10
 0.369384743E+10 0.368213422E+10 0.366991533E+10 0.365737940E+10 0.364473996E+10
 0.363222970E+10 0.361988153E+10 0.360748550E+10 0.359476935E+10 0.358140973E+10
 0.356692611E+10 0.355070796E+10 0.353208316E+10 0.351064115E+10 0.348627148E+10
 0.345939875E+10 0.343048683E+10 0.339987251E+10 0.336784504E+10 0.333456312E+10
 0.330007658E+10 0.326447319E+10 0.322788406E+10 0.319044291E+10 0.315230787E+10
 0.311363666E+10 0.307455965E+10 0.303519332E+10 0.299564804E+10 0.295601472E+10
 0.291636346E+10 0.287675632E+10 0.283725320E+10 0.279791225E+10 0.275879677E+10
 0.271995406E+10 0.268138165E+10 0.264305883E+10 0.260496579E+10 0.256699909E+10
 0.252904245E+10 0.249110828E+10 0.245334764E+10 0.241597721E+10 0.237923858E+10
 0.234413547E+10 0.231145243E+10 0.228107082E+10 0.225245624E+10 0.222488489E+10
 0.219744972E+10 0.216095606E+10 0.211471944E+10 0.206018928E+10 0.200016933E+10
 0.193396390E+10 0.186472169E+10 0.179348093E+10 0.172126473E+10 0.165146530E+10
 0.158510363E+10 0.152354649E+10 0.147039799E+10 0.142271065E+10 0.138202084E+10
 0.137392696E+10
t_i_03
 0.237627548E+02 0.237500165E+02 0.237011102E+02 0.236154561E+02 0.234932045E+02
 0.233382919E+02 0.231514058E+02 0.229333667E+02 0.226851218E+02 0.224052541E+02
 0.220964793E+02 0.217613544E+02 0.214012795E+02 0.210177435E+02 0.206122874E+02
 0.201842916E+02 0.197377828E+02 0.192747626E+02 0.187969093E+02 0.183060710E+02
 0.178039277E+02 0.172913648E+02 0.167711951E+02 0.162452943E+02 0.157153115E+02
 0.151828669E+02 0.146538351E+02 0.141413807E+02 0.136551713E+02 0.131924023E+02
 0.127519857E+02 0.123327232E+02 0.119331146E+02 0.115514580E+02 0.111860351E+02
 0.108349356E+02 0.104966365E+02 0.101702069E+02 0.985640945E+01 0.955642858E+01
 0.927245433E+01 0.900567864E+01 0.875513929E+01 0.851918655E+01 0.829561014E+01
 0.808176109E+01 0.787621469E+01 0.767875966E+01 0.748887451E+01 0.730705983E+01
 0.713416186E+01 0.697012454E+01 0.681437637E+01 0.666624020E+01 0.652481822E+01
 0.638917732E+01 0.625870812E+01 0.613298346E+01 0.601160540E+01 0.589431086E+01
 0.578094100E+01 0.567133741E+01 0.556532968E+01 0.546275593E+01 0.536345836E+01
 0.526728811E+01 0.517410114E+01 0.508375124E+01 0.499609806E+01 0.491102717E+01
 0.482846461E+01 0.474830584E+01 0.467021931E+01 0.459400621E+01 0.451940864E+01
 0.444616166E+01 0.437410723E+01 0.430320365E+01 0.423347171E+01 0.416497618E+01
 0.409833915E+01 0.403406985E+01 0.397205374E+01 0.391186563E+01 0.385293912E+01
 0.379456306E+01 0.368164738E+01 0.351036539E+01 0.328969745E+01 0.303706654E+01
 0.274417819E+01 0.242874589E+01 0.209704208E+01 0.175484879E+01 0.142530411E+01
 0.111543449E+01 0.834065508E+00 0.601944311E+00 0.399623116E+00 0.235118072E+00
 0.202395268E+00
n_i_04
 0.181008154E+12 0.181002375E+12 0.180980164E+12 0.180941163E+12 0.180885248E+12
 0.180814002E+12 0.180727469E+12 0.180625699E+12 0.180508754E+12 0.180375369E+12
 0.180226333E+12 0.180062382E+12 0.179883616E+12 0.179690142E+12 0.179482069E+12
 0.179257812E+12 0.179019068E+12 0.178766165E+12 0.178499219E+12 0.178218437E+12
 0.177923939E+12 0.177614509E+12 0.177291495E+12 0.176955349E+12 0.176606253E+12
 0.176244403E+12 0.175878179E+12 0.175527312E+12 0.175196883E+12 0.174870790E+12
 0.174534775E+12 0.174175648E+12 0.173784712E+12 0.173357253E+12 0.172889478E+12
 0.172379547E+12 0.171832930E+12 0.171262716E+12 0.170677705E+12 0.170087865E+12
 0.169504053E+12 0.168927805E+12 0.168349323E+12 0.167755903E+12 0.167132454E+12
 0.166456552E+12 0.165699705E+12 0.164830547E+12 0.163829920E+12 0.162692669E+12
 0.161438609E+12 0.160089385E+12 0.158660717E+12 0.157166102E+12 0.155612946E+12
 0.154003574E+12 0.152342082E+12 0.150634590E+12 0.148887336E+12 0.147107701E+12
 0.145303044E+12 0.143479450E+12 0.141642355E+12 0.139796909E+12 0.137947354E+12
 0.136096962E+12 0.134248628E+12 0.132405149E+12 0.130569238E+12 0.128743849E+12
 0.126931189E+12 0.125131144E+12 0.123342745E+12 0.121565070E+12 0.119793291E+12
 0.118021981E+12 0.116251720E+12 0.114489557E+12 0.112745603E+12 0.111031134E+12
 0.109392989E+12 0.107867780E+12 0.106449972E+12 0.105114624E+12 0.103827961E+12
 0.102547654E+12 0.100844616E+12 0.986869072E+11 0.961421663E+11 0.933412354E+11
 0.902516485E+11 0.870203456E+11 0.836957767E+11 0.803256876E+11 0.770683807E+11
 0.739715030E+11 0.710988361E+11 0.686185729E+11 0.663931636E+11 0.644943059E+11
 0.641165914E+11
t_i_04
 0.237627548E+02 0.237500165E+02 0.237011102E+02 0.236154561E+02 0.234932045E+02
 0.233382919E+02 0.231514058E+02 0.229333667E+02 0.226851218E+02 0.224052541E+02
 0.220964793E+02 0.217613544E+02 0.214012795E+02 0.210177435E+02 0.206122874E+02
 0.201842916E+02 0.197377828E+02 0.192747626E+02 0.187969093E+02 0.183060710E+02
 0.178039277E+02 0.172913648E+02 0.167711951E+02 0.162452943E+02 0.157153115E+02
 0.151828669E+02 0.146538351E+02 0.141413807E+02 0.136551713E+02 0.131924023E+02
 0.127519857E+02 0.123327232E+02 0.119331146E+02 0.115514580E+02 0.111860351E+02
 0.108349356E+02 0.104966365E+02 0.101702069E+02 0.985640945E+01 0.955642858E+01
 0.927245433E+01 0.900567864E+01 0.875513929E+01 0.851918655E+01 0.829561014E+01
 0.808176109E+01 0.787621469E+01 0.767875966E+01 0.748887451E+01 0.730705983E+01
 0.713416186E+01 0.697012454E+01 0.681437637E+01 0.666624020E+01 0.652481822E+01
 0.638917732E+01 0.625870812E+01 0.613298346E+01 0.601160540E+01 0.589431086E+01
 0.578094100E+01 0.567133741E+01 0.556532968E+01 0.546275593E+01 0.536345836E+01
 0.526728811E+01 0.517410114E+01 0.508375124E+01 0.499609806E+01 0.491102717E+01
 0.482846461E+01 0.474830584E+01 0.467021931E+01 0.459400621E+01 0.451940864E+01
 0.444616166E+01 0.437410723E+01 0.430320365E+01 0.423347171E+01 0.416497618E+01
 0.409833915E+01 0.403406985E+01 0.397205374E+01 0.391186563E+01 0.385293912E+01
 0.379456306E+01 0.368164738E+01 0.351036539E+01 0.328969745E+01 0.303706654E+01
 0.274417819E+01 0.242874589E+01 0.209704208E+01 0.175484879E+01 0.142530411E+01
 0.111543449E+01 0.834065508E+00 0.601944311E+00 0.399623116E+00 0.235118072E+00
 0.202395268E+00
n_i_05
 0.517166155E+13 0.517149644E+13 0.517086184E+13 0.516974752E+13 0.516814995E+13
 0.516611435E+13 0.516364196E+13 0.516073425E+13 0.515739298E+13 0.515358198E+13
 0.514932379E+13 0.514463949E+13 0.513953188E+13 0.513400406E+13 0.512805913E+13
 0.512165178E+13 0.511483051E+13 0.510760472E+13 0.509997769E+13 0.509195536E+13
 0.508354110E+13 0.507470025E+13 0.506547128E+13 0.505586713E+13 0.504589295E+13
 0.503555438E+13 0.502509083E+13 0.501506606E+13 0.500562524E+13 0.499630829E+13
 0.498670787E+13 0.497644707E+13 0.496527748E+13 0.495306437E+13 0.493969936E+13
 0.492512990E+13 0.490951229E+13 0.489322044E+13 0.487650587E+13 0.485965329E+13
 0.484297294E+13 0.482650871E+13 0.480998067E+13 0.479302580E+13 0.477521297E+13
 0.475590148E+13 0.473427728E+13 0.470944421E+13 0.468085487E+13 0.464836197E+13
 0.461253167E+13 0.457398244E+13 0.453316334E+13 0.449046006E+13 0.444608416E+13
 0.440010210E+13 0.435263092E+13 0.430384542E+13 0.425392389E+13 0.420307716E+13
 0.415151555E+13 0.409941286E+13 0.404692442E+13 0.399419739E+13 0.394135296E+13
 0.388848461E+13 0.383567509E+13 0.378300426E+13 0.373054967E+13 0.367839569E+13
 0.362660541E+13 0.357517553E+13 0.352407843E+13 0.347328772E+13 0.342266546E+13
 0.337205660E+13 0.332147771E+13 0.327113019E+13 0.322130295E+13 0.317231811E+13
 0.312551396E+13 0.308193658E+13 0.304142776E+13 0.300327498E+13 0.296651319E+13
 0.292993296E+13 0.288127474E+13 0.281962592E+13 0.274691904E+13 0.266689244E+13
 0.257861853E+13 0.248629559E+13 0.239130791E+13 0.229501965E+13 0.220195373E+13
 0.211347151E+13 0.203139532E+13 0.196053066E+13 0.189694753E+13 0.184269445E+13
 0.183190261E+13
t_i_05
 0.237627548E+02 0.237500165E+02 0.237011102E+02 0.236154561E+02 0.234932045E+02
 0.233382919E+02 0.231514058E+02 0.229333667E+02 0.226851218E+02 0.224052541E+02
 0.220964793E+02 0.217613544E+02 0.214012795E+02 0.210177435E+02 0.206122874E+02
 0.201842916E+02 0.197377828E+02 0.192747626E+02 0.187969093E+02 0.183060710E+02
 0.178039277E+02 0.172913648E+02 0.167711951E+02 0.162452943E+02 0.157153115E+02
 0.151828669E+02 0.146538351E+02 0.141413807E+02 0.136551713E+02 0.131924023E+02
 0.127519857E+02 0.123327232E+02 0.119331146E+02 0.115514580E+02 0.111860351E+02
 0.108349356E+02 0.104966365E+02 0.101702069E+02 0.985640945E+01 0.955642858E+01
 0.927245433E+01 0.900567864E+01 0.875513929E+01 0.851918655E+01 0.829561014E+01
 0.808176109E+01 0.787621469E+01 0.767875966E+01 0.748887451E+01 0.730705983E+01
 0.713416186E+01 0.697012454E+01 0.681437637E+01 0.666624020E+01 0.652481822E+01
 0.638917732E+01 0.625870812E+01 0.613298346E+01 0.601160540E+01 0.589431086E+01
 0.578094100E+01 0.567133741E+01 0.556532968E+01 0.546275593E+01 0.536345836E+01
 0.526728811E+01 0.517410114E+01 0.508375124E+01 0.499609806E+01 0.491102717E+01
 0.482846461E+01 0.474830584E+01 0.467021931E+01 0.459400621E+01 0.451940864E+01
 0.444616166E+01 0.437410723E+01 0.430320365E+01 0.423347171E+01 0.416497618E+01
 0.409833915E+01 0.403406985E+01 0.397205374E+01 0.391186563E+01 0.385293912E+01
 0.379456306E+01 0.368164738E+01 0.351036539E+01 0.328969745E+01 0.303706654E+01
 0.274417819E+01 0.242874589E+01 0.209704208E+01 0.175484879E+01 0.142530411E+01
 0.111543449E+01 0.834065508E+00 0.601944311E+00 0.399623116E+00 0.235118072E+00
 0.202395268E+00
n_i_06
 0.293290357E+14 0.293202046E+14 0.292888326E+14 0.292421114E+14 0.291896414E+14
 0.291350380E+14 0.290676464E+14 0.289679454E+14 0.288141182E+14 0.285676041E+14
 0.282065411E+14 0.277392250E+14 0.271810262E+14 0.265465332E+14 0.258414397E+14
 0.250615796E+14 0.242261587E+14 0.233525409E+14 0.224599758E+14 0.215607015E+14
 0.206586013E+14 0.197561811E+14 0.188545344E+14 0.179545381E+14 0.170606000E+14
 0.161783934E+14 0.153137197E+14 0.144720221E+14 0.136573557E+14 0.128676165E+14
 0.121027222E+14 0.113624207E+14 0.106466333E+14 0.995553309E+13 0.928917599E+13
 0.864774576E+13 0.803325568E+13 0.744695031E+13 0.689186277E+13 0.637106062E+13
 0.588824273E+13 0.544442350E+13 0.503677548E+13 0.466148094E+13 0.431409775E+13
 0.398964967E+13 0.368503013E+13 0.339908282E+13 0.312991489E+13 0.287779303E+13
 0.264388991E+13 0.242816621E+13 0.222969320E+13 0.204732329E+13 0.187960404E+13
 0.172502964E+13 0.158248525E+13 0.145109000E+13 0.133001418E+13 0.121856120E+13
 0.111611628E+13 0.102206354E+13 0.935794154E+12 0.856727779E+12 0.784306473E+12
 0.717999913E+12 0.657309875E+12 0.601769805E+12 0.550948115E+12 0.504456423E+12
 0.462006034E+12 0.423364038E+12 0.387936413E+12 0.355411123E+12 0.325474566E+12
 0.297843858E+12 0.272319498E+12 0.248775075E+12 0.227115288E+12 0.207370916E+12
 0.189683102E+12 0.173889187E+12 0.159767780E+12 0.147024078E+12 0.135353079E+12
 0.124621620E+12 0.108111792E+12 0.870270368E+11 0.639727593E+11 0.436091853E+11
 0.279053789E+11 0.160299282E+11 0.768712299E+10 0.337197643E+10 0.134888186E+10
 0.349943464E+09 0.772638339E+08 0.186182955E+08 0.106947253E+07 0.181618159E+06
 0.500907853E+04
t_i_06
 0.237627548E+02 0.237500165E+02 0.237011102E+02 0.236154561E+02 0.234932045E+02
 0.233382919E+02 0.231514058E+02 0.229333667E+02 0.226851218E+02 0.224052541E+02
 0.220964793E+02 0.217613544E+02 0.214012795E+02 0.210177435E+02 0.206122874E+02
 0.201842916E+02 0.197377828E+02 0.192747626E+02 0.187969093E+02 0.183060710E+02
 0.178039277E+02 0.172913648E+02 0.167711951E+02 0.162452943E+02 0.157153115E+02
 0.151828669E+02 0.146538351E+02 0.141413807E+02 0.136551713E+02 0.131924023E+02
 0.127519857E+02 0.123327232E+02 0.119331146E+02 0.115514580E+02 0.111860351E+02
 0.108349356E+02 0.104966365E+02 0.101702069E+02 0.985640945E+01 0.955642858E+01
 0.927245433E+01 0.900567864E+01 0.875513929E+01 0.851918655E+01 0.829561014E+01
 0.808176109E+01 0.787621469E+01 0.767875966E+01 0.748887451E+01 0.730705983E+01
 0.713416186E+01 0.697012454E+01 0.681437637E+01 0.666624020E+01 0.652481822E+01
 0.638917732E+01 0.625870812E+01 0.613298346E+01 0.601160540E+01 0.589431086E+01
 0.578094100E+01 0.567133741E+01 0.556532968E+01 0.546275593E+01 0.536345836E+01
 0.526728811E+01 0.517410114E+01 0.508375124E+01 0.499609806E+01 0.491102717E+01
 0.482846461E+01 0.474830584E+01 0.467021931E+01 0.459400621E+01 0.451940864E+01
 0.444616166E+01 0.437410723E+01 0.430320365E+01 0.423347171E+01 0.416497618E+01
 0.409833915E+01 0.403406985E+01 0.397205374E+01 0.391186563E+01 0.385293912E+01
 0.379456306E+01 0.368164738E+01 0.351036539E+01 0.328969745E+01 0.303706654E+01
 0.274417819E+01 0.242874589E+01 0.209704208E+01 0.175484879E+01 0.142530411E+01
 0.111543449E+01 0.834065508E+00 0.601944311E+00 0.399623116E+00 0.235118072E+00
 0.202395268E+00
n_i_07
 0.000000000E+00 0.000000000E+00 0.000000000E+00 0.000000000E+00 0.000000000E+00
 0.000000000E+00 0.000000000E+00 0.000000000E+00 0.000000000E+00 0.000000000E+00
 0.000000000E+00 0.000000000E+00 0.000000000E+00 0.000000000E+00 0.000000000E+00
 0.000000000E+00 0.000000000E+00 0.000000000E+00 0.000000000E+00 0.000000000E+00
 0.000000000E+00 0.000000000E+00 0.000000000E+00 0.000000000E+00 0.000000000E+00
 0.000000000E+00 0.000000000E+00 0.000000000E+00 0.000000000E+00 0.000000000E+00
 0.000000000E+00 0.000000000E+00 0.000000000E+00 0.000000000E+00 0.000000000E+00
 0.000000000E+00 0.000000000E+00 0.000000000E+00 0.000000000E+00 0.000000000E+00
 0.000000000E+00 0.000000000E+00 0.000000000E+00 0.000000000E+00 0.000000000E+00
 0.000000000E+00 0.000000000E+00 0.000000000E+00 0.000000000E+00 0.000000000E+00
 0.000000000E+00 0.000000000E+00 0.000000000E+00 0.000000000E+00 0.000000000E+00
 0.000000000E+00 0.000000000E+00 0.000000000E+00 0.000000000E+00 0.000000000E+00
 0.000000000E+00 0.000000000E+00 0.000000000E+00 0.000000000E+00 0.000000000E+00
 0.000000000E+00 0.000000000E+00 0.000000000E+00 0.000000000E+00 0.000000000E+00
 0.000000000E+00 0.000000000E+00 0.000000000E+00 0.000000000E+00 0.000000000E+00
 0.000000000E+00 0.000000000E+00 0.000000000E+00 0.000000000E+00 0.000000000E+00
 0.000000000E+00 0.000000000E+00 0.000000000E+00 0.000000000E+00 0.000000000E+00
 0.000000000E+00 0.000000000E+00 0.000000000E+00 0.000000000E+00 0.000000000E+00
 0.000000000E+00 0.000000000E+00 0.000000000E+00 0.000000000E+00 0.000000000E+00
 0.000000000E+00 0.000000000E+00 0.000000000E+00 0.000000000E+00 0.000000000E+00
 0.000000000E+00
t_i_07
 0.000000000E+00 0.000000000E+00 0.000000000E+00 0.000000000E+00 0.000000000E+00
 0.000000000E+00 0.000000000E+00 0.000000000E+00 0.000000000E+00 0.000000000E+00
 0.000000000E+00 0.000000000E+00 0.000000000E+00 0.000000000E+00 0.000000000E+00
 0.000000000E+00 0.000000000E+00 0.000000000E+00 0.000000000E+00 0.000000000E+00
 0.000000000E+00 0.000000000E+00 0.000000000E+00 0.000000000E+00 0.000000000E+00
 0.000000000E+00 0.000000000E+00 0.000000000E+00 0.000000000E+00 0.000000000E+00
 0.000000000E+00 0.000000000E+00 0.000000000E+00 0.000000000E+00 0.000000000E+00
 0.000000000E+00 0.000000000E+00 0.000000000E+00 0.000000000E+00 0.000000000E+00
 0.000000000E+00 0.000000000E+00 0.000000000E+00 0.000000000E+00 0.000000000E+00
 0.000000000E+00 0.000000000E+00 0.000000000E+00 0.000000000E+00 0.000000000E+00
 0.000000000E+00 0.000000000E+00 0.000000000E+00 0.000000000E+00 0.000000000E+00
 0.000000000E+00 0.000000000E+00 0.000000000E+00 0.000000000E+00 0.000000000E+00
 0.000000000E+00 0.000000000E+00 0.000000000E+00 0.000000000E+00 0.000000000E+00
 0.000000000E+00 0.000000000E+00 0.000000000E+00 0.000000000E+00 0.000000000E+00
 0.000000000E+00 0.000000000E+00 0.000000000E+00 0.000000000E+00 0.000000000E+00
 0.000000000E+00 0.000000000E+00 0.000000000E+00 0.000000000E+00 0.000000000E+00
 0.000000000E+00 0.000000000E+00 0.000000000E+00 0.000000000E+00 0.000000000E+00
 0.000000000E+00 0.000000000E+00 0.000000000E+00 0.000000000E+00 0.000000000E+00
 0.000000000E+00 0.000000000E+00 0.000000000E+00 0.000000000E+00 0.000000000E+00
 0.000000000E+00 0.000000000E+00 0.000000000E+00 0.000000000E+00 0.000000000E+00
 0.000000000E+00
n_i_08
 0.000000000E+00 0.000000000E+00 0.000000000E+00 0.000000000E+00 0.000000000E+00
 0.000000000E+00 0.000000000E+00 0.000000000E+00 0.000000000E+00 0.000000000E+00
 0.000000000E+00 0.000000000E+00 0.000000000E+00 0.000000000E+00 0.000000000E+00
 0.000000000E+00 0.000000000E+00 0.000000000E+00 0.000000000E+00 0.000000000E+00
 0.000000000E+00 0.000000000E+00 0.000000000E+00 0.000000000E+00 0.000000000E+00
 0.000000000E+00 0.000000000E+00 0.000000000E+00 0.000000000E+00 0.000000000E+00
 0.000000000E+00 0.000000000E+00 0.000000000E+00 0.000000000E+00 0.000000000E+00
 0.000000000E+00 0.000000000E+00 0.000000000E+00 0.000000000E+00 0.000000000E+00
 0.000000000E+00 0.000000000E+00 0.000000000E+00 0.000000000E+00 0.000000000E+00
 0.000000000E+00 0.000000000E+00 0.000000000E+00 0.000000000E+00 0.000000000E+00
 0.000000000E+00 0.000000000E+00 0.000000000E+00 0.000000000E+00 0.000000000E+00
 0.000000000E+00 0.000000000E+00 0.000000000E+00 0.000000000E+00 0.000000000E+00
 0.000000000E+00 0.000000000E+00 0.000000000E+00 0.000000000E+00 0.000000000E+00
 0.000000000E+00 0.000000000E+00 0.000000000E+00 0.000000000E+00 0.000000000E+00
 0.000000000E+00 0.000000000E+00 0.000000000E+00 0.000000000E+00 0.000000000E+00
 0.000000000E+00 0.000000000E+00 0.000000000E+00 0.000000000E+00 0.000000000E+00
 0.000000000E+00 0.000000000E+00 0.000000000E+00 0.000000000E+00 0.000000000E+00
 0.000000000E+00 0.000000000E+00 0.000000000E+00 0.000000000E+00 0.000000000E+00
 0.000000000E+00 0.000000000E+00 0.000000000E+00 0.000000000E+00 0.000000000E+00
 0.000000000E+00 0.000000000E+00 0.000000000E+00 0.000000000E+00 0.000000000E+00
 0.000000000E+00
t_i_08
 0.000000000E+00 0.000000000E+00 0.000000000E+00 0.000000000E+00 0.000000000E+00
 0.000000000E+00 0.000000000E+00 0.000000000E+00 0.000000000E+00 0.000000000E+00
 0.000000000E+00 0.000000000E+00 0.000000000E+00 0.000000000E+00 0.000000000E+00
 0.000000000E+00 0.000000000E+00 0.000000000E+00 0.000000000E+00 0.000000000E+00
 0.000000000E+00 0.000000000E+00 0.000000000E+00 0.000000000E+00 0.000000000E+00
 0.000000000E+00 0.000000000E+00 0.000000000E+00 0.000000000E+00 0.000000000E+00
 0.000000000E+00 0.000000000E+00 0.000000000E+00 0.000000000E+00 0.000000000E+00
 0.000000000E+00 0.000000000E+00 0.000000000E+00 0.000000000E+00 0.000000000E+00
 0.000000000E+00 0.000000000E+00 0.000000000E+00 0.000000000E+00 0.000000000E+00
 0.000000000E+00 0.000000000E+00 0.000000000E+00 0.000000000E+00 0.000000000E+00
 0.000000000E+00 0.000000000E+00 0.000000000E+00 0.000000000E+00 0.000000000E+00
 0.000000000E+00 0.000000000E+00 0.000000000E+00 0.000000000E+00 0.000000000E+00
 0.000000000E+00 0.000000000E+00 0.000000000E+00 0.000000000E+00 0.000000000E+00
 0.000000000E+00 0.000000000E+00 0.000000000E+00 0.000000000E+00 0.000000000E+00
 0.000000000E+00 0.000000000E+00 0.000000000E+00 0.000000000E+00 0.000000000E+00
 0.000000000E+00 0.000000000E+00 0.000000000E+00 0.000000000E+00 0.000000000E+00
 0.000000000E+00 0.000000000E+00 0.000000000E+00 0.000000000E+00 0.000000000E+00
 0.000000000E+00 0.000000000E+00 0.000000000E+00 0.000000000E+00 0.000000000E+00
 0.000000000E+00 0.000000000E+00 0.000000000E+00 0.000000000E+00 0.000000000E+00
 0.000000000E+00 0.000000000E+00 0.000000000E+00 0.000000000E+00 0.000000000E+00
 0.000000000E+00
