@R RHO 101 []
0.000000e+00 1.000000e-02 2.000000e-02 3.000000e-02 4.000000e-02 
5.000000e-02 6.000000e-02 7.000000e-02 8.000000e-02 9.000000e-02 
1.000000e-01 1.100000e-01 1.200000e-01 1.300000e-01 1.400000e-01 
1.500000e-01 1.600000e-01 1.700000e-01 1.800000e-01 1.900000e-01 
2.000000e-01 2.100000e-01 2.200000e-01 2.300000e-01 2.400000e-01 
2.500000e-01 2.600000e-01 2.700000e-01 2.800000e-01 2.900000e-01 
3.000000e-01 3.100000e-01 3.200000e-01 3.300000e-01 3.400000e-01 
3.500000e-01 3.600000e-01 3.700000e-01 3.800000e-01 3.900000e-01 
4.000000e-01 4.100000e-01 4.200000e-01 4.300000e-01 4.400000e-01 
4.500000e-01 4.600000e-01 4.700000e-01 4.800000e-01 4.900000e-01 
5.000000e-01 5.100000e-01 5.200000e-01 5.300000e-01 5.400000e-01 
5.500000e-01 5.600000e-01 5.700000e-01 5.800000e-01 5.900000e-01 
6.000000e-01 6.100000e-01 6.200000e-01 6.300000e-01 6.400000e-01 
6.500000e-01 6.600000e-01 6.700000e-01 6.800000e-01 6.900000e-01 
7.000000e-01 7.100000e-01 7.200000e-01 7.300000e-01 7.400000e-01 
7.500000e-01 7.600000e-01 7.700000e-01 7.800000e-01 7.900000e-01 
8.000000e-01 8.100000e-01 8.200000e-01 8.300000e-01 8.400000e-01 
8.500000e-01 8.600000e-01 8.700000e-01 8.800000e-01 8.900000e-01 
9.000000e-01 9.100000e-01 9.200000e-01 9.300000e-01 9.400000e-01 
9.500000e-01 9.600000e-01 9.700000e-01 9.800000e-01 9.900000e-01 
1.000000e+00 
@R ENE 101 []
2.502137e+01 2.502137e+01 2.497743e+01 2.493036e+01 2.488020e+01 
2.482698e+01 2.477076e+01 2.471158e+01 2.464947e+01 2.458447e+01 
2.451663e+01 2.444599e+01 2.437259e+01 2.429647e+01 2.421767e+01 
2.413624e+01 2.405221e+01 2.396562e+01 2.387653e+01 2.378496e+01 
2.369096e+01 2.359456e+01 2.349583e+01 2.339478e+01 2.329147e+01 
2.318593e+01 2.307821e+01 2.296835e+01 2.285639e+01 2.274236e+01 
2.262632e+01 2.250830e+01 2.238835e+01 2.226650e+01 2.214279e+01 
2.201727e+01 2.188998e+01 2.176096e+01 2.163026e+01 2.149790e+01 
2.136394e+01 2.122841e+01 2.109136e+01 2.095282e+01 2.081284e+01 
2.067147e+01 2.052873e+01 2.038467e+01 2.023934e+01 2.009277e+01 
1.994501e+01 1.979609e+01 1.964607e+01 1.949497e+01 1.934284e+01 
1.918972e+01 1.903565e+01 1.888068e+01 1.872484e+01 1.856818e+01 
1.841074e+01 1.825255e+01 1.809366e+01 1.793410e+01 1.777393e+01 
1.761317e+01 1.745187e+01 1.729006e+01 1.712778e+01 1.696506e+01 
1.680194e+01 1.663843e+01 1.647455e+01 1.631031e+01 1.614572e+01 
1.598073e+01 1.581529e+01 1.564932e+01 1.548265e+01 1.531505e+01 
1.514617e+01 1.497551e+01 1.480233e+01 1.462558e+01 1.444380e+01 
1.425494e+01 1.405619e+01 1.384380e+01 1.361286e+01 1.335724e+01 
1.306979e+01 1.274307e+01 1.237093e+01 1.195108e+01 1.148839e+01 
1.099733e+01 1.050171e+01 1.003026e+01 9.609207e+00 9.255660e+00 
8.974937e+00 
@R TE 101 []
1.881521e+01 1.881521e+01 1.873469e+01 1.864747e+01 1.855369e+01 
1.845350e+01 1.834706e+01 1.823450e+01 1.811597e+01 1.799161e+01 
1.786159e+01 1.772603e+01 1.758509e+01 1.743891e+01 1.728764e+01 
1.713143e+01 1.697042e+01 1.680476e+01 1.663460e+01 1.646008e+01 
1.628134e+01 1.609854e+01 1.591183e+01 1.572134e+01 1.552722e+01 
1.532962e+01 1.512869e+01 1.492458e+01 1.471742e+01 1.450737e+01 
1.429457e+01 1.407917e+01 1.386132e+01 1.364116e+01 1.341883e+01 
1.319449e+01 1.296828e+01 1.274035e+01 1.251084e+01 1.227991e+01 
1.204769e+01 1.181433e+01 1.157998e+01 1.134479e+01 1.110890e+01 
1.087245e+01 1.063561e+01 1.039850e+01 1.016129e+01 9.924102e+00 
9.687100e+00 9.450425e+00 9.214223e+00 8.978641e+00 8.743826e+00 
8.509923e+00 8.277080e+00 8.045442e+00 7.815156e+00 7.586369e+00 
7.359227e+00 7.133875e+00 6.910462e+00 6.689133e+00 6.470034e+00 
6.253312e+00 6.039113e+00 5.827584e+00 5.618872e+00 5.413121e+00 
5.210480e+00 5.011094e+00 4.815109e+00 4.622671e+00 4.433927e+00 
4.249022e+00 4.068099e+00 3.891303e+00 3.718774e+00 3.550650e+00 
3.387060e+00 3.228124e+00 3.073939e+00 2.924569e+00 2.780019e+00 
2.640190e+00 2.504812e+00 2.373317e+00 2.244640e+00 2.116895e+00 
1.986885e+00 1.849455e+00 1.696936e+00 1.519482e+00 1.308081e+00 
1.061947e+00 7.973585e-01 5.467929e-01 3.418835e-01 1.956468e-01 
1.018046e-01 
@R TI 101 []
1.901526e+01 1.901526e+01 1.893379e+01 1.884553e+01 1.875064e+01 
1.864926e+01 1.854154e+01 1.842764e+01 1.830768e+01 1.818184e+01 
1.805025e+01 1.791306e+01 1.777042e+01 1.762248e+01 1.746938e+01 
1.731128e+01 1.714833e+01 1.698066e+01 1.680844e+01 1.663180e+01 
1.645090e+01 1.626588e+01 1.607690e+01 1.588410e+01 1.568763e+01 
1.548763e+01 1.528426e+01 1.507767e+01 1.486799e+01 1.465539e+01 
1.444000e+01 1.422199e+01 1.400148e+01 1.377865e+01 1.355362e+01 
1.332655e+01 1.309759e+01 1.286689e+01 1.263459e+01 1.240084e+01 
1.216580e+01 1.192961e+01 1.169241e+01 1.145436e+01 1.121560e+01 
1.097628e+01 1.073656e+01 1.049657e+01 1.025648e+01 1.001641e+01 
9.776533e+00 9.536985e+00 9.297917e+00 9.059477e+00 8.821814e+00 
8.585076e+00 8.349411e+00 8.114967e+00 7.881892e+00 7.650335e+00 
7.420445e+00 7.192368e+00 6.966254e+00 6.742250e+00 6.520506e+00 
6.301169e+00 6.084387e+00 5.870309e+00 5.659082e+00 5.450856e+00 
5.245778e+00 5.043997e+00 4.845660e+00 4.650915e+00 4.459910e+00 
4.272793e+00 4.089710e+00 3.910806e+00 3.736224e+00 3.566104e+00 
3.400578e+00 3.239770e+00 3.083780e+00 2.932678e+00 2.786478e+00 
2.645091e+00 2.508264e+00 2.375454e+00 2.245631e+00 2.116959e+00 
1.986303e+00 1.848580e+00 1.696163e+00 1.519156e+00 1.308316e+00 
1.062476e+00 7.976781e-01 5.466371e-01 3.414920e-01 1.954801e-01 
1.021643e-01 
@R FP 102 []
-2.700951e-12 -2.700951e-12 1.107560e-02 3.322377e-02 6.643743e-02 
1.107033e-01 1.660049e-01 2.323222e-01 3.096326e-01 3.979094e-01 
4.971197e-01 6.072266e-01 7.281939e-01 8.599754e-01 1.002531e+00 
1.155802e+00 1.319767e+00 1.494359e+00 1.679506e+00 1.875129e+00 
2.081142e+00 2.297531e+00 2.524166e+00 2.760967e+00 3.007886e+00 
3.264841e+00 3.531724e+00 3.808433e+00 4.094882e+00 4.390978e+00 
4.696619e+00 5.011701e+00 5.336117e+00 5.669754e+00 6.012495e+00 
6.364217e+00 6.724797e+00 7.094129e+00 7.472091e+00 7.858540e+00 
8.253309e+00 8.656285e+00 9.067366e+00 9.486342e+00 9.913083e+00 
1.034748e+01 1.078931e+01 1.123846e+01 1.169476e+01 1.215803e+01 
1.262810e+01 1.310482e+01 1.358799e+01 1.407743e+01 1.457298e+01 
1.507440e+01 1.558157e+01 1.609424e+01 1.661222e+01 1.713535e+01 
1.766336e+01 1.819606e+01 1.873328e+01 1.927476e+01 1.982026e+01 
2.036961e+01 2.092257e+01 2.147888e+01 2.203830e+01 2.260062e+01 
2.316561e+01 2.373299e+01 2.430251e+01 2.487392e+01 2.544697e+01 
2.602141e+01 2.659697e+01 2.717336e+01 2.775031e+01 2.832754e+01 
2.890480e+01 2.948179e+01 3.005823e+01 3.063379e+01 3.120818e+01 
3.178112e+01 3.235230e+01 3.292142e+01 3.348812e+01 3.405207e+01 
3.461297e+01 3.517048e+01 3.572424e+01 3.627387e+01 3.681904e+01 
3.735941e+01 3.789454e+01 3.842402e+01 3.894747e+01 3.946435e+01 
3.997412e+01 4.022522e+01 
@R CURPAR 102 []
3.713901e+00 3.713901e+00 3.713901e+00 3.712528e+00 3.710427e+00 
3.707606e+00 3.704076e+00 3.699840e+00 3.694899e+00 3.689252e+00 
3.682898e+00 3.675839e+00 3.668074e+00 3.659603e+00 3.650426e+00 
3.640543e+00 3.629954e+00 3.618660e+00 3.606659e+00 3.593952e+00 
3.580540e+00 3.566422e+00 3.551597e+00 3.536067e+00 3.519831e+00 
3.502889e+00 3.485241e+00 3.466887e+00 3.447827e+00 3.428061e+00 
3.407589e+00 3.386412e+00 3.364528e+00 3.341939e+00 3.318643e+00 
3.294642e+00 3.269935e+00 3.244522e+00 3.218403e+00 3.191578e+00 
3.164047e+00 3.135810e+00 3.106867e+00 3.077219e+00 3.046864e+00 
3.015804e+00 2.984037e+00 2.951565e+00 2.918387e+00 2.884502e+00 
2.849912e+00 2.814616e+00 2.778614e+00 2.741906e+00 2.704493e+00 
2.666373e+00 2.627547e+00 2.588016e+00 2.547778e+00 2.506835e+00 
2.465186e+00 2.422830e+00 2.379769e+00 2.336002e+00 2.291529e+00 
2.246350e+00 2.200465e+00 2.153875e+00 2.106578e+00 2.058575e+00 
2.009867e+00 1.960453e+00 1.910332e+00 1.859506e+00 1.807974e+00 
1.755736e+00 1.702792e+00 1.649142e+00 1.594786e+00 1.539724e+00 
1.483956e+00 1.427483e+00 1.370303e+00 1.312418e+00 1.253826e+00 
1.194529e+00 1.134526e+00 1.073816e+00 1.012401e+00 9.502804e-01 
8.874535e-01 8.239206e-01 7.596819e-01 6.947372e-01 6.290866e-01 
5.627301e-01 4.956676e-01 4.278992e-01 3.605280e-01 3.001718e-01 
2.622727e-01 2.622727e-01 
