 # generated by zfastran.py Ver+Oct2009
@R INFLAG 1 []
  1.000000000e+00
@R TIME0 1 [s]
  0.000000000e+00
@R IP 1 []
  9.999999995e+00
@R BCENTR 1 []
  1.100000000e+01
@R RMAJOR 1 []
  4.550000000e+00
@R AMINOR 1 []
  1.110120215e+00
@R ELONGB 1 []
  1.352252529e+00
@R TRIANB 1 []
 -3.247448648e-01
@R RHO 101 []
  0.000000000e+00  1.000000000e-02  2.000000000e-02  3.000000000e-02
  4.000000000e-02  5.000000000e-02  6.000000000e-02  7.000000000e-02
  8.000000000e-02  9.000000000e-02  1.000000000e-01  1.100000000e-01
  1.200000000e-01  1.300000000e-01  1.400000000e-01  1.500000000e-01
  1.600000000e-01  1.700000000e-01  1.800000000e-01  1.900000000e-01
  2.000000000e-01  2.100000000e-01  2.200000000e-01  2.300000000e-01
  2.400000000e-01  2.500000000e-01  2.600000000e-01  2.700000000e-01
  2.800000000e-01  2.900000000e-01  3.000000000e-01  3.100000000e-01
  3.200000000e-01  3.300000000e-01  3.400000000e-01  3.500000000e-01
  3.600000000e-01  3.700000000e-01  3.800000000e-01  3.900000000e-01
  4.000000000e-01  4.100000000e-01  4.200000000e-01  4.300000000e-01
  4.400000000e-01  4.500000000e-01  4.600000000e-01  4.700000000e-01
  4.800000000e-01  4.900000000e-01  5.000000000e-01  5.100000000e-01
  5.200000000e-01  5.300000000e-01  5.400000000e-01  5.500000000e-01
  5.600000000e-01  5.700000000e-01  5.800000000e-01  5.900000000e-01
  6.000000000e-01  6.100000000e-01  6.200000000e-01  6.300000000e-01
  6.400000000e-01  6.500000000e-01  6.600000000e-01  6.700000000e-01
  6.800000000e-01  6.900000000e-01  7.000000000e-01  7.100000000e-01
  7.200000000e-01  7.300000000e-01  7.400000000e-01  7.500000000e-01
  7.600000000e-01  7.700000000e-01  7.800000000e-01  7.900000000e-01
  8.000000000e-01  8.100000000e-01  8.200000000e-01  8.300000000e-01
  8.400000000e-01  8.500000000e-01  8.600000000e-01  8.700000000e-01
  8.800000000e-01  8.900000000e-01  9.000000000e-01  9.100000000e-01
  9.200000000e-01  9.300000000e-01  9.400000000e-01  9.500000000e-01
  9.600000000e-01  9.700000000e-01  9.800000000e-01  9.900000000e-01
  1.000000000e+00
@R AMAIN 1 []
  2.500000000e+00
@R ZMAIN 1 []
  1.000000000e+00
@I NIMP 1 []
                3
@R AIMP 3 []
  1.820000000e+02  8.300000000e+01  3.000000000e+00
@R ZIMP 3 []
  7.400000000e+01  3.600000000e+01  2.000000000e+00
@R FIMP 3 []
  1.500000000e-05  1.100000000e-03  2.000000000e-02
@R ENE 101 []
  2.919458398e+01  2.919458398e+01  2.919000184e+01  2.918236653e+01
  2.917168046e+01  2.915794697e+01  2.914117038e+01  2.912135594e+01
  2.909850987e+01  2.907263932e+01  2.904375240e+01  2.901185814e+01
  2.897696651e+01  2.893908843e+01  2.889823571e+01  2.885442109e+01
  2.880765824e+01  2.875796171e+01  2.870534694e+01  2.864983028e+01
  2.859142895e+01  2.853016104e+01  2.846604550e+01  2.839910213e+01
  2.832935157e+01  2.825681530e+01  2.818151561e+01  2.810347561e+01
  2.802271918e+01  2.793927102e+01  2.785315657e+01  2.776224458e+01
  2.766603680e+01  2.756700875e+01  2.746763599e+01  2.737039403e+01
  2.727839690e+01  2.719161560e+01  2.710781117e+01  2.702474461e+01
  2.694017697e+01  2.685072451e+01  2.675561801e+01  2.665654021e+01
  2.655517388e+01  2.645320178e+01  2.635531720e+01  2.626332799e+01
  2.617458870e+01  2.608645389e+01  2.599627810e+01  2.590101707e+01
  2.579766448e+01  2.568363186e+01  2.555633074e+01  2.541317261e+01
  2.525407861e+01  2.508137788e+01  2.489609404e+01  2.469925066e+01
  2.449187134e+01  2.427450791e+01  2.404755543e+01  2.381180240e+01
  2.356803732e+01  2.331704868e+01  2.305988831e+01  2.279752758e+01
  2.253063431e+01  2.225987632e+01  2.198592143e+01  2.170930237e+01
  2.143027112e+01  2.114907437e+01  2.086595884e+01  2.058117124e+01
  2.029478705e+01  2.000683421e+01  1.971748809e+01  1.942692403e+01
  1.913531741e+01  1.884354655e+01  1.855159443e+01  1.825829336e+01
  1.796247563e+01  1.766297356e+01  1.735004931e+01  1.701971720e+01
  1.667943775e+01  1.633667146e+01  1.599887885e+01  1.581291440e+01
  1.560459306e+01  1.534857328e+01  1.499458496e+01  1.445394201e+01
  1.360891210e+01  1.240518740e+01  1.101627130e+01  9.804787057e+00
  8.995343210e+00
@R TE 101 []
  2.220018402e+01  2.220018402e+01  2.217911892e+01  2.214405484e+01
  2.209505824e+01  2.203222187e+01  2.195566449e+01  2.186553049e+01
  2.176198941e+01  2.164523546e+01  2.151548686e+01  2.137298518e+01
  2.121799462e+01  2.105080114e+01  2.087171164e+01  2.068105296e+01
  2.047917094e+01  2.026642935e+01  2.004320878e+01  1.980990556e+01
  1.956693055e+01  1.931470793e+01  1.905367401e+01  1.878427595e+01
  1.850697047e+01  1.822222261e+01  1.793050441e+01  1.763229365e+01
  1.732807250e+01  1.701832630e+01  1.670354224e+01  1.638681462e+01
  1.607098238e+01  1.575615036e+01  1.544242339e+01  1.512990630e+01
  1.482004017e+01  1.451427127e+01  1.421271220e+01  1.391547559e+01
  1.362267403e+01  1.333330459e+01  1.304661259e+01  1.276308310e+01
  1.248320117e+01  1.220745188e+01  1.193783657e+01  1.167582772e+01
  1.142111701e+01  1.117339613e+01  1.093235677e+01  1.069650036e+01
  1.046436950e+01  1.023571765e+01  1.001029828e+01  9.787864857e+00
  9.568927470e+00  9.354306259e+00  9.144219753e+00  8.938886481e+00
  8.738524972e+00  8.543159078e+00  8.352697197e+00  8.167184674e+00
  7.986666855e+00  7.811189086e+00  7.640885796e+00  7.475740499e+00
  7.315572168e+00  7.160199776e+00  7.009442295e+00  6.863282369e+00
  6.721662979e+00  6.584343608e+00  6.451083738e+00  6.321642852e+00
  6.195730657e+00  6.073070938e+00  5.953444290e+00  5.836631308e+00
  5.722412586e+00  5.610834333e+00  5.501631256e+00  5.394116699e+00
  5.287604007e+00  5.181406526e+00  5.072060551e+00  4.957927799e+00
  4.841059746e+00  4.723507868e+00  4.607323640e+00  4.492639526e+00
  4.372548958e+00  4.233518305e+00  4.044663161e+00  3.741993157e+00
  3.221569572e+00  2.406970787e+00  1.426272870e+00  5.996588162e-01
  9.664111306e-02
@R TI 101 []
  2.812583082e+01  2.812583082e+01  2.808483082e+01  2.801663026e+01
  2.792142762e+01  2.779949943e+01  2.765119892e+01  2.747695432e+01
  2.727726680e+01  2.705270807e+01  2.680391766e+01  2.653159987e+01
  2.623652046e+01  2.591950305e+01  2.558142532e+01  2.522321494e+01
  2.484584536e+01  2.445033138e+01  2.403772464e+01  2.360910898e+01
  2.316559571e+01  2.270831882e+01  2.223843023e+01  2.175709497e+01
  2.126548645e+01  2.076478175e+01  2.025615699e+01  1.974078290e+01
  1.921982041e+01  1.869441644e+01  1.816569989e+01  1.764252254e+01
  1.713314684e+01  1.663780180e+01  1.615671644e+01  1.569011978e+01
  1.523987416e+01  1.480703596e+01  1.439062531e+01  1.398966233e+01
  1.360316714e+01  1.322831423e+01  1.286348475e+01  1.250950881e+01
  1.216721651e+01  1.183743798e+01  1.152357920e+01  1.122737227e+01
  1.094713651e+01  1.068119123e+01  1.042785573e+01  1.018396881e+01
  9.947311986e+00  9.717618652e+00  9.494622191e+00  9.278055992e+00
  9.069051663e+00  8.868656292e+00  8.676476485e+00  8.492118846e+00
  8.315189981e+00  8.144823495e+00  7.980142833e+00  7.820739358e+00
  7.666204434e+00  7.516129424e+00  7.370246775e+00  7.228416464e+00
  7.090421143e+00  6.956043467e+00  6.825066090e+00  6.697295197e+00
  6.572548414e+00  6.450625553e+00  6.331326426e+00  6.214450846e+00
  6.099785230e+00  5.987142566e+00  5.876362527e+00  5.767284785e+00
  5.659749013e+00  5.553697374e+00  5.448963700e+00  5.345225167e+00
  5.242158951e+00  5.139442229e+00  5.035735505e+00  4.930384344e+00
  4.824093504e+00  4.717567744e+00  4.611511824e+00  4.495426815e+00
  4.374085922e+00  4.234043967e+00  4.044560572e+00  3.741797389e+00
  3.221727600e+00  2.407293842e+00  1.426164137e+00  5.993649464e-01
  9.685720340e-02
@R ZEFF 101 []
  2.759737643e+00  2.759737643e+00  2.759661224e+00  2.759558641e+00
  2.759450192e+00  2.759356376e+00  2.759283479e+00  2.759179577e+00
  2.758976877e+00  2.758605040e+00  2.757989308e+00  2.757028713e+00
  2.755668424e+00  2.753893009e+00  2.751680518e+00  2.749002483e+00
  2.745843316e+00  2.742233335e+00  2.738221125e+00  2.733878036e+00
  2.729304224e+00  2.724560124e+00  2.719647759e+00  2.714603791e+00
  2.709464148e+00  2.704263842e+00  2.699033059e+00  2.693771545e+00
  2.688468043e+00  2.683111487e+00  2.677690942e+00  2.672190863e+00
  2.666611906e+00  2.660968715e+00  2.655277450e+00  2.649555661e+00
  2.643847583e+00  2.638192170e+00  2.632599509e+00  2.627078971e+00
  2.621639154e+00  2.616263354e+00  2.610953144e+00  2.605743561e+00
  2.600668740e+00  2.595761395e+00  2.591084839e+00  2.586668611e+00
  2.582492346e+00  2.578534598e+00  2.574773235e+00  2.571166491e+00
  2.567685459e+00  2.564326993e+00  2.561087926e+00  2.557965090e+00
  2.554973282e+00  2.552128344e+00  2.549427906e+00  2.546868686e+00
  2.544446634e+00  2.542152768e+00  2.539978229e+00  2.537918394e+00
  2.535968363e+00  2.534123057e+00  2.532378572e+00  2.530731711e+00
  2.529178295e+00  2.527714079e+00  2.526334800e+00  2.525036330e+00
  2.523814482e+00  2.522665022e+00  2.521583858e+00  2.520567062e+00
  2.519610688e+00  2.518711148e+00  2.517865285e+00  2.517070092e+00
  2.516322710e+00  2.515621273e+00  2.514962975e+00  2.514344027e+00
  2.513761083e+00  2.513211220e+00  2.512685174e+00  2.512180030e+00
  2.511701560e+00  2.511254088e+00  2.510840586e+00  2.510462104e+00
  2.510092405e+00  2.509698644e+00  2.509223365e+00  2.508596066e+00
  2.507838949e+00  2.507239229e+00  2.507043773e+00  2.507030050e+00
  2.507030000e+00
@R OMEGA 101 []
  4.992501875e+03  4.992501875e+03  4.978801804e+03  4.961079526e+03
  4.940120160e+03  4.916382264e+03  4.890178959e+03  4.861743180e+03
  4.831258024e+03  4.798873089e+03  4.764714177e+03  4.728889466e+03
  4.691493659e+03  4.652610886e+03  4.612316799e+03  4.570680145e+03
  4.527763951e+03  4.483626454e+03  4.438321832e+03  4.391900796e+03
  4.344411068e+03  4.295897774e+03  4.246403778e+03  4.195969955e+03
  4.144635428e+03  4.092437767e+03  4.039413164e+03  3.985596584e+03
  3.931021896e+03  3.875721988e+03  3.819728870e+03  3.763073767e+03
  3.705787199e+03  3.647899055e+03  3.589438660e+03  3.530434837e+03
  3.470915960e+03  3.410910006e+03  3.350444605e+03  3.289547080e+03
  3.228244492e+03  3.166563674e+03  3.104531273e+03  3.042173783e+03
  2.979517575e+03  2.916588934e+03  2.853414088e+03  2.790019238e+03
  2.726430588e+03  2.662674375e+03  2.598776897e+03  2.534764544e+03
  2.470663824e+03  2.406501396e+03  2.342304099e+03  2.278098979e+03
  2.213913327e+03  2.149774707e+03  2.085710992e+03  2.021750397e+03
  1.957921519e+03  1.894253376e+03  1.830775447e+03  1.767517715e+03
  1.704510722e+03  1.641785608e+03  1.579374179e+03  1.517308956e+03
  1.455623246e+03  1.394351213e+03  1.333527952e+03  1.273189580e+03
  1.213373329e+03  1.154117653e+03  1.095462349e+03  1.037448686e+03
  9.801195629e+02  9.235196753e+02  8.676957162e+02  8.126966008e+02
  7.585737302e+02  7.053812976e+02  6.531766492e+02  6.020207128e+02
  5.519785103e+02  5.031197796e+02  4.555197357e+02  4.092600162e+02
  3.644298727e+02  3.211276991e+02  2.794630303e+02  2.395592200e+02
  2.015571260e+02  1.656203590e+02  1.319430748e+02  1.007621703e+02
  7.237775876e+01  4.719105135e+01  2.578549737e+01  9.151104569e+00
  4.812150678e-12
@R Q 101 []
  0.000000000e+00  0.000000000e+00  0.000000000e+00  0.000000000e+00
  0.000000000e+00  0.000000000e+00  0.000000000e+00  0.000000000e+00
  0.000000000e+00  0.000000000e+00  0.000000000e+00  0.000000000e+00
  0.000000000e+00  0.000000000e+00  0.000000000e+00  0.000000000e+00
  0.000000000e+00  0.000000000e+00  0.000000000e+00  0.000000000e+00
  0.000000000e+00  0.000000000e+00  0.000000000e+00  0.000000000e+00
  0.000000000e+00  0.000000000e+00  0.000000000e+00  0.000000000e+00
  0.000000000e+00  0.000000000e+00  0.000000000e+00  0.000000000e+00
  0.000000000e+00  0.000000000e+00  0.000000000e+00  0.000000000e+00
  0.000000000e+00  0.000000000e+00  0.000000000e+00  0.000000000e+00
  0.000000000e+00  0.000000000e+00  0.000000000e+00  0.000000000e+00
  0.000000000e+00  0.000000000e+00  0.000000000e+00  0.000000000e+00
  0.000000000e+00  0.000000000e+00  0.000000000e+00  0.000000000e+00
  0.000000000e+00  0.000000000e+00  0.000000000e+00  0.000000000e+00
  0.000000000e+00  0.000000000e+00  0.000000000e+00  0.000000000e+00
  0.000000000e+00  0.000000000e+00  0.000000000e+00  0.000000000e+00
  0.000000000e+00  0.000000000e+00  0.000000000e+00  0.000000000e+00
  0.000000000e+00  0.000000000e+00  0.000000000e+00  0.000000000e+00
  0.000000000e+00  0.000000000e+00  0.000000000e+00  0.000000000e+00
  0.000000000e+00  0.000000000e+00  0.000000000e+00  0.000000000e+00
  0.000000000e+00  0.000000000e+00  0.000000000e+00  0.000000000e+00
  0.000000000e+00  0.000000000e+00  0.000000000e+00  0.000000000e+00
  0.000000000e+00  0.000000000e+00  0.000000000e+00  0.000000000e+00
  0.000000000e+00  0.000000000e+00  0.000000000e+00  0.000000000e+00
  0.000000000e+00  0.000000000e+00  0.000000000e+00  0.000000000e+00
  0.000000000e+00
@R FP 101 []
  0.000000000e+00  0.000000000e+00  0.000000000e+00  0.000000000e+00
  0.000000000e+00  0.000000000e+00  0.000000000e+00  0.000000000e+00
  0.000000000e+00  0.000000000e+00  0.000000000e+00  0.000000000e+00
  0.000000000e+00  0.000000000e+00  0.000000000e+00  0.000000000e+00
  0.000000000e+00  0.000000000e+00  0.000000000e+00  0.000000000e+00
  0.000000000e+00  0.000000000e+00  0.000000000e+00  0.000000000e+00
  0.000000000e+00  0.000000000e+00  0.000000000e+00  0.000000000e+00
  0.000000000e+00  0.000000000e+00  0.000000000e+00  0.000000000e+00
  0.000000000e+00  0.000000000e+00  0.000000000e+00  0.000000000e+00
  0.000000000e+00  0.000000000e+00  0.000000000e+00  0.000000000e+00
  0.000000000e+00  0.000000000e+00  0.000000000e+00  0.000000000e+00
  0.000000000e+00  0.000000000e+00  0.000000000e+00  0.000000000e+00
  0.000000000e+00  0.000000000e+00  0.000000000e+00  0.000000000e+00
  0.000000000e+00  0.000000000e+00  0.000000000e+00  0.000000000e+00
  0.000000000e+00  0.000000000e+00  0.000000000e+00  0.000000000e+00
  0.000000000e+00  0.000000000e+00  0.000000000e+00  0.000000000e+00
  0.000000000e+00  0.000000000e+00  0.000000000e+00  0.000000000e+00
  0.000000000e+00  0.000000000e+00  0.000000000e+00  0.000000000e+00
  0.000000000e+00  0.000000000e+00  0.000000000e+00  0.000000000e+00
  0.000000000e+00  0.000000000e+00  0.000000000e+00  0.000000000e+00
  0.000000000e+00  0.000000000e+00  0.000000000e+00  0.000000000e+00
  0.000000000e+00  0.000000000e+00  0.000000000e+00  0.000000000e+00
  0.000000000e+00  0.000000000e+00  0.000000000e+00  0.000000000e+00
  0.000000000e+00  0.000000000e+00  0.000000000e+00  0.000000000e+00
  0.000000000e+00  0.000000000e+00  0.000000000e+00  0.000000000e+00
  0.000000000e+00
@R CURPAR 101 []
  3.622942491e+00  3.622746839e+00  3.622029220e+00  3.620583203e+00
  3.618342789e+00  3.615336730e+00  3.611595128e+00  3.607137672e+00
  3.601977891e+00  3.596123224e+00  3.589577224e+00  3.582341352e+00
  3.574416121e+00  3.565801684e+00  3.556498081e+00  3.546505320e+00
  3.535823402e+00  3.524452329e+00  3.512392100e+00  3.499642715e+00
  3.486204174e+00  3.472076477e+00  3.457259625e+00  3.441753616e+00
  3.425558451e+00  3.408674130e+00  3.391100654e+00  3.372838021e+00
  3.353886232e+00  3.334245288e+00  3.313915187e+00  3.292895931e+00
  3.271187518e+00  3.248789950e+00  3.225703226e+00  3.201927345e+00
  3.177462309e+00  3.152308117e+00  3.126464770e+00  3.099932266e+00
  3.072710606e+00  3.044799790e+00  3.016199818e+00  2.986910691e+00
  2.956932407e+00  2.926264967e+00  2.894908371e+00  2.862862620e+00
  2.830127712e+00  2.796703648e+00  2.762590429e+00  2.727788054e+00
  2.692296523e+00  2.656115835e+00  2.619245992e+00  2.581686993e+00
  2.543438838e+00  2.504501527e+00  2.464875060e+00  2.424559437e+00
  2.383554658e+00  2.341860724e+00  2.299477633e+00  2.256405386e+00
  2.212643983e+00  2.168193425e+00  2.123053710e+00  2.077224840e+00
  2.030706813e+00  1.983499631e+00  1.935603292e+00  1.887017798e+00
  1.837743148e+00  1.787779342e+00  1.737126379e+00  1.685784261e+00
  1.633752987e+00  1.581032557e+00  1.527622972e+00  1.473524230e+00
  1.418736332e+00  1.363259278e+00  1.307093068e+00  1.250237703e+00
  1.192693181e+00  1.134459505e+00  1.075536687e+00  1.015924830e+00
  9.556245502e-01  8.946388419e-01  8.329796611e-01  7.706871447e-01
  7.078761856e-01  6.448299995e-01  5.821551952e-01  5.209824257e-01
  4.631462408e-01  4.113123186e-01  3.684046466e-01  3.381656379e-01
  3.268064415e-01
@R CURBEAM 101 []
  0.000000000e+00  0.000000000e+00  0.000000000e+00  0.000000000e+00
  0.000000000e+00  0.000000000e+00  0.000000000e+00  0.000000000e+00
  0.000000000e+00  0.000000000e+00  0.000000000e+00  0.000000000e+00
  0.000000000e+00  0.000000000e+00  0.000000000e+00  0.000000000e+00
  0.000000000e+00  0.000000000e+00  0.000000000e+00  0.000000000e+00
  0.000000000e+00  0.000000000e+00  0.000000000e+00  0.000000000e+00
  0.000000000e+00  0.000000000e+00  0.000000000e+00  0.000000000e+00
  0.000000000e+00  0.000000000e+00  0.000000000e+00  0.000000000e+00
  0.000000000e+00  0.000000000e+00  0.000000000e+00  0.000000000e+00
  0.000000000e+00  0.000000000e+00  0.000000000e+00  0.000000000e+00
  0.000000000e+00  0.000000000e+00  0.000000000e+00  0.000000000e+00
  0.000000000e+00  0.000000000e+00  0.000000000e+00  0.000000000e+00
  0.000000000e+00  0.000000000e+00  0.000000000e+00  0.000000000e+00
  0.000000000e+00  0.000000000e+00  0.000000000e+00  0.000000000e+00
  0.000000000e+00  0.000000000e+00  0.000000000e+00  0.000000000e+00
  0.000000000e+00  0.000000000e+00  0.000000000e+00  0.000000000e+00
  0.000000000e+00  0.000000000e+00  0.000000000e+00  0.000000000e+00
  0.000000000e+00  0.000000000e+00  0.000000000e+00  0.000000000e+00
  0.000000000e+00  0.000000000e+00  0.000000000e+00  0.000000000e+00
  0.000000000e+00  0.000000000e+00  0.000000000e+00  0.000000000e+00
  0.000000000e+00  0.000000000e+00  0.000000000e+00  0.000000000e+00
  0.000000000e+00  0.000000000e+00  0.000000000e+00  0.000000000e+00
  0.000000000e+00  0.000000000e+00  0.000000000e+00  0.000000000e+00
  0.000000000e+00  0.000000000e+00  0.000000000e+00  0.000000000e+00
  0.000000000e+00  0.000000000e+00  0.000000000e+00  0.000000000e+00
  0.000000000e+00
@R CURRF 101 []
  2.999842015e-01  3.189761242e-01  3.470435211e-01  3.670987185e-01
  3.964038998e-01  4.379285382e-01  4.804611454e-01  5.093982318e-01
  5.166549225e-01  5.040452585e-01  4.934385605e-01  4.923999233e-01
  4.874950515e-01  4.771301164e-01  4.630938321e-01  4.452230040e-01
  4.227437229e-01  3.942603387e-01  3.575725589e-01  3.164853315e-01
  2.812340814e-01  2.511340367e-01  2.190281615e-01  1.873663945e-01
  1.621667165e-01  1.445602934e-01  1.299519051e-01  1.143488644e-01
  9.912610412e-02  8.765639212e-02  7.962513346e-02  7.156353292e-02
  6.283004136e-02  5.558624925e-02  5.046102330e-02  4.580961069e-02
  4.027814351e-02  3.492276607e-02  3.115023483e-02  2.826960324e-02
  2.490496136e-02  2.152807923e-02  1.927513941e-02  1.787371164e-02
  1.625132620e-02  1.424473587e-02  1.272408123e-02  1.179181219e-02
  1.063939774e-02  9.066250622e-03  7.796890345e-03  7.109448207e-03
  6.427054667e-03  5.458398788e-03  4.635387863e-03  4.178742203e-03
  3.761560059e-03  3.193233272e-03  2.673274004e-03  2.361629680e-03
  2.147163789e-03  1.856524318e-03  1.508689528e-03  1.245252509e-03
  1.095905517e-03  9.157854144e-04  5.257313368e-04 -6.833959043e-04
 -2.240872224e-03 -2.004612212e-03 -5.806344956e-04  2.477340988e-04
  5.938641905e-04  7.413544941e-04  7.623722634e-04  7.007821739e-04
  6.831246740e-04  6.768311700e-04  6.376064396e-04  6.117228885e-04
  6.256189254e-04  6.443770639e-04  6.135179766e-04  5.284648498e-04
  4.402448346e-04  4.083767667e-04  4.435809807e-04  4.892710257e-04
  4.706110064e-04  3.737456595e-04  2.660585735e-04  2.326075852e-04
  2.875712730e-04  3.444136232e-04  2.700363970e-04  1.103171921e-05
 -3.169638165e-04 -5.039875786e-04 -4.477608777e-04 -1.817092839e-04
 -2.918719749e-06
@R CURBOOT 101 []
  0.000000000e+00  0.000000000e+00  0.000000000e+00  0.000000000e+00
  0.000000000e+00  0.000000000e+00  0.000000000e+00  0.000000000e+00
  0.000000000e+00  0.000000000e+00  0.000000000e+00  0.000000000e+00
  0.000000000e+00  0.000000000e+00  0.000000000e+00  0.000000000e+00
  0.000000000e+00  0.000000000e+00  0.000000000e+00  0.000000000e+00
  0.000000000e+00  0.000000000e+00  0.000000000e+00  0.000000000e+00
  0.000000000e+00  0.000000000e+00  0.000000000e+00  0.000000000e+00
  0.000000000e+00  0.000000000e+00  0.000000000e+00  0.000000000e+00
  0.000000000e+00  0.000000000e+00  0.000000000e+00  0.000000000e+00
  0.000000000e+00  0.000000000e+00  0.000000000e+00  0.000000000e+00
  0.000000000e+00  0.000000000e+00  0.000000000e+00  0.000000000e+00
  0.000000000e+00  0.000000000e+00  0.000000000e+00  0.000000000e+00
  0.000000000e+00  0.000000000e+00  0.000000000e+00  0.000000000e+00
  0.000000000e+00  0.000000000e+00  0.000000000e+00  0.000000000e+00
  0.000000000e+00  0.000000000e+00  0.000000000e+00  0.000000000e+00
  0.000000000e+00  0.000000000e+00  0.000000000e+00  0.000000000e+00
  0.000000000e+00  0.000000000e+00  0.000000000e+00  0.000000000e+00
  0.000000000e+00  0.000000000e+00  0.000000000e+00  0.000000000e+00
  0.000000000e+00  0.000000000e+00  0.000000000e+00  0.000000000e+00
  0.000000000e+00  0.000000000e+00  0.000000000e+00  0.000000000e+00
  0.000000000e+00  0.000000000e+00  0.000000000e+00  0.000000000e+00
  0.000000000e+00  0.000000000e+00  0.000000000e+00  0.000000000e+00
  0.000000000e+00  0.000000000e+00  0.000000000e+00  0.000000000e+00
  0.000000000e+00  0.000000000e+00  0.000000000e+00  0.000000000e+00
  0.000000000e+00  0.000000000e+00  0.000000000e+00  0.000000000e+00
  0.000000000e+00
@R ENBEAM 101 []
  0.000000000e+00  0.000000000e+00  0.000000000e+00  0.000000000e+00
  0.000000000e+00  0.000000000e+00  0.000000000e+00  0.000000000e+00
  0.000000000e+00  0.000000000e+00  0.000000000e+00  0.000000000e+00
  0.000000000e+00  0.000000000e+00  0.000000000e+00  0.000000000e+00
  0.000000000e+00  0.000000000e+00  0.000000000e+00  0.000000000e+00
  0.000000000e+00  0.000000000e+00  0.000000000e+00  0.000000000e+00
  0.000000000e+00  0.000000000e+00  0.000000000e+00  0.000000000e+00
  0.000000000e+00  0.000000000e+00  0.000000000e+00  0.000000000e+00
  0.000000000e+00  0.000000000e+00  0.000000000e+00  0.000000000e+00
  0.000000000e+00  0.000000000e+00  0.000000000e+00  0.000000000e+00
  0.000000000e+00  0.000000000e+00  0.000000000e+00  0.000000000e+00
  0.000000000e+00  0.000000000e+00  0.000000000e+00  0.000000000e+00
  0.000000000e+00  0.000000000e+00  0.000000000e+00  0.000000000e+00
  0.000000000e+00  0.000000000e+00  0.000000000e+00  0.000000000e+00
  0.000000000e+00  0.000000000e+00  0.000000000e+00  0.000000000e+00
  0.000000000e+00  0.000000000e+00  0.000000000e+00  0.000000000e+00
  0.000000000e+00  0.000000000e+00  0.000000000e+00  0.000000000e+00
  0.000000000e+00  0.000000000e+00  0.000000000e+00  0.000000000e+00
  0.000000000e+00  0.000000000e+00  0.000000000e+00  0.000000000e+00
  0.000000000e+00  0.000000000e+00  0.000000000e+00  0.000000000e+00
  0.000000000e+00  0.000000000e+00  0.000000000e+00  0.000000000e+00
  0.000000000e+00  0.000000000e+00  0.000000000e+00  0.000000000e+00
  0.000000000e+00  0.000000000e+00  0.000000000e+00  0.000000000e+00
  0.000000000e+00  0.000000000e+00  0.000000000e+00  0.000000000e+00
  0.000000000e+00  0.000000000e+00  0.000000000e+00  0.000000000e+00
  0.000000000e+00
@R WBEAM 101 []
  0.000000000e+00  0.000000000e+00  0.000000000e+00  0.000000000e+00
  0.000000000e+00  0.000000000e+00  0.000000000e+00  0.000000000e+00
  0.000000000e+00  0.000000000e+00  0.000000000e+00  0.000000000e+00
  0.000000000e+00  0.000000000e+00  0.000000000e+00  0.000000000e+00
  0.000000000e+00  0.000000000e+00  0.000000000e+00  0.000000000e+00
  0.000000000e+00  0.000000000e+00  0.000000000e+00  0.000000000e+00
  0.000000000e+00  0.000000000e+00  0.000000000e+00  0.000000000e+00
  0.000000000e+00  0.000000000e+00  0.000000000e+00  0.000000000e+00
  0.000000000e+00  0.000000000e+00  0.000000000e+00  0.000000000e+00
  0.000000000e+00  0.000000000e+00  0.000000000e+00  0.000000000e+00
  0.000000000e+00  0.000000000e+00  0.000000000e+00  0.000000000e+00
  0.000000000e+00  0.000000000e+00  0.000000000e+00  0.000000000e+00
  0.000000000e+00  0.000000000e+00  0.000000000e+00  0.000000000e+00
  0.000000000e+00  0.000000000e+00  0.000000000e+00  0.000000000e+00
  0.000000000e+00  0.000000000e+00  0.000000000e+00  0.000000000e+00
  0.000000000e+00  0.000000000e+00  0.000000000e+00  0.000000000e+00
  0.000000000e+00  0.000000000e+00  0.000000000e+00  0.000000000e+00
  0.000000000e+00  0.000000000e+00  0.000000000e+00  0.000000000e+00
  0.000000000e+00  0.000000000e+00  0.000000000e+00  0.000000000e+00
  0.000000000e+00  0.000000000e+00  0.000000000e+00  0.000000000e+00
  0.000000000e+00  0.000000000e+00  0.000000000e+00  0.000000000e+00
  0.000000000e+00  0.000000000e+00  0.000000000e+00  0.000000000e+00
  0.000000000e+00  0.000000000e+00  0.000000000e+00  0.000000000e+00
  0.000000000e+00  0.000000000e+00  0.000000000e+00  0.000000000e+00
  0.000000000e+00  0.000000000e+00  0.000000000e+00  0.000000000e+00
  0.000000000e+00
@R QBEAME 101 []
  0.000000000e+00  0.000000000e+00  0.000000000e+00  0.000000000e+00
  0.000000000e+00  0.000000000e+00  0.000000000e+00  0.000000000e+00
  0.000000000e+00  0.000000000e+00  0.000000000e+00  0.000000000e+00
  0.000000000e+00  0.000000000e+00  0.000000000e+00  0.000000000e+00
  0.000000000e+00  0.000000000e+00  0.000000000e+00  0.000000000e+00
  0.000000000e+00  0.000000000e+00  0.000000000e+00  0.000000000e+00
  0.000000000e+00  0.000000000e+00  0.000000000e+00  0.000000000e+00
  0.000000000e+00  0.000000000e+00  0.000000000e+00  0.000000000e+00
  0.000000000e+00  0.000000000e+00  0.000000000e+00  0.000000000e+00
  0.000000000e+00  0.000000000e+00  0.000000000e+00  0.000000000e+00
  0.000000000e+00  0.000000000e+00  0.000000000e+00  0.000000000e+00
  0.000000000e+00  0.000000000e+00  0.000000000e+00  0.000000000e+00
  0.000000000e+00  0.000000000e+00  0.000000000e+00  0.000000000e+00
  0.000000000e+00  0.000000000e+00  0.000000000e+00  0.000000000e+00
  0.000000000e+00  0.000000000e+00  0.000000000e+00  0.000000000e+00
  0.000000000e+00  0.000000000e+00  0.000000000e+00  0.000000000e+00
  0.000000000e+00  0.000000000e+00  0.000000000e+00  0.000000000e+00
  0.000000000e+00  0.000000000e+00  0.000000000e+00  0.000000000e+00
  0.000000000e+00  0.000000000e+00  0.000000000e+00  0.000000000e+00
  0.000000000e+00  0.000000000e+00  0.000000000e+00  0.000000000e+00
  0.000000000e+00  0.000000000e+00  0.000000000e+00  0.000000000e+00
  0.000000000e+00  0.000000000e+00  0.000000000e+00  0.000000000e+00
  0.000000000e+00  0.000000000e+00  0.000000000e+00  0.000000000e+00
  0.000000000e+00  0.000000000e+00  0.000000000e+00  0.000000000e+00
  0.000000000e+00  0.000000000e+00  0.000000000e+00  0.000000000e+00
  0.000000000e+00
@R QBEAMI 101 []
  0.000000000e+00  0.000000000e+00  0.000000000e+00  0.000000000e+00
  0.000000000e+00  0.000000000e+00  0.000000000e+00  0.000000000e+00
  0.000000000e+00  0.000000000e+00  0.000000000e+00  0.000000000e+00
  0.000000000e+00  0.000000000e+00  0.000000000e+00  0.000000000e+00
  0.000000000e+00  0.000000000e+00  0.000000000e+00  0.000000000e+00
  0.000000000e+00  0.000000000e+00  0.000000000e+00  0.000000000e+00
  0.000000000e+00  0.000000000e+00  0.000000000e+00  0.000000000e+00
  0.000000000e+00  0.000000000e+00  0.000000000e+00  0.000000000e+00
  0.000000000e+00  0.000000000e+00  0.000000000e+00  0.000000000e+00
  0.000000000e+00  0.000000000e+00  0.000000000e+00  0.000000000e+00
  0.000000000e+00  0.000000000e+00  0.000000000e+00  0.000000000e+00
  0.000000000e+00  0.000000000e+00  0.000000000e+00  0.000000000e+00
  0.000000000e+00  0.000000000e+00  0.000000000e+00  0.000000000e+00
  0.000000000e+00  0.000000000e+00  0.000000000e+00  0.000000000e+00
  0.000000000e+00  0.000000000e+00  0.000000000e+00  0.000000000e+00
  0.000000000e+00  0.000000000e+00  0.000000000e+00  0.000000000e+00
  0.000000000e+00  0.000000000e+00  0.000000000e+00  0.000000000e+00
  0.000000000e+00  0.000000000e+00  0.000000000e+00  0.000000000e+00
  0.000000000e+00  0.000000000e+00  0.000000000e+00  0.000000000e+00
  0.000000000e+00  0.000000000e+00  0.000000000e+00  0.000000000e+00
  0.000000000e+00  0.000000000e+00  0.000000000e+00  0.000000000e+00
  0.000000000e+00  0.000000000e+00  0.000000000e+00  0.000000000e+00
  0.000000000e+00  0.000000000e+00  0.000000000e+00  0.000000000e+00
  0.000000000e+00  0.000000000e+00  0.000000000e+00  0.000000000e+00
  0.000000000e+00  0.000000000e+00  0.000000000e+00  0.000000000e+00
  0.000000000e+00
@R ENALP 101 []
  0.000000000e+00  0.000000000e+00  0.000000000e+00  0.000000000e+00
  0.000000000e+00  0.000000000e+00  0.000000000e+00  0.000000000e+00
  0.000000000e+00  0.000000000e+00  0.000000000e+00  0.000000000e+00
  0.000000000e+00  0.000000000e+00  0.000000000e+00  0.000000000e+00
  0.000000000e+00  0.000000000e+00  0.000000000e+00  0.000000000e+00
  0.000000000e+00  0.000000000e+00  0.000000000e+00  0.000000000e+00
  0.000000000e+00  0.000000000e+00  0.000000000e+00  0.000000000e+00
  0.000000000e+00  0.000000000e+00  0.000000000e+00  0.000000000e+00
  0.000000000e+00  0.000000000e+00  0.000000000e+00  0.000000000e+00
  0.000000000e+00  0.000000000e+00  0.000000000e+00  0.000000000e+00
  0.000000000e+00  0.000000000e+00  0.000000000e+00  0.000000000e+00
  0.000000000e+00  0.000000000e+00  0.000000000e+00  0.000000000e+00
  0.000000000e+00  0.000000000e+00  0.000000000e+00  0.000000000e+00
  0.000000000e+00  0.000000000e+00  0.000000000e+00  0.000000000e+00
  0.000000000e+00  0.000000000e+00  0.000000000e+00  0.000000000e+00
  0.000000000e+00  0.000000000e+00  0.000000000e+00  0.000000000e+00
  0.000000000e+00  0.000000000e+00  0.000000000e+00  0.000000000e+00
  0.000000000e+00  0.000000000e+00  0.000000000e+00  0.000000000e+00
  0.000000000e+00  0.000000000e+00  0.000000000e+00  0.000000000e+00
  0.000000000e+00  0.000000000e+00  0.000000000e+00  0.000000000e+00
  0.000000000e+00  0.000000000e+00  0.000000000e+00  0.000000000e+00
  0.000000000e+00  0.000000000e+00  0.000000000e+00  0.000000000e+00
  0.000000000e+00  0.000000000e+00  0.000000000e+00  0.000000000e+00
  0.000000000e+00  0.000000000e+00  0.000000000e+00  0.000000000e+00
  0.000000000e+00  0.000000000e+00  0.000000000e+00  0.000000000e+00
  0.000000000e+00
@R WALP 101 []
  0.000000000e+00  0.000000000e+00  0.000000000e+00  0.000000000e+00
  0.000000000e+00  0.000000000e+00  0.000000000e+00  0.000000000e+00
  0.000000000e+00  0.000000000e+00  0.000000000e+00  0.000000000e+00
  0.000000000e+00  0.000000000e+00  0.000000000e+00  0.000000000e+00
  0.000000000e+00  0.000000000e+00  0.000000000e+00  0.000000000e+00
  0.000000000e+00  0.000000000e+00  0.000000000e+00  0.000000000e+00
  0.000000000e+00  0.000000000e+00  0.000000000e+00  0.000000000e+00
  0.000000000e+00  0.000000000e+00  0.000000000e+00  0.000000000e+00
  0.000000000e+00  0.000000000e+00  0.000000000e+00  0.000000000e+00
  0.000000000e+00  0.000000000e+00  0.000000000e+00  0.000000000e+00
  0.000000000e+00  0.000000000e+00  0.000000000e+00  0.000000000e+00
  0.000000000e+00  0.000000000e+00  0.000000000e+00  0.000000000e+00
  0.000000000e+00  0.000000000e+00  0.000000000e+00  0.000000000e+00
  0.000000000e+00  0.000000000e+00  0.000000000e+00  0.000000000e+00
  0.000000000e+00  0.000000000e+00  0.000000000e+00  0.000000000e+00
  0.000000000e+00  0.000000000e+00  0.000000000e+00  0.000000000e+00
  0.000000000e+00  0.000000000e+00  0.000000000e+00  0.000000000e+00
  0.000000000e+00  0.000000000e+00  0.000000000e+00  0.000000000e+00
  0.000000000e+00  0.000000000e+00  0.000000000e+00  0.000000000e+00
  0.000000000e+00  0.000000000e+00  0.000000000e+00  0.000000000e+00
  0.000000000e+00  0.000000000e+00  0.000000000e+00  0.000000000e+00
  0.000000000e+00  0.000000000e+00  0.000000000e+00  0.000000000e+00
  0.000000000e+00  0.000000000e+00  0.000000000e+00  0.000000000e+00
  0.000000000e+00  0.000000000e+00  0.000000000e+00  0.000000000e+00
  0.000000000e+00  0.000000000e+00  0.000000000e+00  0.000000000e+00
  0.000000000e+00
@R QTFUSE 101 []
  2.278173329e+00  2.278562430e+00  2.279801602e+00  2.282056478e+00
  2.285518567e+00  2.290341342e+00  2.296417222e+00  2.303192426e+00
  2.309825674e+00  2.315388248e+00  2.318804156e+00  2.318929711e+00
  2.314984616e+00  2.306635977e+00  2.293655354e+00  2.275822259e+00
  2.253111394e+00  2.225788896e+00  2.194337096e+00  2.159462897e+00
  2.121988644e+00  2.082434349e+00  2.040988665e+00  1.997881049e+00
  1.953435618e+00  1.907955995e+00  1.861648017e+00  1.814551194e+00
  1.766600999e+00  1.717711912e+00  1.667762111e+00  1.616626190e+00
  1.564341862e+00  1.511146019e+00  1.457339464e+00  1.403282531e+00
  1.349405820e+00  1.296002528e+00  1.243135119e+00  1.190784195e+00
  1.138869775e+00  1.087258645e+00  1.036006430e+00  9.854397319e-01
  9.359735644e-01  8.881024648e-01  8.423887516e-01  7.991184079e-01
  7.581616152e-01  7.192400677e-01  6.820337683e-01  6.461671741e-01
  6.113561843e-01  5.774858438e-01  5.445158104e-01  5.124685066e-01
  4.814961260e-01  4.517773523e-01  4.233910403e-01  3.963517830e-01
  3.706464825e-01  3.462271249e-01  3.230400638e-01  3.010499882e-01
  2.802274128e-01  2.605411756e-01  2.419646669e-01  2.244714530e-01
  2.080276264e-01  1.925936787e-01  1.781278152e-01  1.645859118e-01
  1.519216468e-01  1.400881184e-01  1.290393676e-01  1.187301871e-01
  1.091161214e-01  1.001553218e-01  9.180951881e-02  8.404281821e-02
  7.682317323e-02  7.012157628e-02  6.390378526e-02  5.812921556e-02
  5.275888355e-02  4.774158667e-02  4.301238506e-02  3.854694590e-02
  3.437742349e-02  3.054390525e-02  2.712111618e-02  2.409784254e-02
  2.121905248e-02  1.814027696e-02  1.449527845e-02  1.005165158e-02
  5.371535983e-03  1.880041869e-03  3.384941278e-04  1.821755152e-05
  1.201892451e-07
@R QTFUSI 101 []
  1.181022086e+00  1.180194089e+00  1.177724353e+00  1.173645919e+00
  1.167994972e+00  1.160806938e+00  1.152135079e+00  1.142069348e+00
  1.130725064e+00  1.118223414e+00  1.104706753e+00  1.090320492e+00
  1.075102833e+00  1.058945891e+00  1.041671413e+00  1.023063081e+00
  1.002898841e+00  9.810670744e-01  9.576163195e-01  9.327172080e-01
  9.066231607e-01  8.795920473e-01  8.518472052e-01  8.236125675e-01
  7.951160894e-01  7.665745699e-01  7.381596022e-01  7.099462830e-01
  6.819350900e-01  6.541082448e-01  6.264248049e-01  5.988209397e-01
  5.712918897e-01  5.439254682e-01  5.168400351e-01  4.901771949e-01
  4.641123784e-01  4.387693931e-01  4.141759426e-01  3.903236313e-01
  3.671803228e-01  3.446900376e-01  3.228590943e-01  3.017855877e-01
  2.815918065e-01  2.624184150e-01  2.444225103e-01  2.276653064e-01
  2.120704127e-01  1.975167377e-01  1.838747085e-01  1.709998256e-01
  1.587796610e-01  1.471592238e-01  1.361092243e-01  1.256185115e-01
  1.157110434e-01  1.064165143e-01  9.773611935e-02  8.965304963e-02
  8.214349106e-02  7.517535485e-02  6.871552325e-02  6.273578016e-02
  5.721006796e-02  5.211280869e-02  4.742003633e-02  4.310803123e-02
  3.915200188e-02  3.552715525e-02  3.220977922e-02  2.917729603e-02
  2.640782540e-02  2.388020071e-02  2.157450166e-02  1.947211992e-02
  1.755565967e-02  1.580924433e-02  1.421862245e-02  1.277080801e-02
  1.145428052e-02  1.025873319e-02  9.173377953e-03  8.186770473e-03
  7.288392284e-03  6.466195867e-03  5.706414942e-03  5.003119862e-03
  4.360362642e-03  3.783081905e-03  3.278969108e-03  2.842987106e-03
  2.438700064e-03  2.020660099e-03  1.547098608e-03  1.006181145e-03
  4.882644824e-04  1.480288220e-04  2.114458458e-05  7.252794625e-07
  2.156441492e-09
@R QRFE 101 []
  4.135739125e-01  4.121036252e-01  4.198825197e-01  4.441507119e-01
  4.843750889e-01  5.409587205e-01  5.993984800e-01  6.419338477e-01
  6.573825348e-01  6.491021770e-01  6.458069284e-01  6.544692680e-01
  6.573568553e-01  6.528501932e-01  6.427639277e-01  6.268505204e-01
  6.039025278e-01  5.709430488e-01  5.243981926e-01  4.712262854e-01
  4.259685993e-01  3.861715858e-01  3.418888676e-01  2.977884146e-01
  2.633792225e-01  2.401215009e-01  2.202112839e-01  1.973565750e-01
  1.748581183e-01  1.587631119e-01  1.476654005e-01  1.350971343e-01
  1.219657924e-01  1.121110586e-01  1.048071877e-01  9.748144594e-02
  8.885815676e-02  8.148137538e-02  7.697590561e-02  7.275489948e-02
  6.652822222e-02  6.006764323e-02  5.517057660e-02  5.066641525e-02
  4.503278612e-02  3.903328276e-02  3.464594411e-02  3.183640707e-02
  2.862029788e-02  2.456615615e-02  2.149346310e-02  1.999647007e-02
  1.852077401e-02  1.635693612e-02  1.456774983e-02  1.361908527e-02
  1.272854170e-02  1.148878430e-02  1.038455943e-02  9.805313097e-03
  9.416002501e-03  8.805949024e-03  8.074098222e-03  7.597908322e-03
  7.538415359e-03  7.805631620e-03  9.080971318e-03  1.622577567e-02
  2.364318935e-02  2.010099686e-02  1.217748363e-02  7.166346853e-03
  4.385781669e-03  3.149730712e-03  2.660678034e-03  2.438004077e-03
  2.014631247e-03  1.487643778e-03  1.073253524e-03  9.388630285e-04
  1.052952231e-03  1.164978957e-03  1.073566577e-03  8.199310261e-04
  6.214296263e-04  6.587631739e-04  8.978371110e-04  1.099202239e-03
  1.034535048e-03  7.227923441e-04  4.369526752e-04  4.638955404e-04
  8.079174472e-04  1.162316430e-03  1.189057366e-03  8.357023045e-04
  3.744621143e-04  9.625296758e-05  4.167034829e-05  1.059612008e-04
  1.565861741e-04
@R QRFI 101 []
  3.186128877e-01  3.423992629e-01  4.279098571e-01  5.739882111e-01
  7.557098578e-01  9.698868887e-01  1.245279335e+00  1.589001574e+00
  1.932997290e+00  2.216336652e+00  2.501269659e+00  2.896775907e+00
  3.436635135e+00  4.055343823e+00  4.609698352e+00  4.932842333e+00
  4.901391329e+00  4.580290096e+00  4.161926872e+00  3.686447295e+00
  3.140152793e+00  2.592329951e+00  2.096141191e+00  1.681973501e+00
  1.347715925e+00  1.065986147e+00  8.199189187e-01  6.064603492e-01
  4.298137356e-01  2.945508460e-01  1.989749074e-01  1.369104771e-01
  9.935549847e-02  7.602586898e-02  6.112283434e-02  5.415272453e-02
  5.368219569e-02  5.478670452e-02  5.281076042e-02  4.638898327e-02
  3.720363840e-02  3.013512670e-02  2.966799270e-02  3.191375489e-02
  3.476709466e-02  3.932307911e-02  4.245831479e-02  4.169452921e-02
  3.606233770e-02  2.752321663e-02  1.984873437e-02  1.542590443e-02
  1.401098767e-02  1.371028871e-02  1.295427224e-02  1.161171846e-02
  1.014956244e-02  8.869452449e-03  7.479452315e-03  5.736746104e-03
  4.301104529e-03  3.754103738e-03  3.880471621e-03  4.135114166e-03
  4.221034939e-03  4.059701606e-03  3.684197165e-03  3.122832701e-03
  2.645381128e-03  2.256198684e-03  1.776870592e-03  1.526228284e-03
  1.830253040e-03  2.700378362e-03  3.521607797e-03  3.523841297e-03
  2.643876686e-03  1.636304949e-03  1.169558212e-03  1.247275188e-03
  1.547484932e-03  1.811615849e-03  2.018695547e-03  2.276918150e-03
  2.704928536e-03  3.407756522e-03  4.341686122e-03  5.145674264e-03
  5.323027851e-03  4.755055993e-03  3.815054962e-03  3.011739821e-03
  2.511978182e-03  2.137973212e-03  1.754046365e-03  1.416517420e-03
  1.275165783e-03  1.321319221e-03  1.349489382e-03  1.979011412e-03
  2.631564360e-03
@R QRAD 101 []
 -7.693189396e-02 -7.691582566e-02 -7.687004533e-02 -7.680009554e-02
 -7.671226772e-02 -7.661177968e-02 -7.649723694e-02 -7.635619073e-02
 -7.616931026e-02 -7.591551253e-02 -7.557110098e-02 -7.511183622e-02
 -7.452170240e-02 -7.379386544e-02 -7.292323474e-02 -7.190447775e-02
 -7.073718894e-02 -6.943036607e-02 -6.800085175e-02 -6.647201239e-02
 -6.487015467e-02 -6.321334668e-02 -6.151047828e-02 -5.977116162e-02
 -5.800724457e-02 -5.622984404e-02 -5.444696561e-02 -5.266104162e-02
 -5.087084408e-02 -4.907446959e-02 -4.726801510e-02 -4.544615755e-02
 -4.361013773e-02 -4.177021177e-02 -3.993918586e-02 -3.809185120e-02
 -3.618302901e-02 -3.424478359e-02 -3.234721059e-02 -3.051228672e-02
 -2.873365695e-02 -2.700391629e-02 -2.532275547e-02 -2.369896889e-02
 -2.214350637e-02 -2.066887906e-02 -1.928893676e-02 -1.800834726e-02
 -1.681905536e-02 -1.570923843e-02 -1.466693397e-02 -1.367950384e-02
 -1.273729281e-02 -1.183552006e-02 -1.097169838e-02 -1.014523332e-02
 -9.359075883e-03 -8.617030146e-03 -7.920379996e-03 -7.268676502e-03
 -6.660736010e-03 -6.094531850e-03 -5.567865292e-03 -5.078912707e-03
 -4.625974491e-03 -4.207324976e-03 -3.821324987e-03 -3.466306708e-03
 -3.140453068e-03 -2.841892709e-03 -2.568790897e-03 -2.319348542e-03
 -2.091791924e-03 -1.884403993e-03 -1.695566231e-03 -1.523756335e-03
 -1.367540247e-03 -1.225600091e-03 -1.096746897e-03 -9.798924628e-04
 -8.740658764e-04 -7.783923487e-04 -6.919551915e-04 -6.137861015e-04
 -5.429976695e-04 -4.785853877e-04 -4.194170522e-04 -3.650027234e-04
 -3.156467234e-04 -2.716999479e-04 -2.340888164e-04 -2.026360494e-04
 -1.739246143e-04 -1.441489278e-04 -1.104556734e-04 -7.211414755e-05
 -3.538905010e-05 -1.100671711e-05 -1.665505933e-06 -6.691940215e-08
 -2.935348044e-10
@R QOHM 101 []
  0.000000000e+00  0.000000000e+00  0.000000000e+00  0.000000000e+00
  0.000000000e+00  0.000000000e+00  0.000000000e+00  0.000000000e+00
  0.000000000e+00  0.000000000e+00  0.000000000e+00  0.000000000e+00
  0.000000000e+00  0.000000000e+00  0.000000000e+00  0.000000000e+00
  0.000000000e+00  0.000000000e+00  0.000000000e+00  0.000000000e+00
  0.000000000e+00  0.000000000e+00  0.000000000e+00  0.000000000e+00
  0.000000000e+00  0.000000000e+00  0.000000000e+00  0.000000000e+00
  0.000000000e+00  0.000000000e+00  0.000000000e+00  0.000000000e+00
  0.000000000e+00  0.000000000e+00  0.000000000e+00  0.000000000e+00
  0.000000000e+00  0.000000000e+00  0.000000000e+00  0.000000000e+00
  0.000000000e+00  0.000000000e+00  0.000000000e+00  0.000000000e+00
  0.000000000e+00  0.000000000e+00  0.000000000e+00  0.000000000e+00
  0.000000000e+00  0.000000000e+00  0.000000000e+00  0.000000000e+00
  0.000000000e+00  0.000000000e+00  0.000000000e+00  0.000000000e+00
  0.000000000e+00  0.000000000e+00  0.000000000e+00  0.000000000e+00
  0.000000000e+00  0.000000000e+00  0.000000000e+00  0.000000000e+00
  0.000000000e+00  0.000000000e+00  0.000000000e+00  0.000000000e+00
  0.000000000e+00  0.000000000e+00  0.000000000e+00  0.000000000e+00
  0.000000000e+00  0.000000000e+00  0.000000000e+00  0.000000000e+00
  0.000000000e+00  0.000000000e+00  0.000000000e+00  0.000000000e+00
  0.000000000e+00  0.000000000e+00  0.000000000e+00  0.000000000e+00
  0.000000000e+00  0.000000000e+00  0.000000000e+00  0.000000000e+00
  0.000000000e+00  0.000000000e+00  0.000000000e+00  0.000000000e+00
  0.000000000e+00  0.000000000e+00  0.000000000e+00  0.000000000e+00
  0.000000000e+00  0.000000000e+00  0.000000000e+00  0.000000000e+00
  0.000000000e+00
@R QIONE 101 []
  0.000000000e+00  0.000000000e+00  0.000000000e+00  0.000000000e+00
  0.000000000e+00  0.000000000e+00  0.000000000e+00  0.000000000e+00
  0.000000000e+00  0.000000000e+00  0.000000000e+00  0.000000000e+00
  0.000000000e+00  0.000000000e+00  0.000000000e+00  0.000000000e+00
  0.000000000e+00  0.000000000e+00  0.000000000e+00  0.000000000e+00
  0.000000000e+00  0.000000000e+00  0.000000000e+00  0.000000000e+00
  0.000000000e+00  0.000000000e+00  0.000000000e+00  0.000000000e+00
  0.000000000e+00  0.000000000e+00  0.000000000e+00  0.000000000e+00
  0.000000000e+00  0.000000000e+00  0.000000000e+00  0.000000000e+00
  0.000000000e+00  0.000000000e+00  0.000000000e+00  0.000000000e+00
  0.000000000e+00  0.000000000e+00  0.000000000e+00  0.000000000e+00
  0.000000000e+00  0.000000000e+00  0.000000000e+00  0.000000000e+00
  0.000000000e+00  0.000000000e+00  0.000000000e+00  0.000000000e+00
  0.000000000e+00  0.000000000e+00  0.000000000e+00  0.000000000e+00
  0.000000000e+00  0.000000000e+00  0.000000000e+00  0.000000000e+00
  0.000000000e+00  0.000000000e+00  0.000000000e+00  0.000000000e+00
  0.000000000e+00  0.000000000e+00  0.000000000e+00  0.000000000e+00
  0.000000000e+00  0.000000000e+00  0.000000000e+00  0.000000000e+00
  0.000000000e+00  0.000000000e+00  0.000000000e+00  0.000000000e+00
  0.000000000e+00  0.000000000e+00  0.000000000e+00  0.000000000e+00
  0.000000000e+00  0.000000000e+00  0.000000000e+00  0.000000000e+00
  0.000000000e+00  0.000000000e+00  0.000000000e+00  0.000000000e+00
  0.000000000e+00  0.000000000e+00  0.000000000e+00  0.000000000e+00
  0.000000000e+00  0.000000000e+00  0.000000000e+00  0.000000000e+00
  0.000000000e+00  0.000000000e+00  0.000000000e+00  0.000000000e+00
  0.000000000e+00
@R QIONI 101 []
  0.000000000e+00  0.000000000e+00  0.000000000e+00  0.000000000e+00
  0.000000000e+00  0.000000000e+00  0.000000000e+00  0.000000000e+00
  0.000000000e+00  0.000000000e+00  0.000000000e+00  0.000000000e+00
  0.000000000e+00  0.000000000e+00  0.000000000e+00  0.000000000e+00
  0.000000000e+00  0.000000000e+00  0.000000000e+00  0.000000000e+00
  0.000000000e+00  0.000000000e+00  0.000000000e+00  0.000000000e+00
  0.000000000e+00  0.000000000e+00  0.000000000e+00  0.000000000e+00
  0.000000000e+00  0.000000000e+00  0.000000000e+00  0.000000000e+00
  0.000000000e+00  0.000000000e+00  0.000000000e+00  0.000000000e+00
  0.000000000e+00  0.000000000e+00  0.000000000e+00  0.000000000e+00
  0.000000000e+00  0.000000000e+00  0.000000000e+00  0.000000000e+00
  0.000000000e+00  0.000000000e+00  0.000000000e+00  0.000000000e+00
  0.000000000e+00  0.000000000e+00  0.000000000e+00  0.000000000e+00
  0.000000000e+00  0.000000000e+00  0.000000000e+00  0.000000000e+00
  0.000000000e+00  0.000000000e+00  0.000000000e+00  0.000000000e+00
  0.000000000e+00  0.000000000e+00  0.000000000e+00  0.000000000e+00
  0.000000000e+00  0.000000000e+00  0.000000000e+00  0.000000000e+00
  0.000000000e+00  0.000000000e+00  0.000000000e+00  0.000000000e+00
  0.000000000e+00  0.000000000e+00  0.000000000e+00  0.000000000e+00
  0.000000000e+00  0.000000000e+00  0.000000000e+00  0.000000000e+00
  0.000000000e+00  0.000000000e+00  0.000000000e+00  0.000000000e+00
  0.000000000e+00  0.000000000e+00  0.000000000e+00  0.000000000e+00
  0.000000000e+00  0.000000000e+00  0.000000000e+00  0.000000000e+00
  0.000000000e+00  0.000000000e+00  0.000000000e+00  0.000000000e+00
  0.000000000e+00  0.000000000e+00  0.000000000e+00  0.000000000e+00
  0.000000000e+00
@R QCX 101 []
  0.000000000e+00  0.000000000e+00  0.000000000e+00  0.000000000e+00
  0.000000000e+00  0.000000000e+00  0.000000000e+00  0.000000000e+00
  0.000000000e+00  0.000000000e+00  0.000000000e+00  0.000000000e+00
  0.000000000e+00  0.000000000e+00  0.000000000e+00  0.000000000e+00
  0.000000000e+00  0.000000000e+00  0.000000000e+00  0.000000000e+00
  0.000000000e+00  0.000000000e+00  0.000000000e+00  0.000000000e+00
  0.000000000e+00  0.000000000e+00  0.000000000e+00  0.000000000e+00
  0.000000000e+00  0.000000000e+00  0.000000000e+00  0.000000000e+00
  0.000000000e+00  0.000000000e+00  0.000000000e+00  0.000000000e+00
  0.000000000e+00  0.000000000e+00  0.000000000e+00  0.000000000e+00
  0.000000000e+00  0.000000000e+00  0.000000000e+00  0.000000000e+00
  0.000000000e+00  0.000000000e+00  0.000000000e+00  0.000000000e+00
  0.000000000e+00  0.000000000e+00  0.000000000e+00  0.000000000e+00
  0.000000000e+00  0.000000000e+00  0.000000000e+00  0.000000000e+00
  0.000000000e+00  0.000000000e+00  0.000000000e+00  0.000000000e+00
  0.000000000e+00  0.000000000e+00  0.000000000e+00  0.000000000e+00
  0.000000000e+00  0.000000000e+00  0.000000000e+00  0.000000000e+00
  0.000000000e+00  0.000000000e+00  0.000000000e+00  0.000000000e+00
  0.000000000e+00  0.000000000e+00  0.000000000e+00  0.000000000e+00
  0.000000000e+00  0.000000000e+00  0.000000000e+00  0.000000000e+00
  0.000000000e+00  0.000000000e+00  0.000000000e+00  0.000000000e+00
  0.000000000e+00  0.000000000e+00  0.000000000e+00  0.000000000e+00
  0.000000000e+00  0.000000000e+00  0.000000000e+00  0.000000000e+00
  0.000000000e+00  0.000000000e+00  0.000000000e+00  0.000000000e+00
  0.000000000e+00  0.000000000e+00  0.000000000e+00  0.000000000e+00
  0.000000000e+00
@R STORQUEB 101 []
  0.000000000e+00  0.000000000e+00  0.000000000e+00  0.000000000e+00
  0.000000000e+00  0.000000000e+00  0.000000000e+00  0.000000000e+00
  0.000000000e+00  0.000000000e+00  0.000000000e+00  0.000000000e+00
  0.000000000e+00  0.000000000e+00  0.000000000e+00  0.000000000e+00
  0.000000000e+00  0.000000000e+00  0.000000000e+00  0.000000000e+00
  0.000000000e+00  0.000000000e+00  0.000000000e+00  0.000000000e+00
  0.000000000e+00  0.000000000e+00  0.000000000e+00  0.000000000e+00
  0.000000000e+00  0.000000000e+00  0.000000000e+00  0.000000000e+00
  0.000000000e+00  0.000000000e+00  0.000000000e+00  0.000000000e+00
  0.000000000e+00  0.000000000e+00  0.000000000e+00  0.000000000e+00
  0.000000000e+00  0.000000000e+00  0.000000000e+00  0.000000000e+00
  0.000000000e+00  0.000000000e+00  0.000000000e+00  0.000000000e+00
  0.000000000e+00  0.000000000e+00  0.000000000e+00  0.000000000e+00
  0.000000000e+00  0.000000000e+00  0.000000000e+00  0.000000000e+00
  0.000000000e+00  0.000000000e+00  0.000000000e+00  0.000000000e+00
  0.000000000e+00  0.000000000e+00  0.000000000e+00  0.000000000e+00
  0.000000000e+00  0.000000000e+00  0.000000000e+00  0.000000000e+00
  0.000000000e+00  0.000000000e+00  0.000000000e+00  0.000000000e+00
  0.000000000e+00  0.000000000e+00  0.000000000e+00  0.000000000e+00
  0.000000000e+00  0.000000000e+00  0.000000000e+00  0.000000000e+00
  0.000000000e+00  0.000000000e+00  0.000000000e+00  0.000000000e+00
  0.000000000e+00  0.000000000e+00  0.000000000e+00  0.000000000e+00
  0.000000000e+00  0.000000000e+00  0.000000000e+00  0.000000000e+00
  0.000000000e+00  0.000000000e+00  0.000000000e+00  0.000000000e+00
  0.000000000e+00  0.000000000e+00  0.000000000e+00  0.000000000e+00
  0.000000000e+00
@R STORQUE 101 []
  0.000000000e+00  0.000000000e+00  0.000000000e+00  0.000000000e+00
  0.000000000e+00  0.000000000e+00  0.000000000e+00  0.000000000e+00
  0.000000000e+00  0.000000000e+00  0.000000000e+00  0.000000000e+00
  0.000000000e+00  0.000000000e+00  0.000000000e+00  0.000000000e+00
  0.000000000e+00  0.000000000e+00  0.000000000e+00  0.000000000e+00
  0.000000000e+00  0.000000000e+00  0.000000000e+00  0.000000000e+00
  0.000000000e+00  0.000000000e+00  0.000000000e+00  0.000000000e+00
  0.000000000e+00  0.000000000e+00  0.000000000e+00  0.000000000e+00
  0.000000000e+00  0.000000000e+00  0.000000000e+00  0.000000000e+00
  0.000000000e+00  0.000000000e+00  0.000000000e+00  0.000000000e+00
  0.000000000e+00  0.000000000e+00  0.000000000e+00  0.000000000e+00
  0.000000000e+00  0.000000000e+00  0.000000000e+00  0.000000000e+00
  0.000000000e+00  0.000000000e+00  0.000000000e+00  0.000000000e+00
  0.000000000e+00  0.000000000e+00  0.000000000e+00  0.000000000e+00
  0.000000000e+00  0.000000000e+00  0.000000000e+00  0.000000000e+00
  0.000000000e+00  0.000000000e+00  0.000000000e+00  0.000000000e+00
  0.000000000e+00  0.000000000e+00  0.000000000e+00  0.000000000e+00
  0.000000000e+00  0.000000000e+00  0.000000000e+00  0.000000000e+00
  0.000000000e+00  0.000000000e+00  0.000000000e+00  0.000000000e+00
  0.000000000e+00  0.000000000e+00  0.000000000e+00  0.000000000e+00
  0.000000000e+00  0.000000000e+00  0.000000000e+00  0.000000000e+00
  0.000000000e+00  0.000000000e+00  0.000000000e+00  0.000000000e+00
  0.000000000e+00  0.000000000e+00  0.000000000e+00  0.000000000e+00
  0.000000000e+00  0.000000000e+00  0.000000000e+00  0.000000000e+00
  0.000000000e+00  0.000000000e+00  0.000000000e+00  0.000000000e+00
  0.000000000e+00
@R SION 101 []
  6.615143167e-04  7.800680152e-04  1.056963627e-03  1.425806805e-03
  1.914849922e-03  2.560249766e-03  3.408029404e-03  4.516455336e-03
  5.958893557e-03  7.827213417e-03  1.023581614e-02  1.332635945e-02
  1.727325872e-02  2.229003629e-02  2.863658074e-02  3.662736807e-02
  4.664056023e-02  5.912834929e-02  7.462803765e-02  9.377389623e-02
  1.173102944e-01  1.461048631e-01  1.811619816e-01  2.236368844e-01
  2.748489331e-01  3.362939692e-01  4.096551378e-01  4.968116414e-01
  5.998452738e-01  7.210426637e-01  8.628929249e-01  1.028080283e+00
  1.219470211e+00  1.440089537e+00  1.693096336e+00  1.981742759e+00
  2.309331370e+00  2.679159711e+00  3.094458783e+00  3.558319437e+00
  4.073606026e+00  4.642878926e+00  5.268309582e+00  5.951550868e+00
  6.693661708e+00  7.495015974e+00  8.355171853e+00  9.272833096e+00
  1.024573350e+01  1.127061210e+01  1.234314214e+01  1.345791700e+01
  1.460844943e+01  1.578717239e+01  1.698552644e+01  1.819397693e+01
  1.940218805e+01  2.059908763e+01  2.177303980e+01  2.291208948e+01
  2.400405446e+01  2.503678951e+01  2.599844547e+01  2.687761823e+01
  2.766359462e+01  2.834659391e+01  2.891795853e+01  2.937031924e+01
  2.969776506e+01  2.989598892e+01  2.996236877e+01  2.989602654e+01
  2.969783809e+01  2.937042245e+01  2.891809111e+01  2.834674033e+01
  2.766372892e+01  2.687771764e+01  2.599848766e+01  2.503674224e+01
  2.400388744e+01  2.291180729e+01  2.177264074e+01  2.059855839e+01
  1.940155351e+01  1.819324753e+01  1.698470811e+01  1.578629268e+01
  1.460751558e+01  1.345694882e+01  1.234214764e+01  1.126960325e+01
  1.024471941e+01  9.271817800e+00  8.354178931e+00  7.494073071e+00
  6.692796805e+00  5.950764354e+00  5.267587187e+00  4.642192186e+00
  4.343769561e+00
@R CHIE 101 []
  0.000000000e+00  0.000000000e+00  0.000000000e+00  0.000000000e+00
  0.000000000e+00  0.000000000e+00  0.000000000e+00  0.000000000e+00
  0.000000000e+00  0.000000000e+00  0.000000000e+00  0.000000000e+00
  0.000000000e+00  0.000000000e+00  0.000000000e+00  0.000000000e+00
  0.000000000e+00  0.000000000e+00  0.000000000e+00  0.000000000e+00
  0.000000000e+00  0.000000000e+00  0.000000000e+00  0.000000000e+00
  0.000000000e+00  0.000000000e+00  0.000000000e+00  0.000000000e+00
  0.000000000e+00  0.000000000e+00  0.000000000e+00  0.000000000e+00
  0.000000000e+00  0.000000000e+00  0.000000000e+00  0.000000000e+00
  0.000000000e+00  0.000000000e+00  0.000000000e+00  0.000000000e+00
  0.000000000e+00  0.000000000e+00  0.000000000e+00  0.000000000e+00
  0.000000000e+00  0.000000000e+00  0.000000000e+00  0.000000000e+00
  0.000000000e+00  0.000000000e+00  0.000000000e+00  0.000000000e+00
  0.000000000e+00  0.000000000e+00  0.000000000e+00  0.000000000e+00
  0.000000000e+00  0.000000000e+00  0.000000000e+00  0.000000000e+00
  0.000000000e+00  0.000000000e+00  0.000000000e+00  0.000000000e+00
  0.000000000e+00  0.000000000e+00  0.000000000e+00  0.000000000e+00
  0.000000000e+00  0.000000000e+00  0.000000000e+00  0.000000000e+00
  0.000000000e+00  0.000000000e+00  0.000000000e+00  0.000000000e+00
  0.000000000e+00  0.000000000e+00  0.000000000e+00  0.000000000e+00
  0.000000000e+00  0.000000000e+00  0.000000000e+00  0.000000000e+00
  0.000000000e+00  0.000000000e+00  0.000000000e+00  0.000000000e+00
  0.000000000e+00  0.000000000e+00  0.000000000e+00  0.000000000e+00
  0.000000000e+00  0.000000000e+00  0.000000000e+00  0.000000000e+00
  0.000000000e+00  0.000000000e+00  0.000000000e+00  0.000000000e+00
  0.000000000e+00
@R CHII 101 []
  0.000000000e+00  0.000000000e+00  0.000000000e+00  0.000000000e+00
  0.000000000e+00  0.000000000e+00  0.000000000e+00  0.000000000e+00
  0.000000000e+00  0.000000000e+00  0.000000000e+00  0.000000000e+00
  0.000000000e+00  0.000000000e+00  0.000000000e+00  0.000000000e+00
  0.000000000e+00  0.000000000e+00  0.000000000e+00  0.000000000e+00
  0.000000000e+00  0.000000000e+00  0.000000000e+00  0.000000000e+00
  0.000000000e+00  0.000000000e+00  0.000000000e+00  0.000000000e+00
  0.000000000e+00  0.000000000e+00  0.000000000e+00  0.000000000e+00
  0.000000000e+00  0.000000000e+00  0.000000000e+00  0.000000000e+00
  0.000000000e+00  0.000000000e+00  0.000000000e+00  0.000000000e+00
  0.000000000e+00  0.000000000e+00  0.000000000e+00  0.000000000e+00
  0.000000000e+00  0.000000000e+00  0.000000000e+00  0.000000000e+00
  0.000000000e+00  0.000000000e+00  0.000000000e+00  0.000000000e+00
  0.000000000e+00  0.000000000e+00  0.000000000e+00  0.000000000e+00
  0.000000000e+00  0.000000000e+00  0.000000000e+00  0.000000000e+00
  0.000000000e+00  0.000000000e+00  0.000000000e+00  0.000000000e+00
  0.000000000e+00  0.000000000e+00  0.000000000e+00  0.000000000e+00
  0.000000000e+00  0.000000000e+00  0.000000000e+00  0.000000000e+00
  0.000000000e+00  0.000000000e+00  0.000000000e+00  0.000000000e+00
  0.000000000e+00  0.000000000e+00  0.000000000e+00  0.000000000e+00
  0.000000000e+00  0.000000000e+00  0.000000000e+00  0.000000000e+00
  0.000000000e+00  0.000000000e+00  0.000000000e+00  0.000000000e+00
  0.000000000e+00  0.000000000e+00  0.000000000e+00  0.000000000e+00
  0.000000000e+00  0.000000000e+00  0.000000000e+00  0.000000000e+00
  0.000000000e+00  0.000000000e+00  0.000000000e+00  0.000000000e+00
  0.000000000e+00
