@R RHO 101 []
0.000000e+00 1.000000e-02 2.000000e-02 3.000000e-02 4.000000e-02 
5.000000e-02 6.000000e-02 7.000000e-02 8.000000e-02 9.000000e-02 
1.000000e-01 1.100000e-01 1.200000e-01 1.300000e-01 1.400000e-01 
1.500000e-01 1.600000e-01 1.700000e-01 1.800000e-01 1.900000e-01 
2.000000e-01 2.100000e-01 2.200000e-01 2.300000e-01 2.400000e-01 
2.500000e-01 2.600000e-01 2.700000e-01 2.800000e-01 2.900000e-01 
3.000000e-01 3.100000e-01 3.200000e-01 3.300000e-01 3.400000e-01 
3.500000e-01 3.600000e-01 3.700000e-01 3.800000e-01 3.900000e-01 
4.000000e-01 4.100000e-01 4.200000e-01 4.300000e-01 4.400000e-01 
4.500000e-01 4.600000e-01 4.700000e-01 4.800000e-01 4.900000e-01 
5.000000e-01 5.100000e-01 5.200000e-01 5.300000e-01 5.400000e-01 
5.500000e-01 5.600000e-01 5.700000e-01 5.800000e-01 5.900000e-01 
6.000000e-01 6.100000e-01 6.200000e-01 6.300000e-01 6.400000e-01 
6.500000e-01 6.600000e-01 6.700000e-01 6.800000e-01 6.900000e-01 
7.000000e-01 7.100000e-01 7.200000e-01 7.300000e-01 7.400000e-01 
7.500000e-01 7.600000e-01 7.700000e-01 7.800000e-01 7.900000e-01 
8.000000e-01 8.100000e-01 8.200000e-01 8.300000e-01 8.400000e-01 
8.500000e-01 8.600000e-01 8.700000e-01 8.800000e-01 8.900000e-01 
9.000000e-01 9.100000e-01 9.200000e-01 9.300000e-01 9.400000e-01 
9.500000e-01 9.600000e-01 9.700000e-01 9.800000e-01 9.900000e-01 
1.000000e+00 
@R ENE 101 []
3.961538e+01 3.961357e+01 3.960816e+01 3.959914e+01 3.958652e+01 
3.957030e+01 3.955048e+01 3.952707e+01 3.950007e+01 3.946950e+01 
3.943536e+01 3.939767e+01 3.935642e+01 3.931163e+01 3.926332e+01 
3.921150e+01 3.915618e+01 3.909737e+01 3.903510e+01 3.896937e+01 
3.890022e+01 3.882765e+01 3.875168e+01 3.867234e+01 3.858965e+01 
3.850363e+01 3.841430e+01 3.832169e+01 3.822582e+01 3.812671e+01 
3.802440e+01 3.792179e+01 3.782110e+01 3.772132e+01 3.762143e+01 
3.752042e+01 3.741779e+01 3.731259e+01 3.720315e+01 3.708781e+01 
3.696488e+01 3.683163e+01 3.668464e+01 3.652125e+01 3.633879e+01 
3.613459e+01 3.590709e+01 3.565648e+01 3.538270e+01 3.508570e+01 
3.476541e+01 3.442230e+01 3.405811e+01 3.367467e+01 3.327380e+01 
3.285734e+01 3.242790e+01 3.198803e+01 3.153954e+01 3.108419e+01 
3.062376e+01 3.015997e+01 2.969380e+01 2.922596e+01 2.875716e+01 
2.828812e+01 2.781949e+01 2.735144e+01 2.688390e+01 2.641682e+01 
2.595012e+01 2.548349e+01 2.501652e+01 2.454905e+01 2.408093e+01 
2.361197e+01 2.314186e+01 2.267054e+01 2.219832e+01 2.172550e+01 
2.125236e+01 2.078139e+01 2.031254e+01 1.984233e+01 1.936730e+01 
1.888397e+01 1.836352e+01 1.779357e+01 1.719534e+01 1.659004e+01 
1.599888e+01 1.581291e+01 1.560459e+01 1.534857e+01 1.499458e+01 
1.445394e+01 1.360891e+01 1.240519e+01 1.101627e+01 9.804787e+00 
8.995343e+00 
@R TE 101 []
2.090159e+01 2.089580e+01 2.087842e+01 2.084949e+01 2.080906e+01 
2.075718e+01 2.069396e+01 2.061949e+01 2.053390e+01 2.043732e+01 
2.032992e+01 2.021187e+01 2.008336e+01 1.994460e+01 1.979582e+01 
1.963726e+01 1.946916e+01 1.929181e+01 1.910546e+01 1.891043e+01 
1.870701e+01 1.849551e+01 1.827627e+01 1.804961e+01 1.781588e+01 
1.757542e+01 1.732860e+01 1.707577e+01 1.681730e+01 1.655355e+01 
1.628491e+01 1.601420e+01 1.574394e+01 1.547407e+01 1.520450e+01 
1.493518e+01 1.466578e+01 1.439607e+01 1.412610e+01 1.385593e+01 
1.358560e+01 1.331543e+01 1.304601e+01 1.277778e+01 1.251120e+01 
1.224670e+01 1.198478e+01 1.172589e+01 1.147047e+01 1.121890e+01 
1.097162e+01 1.072898e+01 1.049121e+01 1.025848e+01 1.003099e+01 
9.808890e+00 9.592319e+00 9.381259e+00 9.175692e+00 8.975601e+00 
8.780967e+00 8.591736e+00 8.407769e+00 8.228918e+00 8.055037e+00 
7.885981e+00 7.721583e+00 7.561634e+00 7.405917e+00 7.254217e+00 
7.106321e+00 6.962002e+00 6.821032e+00 6.683189e+00 6.548251e+00 
6.415997e+00 6.286223e+00 6.158731e+00 6.033301e+00 5.909716e+00 
5.787758e+00 5.667328e+00 5.548281e+00 5.430336e+00 5.313210e+00 
5.196621e+00 5.079686e+00 4.961943e+00 4.843736e+00 4.725414e+00 
4.607324e+00 4.492640e+00 4.372549e+00 4.233518e+00 4.044663e+00 
3.741993e+00 3.221570e+00 2.406971e+00 1.426273e+00 5.996588e-01 
9.664111e-02 
@R TI 101 []
2.551148e+01 2.550087e+01 2.546908e+01 2.541618e+01 2.534230e+01 
2.524764e+01 2.513241e+01 2.499691e+01 2.484147e+01 2.466648e+01 
2.447236e+01 2.425958e+01 2.402865e+01 2.378014e+01 2.351464e+01 
2.323277e+01 2.293519e+01 2.262261e+01 2.229573e+01 2.195531e+01 
2.160211e+01 2.123692e+01 2.086055e+01 2.047382e+01 2.007755e+01 
1.967258e+01 1.925976e+01 1.883992e+01 1.841392e+01 1.798258e+01 
1.754675e+01 1.711519e+01 1.669558e+01 1.628711e+01 1.588897e+01 
1.550035e+01 1.512069e+01 1.474941e+01 1.438563e+01 1.402847e+01 
1.367705e+01 1.332951e+01 1.298491e+01 1.264379e+01 1.230673e+01 
1.197425e+01 1.164819e+01 1.133069e+01 1.102282e+01 1.072565e+01 
1.044025e+01 1.016766e+01 9.907948e+00 9.660681e+00 9.425435e+00 
9.201786e+00 8.989032e+00 8.786370e+00 8.593224e+00 8.409016e+00 
8.233170e+00 8.065131e+00 7.904405e+00 7.750507e+00 7.602952e+00 
7.461254e+00 7.325027e+00 7.193820e+00 7.067053e+00 6.944145e+00 
6.824518e+00 6.707408e+00 6.592203e+00 6.478552e+00 6.366103e+00 
6.254501e+00 6.143486e+00 6.032998e+00 5.922992e+00 5.813424e+00 
5.704247e+00 5.595634e+00 5.487661e+00 5.380137e+00 5.272871e+00 
5.165674e+00 5.057149e+00 4.946605e+00 4.834907e+00 4.722921e+00 
4.611512e+00 4.495427e+00 4.374086e+00 4.234044e+00 4.044561e+00 
3.741797e+00 3.221728e+00 2.407294e+00 1.426164e+00 5.993649e-01 
9.685720e-02 
@R FP 102 []
-1.499456e-12 -1.499456e-12 1.101172e-02 3.303245e-02 6.605560e-02 
1.100688e-01 1.650567e-01 2.310008e-01 3.078795e-01 3.956677e-01 
4.943343e-01 6.038442e-01 7.241629e-01 8.552467e-01 9.970580e-01 
1.149540e+00 1.312672e+00 1.486393e+00 1.670632e+00 1.865311e+00 
2.070352e+00 2.285739e+00 2.511346e+00 2.747097e+00 2.992947e+00 
3.248814e+00 3.514594e+00 3.790186e+00 4.075511e+00 4.370474e+00 
4.674978e+00 4.988920e+00 5.312194e+00 5.644691e+00 5.986295e+00 
6.336886e+00 6.696340e+00 7.064552e+00 7.441404e+00 7.826754e+00 
8.220438e+00 8.622339e+00 9.032358e+00 9.450289e+00 9.875998e+00 
1.030938e+01 1.075021e+01 1.119838e+01 1.165370e+01 1.211602e+01 
1.258516e+01 1.306095e+01 1.354321e+01 1.403175e+01 1.452642e+01 
1.502697e+01 1.553328e+01 1.604510e+01 1.656223e+01 1.708451e+01 
1.761169e+01 1.814356e+01 1.867994e+01 1.922059e+01 1.976525e+01 
2.031375e+01 2.086585e+01 2.142130e+01 2.197984e+01 2.254125e+01 
2.310532e+01 2.367177e+01 2.424032e+01 2.481073e+01 2.538275e+01 
2.595612e+01 2.653057e+01 2.710582e+01 2.768157e+01 2.825757e+01 
2.883352e+01 2.940916e+01 2.998418e+01 3.055826e+01 3.113111e+01 
3.170243e+01 3.227191e+01 3.283924e+01 3.340407e+01 3.396606e+01 
3.452489e+01 3.508025e+01 3.563179e+01 3.617910e+01 3.672182e+01 
3.725956e+01 3.779187e+01 3.831834e+01 3.883859e+01 3.935213e+01 
3.985856e+01 4.010807e+01 
@R CURPAR 102 []
3.661055e+00 3.661055e+00 3.661055e+00 3.659831e+00 3.657823e+00 
3.655058e+00 3.651581e+00 3.647406e+00 3.642533e+00 3.636965e+00 
3.630701e+00 3.623741e+00 3.616085e+00 3.607733e+00 3.598684e+00 
3.588940e+00 3.578500e+00 3.567364e+00 3.555531e+00 3.543003e+00 
3.529779e+00 3.515859e+00 3.501242e+00 3.485930e+00 3.469922e+00 
3.453217e+00 3.435817e+00 3.417720e+00 3.398928e+00 3.379440e+00 
3.359255e+00 3.338375e+00 3.316798e+00 3.294526e+00 3.271557e+00 
3.247893e+00 3.223532e+00 3.198475e+00 3.172723e+00 3.146274e+00 
3.119130e+00 3.091289e+00 3.062752e+00 3.033520e+00 3.003591e+00 
2.972966e+00 2.941646e+00 2.909629e+00 2.876916e+00 2.843508e+00 
2.809403e+00 2.774602e+00 2.739105e+00 2.702912e+00 2.666024e+00 
2.628439e+00 2.590158e+00 2.551181e+00 2.511508e+00 2.471139e+00 
2.430074e+00 2.388313e+00 2.345856e+00 2.302703e+00 2.258854e+00 
2.214309e+00 2.169068e+00 2.123131e+00 2.076498e+00 2.029169e+00 
1.981144e+00 1.932423e+00 1.883006e+00 1.832893e+00 1.782084e+00 
1.730579e+00 1.678377e+00 1.625480e+00 1.571887e+00 1.517598e+00 
1.462613e+00 1.406931e+00 1.350554e+00 1.293481e+00 1.235712e+00 
1.177246e+00 1.118085e+00 1.058228e+00 9.976742e-01 9.364249e-01 
8.744795e-01 8.118381e-01 7.485007e-01 6.844672e-01 6.197378e-01 
5.543293e-01 4.884457e-01 4.231915e-01 3.615173e-01 3.095452e-01 
2.781627e-01 2.781627e-01 
