&IN1
  ICONVR = 3 
  MXITER = -1 
  NXITER = 51 
  ERROR = 0.0001 
  RELAX = 0.5 
  IOUT = 4 
  ICURRT = 2 
  KPPFNC = 6 
  KPPCUR = 3 
  KFFFNC = 6 
  KFFCUR = 3 
  ISHOT = 1 
  ITIME = 2 
  ITIMEU = 0 
  ITEK = 0 
  ITRACE = 1 
  PLASMA = 10000000.0 
  BTOR = 11.0 
  RCENTR = 4.55 
  RZERO = 4.55 
  LIMITR = 5 
  XLIM = 6.0 3.5 3.5 6.0 6.0 
  YLIM = 1.93 1.93 -1.93 -1.93 1.93 
  NBDRY = 15 
  RBDRY = 5.75 5.717889612279765 5.599231274196216 5.333894952548324  
    4.862048988436734 4.215741544340384 3.606248672667517  
    3.3499999999999996 3.606248672667517 4.215741544340384  
    4.862048988436735 5.333894952548324 5.599231274196216  
    5.717889612279765 5.75 
  ZBDRY = 0.0 0.7289246817174976 1.3134768905462901 1.6378788924654637  
    1.6378788924654637 1.3134768905462901 0.7289246817174978  
    2.0574066225675533e-16 -0.7289246817174975 -1.31347689054629  
    -1.6378788924654637 -1.6378788924654637 -1.3134768905462901  
    -0.728924681717498 0.0 
  IERCHK = 0 
  NEXTRA = 0 
  SCRAPE = 0.01 
  PSIBRY = 0.0 
  CFCOIL = -10.0 
  ENP = 1.0 
  EMP = 1.0 
  FCURBD = 0 
  PCURBD = 0 
  FCZERO = 1.0 1.0 1.0 1.0 1.0 1.0 1.0 1.0 1.0 1.0 1.0 1.0 1.0 1.0 1.0  
    1.0 
  FCSUM = 1.0 1.0 1.0 1.0 1.0 1.0 1.0 1.0 1.0 1.0 1.0 1.0 1.0 1.0 1.0  
    1.0 
  IFREF = 2 
  PRBDRY = 7024.193052262401 
  KBETAPR = 1 
  FWTBDRY = 1.0 1.0 1.0 1.0 1.0 1.0 1.0 1.0 1.0 1.0 1.0 1.0 1.0 1.0 1.0 
  FWTBDRY(2) = 10.0 
  FWTBDRY(3) = 10.0 
  FWTBDRY(4) = 10.0 
  FWTBDRY(5) = 10.0 
  FWTBDRY(9) = 10.0 
  FWTBDRY(10) = 10.0 
  FWTBDRY(11) = 10.0 
  FWTBDRY(12) = 10.0 
/

&PROFILE_EXT
  NPSI_EXT = 257 
  PSIN_EXT = 0.0 0.00390625 0.0078125 0.01171875 0.015625 0.01953125  
    0.0234375 0.02734375 0.03125 0.03515625 0.0390625 0.04296875  
    0.046875 0.05078125 0.0546875 0.05859375 0.0625 0.06640625  
    0.0703125 0.07421875 0.078125 0.08203125 0.0859375 0.08984375  
    0.09375 0.09765625 0.1015625 0.10546875 0.109375 0.11328125  
    0.1171875 0.12109375 0.125 0.12890625 0.1328125 0.13671875 0.140625  
    0.14453125 0.1484375 0.15234375 0.15625 0.16015625 0.1640625  
    0.16796875 0.171875 0.17578125 0.1796875 0.18359375 0.1875  
    0.19140625 0.1953125 0.19921875 0.203125 0.20703125 0.2109375  
    0.21484375 0.21875 0.22265625 0.2265625 0.23046875 0.234375  
    0.23828125 0.2421875 0.24609375 0.25 0.25390625 0.2578125  
    0.26171875 0.265625 0.26953125 0.2734375 0.27734375 0.28125  
    0.28515625 0.2890625 0.29296875 0.296875 0.30078125 0.3046875  
    0.30859375 0.3125 0.31640625 0.3203125 0.32421875 0.328125  
    0.33203125 0.3359375 0.33984375 0.34375 0.34765625 0.3515625  
    0.35546875 0.359375 0.36328125 0.3671875 0.37109375 0.375  
    0.37890625 0.3828125 0.38671875 0.390625 0.39453125 0.3984375  
    0.40234375 0.40625 0.41015625 0.4140625 0.41796875 0.421875  
    0.42578125 0.4296875 0.43359375 0.4375 0.44140625 0.4453125  
    0.44921875 0.453125 0.45703125 0.4609375 0.46484375 0.46875  
    0.47265625 0.4765625 0.48046875 0.484375 0.48828125 0.4921875  
    0.49609375 0.5 0.50390625 0.5078125 0.51171875 0.515625 0.51953125  
    0.5234375 0.52734375 0.53125 0.53515625 0.5390625 0.54296875  
    0.546875 0.55078125 0.5546875 0.55859375 0.5625 0.56640625  
    0.5703125 0.57421875 0.578125 0.58203125 0.5859375 0.58984375  
    0.59375 0.59765625 0.6015625 0.60546875 0.609375 0.61328125  
    0.6171875 0.62109375 0.625 0.62890625 0.6328125 0.63671875 0.640625  
    0.64453125 0.6484375 0.65234375 0.65625 0.66015625 0.6640625  
    0.66796875 0.671875 0.67578125 0.6796875 0.68359375 0.6875  
    0.69140625 0.6953125 0.69921875 0.703125 0.70703125 0.7109375  
    0.71484375 0.71875 0.72265625 0.7265625 0.73046875 0.734375  
    0.73828125 0.7421875 0.74609375 0.75 0.75390625 0.7578125  
    0.76171875 0.765625 0.76953125 0.7734375 0.77734375 0.78125  
    0.78515625 0.7890625 0.79296875 0.796875 0.80078125 0.8046875  
    0.80859375 0.8125 0.81640625 0.8203125 0.82421875 0.828125  
    0.83203125 0.8359375 0.83984375 0.84375 0.84765625 0.8515625  
    0.85546875 0.859375 0.86328125 0.8671875 0.87109375 0.875  
    0.87890625 0.8828125 0.88671875 0.890625 0.89453125 0.8984375  
    0.90234375 0.90625 0.91015625 0.9140625 0.91796875 0.921875  
    0.92578125 0.9296875 0.93359375 0.9375 0.94140625 0.9453125  
    0.94921875 0.953125 0.95703125 0.9609375 0.96484375 0.96875  
    0.97265625 0.9765625 0.98046875 0.984375 0.98828125 0.9921875  
    0.99609375 1.0 
  PPRIME_EXT = 690413.58700648 681531.4046444104 672761.7137936641  
    664104.5144542415 655559.8066261422 647127.5903093665  
    638807.8655039142 630600.6322097855 622505.8904269801  
    614523.6401554983 606653.88139534 598896.6141465052  
    591251.8384089938 583719.5541828059 576299.7614679416  
    568992.4602644006 561797.6505721832 554715.3323912893  
    547745.5057217188 540888.1705634719 534143.3269165484  
    527510.9747809484 520991.1141566718 514583.7450437187  
    508288.8674420892 502106.48135178315 495850.7930498606  
    489513.9053185857 483418.8033397995 477532.0842288201  
    471837.60135126975 466331.2580660867 460985.83310492174  
    455794.91813170124 450763.34961008804 445867.2984257557  
    441086.0688457102 436432.16115593433 431901.53948266397  
    427464.7736723281 423133.22696153517 418910.4779905474  
    414756.22451449226 410700.0608256776 406732.26006409415  
    402821.59886064916 399012.14646719815 395255.11761312647  
    391571.23407983035 387957.5667741534 384393.16246718145  
    380904.15186134574 377456.3290048166 374077.5134611967  
    370740.0564408377 367461.92671319784 364226.9491299394  
    361042.20953828446 357902.35021563014 354804.22453281144  
    351753.49011472764 348735.5657303297 345768.8185820299  
    342825.6621270175 339937.23479331733 337065.8682795339  
    334247.8491701239 331449.29876548983 328690.4298191031  
    325969.085733796 323258.82135751634 320611.97354849917  
    317956.12775238557 315357.8818111107 312778.193408189  
    310212.21213791927 307705.07180697715 305185.1652863533  
    302720.1483254164 300275.4445970431 297829.5759433235  
    295448.6830698745 293057.44921457116 290690.2902598529  
    288375.6317878701 286042.7263227238 283752.88139312767  
    281498.8392539182 279223.72429301275 276997.00141031697  
    274797.71964019595 272582.09478244383 270416.0289711937  
    268274.3620599235 266113.46257322177 263995.62795491744  
    261907.69754991183 259802.44439950265 257732.35899770196  
    255698.77646912768 253647.19034345483 251613.80365213953  
    249626.98141083063 247636.09444099304 245642.94362488674  
    243692.410008257 241756.72059616353 239808.56630683455  
    237889.89431803068 236004.52395197062 234108.990638173  
    232216.92212269918 230365.09728223007 228528.9414658111  
    226678.89362416783 224845.80837852645 223050.02670890314  
    221258.54571543535 219457.43263047512 217679.68048788176  
    215933.1727996547 214186.1413204933 212433.91553376667  
    210706.29843266128 209005.5892467124 207303.67917205696  
    205598.36518929026 203916.01386808342 202259.17580609946  
    200602.7820556519 198942.2759683577 197301.25460195797  
    195686.50073565717 194075.53018203302 192458.7649467592  
    190856.43473358738 189281.25953336526 187714.75344207103  
    186142.05805385072 184577.58765940185 183038.68594066123  
    181514.15006947477 179986.73808888142 178462.02116171143  
    176956.2932722031 175469.28758411534 173987.73777074026  
    172507.4409709761 171034.30657521466 169579.44685394655  
    168141.81166552324 166708.20770051493 165273.8062489223  
    163851.15598612602 162451.26332730774 161062.88845724554  
    159674.60250734643 158291.57261038432 156925.07462706103  
    155576.62420694975 154238.1594767807 152905.24838539958  
    151577.8980257458 150265.7585551762 148975.49525326298  
    147697.1282021958 146423.3655503185 145158.92591001262  
    143913.62529583508 142689.43832443957 141480.04400071435  
    140281.43593997898 139093.8510673322 137926.93227798995  
    136787.61226551118 135667.58897166178 134563.0778749025  
    133478.76869140565 132418.11800536764 131387.83748878888  
    130390.6124324928 129420.98095799045 128474.74074127967  
    127562.1458933916 126697.1093319491 125875.78164161525  
    125092.66856175839 124356.06465333168 123671.77076052755  
    123044.08830015433 122482.84509039647 121993.24793060188  
    121576.46702472601 121232.23212706408 120974.51518609413  
    120825.38238419002 120788.17742640611 120855.25033073417  
    121043.9895871593 121380.35057412024 121870.41498233611  
    122517.80528625243 123349.75678159136 124388.15425320959  
    125625.38726868544 127082.94725594879 128810.85095204524  
    130822.8183808177 133106.31369256583 135692.90793321218  
    138629.31158073622 141932.03372856264 145603.643041362  
    149671.0046172485 154164.66278733168 159089.42176081153  
    164453.63445546292 170270.98827011773 176544.3828588358  
    183274.55958383798 190431.75426856737 197956.53660055762  
    205832.96939657454 214078.43962600152 222558.19634504354  
    231087.73350762433 239639.51939744296 248223.77311337148  
    256561.55698057706 264365.761205529 271652.5281689741  
    278326.64736307645 284024.06241199526 288532.7753754591  
    291890.660224461 293927.39575746475 294372.13526068965  
    293163.5658540051 290319.9802185076 285915.17372093175  
    280034.6170136512 272663.0088313421 263833.8505143481  
    253672.1508755295 242264.88452429685 229460.2484064628  
    216058.36217317617 203402.86266743744 191842.58106378504  
    181140.4367596571 168583.0516238716 151792.2024275892  
    130812.36044359108 105509.80626032353 75783.04801338942  
    41494.83914452024 2645.179653480649 
  FFPRIM_EXT = 0.9282289757338315 0.909283163557486 0.9740349224869224  
    1.0723712824515168 1.1869120081070093 1.3107543287126409  
    1.4403077779746152 1.5734165448434345 1.708656886452281  
    1.8450555401422797 1.981876280544713 2.118570046458372  
    2.254712739175172 2.389964970331692 2.524053473586198  
    2.656750089361017 2.787866471039231 2.9172437754251743  
    3.0447461785465184 3.1702555515365143 3.2936713849208186  
    3.4149053886260834 3.5338780267415224 3.6505227529563866  
    3.764776519824647 3.8765810429141094 3.9911156828393484  
    4.1085602719459855 4.219778882679115 4.325688102173723  
    4.426723230777255 4.522967290689674 4.615156669929007  
    4.703449525130988 4.78768849803476 4.868520187295299  
    4.946506741886217 5.0212804354145515 5.092937641032977  
    5.162287571120134 5.228996713939285 5.292949446865172  
    5.355264213170969 5.415100784634363 5.472716680378154  
    5.528977618407659 5.582638408302697 5.635052024211223  
    5.685633019255945 5.734450398128985 5.7820863336906285  
    5.8277990068416665 5.872537284141895 5.915516734581981  
    5.957500904030333 5.997983882928047 6.037407205419534  
    6.075570719563463 6.112613588895385 6.148621684281945  
    6.183427498932896 6.217436084175102 6.2501284035965385  
    6.282268495411466 6.312983629078222 6.343316313385771  
    6.372256427147672 6.4007360643213325 6.4281954858502335  
    6.454683735654793 6.480939162650266 6.505498840023597  
    6.530370018076441 6.553704018691409 6.576574592888456  
    6.599119203073517 6.6200767265764195 6.6414299797474605  
    6.661303755984733 6.680648303405561 6.700063800835199  
    6.717711565417812 6.735669337953592 6.752987396372127  
    6.768870117948362 6.7852734612400365 6.800505211886396  
    6.814756186849809 6.829598331138666 6.843112878944659  
    6.855869371245529 6.869077182344226 6.880916531053604  
    6.892074424016961 6.903756727123632 6.914244469980678  
    6.923890294402913 6.933996441268837 6.94311914893872  
    6.95121357567467 6.959778464347735 6.967819323207184  
    6.974548958147769 6.981356813000632 6.988197510142941  
    6.993832385231134 6.999015698379356 7.004500118100506  
    7.009136009371476 7.012810264796695 7.016711880074324  
    7.020469467630283 7.0230711413057705 7.025184723033899  
    7.0276211968180435 7.029536251405098 7.030366413079136  
    7.031009359334599 7.031847415412296 7.03197789945511  
    7.031179921659534 7.030319196617506 7.029525163127337  
    7.027980301262028 7.0256135857020166 7.023191457703077  
    7.020776739377446 7.017647285574194 7.013725532754322  
    7.0096926261417885 7.005674385006779 7.001026689089922  
    6.995558604182956 6.989877776429452 6.984245040931186  
    6.9781088511571845 6.971117475890477 6.963769722893911  
    6.956469783917605 6.9488248602922 6.9403573034230615  
    6.931365902064681 6.92231815514312 6.913063147879402  
    6.903155850287147 6.892596245893884 6.881739407152423  
    6.870697898351008 6.859310235998478 6.847273451791368  
    6.83461114010646 6.821673742288854 6.808589181273117  
    6.795017368588061 6.780657411505082 6.765804848712255  
    6.7507653865419215 6.73539887518052 6.719398292334931  
    6.702714878354963 6.685559910721651 6.668050899112223  
    6.650186158757579 6.631701659356264 6.612409459416375  
    6.5925724507853385 6.572384866698725 6.55171723379155  
    6.53030014036332 6.508072476834467 6.485197901849345  
    6.461779839715979 6.437808612726045 6.4130216576298515  
    6.387225527716376 6.360634676165944 6.3333460259155885  
    6.305229408733005 6.276186707234857 6.246030695873314  
    6.214681127501997 6.1822778329622405 6.148929114188951  
    6.114355354539304 6.078175442388327 6.040484295061815  
    6.0014228530377896 5.960761613944463 5.91833842229193  
    5.87403402199471 5.8275785271333795 5.778820473103715  
    5.7277213737755766 5.674283421282883 5.618127777506036  
    5.558657094934408 5.495772379846856 5.429669711522789  
    5.35987891980316 5.285701710745071 5.206967745743413  
    5.123571843785312 5.0347796796708835 4.939999100799179  
    4.8394265191246975 4.732484269287218 4.617831853266104  
    4.4950928056428685 4.364592989558929 4.225483163647952  
    4.076510357519082 3.917228391243995 3.74755757638171  
    3.566764338127829 3.374019799444528 3.1691791473551647  
    2.952000267303041 2.72209427566703 2.479351108900679  
    2.223708786674731 1.9559142846541566 1.6774982419149902  
    1.388824286049161 1.0893455677921722 0.7825401129114631  
    0.4731934866647196 0.16191525201798454 -0.1517040088959419  
    -0.46045157790606384 -0.7569315682920632 -1.041773630681477  
    -1.3126775968600461 -1.5602854154743837 -1.7793140103576413  
    -1.9711019753861327 -2.1315064669438906 -2.2537966882291736  
    -2.3368020622165853 -2.3814865278768744 -2.390366231431779  
    -2.366438539682834 -2.3101565455123714 -2.223118133813194  
    -2.108760581053061 -1.9688613684755514 -1.7983312478594788  
    -1.6170557988497607 -1.459142268654713 -1.3327648649308146  
    -1.2312762364196002 -1.0816945959753204 -0.8167896890245343  
    -0.42993373536975754 0.08371919526570581 0.7460781403800738  
    1.5695647468620106 2.5541790146949097 
/

