 # generated by zfastran.py Ver+Oct2009
@R INFLAG 1 []
  1.000000000e+00
@R TIME0 1 [s]
  0.000000000e+00
@R IP 1 []
  9.999999995e+00
@R BCENTR 1 []
  1.100000000e+01
@R RMAJOR 1 []
  4.550000000e+00
@R AMINOR 1 []
  1.109155332e+00
@R ELONGB 1 []
  1.350172326e+00
@R TRIANB 1 []
 -3.220954056e-01
@R RHO 101 []
  0.000000000e+00  1.000000000e-02  2.000000000e-02  3.000000000e-02
  4.000000000e-02  5.000000000e-02  6.000000000e-02  7.000000000e-02
  8.000000000e-02  9.000000000e-02  1.000000000e-01  1.100000000e-01
  1.200000000e-01  1.300000000e-01  1.400000000e-01  1.500000000e-01
  1.600000000e-01  1.700000000e-01  1.800000000e-01  1.900000000e-01
  2.000000000e-01  2.100000000e-01  2.200000000e-01  2.300000000e-01
  2.400000000e-01  2.500000000e-01  2.600000000e-01  2.700000000e-01
  2.800000000e-01  2.900000000e-01  3.000000000e-01  3.100000000e-01
  3.200000000e-01  3.300000000e-01  3.400000000e-01  3.500000000e-01
  3.600000000e-01  3.700000000e-01  3.800000000e-01  3.900000000e-01
  4.000000000e-01  4.100000000e-01  4.200000000e-01  4.300000000e-01
  4.400000000e-01  4.500000000e-01  4.600000000e-01  4.700000000e-01
  4.800000000e-01  4.900000000e-01  5.000000000e-01  5.100000000e-01
  5.200000000e-01  5.300000000e-01  5.400000000e-01  5.500000000e-01
  5.600000000e-01  5.700000000e-01  5.800000000e-01  5.900000000e-01
  6.000000000e-01  6.100000000e-01  6.200000000e-01  6.300000000e-01
  6.400000000e-01  6.500000000e-01  6.600000000e-01  6.700000000e-01
  6.800000000e-01  6.900000000e-01  7.000000000e-01  7.100000000e-01
  7.200000000e-01  7.300000000e-01  7.400000000e-01  7.500000000e-01
  7.600000000e-01  7.700000000e-01  7.800000000e-01  7.900000000e-01
  8.000000000e-01  8.100000000e-01  8.200000000e-01  8.300000000e-01
  8.400000000e-01  8.500000000e-01  8.600000000e-01  8.700000000e-01
  8.800000000e-01  8.900000000e-01  9.000000000e-01  9.100000000e-01
  9.200000000e-01  9.300000000e-01  9.400000000e-01  9.500000000e-01
  9.600000000e-01  9.700000000e-01  9.800000000e-01  9.900000000e-01
  1.000000000e+00
@R AMAIN 1 []
  2.500000000e+00
@R ZMAIN 1 []
  1.000000000e+00
@I NIMP 1 []
                3
@R AIMP 3 []
  1.820000000e+02  8.300000000e+01  3.000000000e+00
@R ZIMP 3 []
  7.400000000e+01  3.600000000e+01  2.000000000e+00
@R FIMP 3 []
  1.500000000e-05  6.000000000e-04  2.000000000e-02
@R ENE 101 []
  2.735396402e+01  2.735396402e+01  2.734960125e+01  2.734233150e+01
  2.733215710e+01  2.731908129e+01  2.730310825e+01  2.728424305e+01
  2.726249172e+01  2.723786116e+01  2.721035923e+01  2.717999466e+01
  2.714677711e+01  2.711071711e+01  2.707182612e+01  2.703011645e+01
  2.698560132e+01  2.693829479e+01  2.688821182e+01  2.683536821e+01
  2.677978061e+01  2.672146651e+01  2.666044424e+01  2.659673295e+01
  2.653035259e+01  2.646132393e+01  2.638966851e+01  2.631540867e+01
  2.623856751e+01  2.615916888e+01  2.607723738e+01  2.599584967e+01
  2.591753512e+01  2.584149790e+01  2.576694221e+01  2.569307224e+01
  2.561976625e+01  2.554677941e+01  2.547313128e+01  2.539784144e+01
  2.531992945e+01  2.523810682e+01  2.515248254e+01  2.506417243e+01
  2.497429229e+01  2.488395792e+01  2.479531016e+01  2.470841826e+01
  2.462129064e+01  2.453193569e+01  2.443836184e+01  2.433761567e+01
  2.422650906e+01  2.410269836e+01  2.396383989e+01  2.380758999e+01
  2.363494686e+01  2.344959011e+01  2.325319816e+01  2.304744942e+01
  2.283402230e+01  2.261368664e+01  2.238682254e+01  2.215452377e+01
  2.191788412e+01  2.167799735e+01  2.143640196e+01  2.119430984e+01
  2.095232488e+01  2.071105098e+01  2.047109204e+01  2.023258562e+01
  1.999534440e+01  1.975948494e+01  1.952512382e+01  1.929237763e+01
  1.906144640e+01  1.883236470e+01  1.860500094e+01  1.837922353e+01
  1.815490086e+01  1.793115460e+01  1.770775212e+01  1.748553036e+01
  1.726532628e+01  1.704797683e+01  1.684012874e+01  1.664440629e+01
  1.645561279e+01  1.626855153e+01  1.607802579e+01  1.555000966e+01
  1.492370827e+01  1.419496073e+01  1.337591394e+01  1.249950792e+01
  1.161672767e+01  1.078499543e+01  1.005242721e+01  9.446403437e+00
  8.971580148e+00
@R TE 101 []
  2.075612699e+01  2.075612699e+01  2.073609025e+01  2.070273867e+01
  2.065613654e+01  2.059637364e+01  2.052356485e+01  2.043784985e+01
  2.033939267e+01  2.022838113e+01  2.010502626e+01  1.996956166e+01
  1.982224271e+01  1.966334581e+01  1.949316752e+01  1.931202358e+01
  1.912024802e+01  1.891819205e+01  1.870622306e+01  1.848472346e+01
  1.825408956e+01  1.801473037e+01  1.776706642e+01  1.751152852e+01
  1.724855650e+01  1.697859801e+01  1.670210719e+01  1.641954345e+01
  1.613137020e+01  1.583805363e+01  1.554006140e+01  1.524128874e+01
  1.494557454e+01  1.465330242e+01  1.436485598e+01  1.408061884e+01
  1.380133120e+01  1.352731712e+01  1.325833596e+01  1.299414709e+01
  1.273450986e+01  1.247843466e+01  1.222523375e+01  1.197511932e+01
  1.172830353e+01  1.148499856e+01  1.124639886e+01  1.101351828e+01
  1.078629808e+01  1.056467956e+01  1.034860399e+01  1.013720590e+01
  9.929680036e+00  9.726058029e+00  9.526371500e+00  9.330652073e+00
  9.139568900e+00  8.953811327e+00  8.773441272e+00  8.598520652e+00
  8.429111385e+00  8.264982255e+00  8.105815515e+00  7.951543278e+00
  7.802097657e+00  7.657410768e+00  7.517599459e+00  7.382657098e+00
  7.252330574e+00  7.126366776e+00  7.004512594e+00  6.886378547e+00
  6.771560102e+00  6.659781572e+00  6.550767271e+00  6.444241510e+00
  6.339991933e+00  6.237833319e+00  6.137530688e+00  6.038849061e+00
  5.941553457e+00  5.845328497e+00  5.749904850e+00  5.655116614e+00
  5.560797887e+00  5.466782767e+00  5.373088561e+00  5.279743440e+00
  5.186597797e+00  5.093502023e+00  5.000306510e+00  4.667401808e+00
  4.263378837e+00  3.773489598e+00  3.196928301e+00  2.557196745e+00
  1.903611773e+00  1.296779938e+00  7.849530031e-01  3.886620175e-01
  1.022745834e-01
@R TI 101 []
  2.777436709e+01  2.777436709e+01  2.773263046e+01  2.766320872e+01
  2.756631015e+01  2.744222485e+01  2.729132330e+01  2.711405456e+01
  2.691094400e+01  2.668259075e+01  2.642966469e+01  2.615290324e+01
  2.585310776e+01  2.553113967e+01  2.518791633e+01  2.482440672e+01
  2.444162687e+01  2.404063514e+01  2.362252733e+01  2.318843179e+01
  2.273950428e+01  2.227692295e+01  2.180188317e+01  2.131559249e+01
  2.081926559e+01  2.031411925e+01  1.980136756e+01  1.928221712e+01
  1.875786248e+01  1.822948175e+01  1.769823234e+01  1.717504217e+01
  1.667030980e+01  1.618438074e+01  1.571760051e+01  1.527031460e+01
  1.484295870e+01  1.443480615e+01  1.404445900e+01  1.367051924e+01
  1.331158891e+01  1.296509882e+01  1.262946719e+01  1.230477720e+01
  1.199111198e+01  1.168855471e+01  1.139854792e+01  1.112192984e+01
  1.085787718e+01  1.060556661e+01  1.036417485e+01  1.013206542e+01
  9.908064804e+00  9.692044126e+00  9.483874503e+00  9.283427051e+00
  9.091356814e+00  8.907993092e+00  8.732718395e+00  8.564915230e+00
  8.403966105e+00  8.248778999e+00  8.098461350e+00  7.952694857e+00
  7.811161217e+00  7.673542127e+00  7.539861447e+00  7.410198355e+00
  7.284317533e+00  7.161983661e+00  7.042961420e+00  6.926887650e+00
  6.813405125e+00  6.702287427e+00  6.593308137e+00  6.486240837e+00
  6.380948355e+00  6.277311729e+00  6.175131855e+00  6.074209630e+00
  5.974345951e+00  5.875241246e+00  5.776656694e+00  5.678484317e+00
  5.580616134e+00  5.482944167e+00  5.385723950e+00  5.289109833e+00
  5.192842059e+00  5.096660870e+00  5.000306510e+00  4.667401808e+00
  4.263378837e+00  3.773489598e+00  3.196928301e+00  2.557196745e+00
  1.903611773e+00  1.296779938e+00  7.849530031e-01  3.886620175e-01
  1.022745834e-01
@R ZEFF 101 []
  2.113973890e+00  2.113973890e+00  2.113879552e+00  2.113750687e+00
  2.113610551e+00  2.113482735e+00  2.113375789e+00  2.113235995e+00
  2.112992247e+00  2.112569975e+00  2.111888613e+00  2.110791127e+00
  2.109204911e+00  2.107166391e+00  2.104712556e+00  2.101886557e+00
  2.098751468e+00  2.095346137e+00  2.091691935e+00  2.087820848e+00
  2.083777822e+00  2.079622152e+00  2.075370013e+00  2.071013659e+00
  2.066546562e+00  2.061963352e+00  2.057207752e+00  2.052235731e+00
  2.047061825e+00  2.041701469e+00  2.036170954e+00  2.030569882e+00
  2.024992346e+00  2.019449105e+00  2.013953580e+00  2.008521573e+00
  2.003182566e+00  1.997957006e+00  1.992847013e+00  1.987852506e+00
  1.982971322e+00  1.978181290e+00  1.973476090e+00  1.968875120e+00
  1.964396613e+00  1.960057443e+00  1.955895968e+00  1.951933325e+00
  1.948158909e+00  1.944561550e+00  1.941129662e+00  1.937838318e+00
  1.934668541e+00  1.931617437e+00  1.928682075e+00  1.925859466e+00
  1.923161105e+00  1.920598321e+00  1.918167096e+00  1.915862616e+00
  1.913679461e+00  1.911605546e+00  1.909631165e+00  1.907753811e+00
  1.905970624e+00  1.904278465e+00  1.902678231e+00  1.901169852e+00
  1.899748589e+00  1.898409753e+00  1.897148742e+00  1.895959259e+00
  1.894835096e+00  1.893772036e+00  1.892766085e+00  1.891813480e+00
  1.890911426e+00  1.890057304e+00  1.889247961e+00  1.888480462e+00
  1.887752082e+00  1.887059338e+00  1.886399791e+00  1.885772430e+00
  1.885176234e+00  1.884610179e+00  1.884077259e+00  1.883577605e+00
  1.883106483e+00  1.882659896e+00  1.882234522e+00  1.880967983e+00
  1.879740099e+00  1.878647702e+00  1.877813828e+00  1.877311444e+00
  1.877095771e+00  1.877038116e+00  1.877030348e+00  1.877030002e+00
  1.877030000e+00
@R OMEGA 101 []
  4.992501875e+03  4.992501875e+03  4.978801804e+03  4.961079526e+03
  4.940120160e+03  4.916382264e+03  4.890178959e+03  4.861743180e+03
  4.831258024e+03  4.798873089e+03  4.764714177e+03  4.728889466e+03
  4.691493659e+03  4.652610886e+03  4.612316799e+03  4.570680145e+03
  4.527763951e+03  4.483626454e+03  4.438321832e+03  4.391900796e+03
  4.344411068e+03  4.295897774e+03  4.246403778e+03  4.195969955e+03
  4.144635428e+03  4.092437767e+03  4.039413164e+03  3.985596584e+03
  3.931021896e+03  3.875721988e+03  3.819728870e+03  3.763073767e+03
  3.705787199e+03  3.647899055e+03  3.589438660e+03  3.530434837e+03
  3.470915960e+03  3.410910006e+03  3.350444605e+03  3.289547080e+03
  3.228244492e+03  3.166563674e+03  3.104531273e+03  3.042173783e+03
  2.979517575e+03  2.916588934e+03  2.853414088e+03  2.790019238e+03
  2.726430588e+03  2.662674375e+03  2.598776897e+03  2.534764544e+03
  2.470663824e+03  2.406501396e+03  2.342304099e+03  2.278098979e+03
  2.213913327e+03  2.149774707e+03  2.085710992e+03  2.021750397e+03
  1.957921519e+03  1.894253376e+03  1.830775447e+03  1.767517715e+03
  1.704510722e+03  1.641785608e+03  1.579374179e+03  1.517308956e+03
  1.455623246e+03  1.394351213e+03  1.333527952e+03  1.273189580e+03
  1.213373329e+03  1.154117653e+03  1.095462349e+03  1.037448686e+03
  9.801195629e+02  9.235196753e+02  8.676957162e+02  8.126966008e+02
  7.585737302e+02  7.053812976e+02  6.531766492e+02  6.020207128e+02
  5.519785103e+02  5.031197796e+02  4.555197357e+02  4.092600162e+02
  3.644298727e+02  3.211276991e+02  2.794630303e+02  2.395592200e+02
  2.015571260e+02  1.656203590e+02  1.319430748e+02  1.007621703e+02
  7.237775876e+01  4.719105135e+01  2.578549737e+01  9.151104569e+00
  4.812150678e-12
@R Q 101 []
  0.000000000e+00  0.000000000e+00  0.000000000e+00  0.000000000e+00
  0.000000000e+00  0.000000000e+00  0.000000000e+00  0.000000000e+00
  0.000000000e+00  0.000000000e+00  0.000000000e+00  0.000000000e+00
  0.000000000e+00  0.000000000e+00  0.000000000e+00  0.000000000e+00
  0.000000000e+00  0.000000000e+00  0.000000000e+00  0.000000000e+00
  0.000000000e+00  0.000000000e+00  0.000000000e+00  0.000000000e+00
  0.000000000e+00  0.000000000e+00  0.000000000e+00  0.000000000e+00
  0.000000000e+00  0.000000000e+00  0.000000000e+00  0.000000000e+00
  0.000000000e+00  0.000000000e+00  0.000000000e+00  0.000000000e+00
  0.000000000e+00  0.000000000e+00  0.000000000e+00  0.000000000e+00
  0.000000000e+00  0.000000000e+00  0.000000000e+00  0.000000000e+00
  0.000000000e+00  0.000000000e+00  0.000000000e+00  0.000000000e+00
  0.000000000e+00  0.000000000e+00  0.000000000e+00  0.000000000e+00
  0.000000000e+00  0.000000000e+00  0.000000000e+00  0.000000000e+00
  0.000000000e+00  0.000000000e+00  0.000000000e+00  0.000000000e+00
  0.000000000e+00  0.000000000e+00  0.000000000e+00  0.000000000e+00
  0.000000000e+00  0.000000000e+00  0.000000000e+00  0.000000000e+00
  0.000000000e+00  0.000000000e+00  0.000000000e+00  0.000000000e+00
  0.000000000e+00  0.000000000e+00  0.000000000e+00  0.000000000e+00
  0.000000000e+00  0.000000000e+00  0.000000000e+00  0.000000000e+00
  0.000000000e+00  0.000000000e+00  0.000000000e+00  0.000000000e+00
  0.000000000e+00  0.000000000e+00  0.000000000e+00  0.000000000e+00
  0.000000000e+00  0.000000000e+00  0.000000000e+00  0.000000000e+00
  0.000000000e+00  0.000000000e+00  0.000000000e+00  0.000000000e+00
  0.000000000e+00  0.000000000e+00  0.000000000e+00  0.000000000e+00
  0.000000000e+00
@R FP 101 []
  0.000000000e+00  0.000000000e+00  0.000000000e+00  0.000000000e+00
  0.000000000e+00  0.000000000e+00  0.000000000e+00  0.000000000e+00
  0.000000000e+00  0.000000000e+00  0.000000000e+00  0.000000000e+00
  0.000000000e+00  0.000000000e+00  0.000000000e+00  0.000000000e+00
  0.000000000e+00  0.000000000e+00  0.000000000e+00  0.000000000e+00
  0.000000000e+00  0.000000000e+00  0.000000000e+00  0.000000000e+00
  0.000000000e+00  0.000000000e+00  0.000000000e+00  0.000000000e+00
  0.000000000e+00  0.000000000e+00  0.000000000e+00  0.000000000e+00
  0.000000000e+00  0.000000000e+00  0.000000000e+00  0.000000000e+00
  0.000000000e+00  0.000000000e+00  0.000000000e+00  0.000000000e+00
  0.000000000e+00  0.000000000e+00  0.000000000e+00  0.000000000e+00
  0.000000000e+00  0.000000000e+00  0.000000000e+00  0.000000000e+00
  0.000000000e+00  0.000000000e+00  0.000000000e+00  0.000000000e+00
  0.000000000e+00  0.000000000e+00  0.000000000e+00  0.000000000e+00
  0.000000000e+00  0.000000000e+00  0.000000000e+00  0.000000000e+00
  0.000000000e+00  0.000000000e+00  0.000000000e+00  0.000000000e+00
  0.000000000e+00  0.000000000e+00  0.000000000e+00  0.000000000e+00
  0.000000000e+00  0.000000000e+00  0.000000000e+00  0.000000000e+00
  0.000000000e+00  0.000000000e+00  0.000000000e+00  0.000000000e+00
  0.000000000e+00  0.000000000e+00  0.000000000e+00  0.000000000e+00
  0.000000000e+00  0.000000000e+00  0.000000000e+00  0.000000000e+00
  0.000000000e+00  0.000000000e+00  0.000000000e+00  0.000000000e+00
  0.000000000e+00  0.000000000e+00  0.000000000e+00  0.000000000e+00
  0.000000000e+00  0.000000000e+00  0.000000000e+00  0.000000000e+00
  0.000000000e+00  0.000000000e+00  0.000000000e+00  0.000000000e+00
  0.000000000e+00
@R CURPAR 101 []
  3.640743484e+00  3.640546871e+00  3.639825726e+00  3.638372604e+00
  3.636121182e+00  3.633100352e+00  3.629340367e+00  3.624861010e+00
  3.619675876e+00  3.613792443e+00  3.607214280e+00  3.599942855e+00
  3.591978684e+00  3.583321920e+00  3.573972605e+00  3.563930745e+00
  3.553196344e+00  3.541769400e+00  3.529649914e+00  3.516837886e+00
  3.503333316e+00  3.489136204e+00  3.474246550e+00  3.458664354e+00
  3.442389615e+00  3.425422335e+00  3.407762513e+00  3.389410148e+00
  3.370365242e+00  3.350627793e+00  3.330197803e+00  3.309075270e+00
  3.287260196e+00  3.264752579e+00  3.241552421e+00  3.217659720e+00
  3.193074477e+00  3.167796692e+00  3.141826365e+00  3.115163496e+00
  3.087808085e+00  3.059760132e+00  3.031019637e+00  3.001586600e+00
  2.971461021e+00  2.940642899e+00  2.909132236e+00  2.876929031e+00
  2.844033283e+00  2.810444994e+00  2.776164162e+00  2.741190788e+00
  2.705524873e+00  2.669166415e+00  2.632115415e+00  2.594371873e+00
  2.555935790e+00  2.516807164e+00  2.476985996e+00  2.436472286e+00
  2.395266034e+00  2.353367239e+00  2.310775903e+00  2.267492025e+00
  2.223515605e+00  2.178846642e+00  2.133485138e+00  2.087431092e+00
  2.040684503e+00  1.993245373e+00  1.945113700e+00  1.896289486e+00
  1.846772729e+00  1.796563430e+00  1.745661589e+00  1.694067206e+00
  1.641780282e+00  1.588800815e+00  1.535128806e+00  1.480764254e+00
  1.425707161e+00  1.369957526e+00  1.313515349e+00  1.256380630e+00
  1.198553369e+00  1.140033567e+00  1.080821237e+00  1.020916482e+00
  9.603199228e-01  8.990345670e-01  8.370724296e-01  7.744738447e-01
  7.113542698e-01  6.479983121e-01  5.850155609e-01  5.235422247e-01
  4.654218671e-01  4.133332637e-01  3.702147688e-01  3.398271836e-01
  3.284121747e-01
@R CURBEAM 101 []
  0.000000000e+00  0.000000000e+00  0.000000000e+00  0.000000000e+00
  0.000000000e+00  0.000000000e+00  0.000000000e+00  0.000000000e+00
  0.000000000e+00  0.000000000e+00  0.000000000e+00  0.000000000e+00
  0.000000000e+00  0.000000000e+00  0.000000000e+00  0.000000000e+00
  0.000000000e+00  0.000000000e+00  0.000000000e+00  0.000000000e+00
  0.000000000e+00  0.000000000e+00  0.000000000e+00  0.000000000e+00
  0.000000000e+00  0.000000000e+00  0.000000000e+00  0.000000000e+00
  0.000000000e+00  0.000000000e+00  0.000000000e+00  0.000000000e+00
  0.000000000e+00  0.000000000e+00  0.000000000e+00  0.000000000e+00
  0.000000000e+00  0.000000000e+00  0.000000000e+00  0.000000000e+00
  0.000000000e+00  0.000000000e+00  0.000000000e+00  0.000000000e+00
  0.000000000e+00  0.000000000e+00  0.000000000e+00  0.000000000e+00
  0.000000000e+00  0.000000000e+00  0.000000000e+00  0.000000000e+00
  0.000000000e+00  0.000000000e+00  0.000000000e+00  0.000000000e+00
  0.000000000e+00  0.000000000e+00  0.000000000e+00  0.000000000e+00
  0.000000000e+00  0.000000000e+00  0.000000000e+00  0.000000000e+00
  0.000000000e+00  0.000000000e+00  0.000000000e+00  0.000000000e+00
  0.000000000e+00  0.000000000e+00  0.000000000e+00  0.000000000e+00
  0.000000000e+00  0.000000000e+00  0.000000000e+00  0.000000000e+00
  0.000000000e+00  0.000000000e+00  0.000000000e+00  0.000000000e+00
  0.000000000e+00  0.000000000e+00  0.000000000e+00  0.000000000e+00
  0.000000000e+00  0.000000000e+00  0.000000000e+00  0.000000000e+00
  0.000000000e+00  0.000000000e+00  0.000000000e+00  0.000000000e+00
  0.000000000e+00  0.000000000e+00  0.000000000e+00  0.000000000e+00
  0.000000000e+00  0.000000000e+00  0.000000000e+00  0.000000000e+00
  0.000000000e+00
@R CURRF 101 []
  6.338599619e-01  6.605821737e-01  7.040994704e-01  7.549609718e-01
  8.125502568e-01  8.296180909e-01  8.064994209e-01  7.821267772e-01
  7.607932274e-01  7.128720944e-01  6.483785702e-01  5.895627665e-01
  5.299658099e-01  4.657037895e-01  4.033602924e-01  3.517267661e-01
  3.050906597e-01  2.550541694e-01  2.083507244e-01  1.755023093e-01
  1.569783811e-01  1.398709309e-01  1.167514054e-01  9.889818375e-02
  9.291764213e-02  8.706516975e-02  7.290535205e-02  6.052945538e-02
  5.805522661e-02  5.653285053e-02  4.748697261e-02  3.787651963e-02
  3.632444365e-02  3.711613225e-02  3.154663868e-02  2.335478157e-02
  1.984682077e-02  1.912606064e-02  1.533568845e-02  9.189480888e-03
  5.741256236e-03  5.586157621e-03  4.688720256e-03  2.030041144e-03
  4.344392891e-04  6.012182539e-04  5.127446992e-04 -5.780588991e-04
 -1.287428408e-03 -9.043063077e-04 -4.777356713e-04 -7.391498878e-04
 -1.066046456e-03 -8.485285161e-04 -4.173804704e-04 -2.649938984e-04
 -3.268790379e-04 -2.949404915e-04 -1.019009906e-04  7.266227238e-05
  7.721933819e-05 -6.325371326e-06 -4.618742186e-06  8.845480439e-05
  1.446430580e-04  9.094205984e-05 -3.583381248e-05 -3.028467730e-04
 -1.106963359e-03 -1.011035931e-03  1.776245099e-04  7.035820141e-04
  7.409934293e-04  7.349099531e-04  7.271235492e-04  7.042837614e-04
  6.738720757e-04  6.332731404e-04  5.869089330e-04  5.541353594e-04
  5.494744219e-04  5.627802612e-04  5.450638151e-04  4.847105849e-04
  4.221631155e-04  3.951530411e-04  4.077575322e-04  4.042434913e-04
  3.135593878e-04  1.701336028e-04  2.534568247e-05 -8.843776429e-05
 -1.431517080e-04 -1.812763716e-04 -2.559204187e-04 -2.955849973e-04
 -2.548236074e-04 -1.929110204e-04 -1.251835340e-04 -4.186263938e-05
  7.738153695e-06
@R CURBOOT 101 []
  0.000000000e+00  0.000000000e+00  0.000000000e+00  0.000000000e+00
  0.000000000e+00  0.000000000e+00  0.000000000e+00  0.000000000e+00
  0.000000000e+00  0.000000000e+00  0.000000000e+00  0.000000000e+00
  0.000000000e+00  0.000000000e+00  0.000000000e+00  0.000000000e+00
  0.000000000e+00  0.000000000e+00  0.000000000e+00  0.000000000e+00
  0.000000000e+00  0.000000000e+00  0.000000000e+00  0.000000000e+00
  0.000000000e+00  0.000000000e+00  0.000000000e+00  0.000000000e+00
  0.000000000e+00  0.000000000e+00  0.000000000e+00  0.000000000e+00
  0.000000000e+00  0.000000000e+00  0.000000000e+00  0.000000000e+00
  0.000000000e+00  0.000000000e+00  0.000000000e+00  0.000000000e+00
  0.000000000e+00  0.000000000e+00  0.000000000e+00  0.000000000e+00
  0.000000000e+00  0.000000000e+00  0.000000000e+00  0.000000000e+00
  0.000000000e+00  0.000000000e+00  0.000000000e+00  0.000000000e+00
  0.000000000e+00  0.000000000e+00  0.000000000e+00  0.000000000e+00
  0.000000000e+00  0.000000000e+00  0.000000000e+00  0.000000000e+00
  0.000000000e+00  0.000000000e+00  0.000000000e+00  0.000000000e+00
  0.000000000e+00  0.000000000e+00  0.000000000e+00  0.000000000e+00
  0.000000000e+00  0.000000000e+00  0.000000000e+00  0.000000000e+00
  0.000000000e+00  0.000000000e+00  0.000000000e+00  0.000000000e+00
  0.000000000e+00  0.000000000e+00  0.000000000e+00  0.000000000e+00
  0.000000000e+00  0.000000000e+00  0.000000000e+00  0.000000000e+00
  0.000000000e+00  0.000000000e+00  0.000000000e+00  0.000000000e+00
  0.000000000e+00  0.000000000e+00  0.000000000e+00  0.000000000e+00
  0.000000000e+00  0.000000000e+00  0.000000000e+00  0.000000000e+00
  0.000000000e+00  0.000000000e+00  0.000000000e+00  0.000000000e+00
  0.000000000e+00
@R ENBEAM 101 []
  0.000000000e+00  0.000000000e+00  0.000000000e+00  0.000000000e+00
  0.000000000e+00  0.000000000e+00  0.000000000e+00  0.000000000e+00
  0.000000000e+00  0.000000000e+00  0.000000000e+00  0.000000000e+00
  0.000000000e+00  0.000000000e+00  0.000000000e+00  0.000000000e+00
  0.000000000e+00  0.000000000e+00  0.000000000e+00  0.000000000e+00
  0.000000000e+00  0.000000000e+00  0.000000000e+00  0.000000000e+00
  0.000000000e+00  0.000000000e+00  0.000000000e+00  0.000000000e+00
  0.000000000e+00  0.000000000e+00  0.000000000e+00  0.000000000e+00
  0.000000000e+00  0.000000000e+00  0.000000000e+00  0.000000000e+00
  0.000000000e+00  0.000000000e+00  0.000000000e+00  0.000000000e+00
  0.000000000e+00  0.000000000e+00  0.000000000e+00  0.000000000e+00
  0.000000000e+00  0.000000000e+00  0.000000000e+00  0.000000000e+00
  0.000000000e+00  0.000000000e+00  0.000000000e+00  0.000000000e+00
  0.000000000e+00  0.000000000e+00  0.000000000e+00  0.000000000e+00
  0.000000000e+00  0.000000000e+00  0.000000000e+00  0.000000000e+00
  0.000000000e+00  0.000000000e+00  0.000000000e+00  0.000000000e+00
  0.000000000e+00  0.000000000e+00  0.000000000e+00  0.000000000e+00
  0.000000000e+00  0.000000000e+00  0.000000000e+00  0.000000000e+00
  0.000000000e+00  0.000000000e+00  0.000000000e+00  0.000000000e+00
  0.000000000e+00  0.000000000e+00  0.000000000e+00  0.000000000e+00
  0.000000000e+00  0.000000000e+00  0.000000000e+00  0.000000000e+00
  0.000000000e+00  0.000000000e+00  0.000000000e+00  0.000000000e+00
  0.000000000e+00  0.000000000e+00  0.000000000e+00  0.000000000e+00
  0.000000000e+00  0.000000000e+00  0.000000000e+00  0.000000000e+00
  0.000000000e+00  0.000000000e+00  0.000000000e+00  0.000000000e+00
  0.000000000e+00
@R WBEAM 101 []
  0.000000000e+00  0.000000000e+00  0.000000000e+00  0.000000000e+00
  0.000000000e+00  0.000000000e+00  0.000000000e+00  0.000000000e+00
  0.000000000e+00  0.000000000e+00  0.000000000e+00  0.000000000e+00
  0.000000000e+00  0.000000000e+00  0.000000000e+00  0.000000000e+00
  0.000000000e+00  0.000000000e+00  0.000000000e+00  0.000000000e+00
  0.000000000e+00  0.000000000e+00  0.000000000e+00  0.000000000e+00
  0.000000000e+00  0.000000000e+00  0.000000000e+00  0.000000000e+00
  0.000000000e+00  0.000000000e+00  0.000000000e+00  0.000000000e+00
  0.000000000e+00  0.000000000e+00  0.000000000e+00  0.000000000e+00
  0.000000000e+00  0.000000000e+00  0.000000000e+00  0.000000000e+00
  0.000000000e+00  0.000000000e+00  0.000000000e+00  0.000000000e+00
  0.000000000e+00  0.000000000e+00  0.000000000e+00  0.000000000e+00
  0.000000000e+00  0.000000000e+00  0.000000000e+00  0.000000000e+00
  0.000000000e+00  0.000000000e+00  0.000000000e+00  0.000000000e+00
  0.000000000e+00  0.000000000e+00  0.000000000e+00  0.000000000e+00
  0.000000000e+00  0.000000000e+00  0.000000000e+00  0.000000000e+00
  0.000000000e+00  0.000000000e+00  0.000000000e+00  0.000000000e+00
  0.000000000e+00  0.000000000e+00  0.000000000e+00  0.000000000e+00
  0.000000000e+00  0.000000000e+00  0.000000000e+00  0.000000000e+00
  0.000000000e+00  0.000000000e+00  0.000000000e+00  0.000000000e+00
  0.000000000e+00  0.000000000e+00  0.000000000e+00  0.000000000e+00
  0.000000000e+00  0.000000000e+00  0.000000000e+00  0.000000000e+00
  0.000000000e+00  0.000000000e+00  0.000000000e+00  0.000000000e+00
  0.000000000e+00  0.000000000e+00  0.000000000e+00  0.000000000e+00
  0.000000000e+00  0.000000000e+00  0.000000000e+00  0.000000000e+00
  0.000000000e+00
@R QBEAME 101 []
  0.000000000e+00  0.000000000e+00  0.000000000e+00  0.000000000e+00
  0.000000000e+00  0.000000000e+00  0.000000000e+00  0.000000000e+00
  0.000000000e+00  0.000000000e+00  0.000000000e+00  0.000000000e+00
  0.000000000e+00  0.000000000e+00  0.000000000e+00  0.000000000e+00
  0.000000000e+00  0.000000000e+00  0.000000000e+00  0.000000000e+00
  0.000000000e+00  0.000000000e+00  0.000000000e+00  0.000000000e+00
  0.000000000e+00  0.000000000e+00  0.000000000e+00  0.000000000e+00
  0.000000000e+00  0.000000000e+00  0.000000000e+00  0.000000000e+00
  0.000000000e+00  0.000000000e+00  0.000000000e+00  0.000000000e+00
  0.000000000e+00  0.000000000e+00  0.000000000e+00  0.000000000e+00
  0.000000000e+00  0.000000000e+00  0.000000000e+00  0.000000000e+00
  0.000000000e+00  0.000000000e+00  0.000000000e+00  0.000000000e+00
  0.000000000e+00  0.000000000e+00  0.000000000e+00  0.000000000e+00
  0.000000000e+00  0.000000000e+00  0.000000000e+00  0.000000000e+00
  0.000000000e+00  0.000000000e+00  0.000000000e+00  0.000000000e+00
  0.000000000e+00  0.000000000e+00  0.000000000e+00  0.000000000e+00
  0.000000000e+00  0.000000000e+00  0.000000000e+00  0.000000000e+00
  0.000000000e+00  0.000000000e+00  0.000000000e+00  0.000000000e+00
  0.000000000e+00  0.000000000e+00  0.000000000e+00  0.000000000e+00
  0.000000000e+00  0.000000000e+00  0.000000000e+00  0.000000000e+00
  0.000000000e+00  0.000000000e+00  0.000000000e+00  0.000000000e+00
  0.000000000e+00  0.000000000e+00  0.000000000e+00  0.000000000e+00
  0.000000000e+00  0.000000000e+00  0.000000000e+00  0.000000000e+00
  0.000000000e+00  0.000000000e+00  0.000000000e+00  0.000000000e+00
  0.000000000e+00  0.000000000e+00  0.000000000e+00  0.000000000e+00
  0.000000000e+00
@R QBEAMI 101 []
  0.000000000e+00  0.000000000e+00  0.000000000e+00  0.000000000e+00
  0.000000000e+00  0.000000000e+00  0.000000000e+00  0.000000000e+00
  0.000000000e+00  0.000000000e+00  0.000000000e+00  0.000000000e+00
  0.000000000e+00  0.000000000e+00  0.000000000e+00  0.000000000e+00
  0.000000000e+00  0.000000000e+00  0.000000000e+00  0.000000000e+00
  0.000000000e+00  0.000000000e+00  0.000000000e+00  0.000000000e+00
  0.000000000e+00  0.000000000e+00  0.000000000e+00  0.000000000e+00
  0.000000000e+00  0.000000000e+00  0.000000000e+00  0.000000000e+00
  0.000000000e+00  0.000000000e+00  0.000000000e+00  0.000000000e+00
  0.000000000e+00  0.000000000e+00  0.000000000e+00  0.000000000e+00
  0.000000000e+00  0.000000000e+00  0.000000000e+00  0.000000000e+00
  0.000000000e+00  0.000000000e+00  0.000000000e+00  0.000000000e+00
  0.000000000e+00  0.000000000e+00  0.000000000e+00  0.000000000e+00
  0.000000000e+00  0.000000000e+00  0.000000000e+00  0.000000000e+00
  0.000000000e+00  0.000000000e+00  0.000000000e+00  0.000000000e+00
  0.000000000e+00  0.000000000e+00  0.000000000e+00  0.000000000e+00
  0.000000000e+00  0.000000000e+00  0.000000000e+00  0.000000000e+00
  0.000000000e+00  0.000000000e+00  0.000000000e+00  0.000000000e+00
  0.000000000e+00  0.000000000e+00  0.000000000e+00  0.000000000e+00
  0.000000000e+00  0.000000000e+00  0.000000000e+00  0.000000000e+00
  0.000000000e+00  0.000000000e+00  0.000000000e+00  0.000000000e+00
  0.000000000e+00  0.000000000e+00  0.000000000e+00  0.000000000e+00
  0.000000000e+00  0.000000000e+00  0.000000000e+00  0.000000000e+00
  0.000000000e+00  0.000000000e+00  0.000000000e+00  0.000000000e+00
  0.000000000e+00  0.000000000e+00  0.000000000e+00  0.000000000e+00
  0.000000000e+00
@R ENALP 101 []
  0.000000000e+00  0.000000000e+00  0.000000000e+00  0.000000000e+00
  0.000000000e+00  0.000000000e+00  0.000000000e+00  0.000000000e+00
  0.000000000e+00  0.000000000e+00  0.000000000e+00  0.000000000e+00
  0.000000000e+00  0.000000000e+00  0.000000000e+00  0.000000000e+00
  0.000000000e+00  0.000000000e+00  0.000000000e+00  0.000000000e+00
  0.000000000e+00  0.000000000e+00  0.000000000e+00  0.000000000e+00
  0.000000000e+00  0.000000000e+00  0.000000000e+00  0.000000000e+00
  0.000000000e+00  0.000000000e+00  0.000000000e+00  0.000000000e+00
  0.000000000e+00  0.000000000e+00  0.000000000e+00  0.000000000e+00
  0.000000000e+00  0.000000000e+00  0.000000000e+00  0.000000000e+00
  0.000000000e+00  0.000000000e+00  0.000000000e+00  0.000000000e+00
  0.000000000e+00  0.000000000e+00  0.000000000e+00  0.000000000e+00
  0.000000000e+00  0.000000000e+00  0.000000000e+00  0.000000000e+00
  0.000000000e+00  0.000000000e+00  0.000000000e+00  0.000000000e+00
  0.000000000e+00  0.000000000e+00  0.000000000e+00  0.000000000e+00
  0.000000000e+00  0.000000000e+00  0.000000000e+00  0.000000000e+00
  0.000000000e+00  0.000000000e+00  0.000000000e+00  0.000000000e+00
  0.000000000e+00  0.000000000e+00  0.000000000e+00  0.000000000e+00
  0.000000000e+00  0.000000000e+00  0.000000000e+00  0.000000000e+00
  0.000000000e+00  0.000000000e+00  0.000000000e+00  0.000000000e+00
  0.000000000e+00  0.000000000e+00  0.000000000e+00  0.000000000e+00
  0.000000000e+00  0.000000000e+00  0.000000000e+00  0.000000000e+00
  0.000000000e+00  0.000000000e+00  0.000000000e+00  0.000000000e+00
  0.000000000e+00  0.000000000e+00  0.000000000e+00  0.000000000e+00
  0.000000000e+00  0.000000000e+00  0.000000000e+00  0.000000000e+00
  0.000000000e+00
@R WALP 101 []
  0.000000000e+00  0.000000000e+00  0.000000000e+00  0.000000000e+00
  0.000000000e+00  0.000000000e+00  0.000000000e+00  0.000000000e+00
  0.000000000e+00  0.000000000e+00  0.000000000e+00  0.000000000e+00
  0.000000000e+00  0.000000000e+00  0.000000000e+00  0.000000000e+00
  0.000000000e+00  0.000000000e+00  0.000000000e+00  0.000000000e+00
  0.000000000e+00  0.000000000e+00  0.000000000e+00  0.000000000e+00
  0.000000000e+00  0.000000000e+00  0.000000000e+00  0.000000000e+00
  0.000000000e+00  0.000000000e+00  0.000000000e+00  0.000000000e+00
  0.000000000e+00  0.000000000e+00  0.000000000e+00  0.000000000e+00
  0.000000000e+00  0.000000000e+00  0.000000000e+00  0.000000000e+00
  0.000000000e+00  0.000000000e+00  0.000000000e+00  0.000000000e+00
  0.000000000e+00  0.000000000e+00  0.000000000e+00  0.000000000e+00
  0.000000000e+00  0.000000000e+00  0.000000000e+00  0.000000000e+00
  0.000000000e+00  0.000000000e+00  0.000000000e+00  0.000000000e+00
  0.000000000e+00  0.000000000e+00  0.000000000e+00  0.000000000e+00
  0.000000000e+00  0.000000000e+00  0.000000000e+00  0.000000000e+00
  0.000000000e+00  0.000000000e+00  0.000000000e+00  0.000000000e+00
  0.000000000e+00  0.000000000e+00  0.000000000e+00  0.000000000e+00
  0.000000000e+00  0.000000000e+00  0.000000000e+00  0.000000000e+00
  0.000000000e+00  0.000000000e+00  0.000000000e+00  0.000000000e+00
  0.000000000e+00  0.000000000e+00  0.000000000e+00  0.000000000e+00
  0.000000000e+00  0.000000000e+00  0.000000000e+00  0.000000000e+00
  0.000000000e+00  0.000000000e+00  0.000000000e+00  0.000000000e+00
  0.000000000e+00  0.000000000e+00  0.000000000e+00  0.000000000e+00
  0.000000000e+00  0.000000000e+00  0.000000000e+00  0.000000000e+00
  0.000000000e+00
@R QTFUSE 101 []
  2.110082092e+00  2.110370213e+00  2.111331619e+00  2.113169035e+00
  2.116079560e+00  2.120203904e+00  2.125427059e+00  2.131175082e+00
  2.136550714e+00  2.140556319e+00  2.141935387e+00  2.139219817e+00
  2.131547004e+00  2.118969363e+00  2.101895147e+00  2.080837853e+00
  2.056427041e+00  2.029177668e+00  1.999443963e+00  1.967611415e+00
  1.934151354e+00  1.899457172e+00  1.863639593e+00  1.826617518e+00
  1.788286776e+00  1.748439797e+00  1.706674347e+00  1.662671938e+00
  1.616428141e+00  1.568079022e+00  1.518002938e+00  1.467044366e+00
  1.416016793e+00  1.365245176e+00  1.314833783e+00  1.264926293e+00
  1.215705427e+00  1.167305285e+00  1.119755459e+00  1.073046261e+00
  1.027106278e+00  9.818087152e-01  9.371503906e-01  8.932981833e-01
  8.504750148e-01  8.089562108e-01  7.690564898e-01  7.309450667e-01
  6.945558771e-01  6.597376005e-01  6.263096349e-01  5.940396334e-01
  5.627376517e-01  5.323194716e-01  5.027530385e-01  4.740591753e-01
  4.463750201e-01  4.198550541e-01  3.945618314e-01  3.704990571e-01
  3.476364718e-01  3.259043317e-01  3.052398825e-01  2.856167638e-01
  2.670214718e-01  2.494457795e-01  2.328937042e-01  2.173571403e-01
  2.027989076e-01  1.891697362e-01  1.764154522e-01  1.644725134e-01
  1.532774324e-01  1.427776144e-01  1.329276211e-01  1.236861611e-01
  1.150174071e-01  1.068869587e-01  9.925913202e-02  9.209934122e-02
  8.537288864e-02  7.904481650e-02  7.308835635e-02  6.748755840e-02
  6.222993539e-02  5.731438433e-02  5.275354208e-02  4.853782775e-02
  4.462175124e-02  4.095360070e-02  3.585342621e-02  2.777090812e-02
  1.874997848e-02  1.111028203e-02  5.505291657e-03  2.148253048e-03
  6.112470607e-04  1.137688604e-04  1.156306325e-05  4.367297530e-07
  3.758746584e-09
@R QTFUSI 101 []
  1.038304784e+00  1.037484560e+00  1.035065121e+00  1.031129900e+00
  1.025753236e+00  1.018998488e+00  1.010938467e+00  1.001657838e+00
  9.912393726e-01  9.797659009e-01  9.673118775e-01  9.539133434e-01
  9.395687094e-01  9.242648777e-01  9.079901440e-01  8.907323019e-01
  8.724720465e-01  8.531779539e-01  8.328432828e-01  8.115100544e-01
  7.892966650e-01  7.664143015e-01  7.430516093e-01  7.193035621e-01
  6.952281885e-01  6.708414104e-01  6.460746692e-01  6.208735485e-01
  5.952900102e-01  5.694237487e-01  5.434504999e-01  5.176900078e-01
  4.924332092e-01  4.677949579e-01  4.438117345e-01  4.205325884e-01
  3.980186696e-01  3.763067055e-01  3.553889115e-01  3.352419138e-01
  3.158211080e-01  2.970612320e-01  2.789399982e-01  2.614956557e-01
  2.447838815e-01  2.288743381e-01  2.138491524e-01  1.997421540e-01
  1.865101202e-01  1.740835434e-01  1.623857515e-01  1.513252425e-01
  1.408262224e-01  1.308486331e-01  1.213696831e-01  1.123810608e-01
  1.039042842e-01  9.596277938e-02  8.855349386e-02  8.165761605e-02
  7.524856862e-02  6.929089302e-02  6.375163536e-02  5.860757665e-02
  5.383947483e-02  4.943002915e-02  4.536520187e-02  4.162852878e-02
  3.819777847e-02  3.504930778e-02  3.215981530e-02  2.950537735e-02
  2.706348646e-02  2.481519256e-02  2.274406527e-02  2.083538427e-02
  1.907630324e-02  1.745498457e-02  1.595997964e-02  1.458061042e-02
  1.330674052e-02  1.212870196e-02  1.103867217e-02  1.003100985e-02
  9.100914770e-03  8.245497587e-03  7.464062101e-03  6.752729813e-03
  6.102592094e-03  5.504275212e-03  4.696537542e-03  3.462341059e-03
  2.162418873e-03  1.160143752e-03  5.065679695e-04  1.684876334e-04
  3.922696863e-05  5.670142496e-06  4.162100887e-07  1.012314542e-08
  4.589057536e-11
@R QRFE 101 []
  7.296868479e-01  7.131107117e-01  7.120964047e-01  7.635125641e-01
  8.231785255e-01  8.422068962e-01  8.259193328e-01  8.121774019e-01
  7.980873963e-01  7.535358428e-01  6.938241013e-01  6.405443718e-01
  5.839456822e-01  5.197681343e-01  4.568065170e-01  4.049695939e-01
  3.563785159e-01  3.019017782e-01  2.506804638e-01  2.157587875e-01
  1.967705210e-01  1.772779158e-01  1.500656405e-01  1.306351474e-01
  1.257429816e-01  1.188083638e-01  1.006563662e-01  8.630506639e-02
  8.520470960e-02  8.355296482e-02  7.076068684e-02  5.875709141e-02
  5.976187871e-02  6.287278096e-02  5.783364058e-02  5.279657760e-02
  5.601819350e-02  6.328532112e-02  6.605918517e-02  6.571116849e-02
  6.759018817e-02  6.948952126e-02  6.689821068e-02  6.133778185e-02
  5.789675877e-02  5.732870230e-02  5.520495378e-02  5.035054281e-02
  4.583908370e-02  4.292722392e-02  3.956146032e-02  3.474850713e-02
  3.017211866e-02  2.703866221e-02  2.456928684e-02  2.184482437e-02
  1.911894269e-02  1.696003665e-02  1.534315926e-02  1.387682478e-02
  1.228150880e-02  1.068791363e-02  9.454122590e-03  8.656238653e-03
  8.001443087e-03  7.346704869e-03  7.012898496e-03  8.340644944e-03
  1.174623227e-02  9.918010508e-03  4.109371961e-03  1.820759313e-03
  1.342150063e-03  1.186898638e-03  1.104302838e-03  1.024302681e-03
  9.371682877e-04  8.474511156e-04  7.595786328e-04  6.982751370e-04
  7.221165642e-04  7.824060263e-04  7.458400107e-04  6.145773779e-04
  5.123066833e-04  5.230045532e-04  6.190147306e-04  6.183887439e-04
  4.032976709e-04  1.753750162e-04  1.074082425e-04  1.556324200e-04
  2.318822456e-04  2.338022580e-04  1.039806599e-04  1.973214018e-06
  6.034798428e-07  6.946782750e-08 -2.406668237e-08 -8.333864593e-09
 -1.046081019e-08
@R QRFI 101 []
  1.888759067e+00  1.929287954e+00  2.237906567e+00  2.809180215e+00
  3.207000898e+00  3.359652041e+00  3.801655252e+00  4.710446318e+00
  5.316223706e+00  5.185447988e+00  5.343859830e+00  6.725878550e+00
  8.469753648e+00  8.932715553e+00  7.744024499e+00  5.993949481e+00
  4.532451303e+00  3.333167788e+00  2.324315001e+00  1.563201130e+00
  1.024616925e+00  6.809932781e-01  4.912574505e-01  3.924165752e-01
  3.379598301e-01  3.065929601e-01  2.845077600e-01  2.669202529e-01
  2.504352439e-01  2.271016771e-01  2.034412899e-01  1.788116657e-01
  1.467791287e-01  1.140955567e-01  8.654532515e-02  6.721826281e-02
  5.718314146e-02  5.346453038e-02  5.124067382e-02  5.064818539e-02
  5.395598335e-02  4.968863115e-02  3.908559520e-02  3.126007632e-02
  2.525714280e-02  2.290186425e-02  2.285923868e-02  2.419395685e-02
  2.611107281e-02  2.699646601e-02  2.468615567e-02  1.914111094e-02
  1.293919649e-02  9.474044440e-03  9.699184852e-03  1.120125615e-02
  1.119506128e-02  9.343245400e-03  7.221472292e-03  5.686326675e-03
  4.640942036e-03  3.915738962e-03  3.358019541e-03  3.122588878e-03
  3.588004583e-03  4.464514499e-03  4.936408340e-03  4.672217701e-03
  4.485923392e-03  4.872789870e-03  5.084281163e-03  4.633384639e-03
  4.086462918e-03  4.331121858e-03  5.058168044e-03  5.137676908e-03
  4.422305451e-03  4.044733115e-03  4.736885950e-03  5.681928049e-03
  5.718741162e-03  5.039628266e-03  4.780725655e-03  5.392156274e-03
  6.023035667e-03  5.584589237e-03  4.003720091e-03  2.300581495e-03
  1.452000289e-03  1.460042363e-03  1.712615772e-03  1.749644932e-03
  1.582399544e-03  1.442527273e-03  1.444340249e-03  1.484218157e-03
  1.390292355e-03  1.070884890e-03  6.281983330e-04  6.528888928e-04
  9.004338152e-04
@R QRAD 101 []
 -5.145983078e-01 -5.145217879e-01 -5.142987417e-01 -5.139405832e-01
 -5.134529500e-01 -5.128364076e-01 -5.120897911e-01 -5.112047789e-01
 -5.101625260e-01 -5.089415503e-01 -5.075174690e-01 -5.058600874e-01
 -5.039511107e-01 -5.017940051e-01 -4.994006801e-01 -4.967831093e-01
 -4.939577177e-01 -4.909362955e-01 -4.877264362e-01 -4.843389299e-01
 -4.807863974e-01 -4.770834155e-01 -4.732373355e-01 -4.692495532e-01
 -4.651213978e-01 -4.608529589e-01 -4.564400331e-01 -4.518799589e-01
 -4.471795031e-01 -4.423483367e-01 -4.374269421e-01 -4.324998862e-01
 -4.275861103e-01 -4.226724013e-01 -4.178332610e-01 -4.131229577e-01
 -4.085353929e-01 -4.040590398e-01 -3.996711341e-01 -3.953495953e-01
 -3.910684370e-01 -3.868037573e-01 -3.825626164e-01 -3.783786109e-01
 -3.742939835e-01 -3.703623114e-01 -3.666333975e-01 -3.631165116e-01
 -3.597679533e-01 -3.565251017e-01 -3.533162445e-01 -3.500534516e-01
 -3.466471236e-01 -3.430203921e-01 -3.391026418e-01 -3.348410556e-01
 -3.302479064e-01 -3.253781762e-01 -3.202767309e-01 -3.149777514e-01
 -3.095133465e-01 -3.039071370e-01 -2.981797972e-01 -2.923573524e-01
 -2.864714513e-01 -2.805637192e-01 -2.746880614e-01 -2.688952619e-01
 -2.632230154e-01 -2.577017139e-01 -2.523552855e-01 -2.471980061e-01
 -2.422381747e-01 -2.374852866e-01 -2.329501056e-01 -2.286434200e-01
 -2.245759901e-01 -2.207544762e-01 -2.171774747e-01 -2.138369034e-01
 -2.107196393e-01 -2.078109674e-01 -2.051075852e-01 -2.026227779e-01
 -2.003741564e-01 -1.984052352e-01 -1.967942224e-01 -1.955578531e-01
 -1.945986621e-01 -1.937704108e-01 -1.934443664e-01 -1.943625813e-01
 -1.973813784e-01 -2.062534879e-01 -2.312794615e-01 -2.751898020e-01
 -3.057068967e-01 -3.092469238e-01 -4.426824174e-01 -5.792994510e-01
 -5.810858382e-01
@R QOHM 101 []
  0.000000000e+00  0.000000000e+00  0.000000000e+00  0.000000000e+00
  0.000000000e+00  0.000000000e+00  0.000000000e+00  0.000000000e+00
  0.000000000e+00  0.000000000e+00  0.000000000e+00  0.000000000e+00
  0.000000000e+00  0.000000000e+00  0.000000000e+00  0.000000000e+00
  0.000000000e+00  0.000000000e+00  0.000000000e+00  0.000000000e+00
  0.000000000e+00  0.000000000e+00  0.000000000e+00  0.000000000e+00
  0.000000000e+00  0.000000000e+00  0.000000000e+00  0.000000000e+00
  0.000000000e+00  0.000000000e+00  0.000000000e+00  0.000000000e+00
  0.000000000e+00  0.000000000e+00  0.000000000e+00  0.000000000e+00
  0.000000000e+00  0.000000000e+00  0.000000000e+00  0.000000000e+00
  0.000000000e+00  0.000000000e+00  0.000000000e+00  0.000000000e+00
  0.000000000e+00  0.000000000e+00  0.000000000e+00  0.000000000e+00
  0.000000000e+00  0.000000000e+00  0.000000000e+00  0.000000000e+00
  0.000000000e+00  0.000000000e+00  0.000000000e+00  0.000000000e+00
  0.000000000e+00  0.000000000e+00  0.000000000e+00  0.000000000e+00
  0.000000000e+00  0.000000000e+00  0.000000000e+00  0.000000000e+00
  0.000000000e+00  0.000000000e+00  0.000000000e+00  0.000000000e+00
  0.000000000e+00  0.000000000e+00  0.000000000e+00  0.000000000e+00
  0.000000000e+00  0.000000000e+00  0.000000000e+00  0.000000000e+00
  0.000000000e+00  0.000000000e+00  0.000000000e+00  0.000000000e+00
  0.000000000e+00  0.000000000e+00  0.000000000e+00  0.000000000e+00
  0.000000000e+00  0.000000000e+00  0.000000000e+00  0.000000000e+00
  0.000000000e+00  0.000000000e+00  0.000000000e+00  0.000000000e+00
  0.000000000e+00  0.000000000e+00  0.000000000e+00  0.000000000e+00
  0.000000000e+00  0.000000000e+00  0.000000000e+00  0.000000000e+00
  0.000000000e+00
@R QIONE 101 []
  0.000000000e+00  0.000000000e+00  0.000000000e+00  0.000000000e+00
  0.000000000e+00  0.000000000e+00  0.000000000e+00  0.000000000e+00
  0.000000000e+00  0.000000000e+00  0.000000000e+00  0.000000000e+00
  0.000000000e+00  0.000000000e+00  0.000000000e+00  0.000000000e+00
  0.000000000e+00  0.000000000e+00  0.000000000e+00  0.000000000e+00
  0.000000000e+00  0.000000000e+00  0.000000000e+00  0.000000000e+00
  0.000000000e+00  0.000000000e+00  0.000000000e+00  0.000000000e+00
  0.000000000e+00  0.000000000e+00  0.000000000e+00  0.000000000e+00
  0.000000000e+00  0.000000000e+00  0.000000000e+00  0.000000000e+00
  0.000000000e+00  0.000000000e+00  0.000000000e+00  0.000000000e+00
  0.000000000e+00  0.000000000e+00  0.000000000e+00  0.000000000e+00
  0.000000000e+00  0.000000000e+00  0.000000000e+00  0.000000000e+00
  0.000000000e+00  0.000000000e+00  0.000000000e+00  0.000000000e+00
  0.000000000e+00  0.000000000e+00  0.000000000e+00  0.000000000e+00
  0.000000000e+00  0.000000000e+00  0.000000000e+00  0.000000000e+00
  0.000000000e+00  0.000000000e+00  0.000000000e+00  0.000000000e+00
  0.000000000e+00  0.000000000e+00  0.000000000e+00  0.000000000e+00
  0.000000000e+00  0.000000000e+00  0.000000000e+00  0.000000000e+00
  0.000000000e+00  0.000000000e+00  0.000000000e+00  0.000000000e+00
  0.000000000e+00  0.000000000e+00  0.000000000e+00  0.000000000e+00
  0.000000000e+00  0.000000000e+00  0.000000000e+00  0.000000000e+00
  0.000000000e+00  0.000000000e+00  0.000000000e+00  0.000000000e+00
  0.000000000e+00  0.000000000e+00  0.000000000e+00  0.000000000e+00
  0.000000000e+00  0.000000000e+00  0.000000000e+00  0.000000000e+00
  0.000000000e+00  0.000000000e+00  0.000000000e+00  0.000000000e+00
  0.000000000e+00
@R QIONI 101 []
  0.000000000e+00  0.000000000e+00  0.000000000e+00  0.000000000e+00
  0.000000000e+00  0.000000000e+00  0.000000000e+00  0.000000000e+00
  0.000000000e+00  0.000000000e+00  0.000000000e+00  0.000000000e+00
  0.000000000e+00  0.000000000e+00  0.000000000e+00  0.000000000e+00
  0.000000000e+00  0.000000000e+00  0.000000000e+00  0.000000000e+00
  0.000000000e+00  0.000000000e+00  0.000000000e+00  0.000000000e+00
  0.000000000e+00  0.000000000e+00  0.000000000e+00  0.000000000e+00
  0.000000000e+00  0.000000000e+00  0.000000000e+00  0.000000000e+00
  0.000000000e+00  0.000000000e+00  0.000000000e+00  0.000000000e+00
  0.000000000e+00  0.000000000e+00  0.000000000e+00  0.000000000e+00
  0.000000000e+00  0.000000000e+00  0.000000000e+00  0.000000000e+00
  0.000000000e+00  0.000000000e+00  0.000000000e+00  0.000000000e+00
  0.000000000e+00  0.000000000e+00  0.000000000e+00  0.000000000e+00
  0.000000000e+00  0.000000000e+00  0.000000000e+00  0.000000000e+00
  0.000000000e+00  0.000000000e+00  0.000000000e+00  0.000000000e+00
  0.000000000e+00  0.000000000e+00  0.000000000e+00  0.000000000e+00
  0.000000000e+00  0.000000000e+00  0.000000000e+00  0.000000000e+00
  0.000000000e+00  0.000000000e+00  0.000000000e+00  0.000000000e+00
  0.000000000e+00  0.000000000e+00  0.000000000e+00  0.000000000e+00
  0.000000000e+00  0.000000000e+00  0.000000000e+00  0.000000000e+00
  0.000000000e+00  0.000000000e+00  0.000000000e+00  0.000000000e+00
  0.000000000e+00  0.000000000e+00  0.000000000e+00  0.000000000e+00
  0.000000000e+00  0.000000000e+00  0.000000000e+00  0.000000000e+00
  0.000000000e+00  0.000000000e+00  0.000000000e+00  0.000000000e+00
  0.000000000e+00  0.000000000e+00  0.000000000e+00  0.000000000e+00
  0.000000000e+00
@R QCX 101 []
  0.000000000e+00  0.000000000e+00  0.000000000e+00  0.000000000e+00
  0.000000000e+00  0.000000000e+00  0.000000000e+00  0.000000000e+00
  0.000000000e+00  0.000000000e+00  0.000000000e+00  0.000000000e+00
  0.000000000e+00  0.000000000e+00  0.000000000e+00  0.000000000e+00
  0.000000000e+00  0.000000000e+00  0.000000000e+00  0.000000000e+00
  0.000000000e+00  0.000000000e+00  0.000000000e+00  0.000000000e+00
  0.000000000e+00  0.000000000e+00  0.000000000e+00  0.000000000e+00
  0.000000000e+00  0.000000000e+00  0.000000000e+00  0.000000000e+00
  0.000000000e+00  0.000000000e+00  0.000000000e+00  0.000000000e+00
  0.000000000e+00  0.000000000e+00  0.000000000e+00  0.000000000e+00
  0.000000000e+00  0.000000000e+00  0.000000000e+00  0.000000000e+00
  0.000000000e+00  0.000000000e+00  0.000000000e+00  0.000000000e+00
  0.000000000e+00  0.000000000e+00  0.000000000e+00  0.000000000e+00
  0.000000000e+00  0.000000000e+00  0.000000000e+00  0.000000000e+00
  0.000000000e+00  0.000000000e+00  0.000000000e+00  0.000000000e+00
  0.000000000e+00  0.000000000e+00  0.000000000e+00  0.000000000e+00
  0.000000000e+00  0.000000000e+00  0.000000000e+00  0.000000000e+00
  0.000000000e+00  0.000000000e+00  0.000000000e+00  0.000000000e+00
  0.000000000e+00  0.000000000e+00  0.000000000e+00  0.000000000e+00
  0.000000000e+00  0.000000000e+00  0.000000000e+00  0.000000000e+00
  0.000000000e+00  0.000000000e+00  0.000000000e+00  0.000000000e+00
  0.000000000e+00  0.000000000e+00  0.000000000e+00  0.000000000e+00
  0.000000000e+00  0.000000000e+00  0.000000000e+00  0.000000000e+00
  0.000000000e+00  0.000000000e+00  0.000000000e+00  0.000000000e+00
  0.000000000e+00  0.000000000e+00  0.000000000e+00  0.000000000e+00
  0.000000000e+00
@R STORQUEB 101 []
  0.000000000e+00  0.000000000e+00  0.000000000e+00  0.000000000e+00
  0.000000000e+00  0.000000000e+00  0.000000000e+00  0.000000000e+00
  0.000000000e+00  0.000000000e+00  0.000000000e+00  0.000000000e+00
  0.000000000e+00  0.000000000e+00  0.000000000e+00  0.000000000e+00
  0.000000000e+00  0.000000000e+00  0.000000000e+00  0.000000000e+00
  0.000000000e+00  0.000000000e+00  0.000000000e+00  0.000000000e+00
  0.000000000e+00  0.000000000e+00  0.000000000e+00  0.000000000e+00
  0.000000000e+00  0.000000000e+00  0.000000000e+00  0.000000000e+00
  0.000000000e+00  0.000000000e+00  0.000000000e+00  0.000000000e+00
  0.000000000e+00  0.000000000e+00  0.000000000e+00  0.000000000e+00
  0.000000000e+00  0.000000000e+00  0.000000000e+00  0.000000000e+00
  0.000000000e+00  0.000000000e+00  0.000000000e+00  0.000000000e+00
  0.000000000e+00  0.000000000e+00  0.000000000e+00  0.000000000e+00
  0.000000000e+00  0.000000000e+00  0.000000000e+00  0.000000000e+00
  0.000000000e+00  0.000000000e+00  0.000000000e+00  0.000000000e+00
  0.000000000e+00  0.000000000e+00  0.000000000e+00  0.000000000e+00
  0.000000000e+00  0.000000000e+00  0.000000000e+00  0.000000000e+00
  0.000000000e+00  0.000000000e+00  0.000000000e+00  0.000000000e+00
  0.000000000e+00  0.000000000e+00  0.000000000e+00  0.000000000e+00
  0.000000000e+00  0.000000000e+00  0.000000000e+00  0.000000000e+00
  0.000000000e+00  0.000000000e+00  0.000000000e+00  0.000000000e+00
  0.000000000e+00  0.000000000e+00  0.000000000e+00  0.000000000e+00
  0.000000000e+00  0.000000000e+00  0.000000000e+00  0.000000000e+00
  0.000000000e+00  0.000000000e+00  0.000000000e+00  0.000000000e+00
  0.000000000e+00  0.000000000e+00  0.000000000e+00  0.000000000e+00
  0.000000000e+00
@R STORQUE 101 []
  0.000000000e+00  0.000000000e+00  0.000000000e+00  0.000000000e+00
  0.000000000e+00  0.000000000e+00  0.000000000e+00  0.000000000e+00
  0.000000000e+00  0.000000000e+00  0.000000000e+00  0.000000000e+00
  0.000000000e+00  0.000000000e+00  0.000000000e+00  0.000000000e+00
  0.000000000e+00  0.000000000e+00  0.000000000e+00  0.000000000e+00
  0.000000000e+00  0.000000000e+00  0.000000000e+00  0.000000000e+00
  0.000000000e+00  0.000000000e+00  0.000000000e+00  0.000000000e+00
  0.000000000e+00  0.000000000e+00  0.000000000e+00  0.000000000e+00
  0.000000000e+00  0.000000000e+00  0.000000000e+00  0.000000000e+00
  0.000000000e+00  0.000000000e+00  0.000000000e+00  0.000000000e+00
  0.000000000e+00  0.000000000e+00  0.000000000e+00  0.000000000e+00
  0.000000000e+00  0.000000000e+00  0.000000000e+00  0.000000000e+00
  0.000000000e+00  0.000000000e+00  0.000000000e+00  0.000000000e+00
  0.000000000e+00  0.000000000e+00  0.000000000e+00  0.000000000e+00
  0.000000000e+00  0.000000000e+00  0.000000000e+00  0.000000000e+00
  0.000000000e+00  0.000000000e+00  0.000000000e+00  0.000000000e+00
  0.000000000e+00  0.000000000e+00  0.000000000e+00  0.000000000e+00
  0.000000000e+00  0.000000000e+00  0.000000000e+00  0.000000000e+00
  0.000000000e+00  0.000000000e+00  0.000000000e+00  0.000000000e+00
  0.000000000e+00  0.000000000e+00  0.000000000e+00  0.000000000e+00
  0.000000000e+00  0.000000000e+00  0.000000000e+00  0.000000000e+00
  0.000000000e+00  0.000000000e+00  0.000000000e+00  0.000000000e+00
  0.000000000e+00  0.000000000e+00  0.000000000e+00  0.000000000e+00
  0.000000000e+00  0.000000000e+00  0.000000000e+00  0.000000000e+00
  0.000000000e+00  0.000000000e+00  0.000000000e+00  0.000000000e+00
  0.000000000e+00
@R SION 101 []
  4.724707432e-07  6.617920770e-07  1.184562255e-06  2.099331527e-06
  3.683743851e-06  6.399986082e-06  1.100906425e-05  1.875018616e-05
  3.161861511e-05  5.279111810e-05  8.726910125e-05  1.428370877e-04
  2.314731100e-04  3.713974258e-04  5.900053126e-04  9.280032110e-04
  1.445177568e-03  2.228277250e-03  3.401675417e-03  5.141521121e-03
  7.694215230e-03  1.140016808e-02  1.672365404e-02  2.428974218e-02
  3.492897388e-02  4.973027804e-02  7.010182616e-02  9.783885601e-02
  1.351972539e-01  1.849684750e-01  2.505517257e-01  3.360182850e-01
  4.461659689e-01  5.865515500e-01  7.634883705e-01  9.839826190e-01
  1.255608841e+00  1.586337212e+00  1.984305724e+00  2.457530535e+00
  3.013492477e+00  3.658668349e+00  4.398037646e+00  5.234482089e+00
  6.168294756e+00  7.196741440e+00  8.313522042e+00  9.508564106e+00
  1.076775459e+01  1.207301673e+01  1.340251500e+01  1.473115119e+01
  1.603120475e+01  1.727325925e+01  1.842729612e+01  1.946375540e+01
  2.035499106e+01  2.107624288e+01  2.160693349e+01  2.193169876e+01
  2.204091198e+01  2.193132628e+01  2.160628578e+01  2.107533103e+01
  2.035386518e+01  1.946249475e+01  1.842593779e+01  1.727187076e+01
  1.602976680e+01  1.472969269e+01  1.340105582e+01  1.207155551e+01
  1.076628592e+01  9.507077176e+00  8.312024882e+00  7.195241042e+00
  6.166841087e+00  5.233096429e+00  4.396761647e+00  3.657511029e+00
  3.012429683e+00  2.456557306e+00  1.983424434e+00  1.585560769e+00
  1.254955527e+00  9.834486217e-01  7.630489050e-01  5.861789646e-01
  4.458466522e-01  3.357524210e-01  2.503411149e-01  1.848098468e-01
  1.350820122e-01  9.775702706e-02  7.004488695e-02  4.969161868e-02
  3.490338483e-02  2.427332373e-02  1.671357462e-02  1.139435011e-02
  9.205488740e-03
@R CHIE 101 []
  0.000000000e+00  0.000000000e+00  0.000000000e+00  0.000000000e+00
  0.000000000e+00  0.000000000e+00  0.000000000e+00  0.000000000e+00
  0.000000000e+00  0.000000000e+00  0.000000000e+00  0.000000000e+00
  0.000000000e+00  0.000000000e+00  0.000000000e+00  0.000000000e+00
  0.000000000e+00  0.000000000e+00  0.000000000e+00  0.000000000e+00
  0.000000000e+00  0.000000000e+00  0.000000000e+00  0.000000000e+00
  0.000000000e+00  0.000000000e+00  0.000000000e+00  0.000000000e+00
  0.000000000e+00  0.000000000e+00  0.000000000e+00  0.000000000e+00
  0.000000000e+00  0.000000000e+00  0.000000000e+00  0.000000000e+00
  0.000000000e+00  0.000000000e+00  0.000000000e+00  0.000000000e+00
  0.000000000e+00  0.000000000e+00  0.000000000e+00  0.000000000e+00
  0.000000000e+00  0.000000000e+00  0.000000000e+00  0.000000000e+00
  0.000000000e+00  0.000000000e+00  0.000000000e+00  0.000000000e+00
  0.000000000e+00  0.000000000e+00  0.000000000e+00  0.000000000e+00
  0.000000000e+00  0.000000000e+00  0.000000000e+00  0.000000000e+00
  0.000000000e+00  0.000000000e+00  0.000000000e+00  0.000000000e+00
  0.000000000e+00  0.000000000e+00  0.000000000e+00  0.000000000e+00
  0.000000000e+00  0.000000000e+00  0.000000000e+00  0.000000000e+00
  0.000000000e+00  0.000000000e+00  0.000000000e+00  0.000000000e+00
  0.000000000e+00  0.000000000e+00  0.000000000e+00  0.000000000e+00
  0.000000000e+00  0.000000000e+00  0.000000000e+00  0.000000000e+00
  0.000000000e+00  0.000000000e+00  0.000000000e+00  0.000000000e+00
  0.000000000e+00  0.000000000e+00  0.000000000e+00  0.000000000e+00
  0.000000000e+00  0.000000000e+00  0.000000000e+00  0.000000000e+00
  0.000000000e+00  0.000000000e+00  0.000000000e+00  0.000000000e+00
  0.000000000e+00
@R CHII 101 []
  0.000000000e+00  0.000000000e+00  0.000000000e+00  0.000000000e+00
  0.000000000e+00  0.000000000e+00  0.000000000e+00  0.000000000e+00
  0.000000000e+00  0.000000000e+00  0.000000000e+00  0.000000000e+00
  0.000000000e+00  0.000000000e+00  0.000000000e+00  0.000000000e+00
  0.000000000e+00  0.000000000e+00  0.000000000e+00  0.000000000e+00
  0.000000000e+00  0.000000000e+00  0.000000000e+00  0.000000000e+00
  0.000000000e+00  0.000000000e+00  0.000000000e+00  0.000000000e+00
  0.000000000e+00  0.000000000e+00  0.000000000e+00  0.000000000e+00
  0.000000000e+00  0.000000000e+00  0.000000000e+00  0.000000000e+00
  0.000000000e+00  0.000000000e+00  0.000000000e+00  0.000000000e+00
  0.000000000e+00  0.000000000e+00  0.000000000e+00  0.000000000e+00
  0.000000000e+00  0.000000000e+00  0.000000000e+00  0.000000000e+00
  0.000000000e+00  0.000000000e+00  0.000000000e+00  0.000000000e+00
  0.000000000e+00  0.000000000e+00  0.000000000e+00  0.000000000e+00
  0.000000000e+00  0.000000000e+00  0.000000000e+00  0.000000000e+00
  0.000000000e+00  0.000000000e+00  0.000000000e+00  0.000000000e+00
  0.000000000e+00  0.000000000e+00  0.000000000e+00  0.000000000e+00
  0.000000000e+00  0.000000000e+00  0.000000000e+00  0.000000000e+00
  0.000000000e+00  0.000000000e+00  0.000000000e+00  0.000000000e+00
  0.000000000e+00  0.000000000e+00  0.000000000e+00  0.000000000e+00
  0.000000000e+00  0.000000000e+00  0.000000000e+00  0.000000000e+00
  0.000000000e+00  0.000000000e+00  0.000000000e+00  0.000000000e+00
  0.000000000e+00  0.000000000e+00  0.000000000e+00  0.000000000e+00
  0.000000000e+00  0.000000000e+00  0.000000000e+00  0.000000000e+00
  0.000000000e+00  0.000000000e+00  0.000000000e+00  0.000000000e+00
  0.000000000e+00
