&PROFILE_EXT
  NPSI_EXT = 257 
  PSIN_EXT = 0.0 0.00390625 0.0078125 0.01171875 0.015625 0.01953125  
    0.0234375 0.02734375 0.03125 0.03515625 0.0390625 0.04296875  
    0.046875 0.05078125 0.0546875 0.05859375 0.0625 0.06640625  
    0.0703125 0.07421875 0.078125 0.08203125 0.0859375 0.08984375  
    0.09375 0.09765625 0.1015625 0.10546875 0.109375 0.11328125  
    0.1171875 0.12109375 0.125 0.12890625 0.1328125 0.13671875 0.140625  
    0.14453125 0.1484375 0.15234375 0.15625 0.16015625 0.1640625  
    0.16796875 0.171875 0.17578125 0.1796875 0.18359375 0.1875  
    0.19140625 0.1953125 0.19921875 0.203125 0.20703125 0.2109375  
    0.21484375 0.21875 0.22265625 0.2265625 0.23046875 0.234375  
    0.23828125 0.2421875 0.24609375 0.25 0.25390625 0.2578125  
    0.26171875 0.265625 0.26953125 0.2734375 0.27734375 0.28125  
    0.28515625 0.2890625 0.29296875 0.296875 0.30078125 0.3046875  
    0.30859375 0.3125 0.31640625 0.3203125 0.32421875 0.328125  
    0.33203125 0.3359375 0.33984375 0.34375 0.34765625 0.3515625  
    0.35546875 0.359375 0.36328125 0.3671875 0.37109375 0.375  
    0.37890625 0.3828125 0.38671875 0.390625 0.39453125 0.3984375  
    0.40234375 0.40625 0.41015625 0.4140625 0.41796875 0.421875  
    0.42578125 0.4296875 0.43359375 0.4375 0.44140625 0.4453125  
    0.44921875 0.453125 0.45703125 0.4609375 0.46484375 0.46875  
    0.47265625 0.4765625 0.48046875 0.484375 0.48828125 0.4921875  
    0.49609375 0.5 0.50390625 0.5078125 0.51171875 0.515625 0.51953125  
    0.5234375 0.52734375 0.53125 0.53515625 0.5390625 0.54296875  
    0.546875 0.55078125 0.5546875 0.55859375 0.5625 0.56640625  
    0.5703125 0.57421875 0.578125 0.58203125 0.5859375 0.58984375  
    0.59375 0.59765625 0.6015625 0.60546875 0.609375 0.61328125  
    0.6171875 0.62109375 0.625 0.62890625 0.6328125 0.63671875 0.640625  
    0.64453125 0.6484375 0.65234375 0.65625 0.66015625 0.6640625  
    0.66796875 0.671875 0.67578125 0.6796875 0.68359375 0.6875  
    0.69140625 0.6953125 0.69921875 0.703125 0.70703125 0.7109375  
    0.71484375 0.71875 0.72265625 0.7265625 0.73046875 0.734375  
    0.73828125 0.7421875 0.74609375 0.75 0.75390625 0.7578125  
    0.76171875 0.765625 0.76953125 0.7734375 0.77734375 0.78125  
    0.78515625 0.7890625 0.79296875 0.796875 0.80078125 0.8046875  
    0.80859375 0.8125 0.81640625 0.8203125 0.82421875 0.828125  
    0.83203125 0.8359375 0.83984375 0.84375 0.84765625 0.8515625  
    0.85546875 0.859375 0.86328125 0.8671875 0.87109375 0.875  
    0.87890625 0.8828125 0.88671875 0.890625 0.89453125 0.8984375  
    0.90234375 0.90625 0.91015625 0.9140625 0.91796875 0.921875  
    0.92578125 0.9296875 0.93359375 0.9375 0.94140625 0.9453125  
    0.94921875 0.953125 0.95703125 0.9609375 0.96484375 0.96875  
    0.97265625 0.9765625 0.98046875 0.984375 0.98828125 0.9921875  
    0.99609375 1.0 
  PPRIME_EXT = 794886.5366505899 783952.5477271625 773107.6219350524  
    762351.7592742597 751684.959744784 741107.2233466257  
    730618.5500797846 720218.9399442608 709908.3929400541  
    699686.9090671646 689554.4883255926 679511.1307153377  
    669556.8362364001 659691.6048887797 649915.4366724764  
    640228.3315874906 630630.2896338219 621121.3108114705  
    611701.3951204363 602370.5425607193 593128.7531323197  
    583976.0268352372 574912.363669472 565937.7636350241  
    557052.2267318934 548255.7529600798 541192.3354314653  
    536716.593250661 532189.5109413739 527344.093045261  
    521626.7193446149 514254.3719217632 505267.49177134695  
    494906.87261180277 483796.1373999688 472785.8232216943  
    462158.52240564814 452105.00139898004 442636.8067025909  
    433612.0111332206 425020.3175226537 416794.6241251755  
    408904.50901721674 401361.91177178844 394083.56857569376  
    387106.99015660543 380397.8781150672 373954.3690038613  
    367771.8019929848 361812.84895776917 356098.849351479  
    350596.0723670797 345319.50275515945 340239.2033835974  
    335357.8545928092 330639.0606729436 326012.1949118746  
    321476.325704555 316959.6891057708 312448.49693797337  
    307911.2000453845 303379.18725296797 298836.820129363  
    294273.4783952305 289682.8617471729 285023.27378093294  
    280315.2165172495 275449.21985673206 270489.8815811398  
    265466.5320249782 260421.05030029983 255417.39438842278  
    250484.68609409753 245754.5956170473 241191.01362454754  
    236780.7546798058 232591.2965811057 228550.712256628  
    224689.62344100722 221030.9266645965 217517.45875702045  
    214246.7262160734 211235.37304147467 208421.7306150762  
    205864.70815525862 203551.34698161215 201417.79343634885  
    199477.17266963067 197696.98170023895 196029.93178623327  
    194508.4970379994 193121.12637971825 191816.25726979825  
    190622.2825405653 189550.91323292334 188552.7460860031  
    187601.98195290598 186693.13851202803 185791.91498555295  
    184862.12792338536 183911.4215968124 182923.40352173054  
    181864.55585460796 180767.1923555865 179660.21399960984  
    178511.53061720345 177315.20225788257 176113.0149401215  
    174908.34488506507 173668.09123206843 172397.19641400056  
    171125.5053702472 169843.42997319862 168526.83464261488  
    167190.3110817995 165855.46982089832 164508.0682831501  
    163130.5313540789 161738.4902330545 160350.07916204183  
    158952.4692714589 157530.24702505005 156096.91160554596  
    154670.10607983294 153239.7952112235 151789.76572445768  
    150328.08854413487 148872.5486347761 147418.45151315822  
    145948.6710388907 144465.31835386186 142987.35343315598  
    141517.80621905276 140043.23165216538 138561.61686249508  
    137088.66911212532 135636.58482336096 134195.79398218868  
    132755.79561786802 131325.54309213912 129919.98397371404  
    128533.50204735633 127152.50512879438 125777.80685833763  
    124420.12666579698 123085.30890020975 121765.93047126979  
    120455.93600137677 119158.87823357718 117886.48913906366  
    116643.26521555308 115418.08117465627 114203.8084022486  
    113008.33853315303 111841.28784554085 110694.95063307128  
    109558.72210321078 108432.75278666193 107321.15868862579  
    106229.87780842689 105157.21410666063 104094.22585439382  
    103036.21710594755 101990.3738066614 100964.96066777396  
    99951.2609873608 98939.10670158328 97930.06824685205  
    96929.85900013795 95945.43208675996 94976.9197909573  
    94018.05384029134 93068.28590166003 92140.90739196539  
    91245.83496650573 90375.31102981471 89522.69425022657  
    88690.14613516474 87882.91629414882 87103.55666365776  
    86350.85907242104 85622.4588029875 84916.13313580261  
    84239.96738941042 83606.22416080284 83011.44013902619  
    82449.81850400424 81918.16541835807 81412.64082967956  
    80933.84632702405 80477.84699700514 80025.06088950922  
    79560.7162822222 79091.27048784186 78622.2210016438  
    78149.05850331543 77666.58231825229 77178.57073533695  
    76679.11984594693 76152.03641285349 75590.95547975031  
    74990.80017735244 74328.79471006682 73593.68560967216  
    72789.35125463881 71908.68622621271 70947.4352272295  
    69911.3162146427 68800.66701633167 67778.37068323008  
    67009.93453838784 66532.14740718286 66220.34115820736  
    65571.21682575144 64347.03424450141 62443.24364306484  
    61133.32621353027 62292.032470132675 66190.7312036156  
    72906.73829182115 83334.19016736874 97992.86480639465  
    117205.26483264983 138701.41475137864 158567.89451369797  
    175923.30489759461 190983.98795366564 203794.35171495203  
    214446.0129506613 222786.0257629121 229590.93469537958  
    236134.68929696473 242707.9136311484 249082.50962687784  
    254427.38825846557 258161.1581620442 260313.80936056678  
    260741.71556542368 259343.20650422547 256080.01759807995  
    250962.4826420862 244144.03611629398 235715.62517774088  
    225654.72340294506 214206.5731225814 201649.13116115134  
    187873.14543144242 173699.22016102905 160349.05017886029  
    148286.34760843782 136612.96220126716 122734.04072714195  
    105409.62545771968 84775.84240112266 60677.97956103411  
    32998.08456775932 1736.1574203073978 
  FFPRIM_EXT = 0.14786908732476017 0.4037338342463229  
    0.6503332949986085 0.8938374882952101 1.13441403908399  
    1.3720817788236654 1.6068488549272226 1.8387266033915726  
    2.067721452351842 2.2938502826704736 2.517111997261821  
    2.73751482473954 2.95506668423986 3.169774272823541  
    3.38164564244002 3.590688487408703 3.7969097296491037  
    4.000316272894592 4.200914906149498 4.398715426013792  
    4.593724654076745 4.785949731104606 4.975399102709862  
    5.1620738629072696 5.345979129390148 5.527239024675728  
    5.659888864364852 5.720000950156131 5.781562025913999  
    5.851836421217172 5.946083001363767 6.08614629999968  
    6.270803409821726 6.493360786569756 6.736443449921655  
    6.976387581689192 7.2054335337940465 7.4182915064290125  
    7.6146743238969545 7.79855501534694 7.970222981147344  
    8.131553956974795 8.283408212008235 8.425452163066044  
    8.56000920822628 8.686039817453144 8.8044941825353  
    8.915433969046191 9.018981866772235 9.11618941445353  
    9.206464003207039 9.290749557204755 9.36863151744798  
    9.440941887777466 9.507607807953447 9.569628792846384  
    9.628956970530858 9.685604320622929 9.741548156969305  
    9.797167143628604 9.853323250165069 9.90915543820606  
    9.96508760158175 10.02142250910661 10.078316057426807  
    10.136922064045205 10.196653418365653 10.26053506611872  
    10.326778916386395 10.394581308055635 10.462813880120448  
    10.529725870540858 10.594541898514274 10.653652479062611  
    10.708067047391909 10.758163275699758 10.802073637752677  
    10.841783882280286 10.876464515674336 10.905481782331279  
    10.930426311905531 10.948629740891075 10.959635167747102  
    10.965149795963818 10.963555844982277 10.955195877128238  
    10.941833103437776 10.923100206858718 10.89986712491368  
    10.873435911274731 10.842912546638015 10.80860423379379  
    10.771933618840794 10.732123974655615 10.688835928578925  
    10.643411342052772 10.596555240738546 10.548397499787793  
    10.499860202056833 10.451933311909823 10.404395009504054  
    10.357688677560827 10.312743929825327 10.268686630090144  
    10.224723609223414 10.181733881214793 10.139892212237392  
    10.098059490583179 10.056135643530899 10.015025048740934  
    9.974599649735332 9.9340441655321 9.893617578197055  
    9.853984076825824 9.81475245000961 9.775331008608966  
    9.736104542627741 9.697554487541346 9.659256265185928  
    9.620705827776966 9.58224392623545 9.544292657438332  
    9.506486737020388 9.468338576132393 9.430113619082721  
    9.392254856742433 9.354546320002544 9.31650208206456  
    9.27824331543284 9.240232903667739 9.202415942665006  
    9.164276768712151 9.12572622313387 9.08712431237719  
    9.048529680081733 9.009520028866397 8.96976040792204  
    8.929503571343602 8.889037750873047 8.848125797700781  
    8.806360252268949 8.76388469501116 8.721066768774445  
    8.67788844761974 8.634060142266353 8.589419345006618  
    8.544162680883417 8.498453243702993 8.452197681324085  
    8.405080395744548 8.35697504833578 8.308177069286694  
    8.258882266348207 8.208881255122723 8.157910671905892  
    8.10617215752499 8.053952074699865 8.00124835325498  
    7.947949964013213 7.893892596392233 7.839115087055701  
    7.783856159516851 7.728245275132735 7.672090917363483  
    7.615164202270727 7.557689901809081 7.499941312314849  
    7.44187941400223 7.383351327735392 7.3241655423191325  
    7.264313171699131 7.20396168594046 7.143129115243644  
    7.081462797267079 7.018693322194416 6.955017394622952  
    6.89061224284503 6.825424468337322 6.759315433670302  
    6.692209047473537 6.624129500694613 6.555140036146531  
    6.485304030902817 6.414408072036736 6.342118651118014  
    6.268520296503796 6.1937679869005065 6.117948295981092  
    6.041160000035938 5.963374834955957 5.884685196858465  
    5.805606679969021 5.726530430977354 5.647280384509219  
    5.567699641097382 5.487899554652413 5.408017839140438  
    5.3279525631792275 5.2478535949853935 5.16813985141534  
    5.0889697780632766 5.010470149053859 4.933242166219627  
    4.857580622238501 4.783369399771091 4.710780108810187  
    4.639927280241844 4.570668029956883 4.503006083241056  
    4.432671950176934 4.355299314146059 4.269886711487631  
    4.179700783997255 4.097887075569805 4.03063804699171  
    3.98105592305396 3.915681126331928 3.7851743997204075  
    3.5828499801446196 3.3070294162328215 2.934189846960183  
    2.450680933011861 1.8478775702882313 1.1849767175101549  
    0.5648379789527503 0.01021265096327707 -0.4851318318193925  
    -0.9224001040365808 -1.3038598911122379 -1.6253103107650384  
    -1.9071239847872214 -2.1826395660277775 -2.459294160457265  
    -2.731147970131428 -2.976383254924401 -3.1798280167211783  
    -3.3423872141180038 -3.4602186749855157 -3.530506489245261  
    -3.552072511040134 -3.5249718257728375 -3.4529666334511364  
    -3.338134677709678 -3.1795241195359 -2.9830484942025253  
    -2.755216451662326 -2.4921739380209935 -2.214318881961106  
    -1.9530968950234753 -1.7206637902853972 -1.493490494362622  
    -1.2034654931688613 -0.8163907271427628 -0.3352984682874012  
    0.24660879770151692 0.9406211310649815 1.7467385318004744 
  P_EXT = 1497906.5707175168 1479662.2985489313 1461183.6102940491  
    1443145.3626688241 1425689.8811818007 1408878.1777392556  
    1392577.2791392396 1376630.072327315 1360927.5391920554  
    1345403.2583942146 1330020.0144966114 1314760.373041167  
    1299611.0456332625 1284560.2401215683 1269600.575600807  
    1254731.027847117 1239955.7820137092 1225280.1851336784  
    1210708.6134316649 1196244.9265138693 1181891.7264364948  
    1167651.1607771772 1153524.769933872 1139512.5714379642  
    1125614.6648285156 1111830.9964332853 1098162.5025687804  
    1084608.5149750395 1071166.5421331674 1057842.501138325  
    1044648.8896840939 1031618.9917124129 1018795.8637824839  
    1006215.9793892622 993908.7536617512 981880.5995263043  
    970124.8142531699 958629.6051435594 947379.4067121334  
    936361.6296375098 925565.457145005 914980.3975388079  
    904598.2255308188 894409.9319663986 884407.8442560806  
    874585.3307588835 864934.4465844787 855449.411393716  
    846122.6693616215 836948.9250113361 827921.7343959438  
    819035.682181577 810285.1509886411 801664.7567450003  
    793169.7378561569 784795.1764505878 776538.1009824597  
    768396.2748157321 760367.9513321612 752453.4237343133  
    744652.2738638183 736965.7052968934 729392.6429214262  
    721934.6405837722 714591.1632368122 707364.4145514269  
    700255.1386401041 693266.1189247186 686401.0569507352  
    679661.241849346 673048.4990010161 666561.9311889368  
    660200.6238682644 653961.0633144586 647837.978296099  
    641828.0726139186 635926.254249104 630127.6777809792  
    624428.8407069978 618824.2818408608 613309.9533626144  
    607881.3015806287 602531.3487142081 597254.6824726635  
    592045.7596384191 586897.8181589913 581805.7907720667  
    576765.0552387784 571770.9119581957 566820.1149777872  
    561909.5506832355 557035.3774540354 552195.0290070374  
    547386.2515816455 542605.860906987 537851.3866251747  
    533121.4191940468 528414.8135158085 523730.8476979608  
    519069.87611873256 514432.6137089983 509819.59927075385  
    505232.3143023662 500672.2880932548 496139.9572946534  
    491635.88017201144 487161.3769528782 482717.12382714055  
    478303.06131436187 473919.67955651163 469567.95930437476  
    465248.2522852316 460960.57740194094 456705.560013996  
    452483.98642463423 448296.01388075494 444141.70108232496  
    440021.6490219878 435936.4941169254 431886.3085311784  
    427871.0970824944 423891.33929904504 419947.5512524082  
    416039.74113020155 412167.80433052883 408332.0735492462  
    404533.00433963595 400770.64559556334 397044.82817635225  
    393355.752857695 389703.84644977463 386089.2235754662  
    382511.6321620095 378971.0389852947 375467.6342977305  
    372001.4334178548 368572.0145213704 365178.93248919665  
    361822.07218793465 358501.34579993534 355216.30069092143  
    351966.3198315213 348751.1275436833 345570.60284170974  
    342424.466855134 339312.1833364272 336233.24979526375  
    333187.3806627305 330174.3089549976 327193.58238882525  
    324244.47309408634 321326.3729143515 318438.949106021  
    315581.8596679723 312754.48637735983 309956.1632118197  
    307186.53862318536 304445.3655331634 301732.3417479022  
    299047.03113148955 296388.9120807196 293757.63050704484  
    291153.018236459 288574.89337219973 286022.8168590549  
    283496.3424909252 280995.3394603331 278519.76243394107  
    276069.46529184264 273644.139664231 271243.35726375773  
    268866.7995385624 266514.25188493775 264185.3552660538  
    261879.37084401588 259595.56065426517 257333.41853247292  
    255092.47613042593 252872.16647255525 250671.805665359  
    248490.7072757466 246328.226350702 244183.78451722924  
    242056.76340215403 239946.22934379964 237851.11402045394  
    235770.54569862515 233703.70624867093 231649.91182481014  
    229608.49479842972 227578.81632721273 225560.49984323554  
    223553.71996427522 221558.70548924615 219575.49225278647  
    217604.10837494401 215644.7384107691 213697.5910026479  
    211762.8171024837 209840.92740375357 207932.7187124092  
    206039.09346738644 204161.26300940575 202301.03041474946  
    200460.14280578727 198640.42711051868 196843.8718752463  
    195072.45835284342 193328.01619285054 191611.10191273887  
    189916.69293754152 188238.1219684346 186568.79042527042  
    184910.12229291402 183275.43413276225 181679.21775945887  
    180129.61281817715 178583.56793538938 176973.40635021284  
    175230.6122874561 173275.14575307647 171003.50256144133  
    168308.0137586396 165089.03291088226 161345.11280093703  
    157134.25346366642 152515.55696030462 147546.7854552816  
    142282.97020479437 136779.7110950948 131089.89013903425  
    125233.66999494185 119212.26731114154 113027.33168144716  
    106692.25930916038 100243.35460896725 93720.22524298848  
    87164.24794681912 80620.4474823109 74135.13470375506  
    67755.38318034171 61526.19175545673 55488.639861968535  
    49683.57920273664 44150.02624363566 38918.46771270179  
    34017.45937810374 29471.942049387544 25273.628555628922  
    21395.7262074569 17811.68591668039 14542.698199490449  
    11667.150773797774 9268.425407040886 7432.036931160226  
    6246.402685319603 5802.970218805656 
  F_EXT = 50.82439539000002 50.82572943071776 50.82688268896564  
    50.827858340497286 50.828659546380266 50.82928935438164  
    50.82975033280765 50.83004497956075 50.83017598083289  
    50.83014603745581 50.82995772579461 50.82961361774233  
    50.82911635825127 50.828468599623335 50.82767290310716  
    50.82673182828583 50.82564796976813 50.82442392670116  
    50.823062272381186 50.82156556682533 50.819936353667046  
    50.8181771900071 50.81629071063752 50.81427947179832  
    50.81214570047585 50.80989553326395 50.80755109672444  
    50.805136938488324 50.80267205199264 50.800166576024665  
    50.79760603261663 50.794967859741405 50.79222633374938  
    50.78935789559768 50.786349391288894 50.783193869755955  
    50.779896580368735 50.77646640910943 50.77291337155009  
    50.76924747187946 50.765477328311434 50.76161100728122  
    50.75765602772074 50.75361939120313 50.749507524521945  
    50.74532627585188 50.741081005429166 50.73677661430512  
    50.73241749063136 50.72800778681337 50.72355153497453  
    50.719052649222846 50.714514742255744 50.709941250795474  
    50.70533521177137 50.70069932054572 50.696035312449794  
    50.69134444376298 50.68662701433518 50.68188298292844  
    50.67711189741631 50.67231321849358 50.66748653555311  
    50.662631339313435 50.65774692759291 50.6528322146128  
    50.64788566787877 50.64290539911441 50.637889449851414  
    50.63283612287951 50.62774471228357 50.622615211766075  
    50.61744888677927 50.61224760580718 50.607014197092454  
    50.60175165697058 50.59646286185729 50.59115057666205  
    50.5858176291772 50.58046690234125 50.57510157510593  
    50.56972501470338 50.56434100900607 50.55895336306898  
    50.55356576502736 50.548181700093636 50.5428043889838  
    50.53743676683284 50.532081180133446 50.52673961192862  
    50.521413817456065 50.516105370505514 50.510815863103765  
    50.50554675413301 50.50029928206977 50.49507425750912  
    50.48987201773169 50.48469247320243 50.47953505126985  
    50.474398838731055 50.469282563155026 50.464184824359876  
    50.45910452947206 50.454040753171085 50.448992782690475  
    50.443960109047694 50.43894239622543 50.43393942672097  
    50.42895107417813 50.42397723079465 50.41901779258684  
    50.414072700235316 50.40914207436595 50.40422613953528  
    50.39932519293272 50.394439613780435 50.38956991542275  
    50.3847166125114 50.37988018157051 50.37506104230469  
    50.37025950925609 50.36547585414184 50.36071033051988  
    50.355963165940565 50.351234538053326 50.34652460878979  
    50.34183353469482 50.33716147632751 50.33250865868109  
    50.32787526940337 50.32326142751465 50.3186672159636  
    50.31409277718194 50.30953823218725 50.30500364779148  
    50.300489095181106 50.29599474273766 50.29152078718157  
    50.28706738731407 50.28263472236785 50.27822302346662  
    50.27383254107828 50.269463478634634 50.265116040967044  
    50.26079044307114 50.25648691870315 50.25220573713793  
    50.247947146509716 50.243711367042025 50.239498622871224  
    50.23530922260326 50.23114349088705 50.227001718837705  
    50.2228842061745 50.21879126888716 50.21472324910469  
    50.21068051147402 50.206663418280556 50.202672319844694  
    50.19870755431674 50.19476945648583 50.19085835460528  
    50.18697456693992 50.18311841302253 50.1792902354775  
    50.17549035682113 50.17171902783214 50.16797650728462  
    50.164263090939144 50.16057911980005 50.156924955526996  
    50.15330096654087 50.14970753032226 50.14614506630248  
    50.14261413098852 50.139115282765474 50.135648946886036  
    50.13221557647475 50.128815707468405 50.12544993671996  
    50.122118774846086 50.11882273886772 50.115562382627644  
    50.112338312838546 50.10915122685293 50.106001859709835  
    50.10289091384623 50.099819075156674 50.0967870060744  
    50.093795318760456 50.09084448862845 50.08793485514407  
    50.0850666362001 50.08223996410595 50.07945495969804  
    50.07671175370949 50.07401046455567 50.07135117329527  
    50.068733891360196 50.06615855310717 50.063624998227645  
    50.0611329152873 50.0586818325117 50.05627114570606  
    50.053900251838876 50.051568386762476 50.04927458633571  
    50.04701804298983 50.04479818419008 50.04261549721032  
    50.040472574413684 50.038371796194 50.036314843974964  
    50.03430106367772 50.032322534679494 50.03037580081856  
    50.028466431962116 50.02661006551567 50.02483497248872  
    50.0231793129298 50.02168785929634 50.020408087514284  
    50.019389144829375 50.01866648326049 50.0182443590936  
    50.018109863689844 50.01823693055357 50.01859285476799  
    50.01914926799408 50.01988190976457 50.02077083961385  
    50.02180261388084 50.022974030203684 50.02428086538765  
    50.025714249419934 50.02725986577866 50.02889756325471  
    50.03060508706309 50.03235941245314 50.034137036047696  
    50.03591420093852 50.03766768800308 50.039375172027164  
    50.04101537519423 50.04256836112771 50.04401639977701  
    50.04534350416155 50.04653992826687 50.047609945997046  
    50.0485578464487 50.049383794142656 50.05007438133857  
    50.0505950613457 50.050900774166465 50.05093956616693  
    50.050657369979334 50.05 
/

