&IN1
  ICONVR = 3 
  MXITER = -1 
  NXITER = 51 
  ERROR = 0.0001 
  RELAX = 0.5 
  IOUT = 4 
  ICURRT = 2 
  KPPFNC = 6 
  KPPCUR = 3 
  KFFFNC = 6 
  KFFCUR = 3 
  ISHOT = 1 
  ITIME = 5 
  ITIMEU = 0 
  ITEK = 0 
  ITRACE = 1 
  PLASMA = 10000000.0 
  BTOR = 11.0 
  RCENTR = 4.55 
  RZERO = 4.55 
  LIMITR = 5 
  XLIM = 6.0 3.5 3.5 6.0 6.0 
  YLIM = 1.93 1.93 -1.93 -1.93 1.93 
  NBDRY = 15 
  RBDRY = 5.75 5.717889612279765 5.599231274196216 5.333894952548324  
    4.862048988436734 4.215741544340384 3.606248672667517  
    3.3499999999999996 3.606248672667517 4.215741544340384  
    4.862048988436735 5.333894952548324 5.599231274196216  
    5.717889612279765 5.75 
  ZBDRY = 0.0 0.7289246817174976 1.3134768905462901 1.6378788924654637  
    1.6378788924654637 1.3134768905462901 0.7289246817174978  
    2.0574066225675533e-16 -0.7289246817174975 -1.31347689054629  
    -1.6378788924654637 -1.6378788924654637 -1.3134768905462901  
    -0.728924681717498 0.0 
  IERCHK = 0 
  NEXTRA = 0 
  SCRAPE = 0.01 
  PSIBRY = 0.0 
  CFCOIL = -10.0 
  ENP = 1.0 
  EMP = 1.0 
  FCURBD = 0 
  PCURBD = 0 
  FCZERO = 1.0 1.0 1.0 1.0 1.0 1.0 1.0 1.0 1.0 1.0 1.0 1.0 1.0 1.0 1.0  
    1.0 
  FCSUM = 1.0 1.0 1.0 1.0 1.0 1.0 1.0 1.0 1.0 1.0 1.0 1.0 1.0 1.0 1.0  
    1.0 
  IFREF = 2 
  PRBDRY = 6150.235025783602 
  KBETAPR = 1 
  FWTBDRY = 1.0 1.0 1.0 1.0 1.0 1.0 1.0 1.0 1.0 1.0 1.0 1.0 1.0 1.0 1.0 
  FWTBDRY(2) = 10.0 
  FWTBDRY(3) = 10.0 
  FWTBDRY(4) = 10.0 
  FWTBDRY(5) = 10.0 
  FWTBDRY(9) = 10.0 
  FWTBDRY(10) = 10.0 
  FWTBDRY(11) = 10.0 
  FWTBDRY(12) = 10.0 
/

&PROFILE_EXT
  NPSI_EXT = 257 
  PSIN_EXT = 0.0 0.00390625 0.0078125 0.01171875 0.015625 0.01953125  
    0.0234375 0.02734375 0.03125 0.03515625 0.0390625 0.04296875  
    0.046875 0.05078125 0.0546875 0.05859375 0.0625 0.06640625  
    0.0703125 0.07421875 0.078125 0.08203125 0.0859375 0.08984375  
    0.09375 0.09765625 0.1015625 0.10546875 0.109375 0.11328125  
    0.1171875 0.12109375 0.125 0.12890625 0.1328125 0.13671875 0.140625  
    0.14453125 0.1484375 0.15234375 0.15625 0.16015625 0.1640625  
    0.16796875 0.171875 0.17578125 0.1796875 0.18359375 0.1875  
    0.19140625 0.1953125 0.19921875 0.203125 0.20703125 0.2109375  
    0.21484375 0.21875 0.22265625 0.2265625 0.23046875 0.234375  
    0.23828125 0.2421875 0.24609375 0.25 0.25390625 0.2578125  
    0.26171875 0.265625 0.26953125 0.2734375 0.27734375 0.28125  
    0.28515625 0.2890625 0.29296875 0.296875 0.30078125 0.3046875  
    0.30859375 0.3125 0.31640625 0.3203125 0.32421875 0.328125  
    0.33203125 0.3359375 0.33984375 0.34375 0.34765625 0.3515625  
    0.35546875 0.359375 0.36328125 0.3671875 0.37109375 0.375  
    0.37890625 0.3828125 0.38671875 0.390625 0.39453125 0.3984375  
    0.40234375 0.40625 0.41015625 0.4140625 0.41796875 0.421875  
    0.42578125 0.4296875 0.43359375 0.4375 0.44140625 0.4453125  
    0.44921875 0.453125 0.45703125 0.4609375 0.46484375 0.46875  
    0.47265625 0.4765625 0.48046875 0.484375 0.48828125 0.4921875  
    0.49609375 0.5 0.50390625 0.5078125 0.51171875 0.515625 0.51953125  
    0.5234375 0.52734375 0.53125 0.53515625 0.5390625 0.54296875  
    0.546875 0.55078125 0.5546875 0.55859375 0.5625 0.56640625  
    0.5703125 0.57421875 0.578125 0.58203125 0.5859375 0.58984375  
    0.59375 0.59765625 0.6015625 0.60546875 0.609375 0.61328125  
    0.6171875 0.62109375 0.625 0.62890625 0.6328125 0.63671875 0.640625  
    0.64453125 0.6484375 0.65234375 0.65625 0.66015625 0.6640625  
    0.66796875 0.671875 0.67578125 0.6796875 0.68359375 0.6875  
    0.69140625 0.6953125 0.69921875 0.703125 0.70703125 0.7109375  
    0.71484375 0.71875 0.72265625 0.7265625 0.73046875 0.734375  
    0.73828125 0.7421875 0.74609375 0.75 0.75390625 0.7578125  
    0.76171875 0.765625 0.76953125 0.7734375 0.77734375 0.78125  
    0.78515625 0.7890625 0.79296875 0.796875 0.80078125 0.8046875  
    0.80859375 0.8125 0.81640625 0.8203125 0.82421875 0.828125  
    0.83203125 0.8359375 0.83984375 0.84375 0.84765625 0.8515625  
    0.85546875 0.859375 0.86328125 0.8671875 0.87109375 0.875  
    0.87890625 0.8828125 0.88671875 0.890625 0.89453125 0.8984375  
    0.90234375 0.90625 0.91015625 0.9140625 0.91796875 0.921875  
    0.92578125 0.9296875 0.93359375 0.9375 0.94140625 0.9453125  
    0.94921875 0.953125 0.95703125 0.9609375 0.96484375 0.96875  
    0.97265625 0.9765625 0.98046875 0.984375 0.98828125 0.9921875  
    0.99609375 1.0 
  PPRIME_EXT = 762533.8881620686 751741.7781388408 741077.8996642249  
    730542.2527382209 720134.8373608284 709855.653532048  
    699704.7012518791 689681.9805203222 679787.4913373769  
    670021.2337030435 660383.2076173219 650873.413080212  
    641491.850091714 632238.5186518277 623113.4187605532  
    614116.5504178904 605247.9136238395 596507.5083784004  
    587895.334681573 579411.3925333575 571055.6819337537  
    562828.2028827616 554728.9553803814 546757.939426613  
    538915.1550214563 531200.6021649113 523808.92539558874  
    516935.73039354576 510257.3624491441 503691.3860817471  
    497116.5255639097 490339.8757121294 483356.31419088924  
    476223.1929426882 469096.4366114698 462137.87312428374  
    455379.2616265812 448882.9897303485 442641.38479336555  
    436590.1554338413 430755.08958914375 425099.1132302665  
    419588.3316369925 414256.56265994185 409031.4110584054  
    403945.4153258384 398973.68542281695 394101.70858186705  
    389352.8324580322 384686.79379620496 380134.8126605876  
    375655.32542686746 371268.2520237764 366943.69193540676  
    362679.90231096814 358477.5574178663 354325.55186444835  
    350243.1303671292 346206.7360803271 342262.28358245175  
    338362.65690087434 334551.7842313134 330794.5945906524  
    327104.7426228683 323487.1402197217 319905.31298184255  
    316419.0935937628 312956.3614024306 309588.3770649835  
    306267.1075628917 303002.2923999141 299836.6137582963  
    296683.3700261252 293627.96432103205 290626.96360906685  
    287654.10021893086 284782.7491077115 281927.68404468324  
    279128.94977178937 276415.57105473266 273702.69013412535  
    271061.9962206448 268492.89724496886 265927.45740153687  
    263438.94286589953 261009.4309729766 258577.94187631493  
    256214.45653609076 253905.94438555755 251593.9831141049  
    249339.9058157246 247142.7147650816 244938.07499446656  
    242772.58329921385 240673.41105368934 238578.42826276677  
    236499.5441807903 234483.45223454642 232487.43280504708  
    230490.0832551696 228543.2450610855 226637.73979463827  
    224724.20391705603 222830.45609840847 220991.61071155185  
    219168.8929374841 217338.7858242375 215543.31610362037  
    213792.25277773733 212043.97939516464 210297.359648231  
    208590.0120830472 206915.32253835228 205238.84917504352  
    203570.75569594878 201940.63863067684 200335.1838544208  
    198726.75220948074 197128.00700586947 195563.43041214487  
    194020.33495019106 192474.6168151865 190935.72517227585  
    189427.15107074176 187941.53308104363 186455.04518774475  
    184970.48520245438 183511.63023158 182079.08029932866  
    180648.71435108653 179214.7223188195 177799.56872467077  
    176413.16210121807 175033.9159720898 173648.27215702314  
    172273.44511514527 170926.92664424275 169594.78896958553  
    168258.92199940977 166926.7383465793 165616.52453747613  
    164326.43727161415 163040.87826075114 161756.01175420656  
    160479.66297694948 159223.60729262803 157984.62560456048  
    156748.20167405903 155510.39704586228 154285.89587049658  
    153085.40938536025 151895.0206215444 150702.31238725287  
    149514.28281864442 148344.67256310926 147192.30683502473  
    146046.091313362 144902.0666676307 143762.38788147975  
    142638.50672251478 141533.77933140547 140434.78584427218  
    139334.30649634206 138241.76730461983 137169.4185877906  
    136111.54011678186 135058.17309872666 134009.44707437127  
    132968.91198028828 131945.4755178515 130939.94381097975  
    129941.14858573981 128943.52886234326 127956.28287458852  
    126990.79034878973 126040.11182778366 125095.50821995959  
    124159.34239239283 123235.82393813887 122332.07914729108  
    121449.82171753907 120581.38527997662 119721.74215942656  
    118879.38655710893 118067.35599679466 117281.20551544354  
    116511.4284417701 115761.52660514612 115040.18288741692  
    114355.3264381587 113705.94329923336 113089.32209229155  
    112507.61539821533 111968.14786604675 111483.13652925505  
    111056.74417526023 110686.75444710112 110372.89149617893  
    110129.38086595519 109975.03796091785 109909.75359806803  
    109926.73269952429 110042.22767297269 110282.22279920604  
    110652.66202513344 111154.89399216589 111805.63489731762  
    112621.61984412448 113608.95188909187 114814.3824873167  
    116286.09254566049 118029.1381741249 120039.94515048477  
    122290.03219950892 124765.83851503074 127434.34429394783  
    130491.99784521194 134283.96186845528 138893.09200253183  
    144315.66043161956 150704.48086300615 158176.84095964843  
    166809.28757589252 176271.45127913373 185898.49447017338  
    195516.78954276984 205172.3974588508 214673.5588223419  
    223844.2734373536 232692.0830860593 241145.28072295172  
    249059.02280008275 256385.99799338105 263041.4858201553  
    268543.8063311252 272545.1132713804 275057.7370728993  
    275864.9849351579 274739.269442223 271625.642393418  
    266544.87754190085 259672.2519785061 251121.72305483418  
    240866.5392807423 229127.1266888298 216168.2060862322  
    201872.17405061558 187089.82295850234 173149.55101599745  
    160580.0020381646 148425.7844133547 133799.30182111484  
    115258.29934950502 92951.0438928527 66700.24506002906  
    36368.63388439691 1956.2103651836514 
  FFPRIM_EXT = 0.890206390974308 1.1405899916062183 1.3822077080693331  
    1.6198639617163835 1.8535793767441104 2.083360296401749  
    2.3092124031014607 2.5311449877691317 2.7491620430157466  
    2.9632792210317724 3.1734938744363825 3.3798114715710925  
    3.582238042329179 3.7807792225149637 3.9754423251821915  
    4.166232395919922 4.353154668278926 4.536215295075584  
    4.71541933520042 4.890773503500327 5.062283207535088  
    5.2299519078377426 5.39378676421362 5.553790708511712  
    5.7099715043541925 5.862329653281703 6.005397323911925  
    6.133695173121319 6.256334596040135 6.375636902583924  
    6.4950089847832615 6.619857859489386 6.7503190227890535  
    6.884783713235004 7.018878680867555 7.148072179986338  
    7.271486359145758 7.387380947027502 7.49597499524996  
    7.599074965196202 7.695963726896579 7.787679093257188  
    7.875177691757723 7.957514529390286 8.036714247722749  
    8.111875384171656 8.183689115109491 8.252569585026048  
    8.317860124811936 8.380690653104395 8.440190181567047  
    8.497519355933038 8.552126873801733 8.604842967238488  
    8.655721283342327 8.704738740773362 8.752210458064212  
    8.79759815184822 8.8415617672125 8.882823297619007 8.92269094773757  
    8.959952056093599 8.9955757844257 9.029193384853519  
    9.060654970609363 9.09098636663142 9.118519418562993  
    9.145259305513715 9.169231674680736 9.191761776466198  
    9.21259390161683 9.230534824057873 9.247995853363395  
    9.262613727986704 9.275580608287179 9.287634478068629  
    9.296735078572748 9.30524181180505 9.312059533500271  
    9.316375137057621 9.3205412477068 9.322580402781389  
    9.322495060750875 9.322169857369243 9.319584879437432  
    9.315227087774495 9.31079066464028 9.304345051650401  
    9.29623545278514 9.288079849099406 9.278191242046054  
    9.266589524914597 9.25505465664707 9.242307363710562  
    9.227585830776956 9.212601230408588 9.197036560757994  
    9.179602447790636 9.161468334194673 9.143229015803598  
    9.12345716646131 9.102397568506495 9.081412169378053  
    9.059742829536418 9.036416349890121 9.01249152322287  
    8.988621928406463 8.963658067445941 8.937323723481706  
    8.910756430530038 8.883993393660802 8.856003657791614  
    8.826962102473003 8.797812442784672 8.768281861497845  
    8.737556654113256 8.705994069521473 8.67435234215326  
    8.642290376970474 8.609135222291563 8.575227052318475  
    8.54122595815372 8.506878497232833 8.471540756873033  
    8.435407054213368 8.39912712594258 8.362629062313605  
    8.325264586146048 8.28701105144559 8.248521867089341  
    8.209959081982422 8.170713149011004 8.130509007930113  
    8.089928893297902 8.04934552295692 8.008293838385335  
    7.9662922983578905 7.9237123157583085 7.88104860900141  
    7.838104914934706 7.794383149504943 7.749924305259446  
    7.705149018828401 7.660164900395486 7.614762345665326  
    7.568618934851091 7.521814956323542 7.474741525481084  
    7.427508548038816 7.379720622202743 7.33108248649023  
    7.281963970759269 7.232702689366285 7.183112143912098  
    7.132817609403167 7.081845389813706 7.030493772010228  
    6.9788694288584825 6.926914433885393 6.874320640385567  
    6.820992626759766 6.767283208061715 6.713387808113694  
    6.659058013538698 6.603965074284355 6.548251020447132  
    6.492179758526344 6.435751091360844 6.378872371607775  
    6.321301042741219 6.263006784103739 6.204285740754155  
    6.145290118432047 6.085776371796705 6.025435642099441  
    5.964444567877633 5.903035681640013 5.841147182159535  
    5.778666809904698 5.715401322007609 5.6512985242120335  
    5.586560154935736 5.521323389458306 5.455363544710016  
    5.388326792265454 5.320321829550226 5.25160257701447  
    5.182080084957021 5.111525707171367 5.03972298600343  
    4.966690027099215 4.892498559750573 4.817096152599138  
    4.740291442307973 4.661753652365303 4.581364504322396  
    4.4991861109835805 4.415232942013869 4.32913006674961  
    4.240372545265018 4.148959421391271 4.05507722498987  
    3.958302372348119 3.8579495938191983 3.7538584291838424  
    3.6459934837256576 3.533920628256621 3.4172079536643  
    3.2957011457872083 3.1681621957402752 3.0333207115566747  
    2.891056471318821 2.7414783413010992 2.58534728742418  
    2.4230235729748317 2.2554057106486436 2.0773096018929493  
    1.8796131130266163 1.660156092108927 1.419065569012873  
    1.1523212458787617 0.85684748578016 0.5306337944774494  
    0.1823968761502545 -0.17030206076979865 -0.522912982849369  
    -0.8767135543333446 -1.226684569596606 -1.5682352365201742  
    -1.901646661676967 -2.225114803981536 -2.534918208597246  
    -2.8299265291361024 -3.108031095863952 -3.3566588404548234  
    -3.566811315589767 -3.738979706256167 -3.8675531199363737  
    -3.9465782482396286 -3.9746048572688544 -3.9521132490197317  
    -3.8835644636247624 -3.771761145677025 -3.6157625906982807  
    -3.420876980734604 -3.1931942865745 -2.928513365621243  
    -2.6477714478799728 -2.384917887373276 -2.153611113383179  
    -1.928670865739853 -1.6342204301065855 -1.2301806082859867  
    -0.7193371164995879 -0.09352085667982024 0.6613267100573506  
    1.5452055837133685 
/

