&INSTATE
  DENSITY_MODEL = 1 
  MODEL_SHAPE = 0 
  NBDRY = 15 
  USE_INPED = 0 
  R0 = 4.55 
  A0 = 1.2 
  KAPPA = 1.4 
  DELTA = -0.5 
  B0 = 11.0 
  IP = 10.0 
  N_ION = 2 
  Z_ION = 1 1 
  A_ION = 2 3 
  F_ION = 0.5 0.5 
  N_IMP = 1 
  Z_IMP = 74 
  A_IMP = 184 
  F_IMP = 1.5e-05 
  N_MIN = 0 
  Z_MIN = 1 
  A_MIN = 1 
  N_BEAM = 1 
  Z_BEAM = 1 
  A_BEAM = 2 
  N_FUSION = 1 
  Z_FUSION = 2 
  A_FUSION = 4 
  NRHO = 101 
  NE_AXIS = 27.6 
  NE_PED = 13.0 
  NE_SEP = 9.0 
  NE_ALPHA = 1.5 
  NE_BETA = 1.1 
  NE_FIT = 1 
  NE_XMID = 0.95 
  NE_XWID = 0.1 
  TE_AXIS = 18.8 
  TE_PED = 4.0 
  TE_SEP = 0.08 
  TE_ALPHA = 1.5 
  TE_BETA = 1.5 
  TE_FIT = 1 
  TE_XMID = 0.95 
  TE_XWID = 0.1 
  TI_AXIS = 19.0 
  TI_PED = 4.0 
  TI_SEP = 0.08 
  TI_ALPHA = 1.5 
  TI_BETA = 1.5 
  TI_FIT = 1 
  TI_XMID = 0.95 
  TI_XWID = 0.1 
  ZEFF_AXIS = 2.0 
  OMEGA_AXIS = 5000.0 
  OMEGA_SEP = 0.0 
  OMEGA_ALPHA = 1.5 
  OMEGA_BETA = 1.5 
  JPAR_AXIS = 1.0 
  JPAR_SEP = 0.05 
  JPAR_ALPHA = 2.0 
  JPAR_BETA = 1.0 
  NBEAM_AXIS = 0.0 
  NBEAM_SEP = 0.0 
  NBEAM_ALPHA = 1.5 
  NBEAM_BETA = 1.5 
  TBEAMI = 20.0 20.0 20.0 20.0 20.0 20.0 20.0 20.0 20.0 20.0 20.0 20.0  
    20.0 20.0 20.0 20.0 20.0 20.0 20.0 20.0 20.0 20.0 20.0 20.0 20.0  
    20.0 20.0 20.0 20.0 20.0 20.0 20.0 20.0 20.0 20.0 20.0 20.0 20.0  
    20.0 20.0 20.0 20.0 20.0 20.0 20.0 20.0 20.0 20.0 20.0 20.0 20.0  
    20.0 20.0 20.0 20.0 20.0 20.0 20.0 20.0 20.0 20.0 20.0 20.0 20.0  
    20.0 20.0 20.0 20.0 20.0 20.0 20.0 20.0 20.0 20.0 20.0 20.0 20.0  
    20.0 20.0 20.0 20.0 20.0 20.0 20.0 20.0 20.0 20.0 20.0 20.0 20.0  
    20.0 20.0 20.0 20.0 20.0 20.0 20.0 20.0 20.0 20.0 20.0 
  BETAN_PED = -1.0 
  XMID = 0.95 
  XWID = 0.1 
  PRESSURE_MODEL = 'full' 
  H98_TARGET = 0.8 
  BETAN_TARGET = 1.25 
  BETAN_BEAM_TARGET = 0.0 
  CURRENT_MODEL = 'broad' 
  RHO_JBDRY = 0.85 
  RHO_JPEAK = 0.65 
  JAXIS = 0.6 
  JAXIS_PRIME = 1.0 
  JBDRY_PRIME = -1.0 
  RBDRY = 5.75 5.717889612279765 5.599231274196216 5.333894952548324  
    4.862048988436734 4.215741544340384 3.606248672667517  
    3.3499999999999996 3.606248672667517 4.215741544340384  
    4.862048988436735 5.333894952548324 5.599231274196216  
    5.717889612279765 5.75 
  ZBDRY = 0.0 0.7289246817174976 1.3134768905462901 1.6378788924654637  
    1.6378788924654637 1.3134768905462901 0.7289246817174978  
    2.0574066225675533e-16 -0.7289246817174975 -1.31347689054629  
    -1.6378788924654637 -1.6378788924654637 -1.3134768905462901  
    -0.728924681717498 0.0 
  NLIM = 5 
  RLIM = 6.0 3.5 3.5 6.0 6.0 
  ZLIM = 1.93 1.93 -1.93 -1.93 1.93 
  NE = 27.62637092 27.62637092 27.57235982 27.51450361 27.45285286  
    27.38745813 27.31836998 27.24563899 27.16931572 27.08945072  
    27.00609457 26.91929784 26.82911107 26.73558485 26.63876973  
    26.53871628 26.43547506 26.32909664 26.21963158 26.10713045  
    25.99164381 25.87322223 25.75191627 25.62777649 25.50085347  
    25.37119775 25.23885992 25.10389053 24.96634015 24.82625935  
    24.68369868 24.53870871 24.39134001 24.24164314 24.08966867  
    23.93546716 23.77908917 23.62058528 23.46000603 23.29740201  
    23.13282377 22.96632187 22.79794689 22.62774938 22.45577991  
    22.28208904 22.10672733 21.92974535 21.75119365 21.57112279  
    21.38958333 21.20662581 21.02230078 20.83665877 20.64975031  
    20.46162589 20.27233599 20.081931059999995 19.89046147 19.69797755  
    19.50452948 19.31016732 19.1149409 18.91889975 18.72209295  
    18.52456898 18.32637542 18.12755861 17.92816316 17.72823115  
    17.527801189999998 17.3269069 17.12557492 16.92382203 16.72165114  
    16.51904563 16.31596151 16.11231636 15.90797403 15.70272338  
    15.49624892 15.28809061 15.077589279999998 14.863813629999997  
    14.64546461 14.42075424 14.18726007 13.94176664 13.68012594  
    13.39720656 13.08706069 12.74351126 12.36140712 11.93870464  
    11.479153039999995 10.994628899999995 10.50546087 10.03732921  
    9.615147828 9.256666394 8.96902876 
  TE = 21.95982947449431 21.952937713075254 21.932275403355696  
    21.89788142824685 21.849820457107494 21.78818274312854  
    21.713083840916877 21.62466424551537 21.523088954437423  
    21.408546954627067 21.28125063657733 21.141435138149106  
    20.989357620927766 20.825296482234318 20.649550506169977  
    20.46243795731656 20.264295620938803 20.055477793737413  
    19.836355229382427 19.607314043214373 19.36875458063544  
    19.12109025382331 18.86474635148669 18.600158826443252  
    18.327773065837857 18.048042648831636 17.761428096580804  
    17.468395619288724 17.169415865055974 16.864962675171775  
    16.555511850386935 16.243031472432325 15.929192066659507  
    15.614023836001138 15.297556983389875 14.979821711758373  
    14.661149273100042 14.342485109640194 14.02478070965934  
    13.708987561437992 13.396057153256658 13.087568875823193  
    12.784791219657121 12.488209322756466 12.198308323119251  
    11.915573358743497 11.640022016132395 11.37125446852917  
    11.109129734041899 10.853506830778658 10.604244776847521  
    10.361207093113462 10.124226573211768 9.893116144405997  
    9.667688733959707 9.447757269136455 9.233187072638847  
    9.02385541985969 8.81959316709782 8.620231170652081  
    8.42560028682132 8.235551009711127 8.049952245730376  
    7.868662469632826 7.691540156172246 7.518443780102395  
    7.349249106210712 7.183805339577849 7.021931115397396  
    6.863445068862944 6.708165835168085 6.555878343242714  
    6.406338914548928 6.259323273078612 6.114607142823659  
    5.971966247775953 5.831089463542997 5.6917463506180175  
    5.553833660321478 5.41724814397385 5.281886552895599  
    5.147749116131676 5.014918049891436 4.883413086241949  
    4.7532539572502905 4.624460394983531 4.497645297617602  
    4.372835473424742 4.249171519616495 4.1257940334044 4.001843612  
    3.739242847 3.415646522 3.021462447 2.559123480999994  
    2.0497499039999942 1.532463946 1.052763012 0.6459840592  
    0.3273054747 0.09313772241 
  TI = 25.859033002176094 25.846553725074735 25.809152016295396  
    25.746936069201205 25.66008562653626 25.548851115239344  
    25.41355244335722 25.25457746714661 25.072380138644633  
    24.867478346089502 24.64045146156909 24.391937612147586  
    24.122630692454802 23.833277138304716 23.524672482327137  
    23.197657713838467 22.853115466235323 22.491966056061546  
    22.115163398569408 21.723690825066914 21.318556827613413  
    20.90079075669623 20.47143849739438 20.031558149215893  
    19.582215734289445 19.124480957906403 18.659423044555798  
    18.188106671582858 17.711588021443823 17.230910972238973  
    16.74710344479643 16.269531750545767 15.806639518056894  
    15.35805656970763 14.92341272787578 14.502337814939155  
    14.094293455851032 13.699231499931267 13.317517106107546  
    12.949515433307557 12.59559164045898 12.256876655844614  
    11.933825545458696 11.625789674796065 11.33212040935158  
    11.052169114620082 10.784786284635064 10.52871200855258  
    10.283132044551314 10.047232150809949 9.820198085507172  
    9.601308645642197 9.39005727569676 9.185951705073322  
    8.988499663174348 8.7972088794023 8.611608278348298  
    8.43133497949765 8.256059004594112 8.08545037538144  
    7.919179113603387 7.756951531410811 7.598554179984717  
    7.4437774396140854 7.292411690587898 7.144247313195135  
    6.99909695387678 6.856792865808781 6.717154839382565  
    6.580002664989558 6.445156133021186 6.312438739499142  
    6.181673848041651 6.05268105043494 5.925279938465239  
    5.79929010391877 5.674527248497096 5.550828944101781  
    5.428047587819052 5.30603557673514 5.184645307936276  
    5.063662796466298 4.943000161211907 4.82269895502362  
    4.702800730751958 4.583347041247438 4.465175173352326  
    4.3486299549971354 4.233014250664757 4.117630924838081 4.001782842  
    3.739031311 3.415520326 3.021536852 2.559348541999994  
    2.0499524069999944 1.532483761 1.052586005 0.645755862 0.3272331394  
    0.09338373216 
  OMEGA = 4992.501875 4992.501875 4978.801804 4961.079526 4940.12016  
    4916.382264 4890.178959 4861.74318 4831.258024 4798.873089  
    4764.714177 4728.889466 4691.493659 4652.610886 4612.316799  
    4570.680145 4527.763951 4483.626454 4438.321832 4391.900796  
    4344.411068 4295.897774 4246.403778 4195.969955 4144.635428  
    4092.437767 4039.413164 3985.596584 3931.021896 3875.721988  
    3819.72887 3763.073767 3705.787199 3647.899055 3589.43866  
    3530.4348369999993 3470.91596 3410.910006 3350.444605 3289.54708  
    3228.244492 3166.5636739999995 3104.531273 3042.173783 2979.517575  
    2916.588934 2853.414088 2790.0192379999994 2726.430588 2662.674375  
    2598.776897 2534.764544 2470.663824 2406.501396 2342.304099  
    2278.098979 2213.913327 2149.7747069999996 2085.710992 2021.750397  
    1957.921519 1894.253376 1830.775447 1767.517715 1704.510722  
    1641.785608 1579.374179 1517.308956 1455.623246 1394.3512129999992  
    1333.5279519999992 1273.18958 1213.373329 1154.117653 1095.462349  
    1037.448686 980.1195629 923.5196753 867.6957162 812.6966008  
    758.5737302 705.3812976 653.1766491999995 602.0207127999994  
    551.9785103 503.1197796 455.5197357 409.2600162 364.4298727  
    321.1276991 279.4630303 239.55922 201.557126 165.620359  
    131.94307479999964 100.76217029999968 72.37775876 47.19105135  
    25.78549737 9.151104569 -2.128075494e-12 
  ZEFF = 1.08103 1.08103 1.0810300000000002 1.08103 1.08103  
    1.0810300000000002 1.08103 1.08103 1.08103 1.08103 1.08103  
    1.0810300000000002 1.08103 1.08103 1.08103 1.08103 1.08103 1.08103  
    1.08103 1.0810300000000002 1.0810300000000002 1.0810300000000002  
    1.0810300000000002 1.0810300000000002 1.08103 1.0810300000000002  
    1.08103 1.0810300000000002 1.08103 1.08103 1.0810300000000002  
    1.08103 1.08103 1.08103 1.08103 1.08103 1.08103 1.08103 1.08103  
    1.08103 1.08103 1.08103 1.0810300000000002 1.08103 1.08103 1.08103  
    1.08103 1.08103 1.08103 1.08103 1.08103 1.0810300000000002 1.08103  
    1.08103 1.0810300000000002 1.08103 1.08103 1.08103  
    1.0810300000000002 1.08103 1.0810300000000002 1.08103 1.08103  
    1.08103 1.0810300000000002 1.08103 1.0810300000000002 1.08103  
    1.08103 1.08103 1.08103 1.08103 1.08103 1.08103 1.08103 1.08103  
    1.08103 1.08103 1.08103 1.08103 1.0810300000000002  
    1.0810300000000002 1.08103 1.0810300000000002 1.08103 1.08103  
    1.08103 1.08103 1.08103 1.08103 1.08103 1.0810300000000002 1.08103  
    1.08103 1.0810300000000002 1.08103 1.08103 1.08103 1.08103 1.08103  
    1.08103 
  J_OH = 0.0 0.0 0.0 0.0 0.0 0.0 0.0 0.0 0.0 0.0 0.0 0.0 0.0 0.0 0.0  
    0.0 0.0 0.0 0.0 0.0 0.0 0.0 0.0 0.0 0.0 0.0 0.0 0.0 0.0 0.0 0.0 0.0  
    0.0 0.0 0.0 0.0 0.0 0.0 0.0 0.0 0.0 0.0 0.0 0.0 0.0 0.0 0.0 0.0 0.0  
    0.0 0.0 0.0 0.0 0.0 0.0 0.0 0.0 0.0 0.0 0.0 0.0 0.0 0.0 0.0 0.0 0.0  
    0.0 0.0 0.0 0.0 0.0 0.0 0.0 0.0 0.0 0.0 0.0 0.0 0.0 0.0 0.0 0.0 0.0  
    0.0 0.0 0.0 0.0 0.0 0.0 0.0 0.0 0.0 0.0 0.0 0.0 0.0 0.0 0.0 0.0 0.0  
    0.0 
  J_BS = 205307.96777662192 307961.9516649329 450760.43528988864  
    513699.8297613249 552277.2102170265 580477.3648987126  
    603466.6571723252 623485.4129848934 641634.8238766817  
    658521.5899127601 674487.0033279848 689643.5954477998  
    703956.1528871163 717364.7327965434 729794.2524976833  
    741166.1322061849 751470.2814987228 760747.671819488  
    769020.1902295927 776292.6067993309 782572.0592264597  
    787856.5639512194 792137.4867670945 795412.8295096318  
    797685.5076063707 798958.1372379959 799233.7020831626  
    798517.946771272 796822.8665192528 794167.3211702347  
    788286.1917217058 777267.1299193383 763953.2841002335  
    750820.2301063581 737859.7015162082 724954.2875000642  
    711618.1116739886 697415.6699349304 682303.2868606725  
    666319.6799741829 649080.1762762592 630480.0764677523  
    611396.5727951037 592417.0676887368 573560.7483880032  
    555137.2737741036 537637.5614501816 521049.38460750517  
    505165.3104758422 489975.84037931537 475451.00598132284  
    461530.33269273955 448178.2697061527 435389.5920206638  
    423154.00223545363 411437.4981314882 400181.2425473439  
    389361.73944414157 378981.35291416297 369031.5133820612  
    359489.37875391886 350310.537421515 341468.78885981557  
    332960.5456407253 324779.37182788475 316908.98110112606  
    309338.7069007109 302080.8843112247 295142.46435505274  
    288517.9543719075 282212.80420956394 276242.1472077557  
    270605.7941322285 265296.0121672848 260313.16953179674  
    255688.80124072757 251428.18562426572 247471.9320137428  
    243800.49095156588 240448.3748879173 237444.2196812799  
    234786.06211852602 232510.63835498854 230734.47475817316  
    229616.31645783852 229031.4123146452 229177.95691191155  
    231072.75985892856 235437.58679747823 242443.4503980389  
    317375.0843496886 417073.99812697753 475493.21940346336  
    527324.6539183898 555464.3703518115 543760.9360012632  
    485933.89747875865 389503.48519135214 271949.0521832834  
    153818.6700438696 40485.91876486596 
  J_NB = 0.0 0.0 0.0 0.0 0.0 0.0 0.0 0.0 0.0 0.0 0.0 0.0 0.0 0.0 0.0  
    0.0 0.0 0.0 0.0 0.0 0.0 0.0 0.0 0.0 0.0 0.0 0.0 0.0 0.0 0.0 0.0 0.0  
    0.0 0.0 0.0 0.0 0.0 0.0 0.0 0.0 0.0 0.0 0.0 0.0 0.0 0.0 0.0 0.0 0.0  
    0.0 0.0 0.0 0.0 0.0 0.0 0.0 0.0 0.0 0.0 0.0 0.0 0.0 0.0 0.0 0.0 0.0  
    0.0 0.0 0.0 0.0 0.0 0.0 0.0 0.0 0.0 0.0 0.0 0.0 0.0 0.0 0.0 0.0 0.0  
    0.0 0.0 0.0 0.0 0.0 0.0 0.0 0.0 0.0 0.0 0.0 0.0 0.0 0.0 0.0 0.0 0.0  
    0.0 
  J_EC = 0.0 0.0 0.0 0.0 0.0 0.0 0.0 0.0 0.0 0.0 0.0 0.0 0.0 0.0 0.0  
    0.0 0.0 0.0 0.0 0.0 0.0 0.0 0.0 0.0 0.0 0.0 0.0 0.0 0.0 0.0 0.0 0.0  
    0.0 0.0 0.0 0.0 0.0 0.0 0.0 0.0 0.0 0.0 0.0 0.0 0.0 0.0 0.0 0.0 0.0  
    0.0 0.0 0.0 0.0 0.0 0.0 0.0 0.0 0.0 0.0 0.0 0.0 0.0 0.0 0.0 0.0 0.0  
    0.0 0.0 0.0 0.0 0.0 0.0 0.0 0.0 0.0 0.0 0.0 0.0 0.0 0.0 0.0 0.0 0.0  
    0.0 0.0 0.0 0.0 0.0 0.0 0.0 0.0 0.0 0.0 0.0 0.0 0.0 0.0 0.0 0.0 0.0  
    0.0 
  J_IC = 0.0 0.0 0.0 0.0 0.0 0.0 0.0 0.0 0.0 0.0 0.0 0.0 0.0 0.0 0.0  
    0.0 0.0 0.0 0.0 0.0 0.0 0.0 0.0 0.0 0.0 0.0 0.0 0.0 0.0 0.0 0.0 0.0  
    0.0 0.0 0.0 0.0 0.0 0.0 0.0 0.0 0.0 0.0 0.0 0.0 0.0 0.0 0.0 0.0 0.0  
    0.0 0.0 0.0 0.0 0.0 0.0 0.0 0.0 0.0 0.0 0.0 0.0 0.0 0.0 0.0 0.0 0.0  
    0.0 0.0 0.0 0.0 0.0 0.0 0.0 0.0 0.0 0.0 0.0 0.0 0.0 0.0 0.0 0.0 0.0  
    0.0 0.0 0.0 0.0 0.0 0.0 0.0 0.0 0.0 0.0 0.0 0.0 0.0 0.0 0.0 0.0 0.0  
    0.0 
  J_LH = 0.0 0.0 0.0 0.0 0.0 0.0 0.0 0.0 0.0 0.0 0.0 0.0 0.0 0.0 0.0  
    0.0 0.0 0.0 0.0 0.0 0.0 0.0 0.0 0.0 0.0 0.0 0.0 0.0 0.0 0.0 0.0 0.0  
    0.0 0.0 0.0 0.0 0.0 0.0 0.0 0.0 0.0 0.0 0.0 0.0 0.0 0.0 0.0 0.0 0.0  
    0.0 0.0 0.0 0.0 0.0 0.0 0.0 0.0 0.0 0.0 0.0 0.0 0.0 0.0 0.0 0.0 0.0  
    0.0 0.0 0.0 0.0 0.0 0.0 0.0 0.0 0.0 0.0 0.0 0.0 0.0 0.0 0.0 0.0 0.0  
    0.0 0.0 0.0 0.0 0.0 0.0 0.0 0.0 0.0 0.0 0.0 0.0 0.0 0.0 0.0 0.0 0.0  
    0.0 
  PE_NB = 0.0 0.0 0.0 0.0 0.0 0.0 0.0 0.0 0.0 0.0 0.0 0.0 0.0 0.0 0.0  
    0.0 0.0 0.0 0.0 0.0 0.0 0.0 0.0 0.0 0.0 0.0 0.0 0.0 0.0 0.0 0.0 0.0  
    0.0 0.0 0.0 0.0 0.0 0.0 0.0 0.0 0.0 0.0 0.0 0.0 0.0 0.0 0.0 0.0 0.0  
    0.0 0.0 0.0 0.0 0.0 0.0 0.0 0.0 0.0 0.0 0.0 0.0 0.0 0.0 0.0 0.0 0.0  
    0.0 0.0 0.0 0.0 0.0 0.0 0.0 0.0 0.0 0.0 0.0 0.0 0.0 0.0 0.0 0.0 0.0  
    0.0 0.0 0.0 0.0 0.0 0.0 0.0 0.0 0.0 0.0 0.0 0.0 0.0 0.0 0.0 0.0 0.0  
    0.0 
  PE_EC = 0.0 0.0 0.0 0.0 0.0 0.0 0.0 0.0 0.0 0.0 0.0 0.0 0.0 0.0 0.0  
    0.0 0.0 0.0 0.0 0.0 0.0 0.0 0.0 0.0 0.0 0.0 0.0 0.0 0.0 0.0 0.0 0.0  
    0.0 0.0 0.0 0.0 0.0 0.0 0.0 0.0 0.0 0.0 0.0 0.0 0.0 0.0 0.0 0.0 0.0  
    0.0 0.0 0.0 0.0 0.0 0.0 0.0 0.0 0.0 0.0 0.0 0.0 0.0 0.0 0.0 0.0 0.0  
    0.0 0.0 0.0 0.0 0.0 0.0 0.0 0.0 0.0 0.0 0.0 0.0 0.0 0.0 0.0 0.0 0.0  
    0.0 0.0 0.0 0.0 0.0 0.0 0.0 0.0 0.0 0.0 0.0 0.0 0.0 0.0 0.0 0.0 0.0  
    0.0 
  PE_IC = 0.0 0.0 0.0 0.0 0.0 0.0 0.0 0.0 0.0 0.0 0.0 0.0 0.0 0.0 0.0  
    0.0 0.0 0.0 0.0 0.0 0.0 0.0 0.0 0.0 0.0 0.0 0.0 0.0 0.0 0.0 0.0 0.0  
    0.0 0.0 0.0 0.0 0.0 0.0 0.0 0.0 0.0 0.0 0.0 0.0 0.0 0.0 0.0 0.0 0.0  
    0.0 0.0 0.0 0.0 0.0 0.0 0.0 0.0 0.0 0.0 0.0 0.0 0.0 0.0 0.0 0.0 0.0  
    0.0 0.0 0.0 0.0 0.0 0.0 0.0 0.0 0.0 0.0 0.0 0.0 0.0 0.0 0.0 0.0 0.0  
    0.0 0.0 0.0 0.0 0.0 0.0 0.0 0.0 0.0 0.0 0.0 0.0 0.0 0.0 0.0 0.0 0.0  
    0.0 
  PE_LH = 0.0 0.0 0.0 0.0 0.0 0.0 0.0 0.0 0.0 0.0 0.0 0.0 0.0 0.0 0.0  
    0.0 0.0 0.0 0.0 0.0 0.0 0.0 0.0 0.0 0.0 0.0 0.0 0.0 0.0 0.0 0.0 0.0  
    0.0 0.0 0.0 0.0 0.0 0.0 0.0 0.0 0.0 0.0 0.0 0.0 0.0 0.0 0.0 0.0 0.0  
    0.0 0.0 0.0 0.0 0.0 0.0 0.0 0.0 0.0 0.0 0.0 0.0 0.0 0.0 0.0 0.0 0.0  
    0.0 0.0 0.0 0.0 0.0 0.0 0.0 0.0 0.0 0.0 0.0 0.0 0.0 0.0 0.0 0.0 0.0  
    0.0 0.0 0.0 0.0 0.0 0.0 0.0 0.0 0.0 0.0 0.0 0.0 0.0 0.0 0.0 0.0 0.0  
    0.0 
  PE_FUS = 2642089.115071952 2642786.1025959067 2636485.7082546465  
    2630843.142270547 2625800.707135821 2621353.5128703113  
    2617105.708539674 2610843.3467186685 2599727.069425402  
    2580569.453479472 2549496.116746006 2507264.9664873797  
    2458701.5856072986 2405617.60235463 2350517.771816289  
    2296692.6354693538 2244371.226406622 2191204.03525388  
    2137151.7742775674 2082105.9764093354 2025884.6855416924  
    1968579.582145591 1910501.658478034 1851752.971739356  
    1792452.6065856828 1732736.0666733605 1672800.0618868005  
    1612843.1827601793 1553012.270525113 1493448.48876768  
    1434285.7489427032 1375489.2736421481 1317031.0513010842  
    1259045.9546407887 1201664.158241957 1145010.1113550498  
    1089188.4172330424 1034357.8616758309 980719.0013527687  
    928469.1870955807 877798.9443425074 828975.4833291151  
    782174.4994469665 737426.7566982227 694743.5015738779  
    654117.6910128602 615470.4523442466 578701.6979509736  
    543751.0705773368 510548.478817619 479016.31628255534  
    449081.9034461764 420691.93273919827 393789.7647770632  
    368314.80062567804 344203.6871456559 321393.22136181  
    299829.5197116491 279460.6297605798 260233.57832730777  
    242095.0164368703 224994.6376131587 208888.6299156552  
    193733.24893677168 179484.77109293407 166099.83308500602  
    153537.1480944052 141757.40458153156 130721.23249825503  
    120390.18467430546 110726.89813365816 101695.48610923596  
    93261.36215874307 85391.03128669602 78052.40057065887  
    71214.8018317866 64848.96928790567 58927.71908465783  
    53425.42107019907 48317.539600999786 43580.58726017725  
    39190.18226325016 35126.55026877119 31373.428108597724  
    27914.046286070938 24731.25895190498 21821.731565321257  
    19169.413944814518 16742.071577433806 14513.149334527472  
    12462.223700087892 9143.77999067132 6051.415012768779  
    3439.4690422825197 1568.728558716481 523.075528739903  
    111.63514434012278 12.31573777419587 0.4587363405494328  
    0.0017700489181472464 1.0627015682310015e-09 
  PE_IONIZATION = 0.0 0.0 0.0 0.0 0.0 0.0 0.0 0.0 0.0 0.0 0.0 0.0 0.0  
    0.0 0.0 0.0 0.0 0.0 0.0 0.0 0.0 0.0 0.0 0.0 0.0 0.0 0.0 0.0 0.0 0.0  
    0.0 0.0 0.0 0.0 0.0 0.0 0.0 0.0 0.0 0.0 0.0 0.0 0.0 0.0 0.0 0.0 0.0  
    0.0 0.0 0.0 0.0 0.0 0.0 0.0 0.0 0.0 0.0 0.0 0.0 0.0 0.0 0.0 0.0 0.0  
    0.0 0.0 0.0 0.0 0.0 0.0 0.0 0.0 0.0 0.0 0.0 0.0 0.0 0.0 0.0 0.0 0.0  
    0.0 0.0 0.0 0.0 0.0 0.0 0.0 0.0 0.0 0.0 0.0 0.0 0.0 0.0 0.0 0.0 0.0  
    0.0 0.0 0.0 
  P_RAD = 0.0 0.0 0.0 0.0 0.0 0.0 0.0 0.0 0.0 0.0 0.0 0.0 0.0 0.0 0.0  
    0.0 0.0 0.0 0.0 0.0 0.0 0.0 0.0 0.0 0.0 0.0 0.0 0.0 0.0 0.0 0.0 0.0  
    0.0 0.0 0.0 0.0 0.0 0.0 0.0 0.0 0.0 0.0 0.0 0.0 0.0 0.0 0.0 0.0 0.0  
    0.0 0.0 0.0 0.0 0.0 0.0 0.0 0.0 0.0 0.0 0.0 0.0 0.0 0.0 0.0 0.0 0.0  
    0.0 0.0 0.0 0.0 0.0 0.0 0.0 0.0 0.0 0.0 0.0 0.0 0.0 0.0 0.0 0.0 0.0  
    0.0 0.0 0.0 0.0 0.0 0.0 0.0 0.0 0.0 0.0 0.0 0.0 0.0 0.0 0.0 0.0 0.0  
    0.0 
  PI_NB = 0.0 0.0 0.0 0.0 0.0 0.0 0.0 0.0 0.0 0.0 0.0 0.0 0.0 0.0 0.0  
    0.0 0.0 0.0 0.0 0.0 0.0 0.0 0.0 0.0 0.0 0.0 0.0 0.0 0.0 0.0 0.0 0.0  
    0.0 0.0 0.0 0.0 0.0 0.0 0.0 0.0 0.0 0.0 0.0 0.0 0.0 0.0 0.0 0.0 0.0  
    0.0 0.0 0.0 0.0 0.0 0.0 0.0 0.0 0.0 0.0 0.0 0.0 0.0 0.0 0.0 0.0 0.0  
    0.0 0.0 0.0 0.0 0.0 0.0 0.0 0.0 0.0 0.0 0.0 0.0 0.0 0.0 0.0 0.0 0.0  
    0.0 0.0 0.0 0.0 0.0 0.0 0.0 0.0 0.0 0.0 0.0 0.0 0.0 0.0 0.0 0.0 0.0  
    0.0 
  PI_IC = 0.0 0.0 0.0 0.0 0.0 0.0 0.0 0.0 0.0 0.0 0.0 0.0 0.0 0.0 0.0  
    0.0 0.0 0.0 0.0 0.0 0.0 0.0 0.0 0.0 0.0 0.0 0.0 0.0 0.0 0.0 0.0 0.0  
    0.0 0.0 0.0 0.0 0.0 0.0 0.0 0.0 0.0 0.0 0.0 0.0 0.0 0.0 0.0 0.0 0.0  
    0.0 0.0 0.0 0.0 0.0 0.0 0.0 0.0 0.0 0.0 0.0 0.0 0.0 0.0 0.0 0.0 0.0  
    0.0 0.0 0.0 0.0 0.0 0.0 0.0 0.0 0.0 0.0 0.0 0.0 0.0 0.0 0.0 0.0 0.0  
    0.0 0.0 0.0 0.0 0.0 0.0 0.0 0.0 0.0 0.0 0.0 0.0 0.0 0.0 0.0 0.0 0.0  
    0.0 
  PI_LH = 0.0 0.0 0.0 0.0 0.0 0.0 0.0 0.0 0.0 0.0 0.0 0.0 0.0 0.0 0.0  
    0.0 0.0 0.0 0.0 0.0 0.0 0.0 0.0 0.0 0.0 0.0 0.0 0.0 0.0 0.0 0.0 0.0  
    0.0 0.0 0.0 0.0 0.0 0.0 0.0 0.0 0.0 0.0 0.0 0.0 0.0 0.0 0.0 0.0 0.0  
    0.0 0.0 0.0 0.0 0.0 0.0 0.0 0.0 0.0 0.0 0.0 0.0 0.0 0.0 0.0 0.0 0.0  
    0.0 0.0 0.0 0.0 0.0 0.0 0.0 0.0 0.0 0.0 0.0 0.0 0.0 0.0 0.0 0.0 0.0  
    0.0 0.0 0.0 0.0 0.0 0.0 0.0 0.0 0.0 0.0 0.0 0.0 0.0 0.0 0.0 0.0 0.0  
    0.0 
  PI_FUS = 1448192.1621799315 1445179.0920821915 1432760.2351161176  
    1416301.3696022625 1397170.046456899 1376743.697242101  
    1356050.0289808314 1334665.8946275692 1311778.6046997774  
    1286480.7764046679 1257624.1179234558 1225667.2055999548  
    1192294.3951649568 1158030.0021670265 1123662.0041688401  
    1090285.0000445242 1057716.5349272394 1024818.1375559646  
    991470.2836436835 957538.9675989067 922875.4421325289  
    887600.0569935587 852043.6520699004 816362.5475305532  
    780712.8629996793 745249.4422774111 710173.9198335351  
    675641.3971972722 641731.5401380135 608518.4311824007  
    576069.8471617852 544353.2222887251 513333.22669814073  
    483065.98854004464 453604.0174223274 424995.70919641055  
    397290.77574177325 370569.98095775605 344917.97942914657  
    320409.1052871507 297106.21463559516 275099.73746410053  
    254432.90973673898 235081.30483446823 217011.65938052622  
    200183.0740869114 184525.36288461997 169958.21610160833  
    156419.642807549 143847.1692847667 132178.70266449082  
    121356.03716715777 111328.02390115998 102044.59679138896  
    93456.93610230176 85517.81335811026 78182.71382224964  
    71411.47836703023 65165.92297379209 59409.50186307269  
    54107.41690631939 49227.42294951721 44740.375496988716  
    40618.530536037484 36835.56273083249 33366.58355146777  
    30188.48382060356 27279.641896161247 24619.489325107643  
    22188.776355292197 19969.53207434073 17944.97612197793  
    16099.463349602782 14418.5100678143 12888.719104704383  
    11497.715188838072 10233.932250137139 9086.974555271629  
    8047.465251385376 7106.681341717828 6256.512465359516  
    5489.261220397593 4798.320648246589 4177.790505852785  
    3621.9731503458866 3125.396232993468 2684.8894315330485  
    2295.4058532369504 1949.9149621498611 1642.7113420384035  
    1369.3254815932219 941.7950394698182 571.9872963710455  
    289.5382419373244 112.96369430476075 30.603742899774343  
    4.982749623785888 0.3883427764631554 0.009227897334557537  
    1.9122200846179536e-05 3.689480147116033e-12 
  PI_IONIZATION = 0.0 0.0 0.0 0.0 0.0 0.0 0.0 0.0 0.0 0.0 0.0 0.0 0.0  
    0.0 0.0 0.0 0.0 0.0 0.0 0.0 0.0 0.0 0.0 0.0 0.0 0.0 0.0 0.0 0.0 0.0  
    0.0 0.0 0.0 0.0 0.0 0.0 0.0 0.0 0.0 0.0 0.0 0.0 0.0 0.0 0.0 0.0 0.0  
    0.0 0.0 0.0 0.0 0.0 0.0 0.0 0.0 0.0 0.0 0.0 0.0 0.0 0.0 0.0 0.0 0.0  
    0.0 0.0 0.0 0.0 0.0 0.0 0.0 0.0 0.0 0.0 0.0 0.0 0.0 0.0 0.0 0.0 0.0  
    0.0 0.0 0.0 0.0 0.0 0.0 0.0 0.0 0.0 0.0 0.0 0.0 0.0 0.0 0.0 0.0 0.0  
    0.0 0.0 0.0 
  PI_CX = 0.0 0.0 0.0 0.0 0.0 0.0 0.0 0.0 0.0 0.0 0.0 0.0 0.0 0.0 0.0  
    0.0 0.0 0.0 0.0 0.0 0.0 0.0 0.0 0.0 0.0 0.0 0.0 0.0 0.0 0.0 0.0 0.0  
    0.0 0.0 0.0 0.0 0.0 0.0 0.0 0.0 0.0 0.0 0.0 0.0 0.0 0.0 0.0 0.0 0.0  
    0.0 0.0 0.0 0.0 0.0 0.0 0.0 0.0 0.0 0.0 0.0 0.0 0.0 0.0 0.0 0.0 0.0  
    0.0 0.0 0.0 0.0 0.0 0.0 0.0 0.0 0.0 0.0 0.0 0.0 0.0 0.0 0.0 0.0 0.0  
    0.0 0.0 0.0 0.0 0.0 0.0 0.0 0.0 0.0 0.0 0.0 0.0 0.0 0.0 0.0 0.0 0.0  
    0.0 
  P_OHM = 0.0 0.0 0.0 0.0 0.0 0.0 0.0 0.0 0.0 0.0 0.0 0.0 0.0 0.0 0.0  
    0.0 0.0 0.0 0.0 0.0 0.0 0.0 0.0 0.0 0.0 0.0 0.0 0.0 0.0 0.0 0.0 0.0  
    0.0 0.0 0.0 0.0 0.0 0.0 0.0 0.0 0.0 0.0 0.0 0.0 0.0 0.0 0.0 0.0 0.0  
    0.0 0.0 0.0 0.0 0.0 0.0 0.0 0.0 0.0 0.0 0.0 0.0 0.0 0.0 0.0 0.0 0.0  
    0.0 0.0 0.0 0.0 0.0 0.0 0.0 0.0 0.0 0.0 0.0 0.0 0.0 0.0 0.0 0.0 0.0  
    0.0 0.0 0.0 0.0 0.0 0.0 0.0 0.0 0.0 0.0 0.0 0.0 0.0 0.0 0.0 0.0 0.0  
    0.0 
  P_EI = 0.0 0.0 0.0 0.0 0.0 0.0 0.0 0.0 0.0 0.0 0.0 0.0 0.0 0.0 0.0  
    0.0 0.0 0.0 0.0 0.0 0.0 0.0 0.0 0.0 0.0 0.0 0.0 0.0 0.0 0.0 0.0 0.0  
    0.0 0.0 0.0 0.0 0.0 0.0 0.0 0.0 0.0 0.0 0.0 0.0 0.0 0.0 0.0 0.0 0.0  
    0.0 0.0 0.0 0.0 0.0 0.0 0.0 0.0 0.0 0.0 0.0 0.0 0.0 0.0 0.0 0.0 0.0  
    0.0 0.0 0.0 0.0 0.0 0.0 0.0 0.0 0.0 0.0 0.0 0.0 0.0 0.0 0.0 0.0 0.0  
    0.0 0.0 0.0 0.0 0.0 0.0 0.0 0.0 0.0 0.0 0.0 0.0 0.0 0.0 0.0 0.0 0.0  
    0.0 
  TORQUE_NB = 0.0 0.0 0.0 0.0 0.0 0.0 0.0 0.0 0.0 0.0 0.0 0.0 0.0 0.0  
    0.0 0.0 0.0 0.0 0.0 0.0 0.0 0.0 0.0 0.0 0.0 0.0 0.0 0.0 0.0 0.0 0.0  
    0.0 0.0 0.0 0.0 0.0 0.0 0.0 0.0 0.0 0.0 0.0 0.0 0.0 0.0 0.0 0.0 0.0  
    0.0 0.0 0.0 0.0 0.0 0.0 0.0 0.0 0.0 0.0 0.0 0.0 0.0 0.0 0.0 0.0 0.0  
    0.0 0.0 0.0 0.0 0.0 0.0 0.0 0.0 0.0 0.0 0.0 0.0 0.0 0.0 0.0 0.0 0.0  
    0.0 0.0 0.0 0.0 0.0 0.0 0.0 0.0 0.0 0.0 0.0 0.0 0.0 0.0 0.0 0.0 0.0  
    0.0 0.0 
  TORQUE_IN = 0.0 0.0 0.0 0.0 0.0 0.0 0.0 0.0 0.0 0.0 0.0 0.0 0.0 0.0  
    0.0 0.0 0.0 0.0 0.0 0.0 0.0 0.0 0.0 0.0 0.0 0.0 0.0 0.0 0.0 0.0 0.0  
    0.0 0.0 0.0 0.0 0.0 0.0 0.0 0.0 0.0 0.0 0.0 0.0 0.0 0.0 0.0 0.0 0.0  
    0.0 0.0 0.0 0.0 0.0 0.0 0.0 0.0 0.0 0.0 0.0 0.0 0.0 0.0 0.0 0.0 0.0  
    0.0 0.0 0.0 0.0 0.0 0.0 0.0 0.0 0.0 0.0 0.0 0.0 0.0 0.0 0.0 0.0 0.0  
    0.0 0.0 0.0 0.0 0.0 0.0 0.0 0.0 0.0 0.0 0.0 0.0 0.0 0.0 0.0 0.0 0.0  
    0.0 0.0 
  SE_NB = 0.0 0.0 0.0 0.0 0.0 0.0 0.0 0.0 0.0 0.0 0.0 0.0 0.0 0.0 0.0  
    0.0 0.0 0.0 0.0 0.0 0.0 0.0 0.0 0.0 0.0 0.0 0.0 0.0 0.0 0.0 0.0 0.0  
    0.0 0.0 0.0 0.0 0.0 0.0 0.0 0.0 0.0 0.0 0.0 0.0 0.0 0.0 0.0 0.0 0.0  
    0.0 0.0 0.0 0.0 0.0 0.0 0.0 0.0 0.0 0.0 0.0 0.0 0.0 0.0 0.0 0.0 0.0  
    0.0 0.0 0.0 0.0 0.0 0.0 0.0 0.0 0.0 0.0 0.0 0.0 0.0 0.0 0.0 0.0 0.0  
    0.0 0.0 0.0 0.0 0.0 0.0 0.0 0.0 0.0 0.0 0.0 0.0 0.0 0.0 0.0 0.0 0.0  
    0.0 
  SE_IONIZATION = 0.0 0.0 0.0 0.0 0.0 0.0 0.0 0.0 0.0 0.0 0.0 0.0 0.0  
    0.0 0.0 0.0 0.0 0.0 0.0 0.0 0.0 0.0 0.0 0.0 0.0 0.0 0.0 0.0 0.0 0.0  
    0.0 0.0 0.0 0.0 0.0 0.0 0.0 0.0 0.0 0.0 0.0 0.0 0.0 0.0 0.0 0.0 0.0  
    0.0 0.0 0.0 0.0 0.0 0.0 0.0 0.0 0.0 0.0 0.0 0.0 0.0 0.0 0.0 0.0 0.0  
    0.0 0.0 0.0 0.0 0.0 0.0 0.0 0.0 0.0 0.0 0.0 0.0 0.0 0.0 0.0 0.0 0.0  
    0.0 0.0 0.0 0.0 0.0 0.0 0.0 0.0 0.0 0.0 0.0 0.0 0.0 0.0 0.0 0.0 0.0  
    0.0 0.0 0.0 
  SI_NB = 0.0 0.0 0.0 0.0 0.0 0.0 0.0 0.0 0.0 0.0 0.0 0.0 0.0 0.0 0.0  
    0.0 0.0 0.0 0.0 0.0 0.0 0.0 0.0 0.0 0.0 0.0 0.0 0.0 0.0 0.0 0.0 0.0  
    0.0 0.0 0.0 0.0 0.0 0.0 0.0 0.0 0.0 0.0 0.0 0.0 0.0 0.0 0.0 0.0 0.0  
    0.0 0.0 0.0 0.0 0.0 0.0 0.0 0.0 0.0 0.0 0.0 0.0 0.0 0.0 0.0 0.0 0.0  
    0.0 0.0 0.0 0.0 0.0 0.0 0.0 0.0 0.0 0.0 0.0 0.0 0.0 0.0 0.0 0.0 0.0  
    0.0 0.0 0.0 0.0 0.0 0.0 0.0 0.0 0.0 0.0 0.0 0.0 0.0 0.0 0.0 0.0 0.0  
    0.0 
  SI_IONIZATION = 0.0 0.0 0.0 0.0 0.0 0.0 0.0 0.0 0.0 0.0 0.0 0.0 0.0  
    0.0 0.0 0.0 0.0 0.0 0.0 0.0 0.0 0.0 0.0 0.0 0.0 0.0 0.0 0.0 0.0 0.0  
    0.0 0.0 0.0 0.0 0.0 0.0 0.0 0.0 0.0 0.0 0.0 0.0 0.0 0.0 0.0 0.0 0.0  
    0.0 0.0 0.0 0.0 0.0 0.0 0.0 0.0 0.0 0.0 0.0 0.0 0.0 0.0 0.0 0.0 0.0  
    0.0 0.0 0.0 0.0 0.0 0.0 0.0 0.0 0.0 0.0 0.0 0.0 0.0 0.0 0.0 0.0 0.0  
    0.0 0.0 0.0 0.0 0.0 0.0 0.0 0.0 0.0 0.0 0.0 0.0 0.0 0.0 0.0 0.0 0.0  
    0.0 0.0 0.0 
  SE_PELLET = 0.0 0.0 0.0 0.0 0.0 0.0 0.0 0.0 0.0 0.0 0.0 0.0 0.0 0.0  
    0.0 0.0 0.0 0.0 0.0 0.0 0.0 0.0 0.0 0.0 0.0 0.0 0.0 0.0 0.0 0.0 0.0  
    0.0 0.0 0.0 0.0 0.0 0.0 0.0 0.0 0.0 0.0 0.0 0.0 0.0 0.0 0.0 0.0 0.0  
    0.0 0.0 0.0 0.0 0.0 0.0 0.0 0.0 0.0 0.0 0.0 0.0 0.0 0.0 0.0 0.0 0.0  
    0.0 0.0 0.0 0.0 0.0 0.0 0.0 0.0 0.0 0.0 0.0 0.0 0.0 0.0 0.0 0.0 0.0  
    0.0 0.0 0.0 0.0 0.0 0.0 0.0 0.0 0.0 0.0 0.0 0.0 0.0 0.0 0.0 0.0 0.0  
    0.0 0.0 
  Q = 0.0 0.0 0.0 0.0 0.0 0.0 0.0 0.0 0.0 0.0 0.0 0.0 0.0 0.0 0.0 0.0  
    0.0 0.0 0.0 0.0 0.0 0.0 0.0 0.0 0.0 0.0 0.0 0.0 0.0 0.0 0.0 0.0 0.0  
    0.0 0.0 0.0 0.0 0.0 0.0 0.0 0.0 0.0 0.0 0.0 0.0 0.0 0.0 0.0 0.0 0.0  
    0.0 0.0 0.0 0.0 0.0 0.0 0.0 0.0 0.0 0.0 0.0 0.0 0.0 0.0 0.0 0.0 0.0  
    0.0 0.0 0.0 0.0 0.0 0.0 0.0 0.0 0.0 0.0 0.0 0.0 0.0 0.0 0.0 0.0 0.0  
    0.0 0.0 0.0 0.0 0.0 0.0 0.0 0.0 0.0 0.0 0.0 0.0 0.0 0.0 0.0 0.0 0.0 
  PSIPOL = 0.0 0.0009024327592565906 0.0036093981455967835  
    0.008119874234383226 0.014432147158610601 0.022543772785671917  
    0.03245155288413309 0.044151501489776146 0.057638874216357903  
    0.07290805653503286 0.08995270025918572 0.10876583481864538  
    0.12933993018541784 0.1516664130479494 0.17573721899352002  
    0.20154187417303407 0.22907485016510162 0.25831914141370044  
    0.2892678653775537 0.32190239327042897 0.3562146862554778  
    0.39219190873804394 0.42981581048582285 0.4690740690841097  
    0.5099528152879648 0.5524367503263128 0.5965083238787123  
    0.6421505738709139 0.689346823987241 0.7380795222992004  
    0.7883303821857527 0.840080631106206 0.8933111592372259  
    0.9480023080209372 1.0041336129217926 1.0616845190811717  
    1.1206353860721439 1.1809645385680436 1.2426490844512692  
    1.3056647465571254 1.3699892187463916 1.4356022071307217  
    1.502476437004758 1.5705855450436828 1.6399103018258412  
    1.710419483549272 1.7820896859443685 1.8548951133148037  
    1.9288045962990623 2.00379615818761 2.0798351672164355  
    2.156899131989063 2.234953090601161 2.313970950153261  
    2.3939215461558314 2.4747712336416385 2.556494135943577  
    2.6390517419462642 2.722414799521232 2.8065525608308084  
    2.891425849652491 2.977003381387198 3.0632530670383105  
    3.150135368992753 3.2376149224620483 3.3256576192642395  
    3.414227581317879 3.5032838623106772 3.5927891868015407  
    3.6827064556168763 3.7729977366611718 3.863622569552205  
    3.954538893076917 4.04570700525586 4.137086534433202  
    4.228636471986496 4.320314716693723 4.412076243442292  
    4.503877739927488 4.595675654475786 4.687425804469585  
    4.779083469423241 4.870602265823246 4.9619340688716145  
    5.053032449437107 5.143850113589081 5.234338527786915  
    5.3244474332071015 5.414122926549515 5.503313018142512  
    5.591964882781727 5.680025985348852 5.767439467673761  
    5.854151362916451 5.940111984929311 6.025270377317111  
    6.109567056154642 6.192949021414952 6.275359274349491  
    6.356713539873892 6.43689564968142 
  PSI = 0.0 0.00014019689122989816 0.0005607358487744668  
    0.0012614581121545914 0.002242097424606361 0.0035022740793984554  
    0.005041491217235937 0.0068591296010773965 0.00895445216969  
    0.011326586681367328 0.013974546917447348 0.016897249969250086  
    0.02009352601386652 0.023562043149706148 0.027301548534846568  
    0.03131041501084594 0.035587783713169126 0.04013101275402614  
    0.04493903290041224 0.05000895008859758 0.0553395154499837  
    0.06092873491858682 0.06677377324069184 0.07287271607507348  
    0.07922340877363823 0.08582347460513119 0.09267018705021811  
    0.09976091097619327 0.10709305564419998 0.11466389428508601  
    0.1224705859919866 0.13051021436828544 0.13877981061902697  
    0.1472763207009355 0.15599656535856535 0.16493735130438497  
    0.1740956273118405 0.18346802602377016 0.19305099104919798  
    0.20284075082400108 0.2128338399915177 0.22302710580709412  
    0.23341631102550497 0.24399735998849315 0.25476726532097893  
    0.2657211762682413 0.27685545687424173 0.28816609966430135  
    0.2996482623412614 0.3112985307268083 0.32311152462435405  
    0.33508374989670897 0.347209775058537 0.3594855464633462  
    0.371906222570862 0.3844665764877083 0.39716258816004035  
    0.4099882747170025 0.4229390917120075 0.43601026233347634  
    0.44919570038324236 0.4624905456614849 0.4758898130016943  
    0.48938736006209177 0.5029776927675201 0.5166555122621626  
    0.5304152447285454 0.5442505289772819 0.5581555741049427  
    0.5721246165920282 0.5861517635209619 0.6002307291937266  
    0.6143549792162063 0.6285183457115844 0.642714556765878  
    0.656937241509544 0.6711798593328987 0.6854354153870209  
    0.699697180915213 0.7139583899737818 0.7282121785991015  
    0.7424515992673846 0.7566694460961637 0.7708582426867825  
    0.7850107760698585 0.799119698925625 0.8131774713554627  
    0.8271762854304813 0.841107767036347 0.8549638393493122  
    0.8687362957419528 0.8824169746529871 0.8959970429160534  
    0.9094681165456193 0.9228224765805089 0.936052206721002  
    0.9491480658781569 0.9621018202650929 0.974904614875973  
    0.987543357206436 1.0 
  DENSITY_BEAM = 0.0 0.0 0.0 0.0 0.0 0.0 0.0 0.0 0.0 0.0 0.0 0.0 0.0  
    0.0 0.0 0.0 0.0 0.0 0.0 0.0 0.0 0.0 0.0 0.0 0.0 0.0 0.0 0.0 0.0 0.0  
    0.0 0.0 0.0 0.0 0.0 0.0 0.0 0.0 0.0 0.0 0.0 0.0 0.0 0.0 0.0 0.0 0.0  
    0.0 0.0 0.0 0.0 0.0 0.0 0.0 0.0 0.0 0.0 0.0 0.0 0.0 0.0 0.0 0.0 0.0  
    0.0 0.0 0.0 0.0 0.0 0.0 0.0 0.0 0.0 0.0 0.0 0.0 0.0 0.0 0.0 0.0 0.0  
    0.0 0.0 0.0 0.0 0.0 0.0 0.0 0.0 0.0 0.0 0.0 0.0 0.0 0.0 0.0 0.0 0.0  
    0.0 0.0 0.0 
  WBEAM = 0.0 0.0 0.0 0.0 0.0 0.0 0.0 0.0 0.0 0.0 0.0 0.0 0.0 0.0 0.0  
    0.0 0.0 0.0 0.0 0.0 0.0 0.0 0.0 0.0 0.0 0.0 0.0 0.0 0.0 0.0 0.0 0.0  
    0.0 0.0 0.0 0.0 0.0 0.0 0.0 0.0 0.0 0.0 0.0 0.0 0.0 0.0 0.0 0.0 0.0  
    0.0 0.0 0.0 0.0 0.0 0.0 0.0 0.0 0.0 0.0 0.0 0.0 0.0 0.0 0.0 0.0 0.0  
    0.0 0.0 0.0 0.0 0.0 0.0 0.0 0.0 0.0 0.0 0.0 0.0 0.0 0.0 0.0 0.0 0.0  
    0.0 0.0 0.0 0.0 0.0 0.0 0.0 0.0 0.0 0.0 0.0 0.0 0.0 0.0 0.0 0.0 0.0  
    0.0 
  TBEAM = 0.0 0.0 0.0 0.0 0.0 0.0 0.0 0.0 0.0 0.0 0.0 0.0 0.0 0.0 0.0  
    0.0 0.0 0.0 0.0 0.0 0.0 0.0 0.0 0.0 0.0 0.0 0.0 0.0 0.0 0.0 0.0 0.0  
    0.0 0.0 0.0 0.0 0.0 0.0 0.0 0.0 0.0 0.0 0.0 0.0 0.0 0.0 0.0 0.0 0.0  
    0.0 0.0 0.0 0.0 0.0 0.0 0.0 0.0 0.0 0.0 0.0 0.0 0.0 0.0 0.0 0.0 0.0  
    0.0 0.0 0.0 0.0 0.0 0.0 0.0 0.0 0.0 0.0 0.0 0.0 0.0 0.0 0.0 0.0 0.0  
    0.0 0.0 0.0 0.0 0.0 0.0 0.0 0.0 0.0 0.0 0.0 0.0 0.0 0.0 0.0 0.0 0.0  
    0.0 
  DENSITY_ALPHA = 0.0 0.0 0.0 0.0 0.0 0.0 0.0 0.0 0.0 0.0 0.0 0.0 0.0  
    0.0 0.0 0.0 0.0 0.0 0.0 0.0 0.0 0.0 0.0 0.0 0.0 0.0 0.0 0.0 0.0 0.0  
    0.0 0.0 0.0 0.0 0.0 0.0 0.0 0.0 0.0 0.0 0.0 0.0 0.0 0.0 0.0 0.0 0.0  
    0.0 0.0 0.0 0.0 0.0 0.0 0.0 0.0 0.0 0.0 0.0 0.0 0.0 0.0 0.0 0.0 0.0  
    0.0 0.0 0.0 0.0 0.0 0.0 0.0 0.0 0.0 0.0 0.0 0.0 0.0 0.0 0.0 0.0 0.0  
    0.0 0.0 0.0 0.0 0.0 0.0 0.0 0.0 0.0 0.0 0.0 0.0 0.0 0.0 0.0 0.0 0.0  
    0.0 0.0 0.0 
  WALPHA = 0.0 0.0 0.0 0.0 0.0 0.0 0.0 0.0 0.0 0.0 0.0 0.0 0.0 0.0 0.0  
    0.0 0.0 0.0 0.0 0.0 0.0 0.0 0.0 0.0 0.0 0.0 0.0 0.0 0.0 0.0 0.0 0.0  
    0.0 0.0 0.0 0.0 0.0 0.0 0.0 0.0 0.0 0.0 0.0 0.0 0.0 0.0 0.0 0.0 0.0  
    0.0 0.0 0.0 0.0 0.0 0.0 0.0 0.0 0.0 0.0 0.0 0.0 0.0 0.0 0.0 0.0 0.0  
    0.0 0.0 0.0 0.0 0.0 0.0 0.0 0.0 0.0 0.0 0.0 0.0 0.0 0.0 0.0 0.0 0.0  
    0.0 0.0 0.0 0.0 0.0 0.0 0.0 0.0 0.0 0.0 0.0 0.0 0.0 0.0 0.0 0.0 0.0  
    0.0 
  TALPHA = 0.0 0.0 0.0 0.0 0.0 0.0 0.0 0.0 0.0 0.0 0.0 0.0 0.0 0.0 0.0  
    0.0 0.0 0.0 0.0 0.0 0.0 0.0 0.0 0.0 0.0 0.0 0.0 0.0 0.0 0.0 0.0 0.0  
    0.0 0.0 0.0 0.0 0.0 0.0 0.0 0.0 0.0 0.0 0.0 0.0 0.0 0.0 0.0 0.0 0.0  
    0.0 0.0 0.0 0.0 0.0 0.0 0.0 0.0 0.0 0.0 0.0 0.0 0.0 0.0 0.0 0.0 0.0  
    0.0 0.0 0.0 0.0 0.0 0.0 0.0 0.0 0.0 0.0 0.0 0.0 0.0 0.0 0.0 0.0 0.0  
    0.0 0.0 0.0 0.0 0.0 0.0 0.0 0.0 0.0 0.0 0.0 0.0 0.0 0.0 0.0 0.0 0.0  
    0.0 
  CHIE = 0.0 0.0 0.0 0.0 0.0 0.0 0.0 0.0 0.0 0.0 0.0 0.0 0.0 0.0 0.0  
    0.0 0.0 0.0 0.0 0.0 0.0 0.0 0.0 0.0 0.0 0.0 0.0 0.0 0.0 0.0 0.0 0.0  
    0.0 0.0 0.0 0.0 0.0 0.0 0.0 0.0 0.0 0.0 0.0 0.0 0.0 0.0 0.0 0.0 0.0  
    0.0 0.0 0.0 0.0 0.0 0.0 0.0 0.0 0.0 0.0 0.0 0.0 0.0 0.0 0.0 0.0 0.0  
    0.0 0.0 0.0 0.0 0.0 0.0 0.0 0.0 0.0 0.0 0.0 0.0 0.0 0.0 0.0 0.0 0.0  
    0.0 0.0 0.0 0.0 0.0 0.0 0.0 0.0 0.0 0.0 0.0 0.0 0.0 0.0 0.0 0.0 0.0  
    0.0 
  CHII = 0.0 0.0 0.0 0.0 0.0 0.0 0.0 0.0 0.0 0.0 0.0 0.0 0.0 0.0 0.0  
    0.0 0.0 0.0 0.0 0.0 0.0 0.0 0.0 0.0 0.0 0.0 0.0 0.0 0.0 0.0 0.0 0.0  
    0.0 0.0 0.0 0.0 0.0 0.0 0.0 0.0 0.0 0.0 0.0 0.0 0.0 0.0 0.0 0.0 0.0  
    0.0 0.0 0.0 0.0 0.0 0.0 0.0 0.0 0.0 0.0 0.0 0.0 0.0 0.0 0.0 0.0 0.0  
    0.0 0.0 0.0 0.0 0.0 0.0 0.0 0.0 0.0 0.0 0.0 0.0 0.0 0.0 0.0 0.0 0.0  
    0.0 0.0 0.0 0.0 0.0 0.0 0.0 0.0 0.0 0.0 0.0 0.0 0.0 0.0 0.0 0.0 0.0  
    0.0 
  P_EQ = 0.0 0.0 0.0 0.0 0.0 0.0 0.0 0.0 0.0 0.0 0.0 0.0 0.0 0.0 0.0  
    0.0 0.0 0.0 0.0 0.0 0.0 0.0 0.0 0.0 0.0 0.0 0.0 0.0 0.0 0.0 0.0 0.0  
    0.0 0.0 0.0 0.0 0.0 0.0 0.0 0.0 0.0 0.0 0.0 0.0 0.0 0.0 0.0 0.0 0.0  
    0.0 0.0 0.0 0.0 0.0 0.0 0.0 0.0 0.0 0.0 0.0 0.0 0.0 0.0 0.0 0.0 0.0  
    0.0 0.0 0.0 0.0 0.0 0.0 0.0 0.0 0.0 0.0 0.0 0.0 0.0 0.0 0.0 0.0 0.0  
    0.0 0.0 0.0 0.0 0.0 0.0 0.0 0.0 0.0 0.0 0.0 0.0 0.0 0.0 0.0 0.0 0.0  
    0.0 
  J_TOT = 3670335.1890597166 3670335.1890597166 3669767.184343754  
    3668239.2762914156 3665925.3208474764 3662843.309969797  
    3659027.266596605 3654497.772246156 3649264.6225594506  
    3643331.7994759353 3636700.5504133417 3629371.190787653  
    3621343.7843319406 3612618.3407936143 3603194.861672213  
    3593073.34746764 3582253.797680049 3570736.212059484  
    3558520.591105817 3545606.934819032 3531995.242949197  
    3517685.5154963476 3502677.7527103405 3486971.9545911886  
    3470568.1208890383 3453466.2516039545 3435666.3467358607  
    3417168.4062844394 3397972.4302500435 3378078.418882751  
    3357486.3721822854 3336196.289898768 3314208.172282009  
    3291522.0193321984 3268137.8307994795 3244055.6066835285  
    3219275.3469845187 3193797.0519525954 3167620.721587539  
    3140746.355639403 3113173.9541084263 3084903.5169939348  
    3055935.0442964737 3026268.5362662403 2995903.993152841  
    2964841.4144564536 2933080.799926731 2900622.1500638467  
    2867465.464868264 2833610.7440895876 2799057.9877277445  
    2763807.195782893 2727858.368504597 2691211.5058934027  
    2653866.6074492186 2615823.673421925 2577082.7043122007  
    2537643.6996186585 2497506.659091843 2456671.5832324456  
    2415138.472290308 2372907.326014543 2329978.1439056094  
    2286350.92621376 2242025.6734384755 2197002.3850808353  
    2151281.060889859 2104861.7013659333 2057744.3065088675  
    2009928.8760692219 1961415.4100463102 1912203.9084388674  
    1862294.3714995382 1811686.7992278133 1760381.191371534  
    1708377.5479330632 1655675.8689119336 1602276.1545564737  
    1548178.404868386 1493382.6195979067 1437888.7987448121  
    1381696.9423082627 1324807.0505379809 1267219.1234345038  
    1208933.1607475646 1149949.1627284356 1090267.1293767812  
    1029887.0602411545 968808.9574722889 907032.8734554767  
    844559.4301760175 781393.2887166339 717559.0686941575  
    653155.2212646379 588490.7045136365 524345.1499389387  
    462353.0583291894 405242.5915585029 356924.4770041955  
    323129.9098525994 298328.47789127135 
  RHO = 0.0 0.01 0.02 0.03 0.04 0.05 0.06 0.07 0.08 0.09 0.1 0.11 0.12  
    0.13 0.14 0.15 0.16 0.17 0.18 0.19 0.2 0.21 0.22 0.23 0.24 0.25  
    0.26 0.27 0.28 0.29 0.3 0.31 0.32 0.33 0.34 0.35 0.36 0.37 0.38  
    0.39 0.4 0.41 0.42 0.43 0.44 0.45 0.46 0.47 0.48 0.49 0.5 0.51 0.52  
    0.53 0.54 0.55 0.56 0.57 0.58 0.59 0.6 0.61 0.62 0.63 0.64 0.65  
    0.66 0.67 0.68 0.69 0.7 0.71 0.72 0.73 0.74 0.75 0.76 0.77 0.78  
    0.79 0.8 0.81 0.82 0.83 0.84 0.85 0.86 0.87 0.88 0.89 0.9 0.91 0.92  
    0.93 0.94 0.95 0.96 0.97 0.98 0.99 1.0 
  MODEL_PROFILE_NE = 'ped' 
  MODEL_PROFILE_TE = 'ped' 
  MODEL_PROFILE_TI = 'ped' 
  MODEL_PROFILE_DENSITY_BEAM = 'parab' 
  MODEL_PROFILE_J_TOT = 'parab' 
  MODEL_PROFILE_OMEGA = 'parab' 
  MODEL_PROFILE_ZEFF = 'const' 
  MODEL_PROFILE_TBEAMI = 'const' 
  MODEL_PROFILE_DENSITY_ALPHA = 'zero' 
  MODEL_PROFILE_WALPHA = 'zero' 
  MODEL_PROFILE_WBEAM = 'derived' 
  J_TOT_AXIS = 1.0 
  J_TOT_SEP = 0.05 
  J_TOT_ALPHA = 2.0 
  J_TOT_BETA = 1.0 
  DENSITY_BEAM_AXIS = 0.0 
  DENSITY_BEAM_SEP = 0.0 
  DENSITY_BEAM_ALPHA = 1.5 
  DENSITY_BEAM_BETA = 1.5 
  TBEAMI_AXIS = 20.0 
  DENSITY_ION_0 = 13.7978528241394 13.7978528241394 13.7708772502999  
    13.74198125549645 13.7111900966627 13.67852902573785  
    13.6440232946611 13.60769816536055 13.5695788897754  
    13.5296907148504 13.488058902513648 13.4447087096988  
    13.39966537835615 13.35295417540825 13.30460034779985  
    13.254629152464599 13.2030658413417 13.1499356713648  
    13.095263894473101 13.03907576760025 12.98139654268545  
    12.92225147666235 12.86166582147015 12.79966482904805  
    12.73627376132415 12.67151786024875 12.6054223927444  
    12.538012605755851 12.469313756216751 12.39935110106075  
    12.3281498872326 12.255735371665951 12.18213281129445  
    12.1073674580573 12.031464568888149 11.9544493957262  
    11.87634719051065 11.7971832151696 11.71698271165335  
    11.635770946884449 11.55357316780765 11.470414626362151  
    11.38632058447605 11.3013162890941 11.215426997149951  
    11.128677960582799 11.04109443133185 10.95270166633075  
    10.86352491252425 10.77358942185155 10.68292044625185  
    10.59154322767545 10.499483013067099 10.40676503938265  
    10.31341454357795 10.219456742631051 10.12491684852555  
    10.029820058261697 9.934191528884151 9.83805639745975  
    9.7414397261386 9.644366517137401 9.5468616578005 9.44894988563875  
    9.35065571341275 9.2520033542161 9.153016571641901 9.05371850997145  
    8.9541314494462 8.85427640671175 8.75417266533955 8.6538370166705  
    8.553282765919398 8.45251829377335 8.351545053617299  
    8.25035474467535 8.14892539636195 8.0472158444202 7.94515808941335  
    7.8426466785241 7.7395240418494 7.63556041471145 7.530426577949599  
    7.423657398435349 7.314604072141449 7.2023736013968005  
    7.08575610566115 6.9631456395148 6.8324705001033 6.6911678303592  
    6.5362670263170495 6.3646829812507 6.1738429790484  
    5.962726338924799 5.733205590062798 5.4912124309604975  
    5.24689990421715 5.013093887288449 4.80223750695546  
    4.62319574715133 4.4795365690382 
  DENSITY_ION_1 = 13.7978528241394 13.7978528241394 13.7708772502999  
    13.74198125549645 13.7111900966627 13.67852902573785  
    13.6440232946611 13.60769816536055 13.5695788897754  
    13.5296907148504 13.488058902513648 13.4447087096988  
    13.39966537835615 13.35295417540825 13.30460034779985  
    13.254629152464599 13.2030658413417 13.1499356713648  
    13.095263894473101 13.03907576760025 12.98139654268545  
    12.92225147666235 12.86166582147015 12.79966482904805  
    12.73627376132415 12.67151786024875 12.6054223927444  
    12.538012605755851 12.469313756216751 12.39935110106075  
    12.3281498872326 12.255735371665951 12.18213281129445  
    12.1073674580573 12.031464568888149 11.9544493957262  
    11.87634719051065 11.7971832151696 11.71698271165335  
    11.635770946884449 11.55357316780765 11.470414626362151  
    11.38632058447605 11.3013162890941 11.215426997149951  
    11.128677960582799 11.04109443133185 10.95270166633075  
    10.86352491252425 10.77358942185155 10.68292044625185  
    10.59154322767545 10.499483013067099 10.40676503938265  
    10.31341454357795 10.219456742631051 10.12491684852555  
    10.029820058261697 9.934191528884151 9.83805639745975  
    9.7414397261386 9.644366517137401 9.5468616578005 9.44894988563875  
    9.35065571341275 9.2520033542161 9.153016571641901 9.05371850997145  
    8.9541314494462 8.85427640671175 8.75417266533955 8.6538370166705  
    8.553282765919398 8.45251829377335 8.351545053617299  
    8.25035474467535 8.14892539636195 8.0472158444202 7.94515808941335  
    7.8426466785241 7.7395240418494 7.63556041471145 7.530426577949599  
    7.423657398435349 7.314604072141449 7.2023736013968005  
    7.08575610566115 6.9631456395148 6.8324705001033 6.6911678303592  
    6.5362670263170495 6.3646829812507 6.1738429790484  
    5.962726338924799 5.733205590062798 5.4912124309604975  
    5.24689990421715 5.013093887288449 4.80223750695546  
    4.62319574715133 4.4795365690382 
  DENSITY_IMP_0 = 0.0004143955638 0.0004143955638 0.0004135853973  
    0.00041271755415 0.0004117927929 0.00041081187195 0.0004097755497  
    0.00040868458485 0.00040753973580000003 0.0004063417608  
    0.00040509141855 0.0004037894676 0.00040243666605000003  
    0.00040103377274999997 0.00039958154595000003 0.0003980807442  
    0.0003965321259 0.0003949364496 0.00039329447370000005  
    0.00039160695675 0.00038987465715 0.00038809833345 0.00038627874405  
    0.00038441664735 0.00038251280205 0.00038056796625 0.0003785828988  
    0.00037655835795 0.00037449510225 0.00037239389025 0.0003702554802  
    0.00036808063065 0.00036587010015 0.0003636246471 0.00036134503005  
    0.00035903200740000006 0.00035668633755 0.0003543087792  
    0.00035190009045 0.00034946103015 0.00034699235655000004  
    0.00034449482805 0.00034196920335 0.0003394162407 0.00033683669865  
    0.0003342313356 0.00033160090995 0.00032894618025000003  
    0.00032626790475 0.00032356684185000004 0.00032084374995  
    0.00031809938715 0.0003153345117 0.00031254988155  
    0.00030974625465000005 0.00030692438835000003 0.00030408503985  
    0.0003012289658999999 0.00029835692205000005 0.00029546966325000003  
    0.00029256794219999997 0.0002896525098 0.0002867241135  
    0.00028378349625000004 0.00028083139425 0.0002778685347  
    0.0002748956313 0.00027191337915 0.0002689224474  
    0.00026592346724999997 0.00026291701785 0.0002599036035  
    0.0002568836238 0.00025385733045 0.00025082476709999997  
    0.00024778568445000003 0.00024473942265 0.00024168474540000004  
    0.00023861961045 0.0002355408507 0.0002324437338 0.00022932135915  
    0.00022616383919999997 0.00022295720444999998 0.00021968196915  
    0.0002163113136 0.00021280890105 0.00020912649960000003  
    0.0002052018891 0.0002009580984 0.00019630591035 0.0001911526689  
    0.0001854211068 0.0001790805696 0.00017218729559999993  
    0.00016491943349999992 0.00015758191305 0.00015055993815  
    0.00014422721742 0.00013884999591 0.0001345354314 
  DENSITY_TH = 27.5961200438426 27.5961200438426 27.5421680859971  
    27.484375228547048 27.4227919861183 27.357468863347652  
    27.288456364871898 27.21580501530595 27.1395653192866  
    27.0597877714616 26.976522896445847 26.8898212088652  
    26.79973319337835 26.70630938458925 26.60960027714565  
    26.5096563856734 26.406528214809303 26.300266279179198  
    26.1909210834199 26.07854314215725 25.96318296002805  
    25.84489105165815 25.723717921684347 25.59971407474345  
    25.47293003545035 25.34341628846375 25.2112233683876  
    25.07640176986965 24.939002007535752 24.79907459601175  
    24.6566700299454 24.511838823962552 24.36463149268905  
    24.2150985407617 24.063290482806348 23.9092578234598  
    23.75305106735885 23.5947207391184 23.43431732339715  
    23.27189135479905 23.107493327971852 22.94117374755235  
    22.77298313815545 22.6029719944289 22.431190830998553  
    22.257690152501198 22.082520463573648 21.90573227884175  
    21.72737609295325 21.54750241054495 21.366161736253652  
    21.18340455473805 20.9992813606459 20.81384262864685  
    20.62713883341055 20.439220409650453 20.25013778209095  
    20.059941345489293 19.86868141469035 19.67640826458275  
    19.4831720202194 19.2890226867846 19.0940100397145  
    18.898183554773752 18.70159225821975 18.5042845769669  
    18.306308038915102 18.10770893332205 17.9085318213398  
    17.70881873689075 17.508608247696948 17.3079339369445  
    17.106822415462595 16.90529044487715 16.703340932001698  
    16.50095727503515 16.29809553214655 16.094673373585803  
    15.89055479843715 15.6855288978989 15.4792805274326  
    15.27135015078205 15.061079319738397 14.847537754075148  
    14.629427826252048 14.404963514107202 14.17172502022335  
    13.9265004055292 13.6651462020957 13.3825366188168  
    13.07273035854445 12.729557115170302 12.3478713792036  
    11.925631758419199 11.466583367421196 10.982589781354495  
    10.49395739034735 10.02633833451505 9.60461924112834  
    9.24653034429857 8.9592076735078 
  NI = 27.5957056482788 27.5957056482788 27.5417545005998  
    27.4839625109929 27.4223801933254 27.3570580514757 27.2880465893222  
    27.2153963307211 27.1391577795508 27.0593814297008  
    26.976117805027297 26.8894174193976 26.7993307567123  
    26.7059083508165 26.6092006955997 26.509258304929197  
    26.4061316826834 26.2998713427296 26.190527788946202  
    26.0781515352005 25.9627930853709 25.8445029533247 25.7233316429403  
    25.5993296580961 25.4725475226483 25.3430357204975 25.2108447854888  
    25.076025211511702 24.938627512433502 24.7987022021215  
    24.6562997744652 24.511470743331902 24.3642656225889  
    24.2147349161146 24.062929137776297 23.9088987914524  
    23.7526943810213 23.5943664303392 23.4339654233067  
    23.271541893768898 23.1071463356153 22.940829252724303  
    22.7726411689521 22.6026325781882 22.430853994299902  
    22.257355921165598 22.0821888626637 21.9054033326615  
    21.7270498250485 21.5471788437031 21.3658408925037 21.1830864553509  
    20.998966026134198 20.8135300787653 20.6268290871559  
    20.438913485262102 20.2498336970511 20.059640116523394  
    19.868383057768302 19.6761127949195 19.4828794522772  
    19.288733034274802 19.093723315601 18.8978997712775  
    18.7013114268255 18.5040067084322 18.306033143283802  
    18.1074370199429 17.9082628988924 17.7085528134235 17.5083453306791  
    17.307674033341 17.106565531838797 16.9050365875467  
    16.703090107234598 16.5007094893507 16.2978507927239  
    16.0944316888404 15.8903161788267 15.6852933570482 15.4790480836988  
    15.2711208294229 15.060853155899197 14.847314796870698  
    14.629208144282899 14.404747202793601 14.1715122113223  
    13.9262912790296 13.6649410002066 13.3823356607184  
    13.072534052634099 12.7293659625014 12.3476859580968  
    11.925452677849599 11.466411180125595 10.982424861920995  
    10.4937998084343 10.026187774576899 9.60447501391092  
    9.24639149430266 8.9590731380764 
  NZ = 0.0004143955638 0.0004143955638 0.0004135853973 0.00041271755415  
    0.0004117927929 0.00041081187195 0.0004097755497 0.00040868458485  
    0.00040753973580000003 0.0004063417608 0.00040509141855  
    0.0004037894676 0.00040243666605000003 0.00040103377274999997  
    0.00039958154595000003 0.0003980807442 0.0003965321259  
    0.0003949364496 0.00039329447370000005 0.00039160695675  
    0.00038987465715 0.00038809833345 0.00038627874405 0.00038441664735  
    0.00038251280205 0.00038056796625 0.0003785828988 0.00037655835795  
    0.00037449510225 0.00037239389025 0.0003702554802 0.00036808063065  
    0.00036587010015 0.0003636246471 0.00036134503005  
    0.00035903200740000006 0.00035668633755 0.0003543087792  
    0.00035190009045 0.00034946103015 0.00034699235655000004  
    0.00034449482805 0.00034196920335 0.0003394162407 0.00033683669865  
    0.0003342313356 0.00033160090995 0.00032894618025000003  
    0.00032626790475 0.00032356684185000004 0.00032084374995  
    0.00031809938715 0.0003153345117 0.00031254988155  
    0.00030974625465000005 0.00030692438835000003 0.00030408503985  
    0.0003012289658999999 0.00029835692205000005 0.00029546966325000003  
    0.00029256794219999997 0.0002896525098 0.0002867241135  
    0.00028378349625000004 0.00028083139425 0.0002778685347  
    0.0002748956313 0.00027191337915 0.0002689224474  
    0.00026592346724999997 0.00026291701785 0.0002599036035  
    0.0002568836238 0.00025385733045 0.00025082476709999997  
    0.00024778568445000003 0.00024473942265 0.00024168474540000004  
    0.00023861961045 0.0002355408507 0.0002324437338 0.00022932135915  
    0.00022616383919999997 0.00022295720444999998 0.00021968196915  
    0.0002163113136 0.00021280890105 0.00020912649960000003  
    0.0002052018891 0.0002009580984 0.00019630591035 0.0001911526689  
    0.0001854211068 0.0001790805696 0.00017218729559999993  
    0.00016491943349999992 0.00015758191305 0.00015055993815  
    0.00014422721742 0.00013884999591 0.0001345354314 
  DENSITY_HE = 3.6307950452691045 3.628749108250957 3.6121661261903104  
    3.592588078939839 3.571170658639797 3.549126400361848  
    3.5270140145562068 3.502500131050066 3.4723507937666502  
    3.432935712391891 3.379795358265152 3.3139756612088878  
    3.2412485230930437 3.1637124608559173 3.0843025220287363  
    3.006911674181958 2.9315760760289096 2.8551958046808883  
    2.777626402763931 2.698649917689844 2.617970758816135  
    2.535777909644062 2.452644011066621 2.368800221678686  
    2.2844927325882676 2.19998113633383 2.115620413776931  
    2.031724878914261 1.9484956963373796 1.8661239076039549  
    1.7847884324164918 1.7044289995420068 1.6249889108366342  
    1.5466375804666246 1.4695370423609486 1.3938406058487576  
    1.3196852367482903 1.2472836518314812 1.176889048964785  
    1.108742616323476 1.0430692917444206 0.9801865770796518  
    0.9202888307106499 0.8633816678670942 0.8094455310927738  
    0.758437846836496 0.7102262721532998 0.6646506433621525  
    0.6216023329599258 0.5809636436445603 0.542610545245133  
    0.5064268333740047 0.4723197676990298 0.44019461180633757  
    0.4099542210865853 0.3815004190140724 0.35473757208520784  
    0.3295821878637235 0.3059542422363861 0.2837742595957426  
    0.26296398252803077 0.24345012148541886 0.22516790563324224  
    0.20805386757509006 0.1920458180394309 0.17708316332477772  
    0.16310873300434858 0.15006843099929382 0.1379090443852304  
    0.12657935035409706 0.11603022402960524 0.10621490810311077  
    0.09708880754889262 0.08860932747524472 0.08073608235471583  
    0.07343085877947 0.0666574067873944 0.06038236374493716  
    0.05457465093174038 0.049204741810222684 0.04424458434048639  
    0.03966569910405366 0.03544466518221012 0.03156180623632708  
    0.027997176286769322 0.024730695249831975 0.02175658820691449  
    0.019056125507893748 0.01659444826502052 0.014342916078980346  
    0.012279429316123145 0.008953813059429275 0.005880151197744879  
    0.0033105533418144924 0.0014929796280373242 0.0004915476488278386  
    0.00010353151097648142 1.127848060250269e-05 4.1545120550780404e-07  
    1.5883976553563802e-09 9.467250074379595e-16 
  _NZ_0 = 0.00400904465910645 0.00400904465910645 0.004001206752614334  
    0.003992810856882379 0.003983864310456389 0.003974374450431002  
    0.0039643486139008585 0.003953794140862927 0.0039427183684118475  
    0.003931128632191093 0.003919032272197632 0.003906436626977271  
    0.003893349030722318 0.0038797768248809068 0.0038657273450965115  
    0.003851207929914936 0.0038362259164308205 0.0038207886431899673  
    0.0038049034472870174 0.003788577667267774 0.0037718186402268764  
    0.003754633704710129 0.0037370301978121704 0.0037190154566276393  
    0.0037005968211535067 0.003681781625582079 0.0036625772113614927  
    0.003642990914135221 0.003623030072449068 0.0036027020248488384  
    0.003582014106978005 0.0035609736573823728 0.0035395880146077458  
    0.003517864515748763 0.003495810499351229 0.003473433302509783  
    0.0034507402623190626 0.003427738718776039 0.0034044360060730195  
    0.0033808394656581397 0.003356956433174873 0.003332794245717858  
    0.003308360243284064 0.003283661761516966 0.0032587061389623673  
    0.0032335007127149065 0.0032080528198692223 0.0031823697989711206  
    0.0031564589856640725 0.0031303277170427178 0.003103983330201695  
    0.00307743315933331 0.0030506845400810377 0.0030237448051860178  
    0.0029966212873893923 0.0029693213136276373 0.002941852209386066  
    0.0029142212957964913 0.002886435882381403 0.002858503272858622  
    0.0028304307491784845 0.002802225575877337 0.0027738949841147084  
    0.0027454461615151536 0.002716886230400762 0.0026882222260236712  
    0.002659461053031092 0.002630609436125664 0.0026016738489583347  
    0.002572660398035085 0.002543574686307338 0.0025144215925947504  
    0.0024852049828031977 0.0024559272919890116 0.002426588942441459  
    0.002397187522322865 0.0023677166479545665 0.0023381643588274636  
    0.0023085108973182355 0.002278725623510704 0.0022487627545728357  
    0.002218555531069948 0.002188008296501387 0.0021569859037896804  
    0.002125299839232486 0.002092690637274579 0.002058806760239781  
    0.0020231815915472576 0.001985213186142967 0.0019441568913212107  
    0.0018991495811946648 0.0018492948604472697 0.0017938452117718996  
    0.0017325040705578635 0.0016658155108154736 0.0015955030212995635  
    0.0015245166263164506 0.0014565829575506062 0.001395317436299823  
    0.0013432958340948771 0.0013015548423560422 
  PNBE = 0.0 
  PNBI = 0.0 
  PRFE = 13.056684962097348 
  PRFI = 26.972390663615954 
  PFUSE = 59.97246303508427 
  PFUSI = 22.377319089448687 
  PEI = -6.013606740543009 
  PRAD = -14.976026789214167 
  AREA = 242.1495541 
/





