&PROFILE_EXT
  NPSI_EXT = 257 
  PSIN_EXT = 0.0 0.00390625 0.0078125 0.01171875 0.015625 0.01953125  
    0.0234375 0.02734375 0.03125 0.03515625 0.0390625 0.04296875  
    0.046875 0.05078125 0.0546875 0.05859375 0.0625 0.06640625  
    0.0703125 0.07421875 0.078125 0.08203125 0.0859375 0.08984375  
    0.09375 0.09765625 0.1015625 0.10546875 0.109375 0.11328125  
    0.1171875 0.12109375 0.125 0.12890625 0.1328125 0.13671875 0.140625  
    0.14453125 0.1484375 0.15234375 0.15625 0.16015625 0.1640625  
    0.16796875 0.171875 0.17578125 0.1796875 0.18359375 0.1875  
    0.19140625 0.1953125 0.19921875 0.203125 0.20703125 0.2109375  
    0.21484375 0.21875 0.22265625 0.2265625 0.23046875 0.234375  
    0.23828125 0.2421875 0.24609375 0.25 0.25390625 0.2578125  
    0.26171875 0.265625 0.26953125 0.2734375 0.27734375 0.28125  
    0.28515625 0.2890625 0.29296875 0.296875 0.30078125 0.3046875  
    0.30859375 0.3125 0.31640625 0.3203125 0.32421875 0.328125  
    0.33203125 0.3359375 0.33984375 0.34375 0.34765625 0.3515625  
    0.35546875 0.359375 0.36328125 0.3671875 0.37109375 0.375  
    0.37890625 0.3828125 0.38671875 0.390625 0.39453125 0.3984375  
    0.40234375 0.40625 0.41015625 0.4140625 0.41796875 0.421875  
    0.42578125 0.4296875 0.43359375 0.4375 0.44140625 0.4453125  
    0.44921875 0.453125 0.45703125 0.4609375 0.46484375 0.46875  
    0.47265625 0.4765625 0.48046875 0.484375 0.48828125 0.4921875  
    0.49609375 0.5 0.50390625 0.5078125 0.51171875 0.515625 0.51953125  
    0.5234375 0.52734375 0.53125 0.53515625 0.5390625 0.54296875  
    0.546875 0.55078125 0.5546875 0.55859375 0.5625 0.56640625  
    0.5703125 0.57421875 0.578125 0.58203125 0.5859375 0.58984375  
    0.59375 0.59765625 0.6015625 0.60546875 0.609375 0.61328125  
    0.6171875 0.62109375 0.625 0.62890625 0.6328125 0.63671875 0.640625  
    0.64453125 0.6484375 0.65234375 0.65625 0.66015625 0.6640625  
    0.66796875 0.671875 0.67578125 0.6796875 0.68359375 0.6875  
    0.69140625 0.6953125 0.69921875 0.703125 0.70703125 0.7109375  
    0.71484375 0.71875 0.72265625 0.7265625 0.73046875 0.734375  
    0.73828125 0.7421875 0.74609375 0.75 0.75390625 0.7578125  
    0.76171875 0.765625 0.76953125 0.7734375 0.77734375 0.78125  
    0.78515625 0.7890625 0.79296875 0.796875 0.80078125 0.8046875  
    0.80859375 0.8125 0.81640625 0.8203125 0.82421875 0.828125  
    0.83203125 0.8359375 0.83984375 0.84375 0.84765625 0.8515625  
    0.85546875 0.859375 0.86328125 0.8671875 0.87109375 0.875  
    0.87890625 0.8828125 0.88671875 0.890625 0.89453125 0.8984375  
    0.90234375 0.90625 0.91015625 0.9140625 0.91796875 0.921875  
    0.92578125 0.9296875 0.93359375 0.9375 0.94140625 0.9453125  
    0.94921875 0.953125 0.95703125 0.9609375 0.96484375 0.96875  
    0.97265625 0.9765625 0.98046875 0.984375 0.98828125 0.9921875  
    0.99609375 1.0 
  PPRIME_EXT = 618907.2017235723 610728.554363735 602656.1086986992  
    594689.8647284647 586829.822453032 579075.9818724005  
    571428.3429865704 563886.9057955418 556451.6702993149  
    549122.6364978893 541899.804391265 534783.1739794423  
    527772.745262421 520868.5182402013 514070.49291278294  
    507378.66928016604 500793.0473423506 494313.6270993366  
    487940.40855112416 481673.39169771306 475512.57653910347  
    469457.9630752953 463509.55130628863 457667.3412320834  
    451931.33285267965 446301.5261680773 440599.44693485054  
    434831.113556979 429279.94038666436 423921.9974897505  
    418759.84993250994 413769.88872683904 408927.8832210521  
    404233.899374669 399690.84768138913 395275.81230522436  
    390968.88850321434 386784.1106965882 382713.4514085152  
    378729.1791490828 374853.81241577846 371068.49388446275  
    367355.69847218145 363742.8091689675 360190.4367582007  
    356721.0676236435 353321.16232293355 349981.2156913622  
    346716.9896514978 343500.749886338 340354.7781816536  
    337255.0567104031 334215.6648925089 331223.68764011527  
    328282.21586727153 325389.88804702694 322538.37668797735  
    319738.971540328 316970.2208268475 314256.91710055596  
    311566.645141565 308929.2581216896 306317.9732090009  
    303745.0187627485 301213.1544071785 298697.9855424281  
    296239.0244010843 293784.78205001855 291382.9223957324  
    289000.0191516184 286638.84884032875 284329.32936725835  
    282013.46616223274 279748.23467662977 277504.72699086263  
    275266.2390236265 273083.3421333253 270899.7013428102  
    268740.42120003054 266626.8612135118 264501.90979320195  
    262412.0615908658 260357.62750414445 258293.25982088456  
    256268.0753297314 254271.34759953996 252263.27621493104  
    250291.69643045973 248348.33706155178 246395.60015415988  
    244474.04358196654 242584.03051964188 240683.4970308348  
    238802.77046273724 236959.46329088666 235113.1844239766  
    233273.75063133833 231471.05881801204 229675.9236187092  
    227876.40899497562 226106.8732392665 224361.3696257918  
    222607.8175672685 220864.89257803914 219155.1481651883  
    217453.33460964297 215745.51581505634 214058.76159163078  
    212397.5764752605 210735.89990437336 209075.465963179  
    207439.10821795778 205820.11874602007 204198.30976281624  
    202582.77027130936 200990.56736772315 199411.02295297923  
    197828.6911170956 196253.99333433033 194700.9131651863  
    193159.198388268 191615.29681549844 190077.6545210702  
    188559.6214742678 187054.08767107275 185547.57519655506  
    184043.9875375823 182557.26959164004 181085.75514855728  
    179615.47216748586 178144.20618925343 176685.7375687897  
    175245.17584977235 173809.34835449903 172370.05873038375  
    170938.21275599493 169524.70890935982 168120.40401393606  
    166713.29926261347 165308.3960880387 163918.23443599476  
    162540.97450444457 161165.49271733902 159789.65408216268  
    158420.90615368343 157065.35442961962 155718.72414901343  
    154373.5904811105 153027.97536872592 151690.6370270212  
    150367.81500127984 149051.06139562052 147732.18521104965  
    146415.52734333707 145110.73438577703 143816.61054387776  
    142525.3450752719 141234.36541138001 139946.55654856906  
    138668.7912645056 137401.6672018242 136137.63355239003  
    134871.91804925184 133610.2989328031 132360.88132521135  
    131119.8034872617 129879.85688870934 128640.59023052832  
    127406.11183716192 126181.51114884974 124965.76395876906  
    123752.69487287143 122538.6169868972 121329.41400226412  
    120132.54925551004 118943.4058717052 117755.42221853937  
    116569.29113380483 115389.19856373458 114219.10279008851  
    113057.9992816527 111900.89234109297 110744.60883897037  
    109594.5496924684 108457.96891495344 107330.90761070521  
    106206.99820276731 105087.43470211395 103977.28374429693  
    102880.26286108026 101794.53406117845 100716.51016309133  
    99645.15905923453 98585.50764208304 97543.76447942131  
    96517.57265119348 95502.64609205141 94499.8041377603  
    93515.67008926318 92555.95534025275 91618.64239896828  
    90700.09154987262 89803.65041619995 88938.88275504987  
    88109.4750513886 87313.2125993532 86552.88076563261  
    85834.87404655927 85164.45658062324 84550.27644914048  
    83998.46499568221 83507.77382616136 83084.28759834732  
    82750.1117408967 82516.499018602 82375.47957195048  
    82340.50010319569 82442.00441293436 82690.05205180874  
    83082.94496334156 83644.58072904721 84402.10532130566  
    85360.91894428118 86536.90485035132 87952.79585854926  
    89618.6054845447 91542.66589105895 93730.58712466412  
    96176.06940825601 98885.30413253112 101820.20696014582  
    104902.0376231907 108113.64074372491 111421.59844332731  
    114614.79716868846 117541.03641634875 120228.16078953055  
    122434.67274746831 123840.7601714413 124408.95796535842  
    124081.1530752626 122667.62199531996 120079.29442269038  
    116322.23680469967 111457.16921623974 105568.64678179298  
    98586.42113148214 90965.76249341828 83419.96078547044  
    76164.37560645952 68896.96121153605 60772.40224229981  
    51369.56248032818 40728.64296412864 28792.046479831333  
    15510.373937296481 883.6253362257703 
  FFPRIM_EXT = 5.156373578632245 5.3265653443085625 5.492623345753858  
    5.6554190601107495 5.8149570319107164 5.971243330405848  
    6.124282068719707 6.274082197611584 6.420646294541324  
    6.563988183581484 6.704104775802606 6.8410009111995915  
    6.974681576920584 7.105150509876328 7.232414457388563  
    7.356477275928897 7.477344236628358 7.595019370737212  
    7.709507660907647 7.820813506988847 7.928942000654814  
    8.033895397494867 8.135681337574216 8.234300051231148  
    8.329758123749516 8.42204923156779 8.516186278507409  
    8.612005694156693 8.70155941239728 8.785535386912628  
    8.863878394532088 8.93724938332918 9.006330804011988  
    9.071124271093302 9.131552887809711 9.188257307494727  
    9.241800147538926 9.291790241832285 9.338454442236227  
    9.382569969905862 9.423511856444335 9.461803695475535  
    9.497940842848504 9.531157444590688 9.562555745329615  
    9.591510644199843 9.618398300463358 9.643488172562616  
    9.666339486313174 9.687726556543975 9.707028836366636  
    9.724915121961395 9.740998054322425 9.755633164889904  
    9.768739236972912 9.780349907862036 9.790702873558324  
    9.799479612273498 9.807279753395559 9.813412957954835  
    9.818780109547102 9.822555281121984 9.825476592285515  
    9.827212285738952 9.827677614333517 9.827556624533518  
    9.82574898713054 9.823682555903389 9.820040254927703  
    9.815740134929605 9.810716267777341 9.804130579268914  
    9.797592995252957 9.78952884655686 9.780730454146386  
    9.771666431618325 9.760933724364891 9.750087294834453  
    9.738443898962338 9.725403499291762 9.712545772077053  
    9.698590591379482 9.68351994304911 9.668589589939902  
    9.65244876877898 9.635384375835795 9.618499578548246  
    9.600477065484792 9.581536491212105 9.562716953996144  
    9.54290667059116 9.522086150990441 9.501414432979928  
    9.480062189448851 9.457539131902449 9.434953705630901  
    9.41204304784221 9.387980706638718 9.363563558053672  
    9.339124867497059 9.313722933627908 9.287512085339944  
    9.261373322512153 9.234799380921572 9.207168810064719  
    9.17916830785872 9.151184125379677 9.122475643408556  
    9.092913252408664 9.063208688512386 9.033319706511865  
    9.002620100852337 8.971287550521861 8.939874219739703  
    8.908135798977634 8.875602894662928 8.842562282619049  
    8.809436323635197 8.775943083989624 8.741698087963407  
    8.706977619350617 8.672151907209454 8.636992334053808  
    8.601132122268506 8.564761383996768 8.528247209976069  
    8.491485270501297 8.454094045437008 8.416114625057551  
    8.377925672176751 8.3395897416094 8.300732482717974  
    8.261210804886035 8.22137784187197 8.18145750479368  
    8.141156302723225 8.100176881705487 8.058760605120458  
    8.017232431864219 7.975459053431006 7.933099638807949  
    7.890198706761145 7.84705597134345 7.803729973052767  
    7.760019065493601 7.715755181634433 7.671050783042611  
    7.626105141262407 7.58097272360572 7.535416155052531  
    7.489261568351525 7.442733990045859 7.396056160634156  
    7.3491119585167795 7.30163736990358 7.253659031054696  
    7.205386043627186 7.156888417351519 7.1080897698520324  
    7.058801702955561 7.00900139515498 6.958890356004871  
    6.908598925337618 6.857972293108984 6.806787254314658  
    6.755141921719462 6.7032291444549275 6.65106160067342  
    6.598528756596093 6.5454902434840205 6.491967906563758  
    6.438124434895649 6.384059945348632 6.329617724231126  
    6.274592372592984 6.2191009251609675 6.163318010099571  
    6.107225929408362 6.05071181386459 5.993664892346261  
    5.9361059373986835 5.878166114325927 5.8199316988311445  
    5.761258697457393 5.701946686133952 5.642094605850826  
    5.5818715488176815 5.521245994647131 5.460080242049597  
    5.398271105863816 5.335862990879178 5.272947943781155  
    5.209553014928646 5.145544242640478 5.080751364890795  
    5.0152295957841755 4.949091958802993 4.882317759426291  
    4.8147294400763005 4.74616877539073 4.676683520907092  
    4.6063689100413665 4.535137420896373 4.46273548466961  
    4.3890588274669895 4.314158658750809 4.237961616348204  
    4.160302300872635 4.081040642975262 3.999939092851668  
    3.9168317233690018 3.831755191403315 3.744551703090041  
    3.654633184581814 3.5616958872635602 3.4659525672641474  
    3.367053692382689 3.264196659300633 3.1571099925308936  
    3.0458377474969316 2.929754130866951 2.80814786595288  
    2.6808741351541663 2.547510690565894 2.407459274932312  
    2.260458749651312 2.1062852671079106 1.9447830667993316  
    1.776108449714429 1.600083929809815 1.4176938437865896  
    1.2309819900636163 1.0403557470985345 0.8466473435992666  
    0.6553691505230965 0.4704492121110483 0.2910582587109408  
    0.1234774041762465 -0.02396020409214789 -0.15038959403771596  
    -0.2543872009904268 -0.3309963825146882 -0.3778659089672943  
    -0.3951564391500919 -0.38450851752281673 -0.3482714659359381  
    -0.28481713511934514 -0.20591956142430334 -0.12975296920701915  
    -0.06109860190831508 0.009331464862395463 0.10618180338630681  
    0.24569257504141584 0.43025034070215407 0.6678116363882891  
    0.9743498603876953 1.3498650126856453 
  P_EXT = 1515571.0786327205 1471249.3732627532 1444036.7525955976  
    1421175.1222940353 1400638.7078318126 1381633.4119190653  
    1363747.2953022579 1346733.7855738145 1330429.5317330007  
    1314722.6897525445 1299526.6175173572 1284777.4250634168  
    1270424.8020696405 1256428.4041304504 1242755.2347139365  
    1229377.8386716892 1216272.9421846718 1203420.9208983495  
    1190804.43910259 1178408.831121819 1166221.0083720332  
    1154229.2136619487 1142423.4927805369 1130794.2622149375  
    1119333.5903497445 1108033.6508389572 1096887.8075114288  
    1085889.8811016756 1075034.0188630968 1064315.1503840457  
    1053728.4164086943 1043269.0577310548 1032933.1878224632  
    1022717.057925084 1012616.9567966047 1002629.2273944085  
    992751.0706458943 982979.571735621 973311.69323392  
    963744.9039314291 954276.9760798246 944905.0112792193  
    935627.3734653676 926441.6809507391 917345.8539991407  
    908338.41581936 899416.9748228994 890580.3991499324  
    881826.5977503145 873154.2219132322 864561.7914927729  
    856047.6444133967 847610.8010310358 839249.4361951326  
    830962.8599187577 822749.262312832 814608.043330885  
    806537.5887699281 798537.1694818137 790605.5883969937  
    782741.7358548885 774945.0443632903 767213.898695749  
    759548.2768695113 751946.3552650695 744408.1202789301  
    736932.2133982778 729517.9303456657 722164.9100626674  
    714871.5604421701 707638.2189177987 700463.230083048  
    693346.3894141084 686287.2603789462 679284.4535946937  
    672338.1661379931 665447.3866617385 658611.2276246602  
    651829.9342187773 645102.068334803 638427.4281193705  
    631805.9224486356 625236.2650599869 618718.3453808073  
    612251.984033615 605835.8922661899 599470.1725070907  
    593154.5610820553 586887.9574166384 580670.2892741911  
    574501.4484231842 568380.3124070582 562306.7730754364  
    556280.8644284037 550301.6639416527 544368.6976084388  
    538482.1710617173 532641.3681277559 526845.6512752748  
    521095.1355721673 515389.54136458033 509727.9773346907  
    504110.3453806504 498536.72703097365 493006.4747681138  
    487518.9663019881 482074.332529694 476672.4043328181  
    471312.47976633615 465994.2304819296 460717.77986631484  
    455482.76712322835 450288.5885167646 445135.088009621  
    440022.32127824076 434949.85136466555 429917.1730060788  
    424924.1960753432 419970.93699269893 415056.9661752347  
    410181.82820222765 405345.4357323599 400547.80441834894  
    395788.56359443866 391067.2683864562 386383.7890641729  
    381738.16141303524 377130.11987373524 372559.21181538654  
    368025.2282877652 363528.2198648597 359068.0534954505  
    354644.29120078555 350256.62292450207 345905.08027089224  
    341589.6480830801 337309.9679483706 333065.6430931109  
    328856.63208179513 324682.97663953144 320544.46259695  
    316440.68327504967 312371.474252393 308336.8363280894  
    304336.7079288652 300370.80609814 296438.83714259387  
    292540.67295191635 288676.3220937513 284845.7114418183  
    281048.5192766929 277284.4605189883 273553.51394406566  
    269855.7039795974 266190.8509520624 262558.62862691074  
    258958.88253538517 255391.5808811822 251856.69666917378  
    248354.06471937746 244883.39786171055 241444.5166912151  
    238037.423056869 234662.1128064053 231318.36539125815  
    228005.8881794764 224724.58305348037 221474.43575729697  
    218255.38921518676 215067.25230380852 211909.7712994718  
    208782.79861381775 205686.32735759814 202620.33622188392  
    199584.58900880459 196578.80308873253 193602.88997305592  
    190656.82050588285 187740.5027614411 184853.72794651892  
    181996.2445860391 179167.88628989045 176368.60441659836  
    173598.33599647187 170856.81701718696 168143.72872962232  
    165458.93246471326 162802.3467040632 160173.80403543927  
    157573.01172432728 154999.650134582 152453.4871228629  
    149934.34822384402 147442.0244585268 144976.128981955  
    142536.22161883244 140121.97899833665 137733.1185342831  
    135369.26997607478 133029.87336304202 130714.32825085675  
    128422.12578609883 126152.77723869769 123905.61183424592  
    121679.76081094664 119474.3686049741 117288.58733565472  
    115121.43319738045 112971.77623016438 110838.33046658615  
    108719.58081141804 106613.97366705228 104519.93361365594  
    102435.52851654665 100358.29585784345 98285.80720735343  
    96215.66073906931 94144.78789345239 92069.56669294354  
    89986.3492609763 87891.28604992593 85779.71217284401  
    83646.61700211404 81486.7905469983 79294.45244748493  
    77063.41087497817 74787.2818862852 72459.45464247339  
    70073.33667140015 67622.42821242425 65100.2955794468  
    62502.315755225296 59825.15474185632 57065.70364585947  
    54223.66436918822 51304.573710434306 48314.77759435888  
    45262.1764235471 42163.678716988994 39040.273427568965  
    35913.30397836059 32807.61953532168 29752.17363115657  
    26776.354508338118 23909.16973772887 21177.228994133573  
    18606.78702258608 16222.292698715357 14029.314698571205  
    12022.687682193535 10197.267180260213 8563.30684533416  
    7150.123017872714 5988.879525064396 5111.562157680462  
    4551.345384334548 4342.625492066626 
  F_EXT = 50.85375986867189 50.85185125735408 50.849848107303536  
    50.84775225302853 50.845565548984865 50.843289826557665  
    50.84092688540215 50.83847850412267 50.83594645840701  
    50.833332514082564 50.830638388509044 50.827865886663105  
    50.82501673182511 50.82209274757324 50.819095650075326  
    50.81602722262305 50.81288915442626 50.809683200189234  
    50.80641111779829 50.80307469523326 50.799675620828104  
    50.796215604797624 50.79269639626868 50.78911974241577  
    50.78548724479131 50.78180017110789 50.77805888566176  
    50.774263841352976 50.770416469747616 50.76651881291024  
    50.762573896369574 50.75858483329998 50.754554175956386  
    50.75048426133128 50.74637733157804 50.74223553426488  
    50.73806081505098 50.73385500663822 50.72961984916962  
    50.72535701847336 50.721068071452855 50.716754510710956  
    50.712417707886054 50.708058954093616 50.70367955670264  
    50.69928072199103 50.69486362142528 50.690429346768454  
    50.6859789770157 50.68151354083108 50.67703395711678  
    50.67254112944069 50.66803596543816 50.66351936660317  
    50.658992144007264 50.65445508134992 50.6499089586961  
    50.64535454300133 50.640792539088395 50.63622362389019  
    50.63164847391131 50.62706775249461 50.6224821034904  
    50.617892129784266 50.613298440060746 50.60870158325256  
    50.604102140035025 50.599500627767455 50.59489758234966  
    50.59029349597439 50.585688884013834 50.581084262458546  
    50.576480118446895 50.571876930936114 50.567275180612725  
    50.562675289320836 50.55807764931315 50.55348262946062  
    50.548890675401225 50.54430226384979 50.539717810313874  
    50.535137708483305 50.530562314710835 50.52599195430996  
    50.521426998195636 50.51686782498541 50.512314801630225  
    50.507768296466224 50.5032286389808 50.49869613378161  
    50.49417112654485 50.48965398216117 50.4851449968149  
    50.48064445610915 50.47615267288836 50.471669950360116  
    50.46719659074847 50.46273291024998 50.45827919016101  
    50.453835699876365 50.44940274631698 50.4449806381396  
    50.44056961910819 50.43616992389097 50.431781834523576  
    50.42740564598624 50.42304161994281 50.41869001636238  
    50.414351083124714 50.410025058333 50.40571218008921  
    50.40141270816965 50.39712689468064 50.39285497614928  
    50.388597186065866 50.384353775010645 50.38012499171661  
    50.37591106416792 50.37171220042194 50.367528611721184  
    50.36336054713023 50.35920824816339 50.355071931064145  
    50.35095179281868 50.34684806429014 50.34276097424363  
    50.33869073605605 50.33463754327845 50.33060161374527  
    50.326583166550435 50.32258241026446 50.31859954035889  
    50.31463479102931 50.310688382389344 50.30676048857528  
    50.30285126797989 50.298960955868964 50.29508980496369  
    50.29123800203948 50.28740571284244 50.283593125230624  
    50.27980045444693 50.276027910829825 50.27227568812077  
    50.268543961259894 50.26483291088231 50.26114275277164  
    50.25747370027955 50.253825949871015 50.250199683410216  
    50.24659507091163 50.243012297602945 50.23945157836967  
    50.23591312403778 50.2323971192091 50.228903736506766  
    50.22543315976273 50.221985578778764 50.21856119302731  
    50.21516022249894 50.21178283878322 50.20842921706499  
    50.20509956186675 50.20179408373565 50.19851297246832  
    50.195256410575126 50.19202459482594 50.18881772059499  
    50.18563598211869 50.18247958754267 50.17934874310859  
    50.17624364688217 50.17316449004521 50.170111483185764  
    50.16708484304422 50.164084783150386 50.161111510495246  
    50.1581652386036 50.15524618923608 50.152354589475394  
    50.14949065576272 50.14665461123027 50.14384669154825  
    50.141067154653854 50.13831625239881 50.1355942344517  
    50.13290136164092 50.130237904489434 50.12760412707503  
    50.12500028853306 50.12242671109281 50.11988372504123  
    50.11737164780522 50.114890781246345 50.11244147909144  
    50.11002412856419 50.1076391138071 50.10528683769227  
    50.10296773545719 50.10068227980635 50.098430949985456  
    50.096214255505984 50.09403274247572 50.09188700932438  
    50.089777719601976 50.087705571626095 50.0856712698132  
    50.08367559569187 50.08171944444601 50.07980380426082  
    50.07792967737867 50.07609816145269 50.07431046917124  
    50.07256793154176 50.07087196205899 50.06922411689858  
    50.06762611243168 50.06607982652654 50.06458723577951  
    50.06315048628845 50.06177193119767 50.06045409879628  
    50.05919962937014 50.05801133052423 50.05689223045131  
    50.055845437822455 50.0548740571378 50.05398121113363  
    50.053170072415256 50.05244353069881 50.05180403731188  
    50.05125353923712 50.05079334882325 50.05042379777968  
    50.05014405722808 50.049951906433726 50.04984309295342  
    50.04981158453766 50.049849689180846 50.04994799966752  
    50.05009506157821 50.05027835343162 50.05048472457044  
    50.05070062854072 50.050912567874335 50.051108258441  
    50.05127665354778 50.05140974564703 50.05150592242872  
    50.051563936145754 50.05158138632293 50.05155128224783  
    50.05145874329157 50.05128399116743 50.05100123703275  
    50.05058249708587 50.05 
/

