&INSTATE
  DENSITY_MODEL = 1 
  MODEL_SHAPE = 0 
  NBDRY = 15 
  USE_INPED = 0 
  R0 = 4.55 
  A0 = 1.2 
  KAPPA = 1.4 
  DELTA = -0.5 
  B0 = 11.0 
  IP = 10.0 
  N_ION = 2 
  Z_ION = 1 1 
  A_ION = 2 3 
  F_ION = 0.5 0.5 
  N_IMP = 1 
  Z_IMP = 74 
  A_IMP = 184 
  F_IMP = 1.5e-05 
  N_MIN = 0 
  Z_MIN = 1 
  A_MIN = 1 
  N_BEAM = 1 
  Z_BEAM = 1 
  A_BEAM = 2 
  N_FUSION = 1 
  Z_FUSION = 2 
  A_FUSION = 4 
  NRHO = 101 
  NE_AXIS = 27.6 
  NE_PED = 14.42 
  NE_SEP = 9.0 
  NE_ALPHA = 1.5 
  NE_BETA = 1.1 
  NE_FIT = 1 
  NE_XMID = 0.95 
  NE_XWID = 0.1 
  TE_AXIS = 18.8 
  TE_PED = 3.745 
  TE_SEP = 0.08 
  TE_ALPHA = 1.5 
  TE_BETA = 1.5 
  TE_FIT = 1 
  TE_XMID = 0.95 
  TE_XWID = 0.1 
  TI_AXIS = 19.0 
  TI_PED = 3.745 
  TI_SEP = 0.08 
  TI_ALPHA = 1.5 
  TI_BETA = 1.5 
  TI_FIT = 1 
  TI_XMID = 0.95 
  TI_XWID = 0.1 
  ZEFF_AXIS = 2.0 
  OMEGA_AXIS = 5000.0 
  OMEGA_SEP = 0.0 
  OMEGA_ALPHA = 1.5 
  OMEGA_BETA = 1.5 
  JPAR_AXIS = 1.0 
  JPAR_SEP = 0.05 
  JPAR_ALPHA = 2.0 
  JPAR_BETA = 1.0 
  NBEAM_AXIS = 0.0 
  NBEAM_SEP = 0.0 
  NBEAM_ALPHA = 1.5 
  NBEAM_BETA = 1.5 
  TBEAMI = 20.0 20.0 20.0 20.0 20.0 20.0 20.0 20.0 20.0 20.0 20.0 20.0  
    20.0 20.0 20.0 20.0 20.0 20.0 20.0 20.0 20.0 20.0 20.0 20.0 20.0  
    20.0 20.0 20.0 20.0 20.0 20.0 20.0 20.0 20.0 20.0 20.0 20.0 20.0  
    20.0 20.0 20.0 20.0 20.0 20.0 20.0 20.0 20.0 20.0 20.0 20.0 20.0  
    20.0 20.0 20.0 20.0 20.0 20.0 20.0 20.0 20.0 20.0 20.0 20.0 20.0  
    20.0 20.0 20.0 20.0 20.0 20.0 20.0 20.0 20.0 20.0 20.0 20.0 20.0  
    20.0 20.0 20.0 20.0 20.0 20.0 20.0 20.0 20.0 20.0 20.0 20.0 20.0  
    20.0 20.0 20.0 20.0 20.0 20.0 20.0 20.0 20.0 20.0 20.0 
  BETAN_PED = -1.0 
  XMID = 0.95 
  XWID = 0.1 
  PRESSURE_MODEL = 'full' 
  H98_TARGET = 0.8 
  BETAN_TARGET = 1.25 
  BETAN_BEAM_TARGET = 0.0 
  CURRENT_MODEL = 'broad' 
  RHO_JBDRY = 0.85 
  RHO_JPEAK = 0.65 
  JAXIS = 0.6 
  JAXIS_PRIME = 1.0 
  JBDRY_PRIME = -1.0 
  RBDRY = 5.75 5.717889612279765 5.599231274196216 5.333894952548324  
    4.862048988436734 4.215741544340384 3.606248672667517  
    3.3499999999999996 3.606248672667517 4.215741544340384  
    4.862048988436735 5.333894952548324 5.599231274196216  
    5.717889612279765 5.75 
  ZBDRY = 0.0 0.7289246817174976 1.3134768905462901 1.6378788924654637  
    1.6378788924654637 1.3134768905462901 0.7289246817174978  
    2.0574066225675533e-16 -0.7289246817174975 -1.31347689054629  
    -1.6378788924654637 -1.6378788924654637 -1.3134768905462901  
    -0.728924681717498 0.0 
  NLIM = 5 
  RLIM = 6.0 3.5 3.5 6.0 6.0 
  ZLIM = 1.93 1.93 -1.93 -1.93 1.93 
  NE = 27.62307647 27.62307647 27.57545558 27.52443802 27.47006851  
    27.4123918 27.3514526 27.28729565 27.21996568 27.14950741  
    27.07596557 26.9993849 26.91981012 26.83728597 26.75185716  
    26.66356844 26.57246453 26.47859015 26.38199005 26.28270894  
    26.18079156 26.07628264 25.96922691 25.85966909 25.74765391  
    25.63322611 25.51643041 25.39731154 25.27591424 25.15228323  
    25.02646323 24.89849899 24.76843523 24.63631667 24.50218805  
    24.3660941 24.22807954 24.08818911 23.94646754 23.80295954  
    23.65770986 23.51076322 23.36216435 23.21195798 23.06018884  
    22.90690165 22.75214115 22.59595205 22.43837908 22.27946698  
    22.11926044 21.9578042 21.79514296 21.63132142 21.46638427  
    21.30037618 21.13334179 20.965325709999995 20.79637247 20.62652656  
    20.45583232 20.28433392 20.11207531 19.93910008 19.76545129  
    19.5911713 19.4163014 19.24088135 19.06494874 18.888537999999997  
    18.71167902 18.53439515 18.35670035 18.1785951 18.00006048  
    17.82104972 17.64147616 17.46119596 17.27998347 17.09749628  
    16.91322563 16.72642675 16.536021639999998 16.340465249999998  
    16.137565 15.92424469 15.69625151 15.44782425 15.17138518  
    14.85740068 14.49468877 14.07161043 13.57865106 13.0126059  
    12.381595669999992 11.708555529999993 11.02991454 10.38788979  
    9.819153316 9.345806817 8.97295505 
  TE = 5.613875871881195 5.6132130526873905 5.611225064615507  
    5.607913315639882 5.603280150537819 5.597328848122895  
    5.590063617377996 5.581489592494467 5.57161282682555  
    5.560440285764086 5.547979838556216 5.534240249064538  
    5.519231165495914 5.502963109110761 5.485447461932338  
    5.46669645347613 5.446723146520964 5.425541421945057  
    5.4031659626516255 5.379612236610106 5.3548964790404  
    5.329035673768889 5.302047533786129 5.27395048103743  
    5.244763625478534 5.214506743429736 5.183200255262732  
    5.150865202455412 5.117523224050645 5.083196532555899  
    5.0479078893211895 5.012004666912466 4.975854496202735  
    4.939510922616768 4.903027491579339 4.866457748515222  
    4.829850302085944 4.793218009550957 4.75656078923192  
    4.7198785594504935 4.683171238528338 4.646376256556983  
    4.609470874881102 4.57251475870208 4.535567573221298  
    4.498688983640137 4.462071344781786 4.42588069657307  
    4.390137231870833 4.354861143531913 4.320072624413151  
    4.285664722908664 4.2515139943198275 4.217615891864377  
    4.183965868760048 4.150559378224573 4.1174489956702285  
    4.084752538140395 4.05256332129947 4.020974660811842  
    3.9900798723419086 3.9597969421778796 3.9302934996011127  
    3.9020373247657174 3.875496197825806 3.8511378989354887  
    3.8291187455642337 3.809687687337187 3.7934514526419782  
    3.7810167698662376 3.7729903673975924 3.767786474205903  
    3.7634065668178325 3.7598382449562213 3.7570691083439063  
    3.755086756703727 3.753653730818658 3.752503347370502  
    3.751579369930341 3.750825562069257 3.750185687358331  
    3.7496192663608197 3.749116102873807 3.7486653853191165  
    3.748256302118573 3.7478780416939985 3.747529616358603  
    3.7472092338952283 3.7469048759301526 3.7466045240896504 3.74629616  
    3.499862721 3.19785772 2.830573464 2.399260420999995  
    1.9228905249999946 1.438115204 0.9883854062 0.6077438432  
    0.3107659719 0.09381214377 
  TI = 5.409800587946244 5.409219861023083 5.407478054263272  
    5.404576289294399 5.400516434158277 5.395301101306801  
    5.388933644800363 5.381418156713034 5.372759462749902  
    5.362963117083139 5.352035396414536 5.339983293273381  
    5.326814508559718 5.3125374433440875 5.297161189936008  
    5.280695522234464 5.263150885374741 5.244538384686975  
    5.224869773982733 5.204157443186927 5.182414405333284  
    5.159654282942461 5.1358912938027785 5.111140236174327  
    5.085416473438007 5.058735918211777 5.03111501595708  
    5.002570728099088 4.973120514684988 4.942782316605103  
    4.911574537402178 4.879819183775288 4.847862399312161  
    4.815759128768496 4.7835643168999935 4.751332908462352  
    4.719112710409602 4.686902887203445 4.654685419861091  
    4.6224422893997525 4.590155476836635 4.557695014082534  
    4.52499238607222 4.492121753358873 4.459157276495672  
    4.4261731160357956 4.393507991787337 4.361463296781471  
    4.330057201405995 4.2993078760487125 4.269233491097422  
    4.239665238563737 4.210417934506942 4.181485185386342  
    4.152860597661239 4.124537777790941 4.096622046360352  
    4.069269702061815 4.042550818515797 4.016535469342761  
    3.991293728163171 3.9668402583156603 3.943217495971597  
    3.92053717400055 3.8989110252720867 3.8784507826557766  
    3.859216028574236 3.841313564835784 3.8249259533885467  
    3.810235756180647 3.7974255351602095 3.786382057088026  
    3.7769420597021273 3.7692130614164983 3.763302580645124  
    3.7593181358019896 3.756612234418896 3.754426197882789  
    3.7527007653903723 3.7513766761383507 3.7503946693234265  
    3.7496467062558527 3.7490421610382842 3.7485478920560347  
    3.7481307576944136 3.747757616338733 3.747414574981476  
    3.7471013236025406 3.7468050950683605 3.7465131222453687  
    3.746212638 3.499629459 3.197718181 2.830648868 2.399499607999995  
    1.9231095539999947 1.438140937 0.9882002872 0.6075026732  
    0.3106891207 0.09407052202 
  OMEGA = 4992.501875 4992.501875 4978.801804 4961.079526 4940.12016  
    4916.382264 4890.178959 4861.74318 4831.258024 4798.873089  
    4764.714177 4728.889466 4691.493659 4652.610886 4612.316799  
    4570.680145 4527.763951 4483.626454 4438.321832 4391.900796  
    4344.411068 4295.897774 4246.403778 4195.969955 4144.635428  
    4092.437767 4039.413164 3985.596584 3931.021896 3875.721988  
    3819.72887 3763.073767 3705.787199 3647.899055 3589.43866  
    3530.4348369999993 3470.91596 3410.910006 3350.444605 3289.54708  
    3228.244492 3166.5636739999995 3104.531273 3042.173783 2979.517575  
    2916.588934 2853.414088 2790.0192379999994 2726.430588 2662.674375  
    2598.776897 2534.764544 2470.663824 2406.501396 2342.304099  
    2278.098979 2213.913327 2149.7747069999996 2085.710992 2021.750397  
    1957.921519 1894.253376 1830.775447 1767.517715 1704.510722  
    1641.785608 1579.374179 1517.308956 1455.623246 1394.3512129999992  
    1333.5279519999992 1273.18958 1213.373329 1154.117653 1095.462349  
    1037.448686 980.1195629 923.5196753 867.6957162 812.6966008  
    758.5737302 705.3812976 653.1766491999995 602.0207127999994  
    551.9785103 503.1197796 455.5197357 409.2600162 364.4298727  
    321.1276991 279.4630303 239.55922 201.557126 165.620359  
    131.94307479999964 100.76217029999968 72.37775876 47.19105135  
    25.78549737 9.151104569 -1.78701498e-12 
  ZEFF = 1.08103 1.08103 1.08103 1.0810300000000002 1.08103 1.08103  
    1.08103 1.08103 1.08103 1.0810300000000002 1.08103 1.08103  
    1.0810300000000002 1.08103 1.08103 1.08103 1.08103 1.08103 1.08103  
    1.08103 1.0810300000000002 1.08103 1.08103 1.08103 1.08103 1.08103  
    1.0810300000000002 1.08103 1.08103 1.0810300000000002 1.08103  
    1.08103 1.08103 1.08103 1.08103 1.08103 1.08103 1.0810300000000002  
    1.08103 1.0810300000000002 1.08103 1.08103 1.08103  
    1.0810300000000002 1.08103 1.0810300000000002 1.08103 1.08103  
    1.0810300000000002 1.08103 1.08103 1.0810300000000002 1.08103  
    1.08103 1.08103 1.0810300000000002 1.08103 1.0810300000000002  
    1.08103 1.08103 1.08103 1.08103 1.08103 1.08103 1.0810300000000002  
    1.08103 1.08103 1.08103 1.08103 1.08103 1.08103 1.08103 1.08103  
    1.0810300000000002 1.0810300000000002 1.08103 1.08103  
    1.0810300000000002 1.08103 1.0810300000000002 1.08103 1.08103  
    1.08103 1.0810300000000002 1.0810300000000002 1.08103 1.08103  
    1.0810300000000002 1.08103 1.0810300000000002 1.08103 1.08103  
    1.08103 1.08103 1.08103 1.08103 1.08103 1.08103 1.08103  
    1.0810300000000002 1.0810300000000002 
  J_OH = 0.0 0.0 0.0 0.0 0.0 0.0 0.0 0.0 0.0 0.0 0.0 0.0 0.0 0.0 0.0  
    0.0 0.0 0.0 0.0 0.0 0.0 0.0 0.0 0.0 0.0 0.0 0.0 0.0 0.0 0.0 0.0 0.0  
    0.0 0.0 0.0 0.0 0.0 0.0 0.0 0.0 0.0 0.0 0.0 0.0 0.0 0.0 0.0 0.0 0.0  
    0.0 0.0 0.0 0.0 0.0 0.0 0.0 0.0 0.0 0.0 0.0 0.0 0.0 0.0 0.0 0.0 0.0  
    0.0 0.0 0.0 0.0 0.0 0.0 0.0 0.0 0.0 0.0 0.0 0.0 0.0 0.0 0.0 0.0 0.0  
    0.0 0.0 0.0 0.0 0.0 0.0 0.0 0.0 0.0 0.0 0.0 0.0 0.0 0.0 0.0 0.0 0.0  
    0.0 
  J_BS = 8649.370841455024 12974.056262182536 22613.893247164986  
    32731.77041207706 41841.61112613149 50005.70100590418  
    57322.18033387214 63894.19454831179 69817.05052274412  
    75174.27846768576 80037.42789895239 84466.9006237165  
    88513.42185537082 92219.86053771462 95622.41563099355  
    98751.67435639928 101633.69285650423 104290.50307326941  
    106740.80764478567 109000.9666772002 111085.30235643551  
    113005.96573504705 114773.67816537376 116398.18236549418  
    117887.87723619076 119250.08020132416 120491.50996401279  
    121618.23459260275 122635.69134431075 123548.89216034576  
    124097.65595421767 124018.32778162892 123574.98615464565  
    123035.31157636552 122404.1722686935 121690.55811761561  
    120933.99418614029 120178.67192921744 119435.73386038531  
    118704.79739937774 118044.06673909226 117474.84742796743  
    116884.66576330281 116200.2928884309 115425.96932923223  
    114441.02937463125 113150.55468823331 111721.07482123373  
    110291.59907860495 108862.83593749534 107534.01612003721  
    106411.24860975606 105406.51479539032 104424.36896490994  
    103464.54783987608 102477.97835012294 101379.55103355323  
    100165.61307017374 98870.5900724592 97498.36497464268  
    96133.04465452941 94753.53900713538 93129.71415858374  
    91142.29324027449 88806.19252295027 86263.08088852538  
    83605.01066275065 80645.7817815854 77250.50302721879  
    73437.03854539485 70075.1245298411 68163.98987014478  
    67054.95113303239 65964.75051983677 64902.47738945296  
    64121.09883285721 63906.70477673619 64084.161958400065  
    64460.65770407146 65087.08779705031 66042.01722268057  
    67421.9530239359 69351.60297112256 72032.50240556408  
    75762.66785465123 80942.48303550328 88103.91029386655  
    97937.9278547979 111257.6750875452 128884.33474407191  
    278849.20817889425 451425.0643669458 515870.7417930758  
    569679.6517589557 593304.5328599768 570207.0039734644  
    496978.7805146558 386381.2986833011 261336.15062412745  
    143645.28724413455 34096.23406596979 
  J_NB = 0.0 0.0 0.0 0.0 0.0 0.0 0.0 0.0 0.0 0.0 0.0 0.0 0.0 0.0 0.0  
    0.0 0.0 0.0 0.0 0.0 0.0 0.0 0.0 0.0 0.0 0.0 0.0 0.0 0.0 0.0 0.0 0.0  
    0.0 0.0 0.0 0.0 0.0 0.0 0.0 0.0 0.0 0.0 0.0 0.0 0.0 0.0 0.0 0.0 0.0  
    0.0 0.0 0.0 0.0 0.0 0.0 0.0 0.0 0.0 0.0 0.0 0.0 0.0 0.0 0.0 0.0 0.0  
    0.0 0.0 0.0 0.0 0.0 0.0 0.0 0.0 0.0 0.0 0.0 0.0 0.0 0.0 0.0 0.0 0.0  
    0.0 0.0 0.0 0.0 0.0 0.0 0.0 0.0 0.0 0.0 0.0 0.0 0.0 0.0 0.0 0.0 0.0  
    0.0 
  J_EC = 0.0 0.0 0.0 0.0 0.0 0.0 0.0 0.0 0.0 0.0 0.0 0.0 0.0 0.0 0.0  
    0.0 0.0 0.0 0.0 0.0 0.0 0.0 0.0 0.0 0.0 0.0 0.0 0.0 0.0 0.0 0.0 0.0  
    0.0 0.0 0.0 0.0 0.0 0.0 0.0 0.0 0.0 0.0 0.0 0.0 0.0 0.0 0.0 0.0 0.0  
    0.0 0.0 0.0 0.0 0.0 0.0 0.0 0.0 0.0 0.0 0.0 0.0 0.0 0.0 0.0 0.0 0.0  
    0.0 0.0 0.0 0.0 0.0 0.0 0.0 0.0 0.0 0.0 0.0 0.0 0.0 0.0 0.0 0.0 0.0  
    0.0 0.0 0.0 0.0 0.0 0.0 0.0 0.0 0.0 0.0 0.0 0.0 0.0 0.0 0.0 0.0 0.0  
    0.0 
  J_IC = 0.0 0.0 0.0 0.0 0.0 0.0 0.0 0.0 0.0 0.0 0.0 0.0 0.0 0.0 0.0  
    0.0 0.0 0.0 0.0 0.0 0.0 0.0 0.0 0.0 0.0 0.0 0.0 0.0 0.0 0.0 0.0 0.0  
    0.0 0.0 0.0 0.0 0.0 0.0 0.0 0.0 0.0 0.0 0.0 0.0 0.0 0.0 0.0 0.0 0.0  
    0.0 0.0 0.0 0.0 0.0 0.0 0.0 0.0 0.0 0.0 0.0 0.0 0.0 0.0 0.0 0.0 0.0  
    0.0 0.0 0.0 0.0 0.0 0.0 0.0 0.0 0.0 0.0 0.0 0.0 0.0 0.0 0.0 0.0 0.0  
    0.0 0.0 0.0 0.0 0.0 0.0 0.0 0.0 0.0 0.0 0.0 0.0 0.0 0.0 0.0 0.0 0.0  
    0.0 
  J_LH = 0.0 0.0 0.0 0.0 0.0 0.0 0.0 0.0 0.0 0.0 0.0 0.0 0.0 0.0 0.0  
    0.0 0.0 0.0 0.0 0.0 0.0 0.0 0.0 0.0 0.0 0.0 0.0 0.0 0.0 0.0 0.0 0.0  
    0.0 0.0 0.0 0.0 0.0 0.0 0.0 0.0 0.0 0.0 0.0 0.0 0.0 0.0 0.0 0.0 0.0  
    0.0 0.0 0.0 0.0 0.0 0.0 0.0 0.0 0.0 0.0 0.0 0.0 0.0 0.0 0.0 0.0 0.0  
    0.0 0.0 0.0 0.0 0.0 0.0 0.0 0.0 0.0 0.0 0.0 0.0 0.0 0.0 0.0 0.0 0.0  
    0.0 0.0 0.0 0.0 0.0 0.0 0.0 0.0 0.0 0.0 0.0 0.0 0.0 0.0 0.0 0.0 0.0  
    0.0 
  PE_NB = 0.0 0.0 0.0 0.0 0.0 0.0 0.0 0.0 0.0 0.0 0.0 0.0 0.0 0.0 0.0  
    0.0 0.0 0.0 0.0 0.0 0.0 0.0 0.0 0.0 0.0 0.0 0.0 0.0 0.0 0.0 0.0 0.0  
    0.0 0.0 0.0 0.0 0.0 0.0 0.0 0.0 0.0 0.0 0.0 0.0 0.0 0.0 0.0 0.0 0.0  
    0.0 0.0 0.0 0.0 0.0 0.0 0.0 0.0 0.0 0.0 0.0 0.0 0.0 0.0 0.0 0.0 0.0  
    0.0 0.0 0.0 0.0 0.0 0.0 0.0 0.0 0.0 0.0 0.0 0.0 0.0 0.0 0.0 0.0 0.0  
    0.0 0.0 0.0 0.0 0.0 0.0 0.0 0.0 0.0 0.0 0.0 0.0 0.0 0.0 0.0 0.0 0.0  
    0.0 
  PE_EC = 0.0 0.0 0.0 0.0 0.0 0.0 0.0 0.0 0.0 0.0 0.0 0.0 0.0 0.0 0.0  
    0.0 0.0 0.0 0.0 0.0 0.0 0.0 0.0 0.0 0.0 0.0 0.0 0.0 0.0 0.0 0.0 0.0  
    0.0 0.0 0.0 0.0 0.0 0.0 0.0 0.0 0.0 0.0 0.0 0.0 0.0 0.0 0.0 0.0 0.0  
    0.0 0.0 0.0 0.0 0.0 0.0 0.0 0.0 0.0 0.0 0.0 0.0 0.0 0.0 0.0 0.0 0.0  
    0.0 0.0 0.0 0.0 0.0 0.0 0.0 0.0 0.0 0.0 0.0 0.0 0.0 0.0 0.0 0.0 0.0  
    0.0 0.0 0.0 0.0 0.0 0.0 0.0 0.0 0.0 0.0 0.0 0.0 0.0 0.0 0.0 0.0 0.0  
    0.0 
  PE_IC = 0.0 0.0 0.0 0.0 0.0 0.0 0.0 0.0 0.0 0.0 0.0 0.0 0.0 0.0 0.0  
    0.0 0.0 0.0 0.0 0.0 0.0 0.0 0.0 0.0 0.0 0.0 0.0 0.0 0.0 0.0 0.0 0.0  
    0.0 0.0 0.0 0.0 0.0 0.0 0.0 0.0 0.0 0.0 0.0 0.0 0.0 0.0 0.0 0.0 0.0  
    0.0 0.0 0.0 0.0 0.0 0.0 0.0 0.0 0.0 0.0 0.0 0.0 0.0 0.0 0.0 0.0 0.0  
    0.0 0.0 0.0 0.0 0.0 0.0 0.0 0.0 0.0 0.0 0.0 0.0 0.0 0.0 0.0 0.0 0.0  
    0.0 0.0 0.0 0.0 0.0 0.0 0.0 0.0 0.0 0.0 0.0 0.0 0.0 0.0 0.0 0.0 0.0  
    0.0 
  PE_LH = 0.0 0.0 0.0 0.0 0.0 0.0 0.0 0.0 0.0 0.0 0.0 0.0 0.0 0.0 0.0  
    0.0 0.0 0.0 0.0 0.0 0.0 0.0 0.0 0.0 0.0 0.0 0.0 0.0 0.0 0.0 0.0 0.0  
    0.0 0.0 0.0 0.0 0.0 0.0 0.0 0.0 0.0 0.0 0.0 0.0 0.0 0.0 0.0 0.0 0.0  
    0.0 0.0 0.0 0.0 0.0 0.0 0.0 0.0 0.0 0.0 0.0 0.0 0.0 0.0 0.0 0.0 0.0  
    0.0 0.0 0.0 0.0 0.0 0.0 0.0 0.0 0.0 0.0 0.0 0.0 0.0 0.0 0.0 0.0 0.0  
    0.0 0.0 0.0 0.0 0.0 0.0 0.0 0.0 0.0 0.0 0.0 0.0 0.0 0.0 0.0 0.0 0.0  
    0.0 
  PE_FUS = 184019.29287166896 183971.06080574344 183213.19275356695  
    182340.75561726402 181369.60378125205 180315.45769591632  
    179183.54360423065 177938.10146227802 176534.18243218758  
    174928.2946080216 173078.69865715678 170944.9493149429  
    168544.87243803235 165925.10147133537 163131.24052518656  
    160207.5531323662 157168.3396967918 154007.2356006835  
    150736.29808622427 147367.48939106715 143912.6357105723  
    140381.20789671197 136784.0536106369 133134.63547780042  
    129445.9792882236 125730.63487946076 122003.03516296184  
    118278.65065147616 114570.59968829111 110891.17002417237  
    107251.80230634524 103662.82771384719 100131.40478629693  
    96663.18706431294 93263.31609041542 89936.42739248043  
    86686.30984956546 83512.89891236775 80414.7278907425  
    77390.39920729135 74438.58340651315 71550.95682028431  
    68723.68417450294 65961.77206225894 63269.641899950504  
    60651.14473454141 58123.706595951306 55700.75333699878  
    53379.6707074626 51157.79012212482 49032.399911328575  
    46992.45213632852 45027.002959786456 43133.53076787842  
    41309.591711002155 39552.818416800736 37864.881060732194  
    36248.93426264953 34704.694601499534 33231.63361799059  
    31829.002905485926 30494.440061314603 29226.268675877232  
    28024.404044674633 26888.501634722197 25817.991209259126  
    24811.091972178438 23867.207412732387 22987.12722322977  
    22171.33000594047 21420.03891669561 20727.461089637418  
    20088.479984284113 19503.9831325735 18974.640955618997  
    18500.948475998357 18065.15694424143 17647.40736397916  
    17244.929130317927 16854.905616402597 16474.379828460224  
    16098.926517617716 15724.233626493928 15346.772530005814  
    14962.032293226915 14564.179195508481 14146.036131512848  
    13698.546882062625 13210.056272091186 12666.80383333342  
    12054.113525609657 8730.99792735074 5676.982377660805  
    3148.5155346350903 1388.241371451892 442.1765114556679  
    88.88987678957793 9.104790298989373 0.3118940880949067  
    0.0011372130119177992 1.1941048557277926e-09 
  PE_IONIZATION = 0.0 0.0 0.0 0.0 0.0 0.0 0.0 0.0 0.0 0.0 0.0 0.0 0.0  
    0.0 0.0 0.0 0.0 0.0 0.0 0.0 0.0 0.0 0.0 0.0 0.0 0.0 0.0 0.0 0.0 0.0  
    0.0 0.0 0.0 0.0 0.0 0.0 0.0 0.0 0.0 0.0 0.0 0.0 0.0 0.0 0.0 0.0 0.0  
    0.0 0.0 0.0 0.0 0.0 0.0 0.0 0.0 0.0 0.0 0.0 0.0 0.0 0.0 0.0 0.0 0.0  
    0.0 0.0 0.0 0.0 0.0 0.0 0.0 0.0 0.0 0.0 0.0 0.0 0.0 0.0 0.0 0.0 0.0  
    0.0 0.0 0.0 0.0 0.0 0.0 0.0 0.0 0.0 0.0 0.0 0.0 0.0 0.0 0.0 0.0 0.0  
    0.0 0.0 0.0 
  P_RAD = 0.0 0.0 0.0 0.0 0.0 0.0 0.0 0.0 0.0 0.0 0.0 0.0 0.0 0.0 0.0  
    0.0 0.0 0.0 0.0 0.0 0.0 0.0 0.0 0.0 0.0 0.0 0.0 0.0 0.0 0.0 0.0 0.0  
    0.0 0.0 0.0 0.0 0.0 0.0 0.0 0.0 0.0 0.0 0.0 0.0 0.0 0.0 0.0 0.0 0.0  
    0.0 0.0 0.0 0.0 0.0 0.0 0.0 0.0 0.0 0.0 0.0 0.0 0.0 0.0 0.0 0.0 0.0  
    0.0 0.0 0.0 0.0 0.0 0.0 0.0 0.0 0.0 0.0 0.0 0.0 0.0 0.0 0.0 0.0 0.0  
    0.0 0.0 0.0 0.0 0.0 0.0 0.0 0.0 0.0 0.0 0.0 0.0 0.0 0.0 0.0 0.0 0.0  
    0.0 
  PI_NB = 0.0 0.0 0.0 0.0 0.0 0.0 0.0 0.0 0.0 0.0 0.0 0.0 0.0 0.0 0.0  
    0.0 0.0 0.0 0.0 0.0 0.0 0.0 0.0 0.0 0.0 0.0 0.0 0.0 0.0 0.0 0.0 0.0  
    0.0 0.0 0.0 0.0 0.0 0.0 0.0 0.0 0.0 0.0 0.0 0.0 0.0 0.0 0.0 0.0 0.0  
    0.0 0.0 0.0 0.0 0.0 0.0 0.0 0.0 0.0 0.0 0.0 0.0 0.0 0.0 0.0 0.0 0.0  
    0.0 0.0 0.0 0.0 0.0 0.0 0.0 0.0 0.0 0.0 0.0 0.0 0.0 0.0 0.0 0.0 0.0  
    0.0 0.0 0.0 0.0 0.0 0.0 0.0 0.0 0.0 0.0 0.0 0.0 0.0 0.0 0.0 0.0 0.0  
    0.0 
  PI_IC = 0.0 0.0 0.0 0.0 0.0 0.0 0.0 0.0 0.0 0.0 0.0 0.0 0.0 0.0 0.0  
    0.0 0.0 0.0 0.0 0.0 0.0 0.0 0.0 0.0 0.0 0.0 0.0 0.0 0.0 0.0 0.0 0.0  
    0.0 0.0 0.0 0.0 0.0 0.0 0.0 0.0 0.0 0.0 0.0 0.0 0.0 0.0 0.0 0.0 0.0  
    0.0 0.0 0.0 0.0 0.0 0.0 0.0 0.0 0.0 0.0 0.0 0.0 0.0 0.0 0.0 0.0 0.0  
    0.0 0.0 0.0 0.0 0.0 0.0 0.0 0.0 0.0 0.0 0.0 0.0 0.0 0.0 0.0 0.0 0.0  
    0.0 0.0 0.0 0.0 0.0 0.0 0.0 0.0 0.0 0.0 0.0 0.0 0.0 0.0 0.0 0.0 0.0  
    0.0 
  PI_LH = 0.0 0.0 0.0 0.0 0.0 0.0 0.0 0.0 0.0 0.0 0.0 0.0 0.0 0.0 0.0  
    0.0 0.0 0.0 0.0 0.0 0.0 0.0 0.0 0.0 0.0 0.0 0.0 0.0 0.0 0.0 0.0 0.0  
    0.0 0.0 0.0 0.0 0.0 0.0 0.0 0.0 0.0 0.0 0.0 0.0 0.0 0.0 0.0 0.0 0.0  
    0.0 0.0 0.0 0.0 0.0 0.0 0.0 0.0 0.0 0.0 0.0 0.0 0.0 0.0 0.0 0.0 0.0  
    0.0 0.0 0.0 0.0 0.0 0.0 0.0 0.0 0.0 0.0 0.0 0.0 0.0 0.0 0.0 0.0 0.0  
    0.0 0.0 0.0 0.0 0.0 0.0 0.0 0.0 0.0 0.0 0.0 0.0 0.0 0.0 0.0 0.0 0.0  
    0.0 
  PI_FUS = 28430.197040147705 28420.264865318215 28293.239970931958  
    28143.268649405207 27972.75543201769 27784.098885133135  
    27578.060540881874 27348.98835904407 27089.84563451889  
    26793.90198780979 26454.795595955162 26066.60406047608  
    25632.716320694857 25160.956892356455 24658.959921918908  
    24134.10565275922 23589.230028151716 23024.093325999802  
    22441.21897865764 21843.094159514196 21232.15885931754  
    20610.470275690725 19980.32779817612 19344.405960116812  
    18705.25569625814 18065.296129146915 17427.23412118592  
    16793.869150099432 16167.508708457844 15550.262436196454  
    14944.042170787983 14350.495621094782 13770.689847027854  
    13205.434002461294 12655.42748705471 12121.26362265003  
    11603.37948551756 11101.596642560966 10615.518756845102  
    10144.763425505931 9688.961766797524 9246.737436006604  
    8817.402159195743 8401.544335931843 7999.643578192919  
    7612.076133855008 7241.062579481382 6888.189409939653  
    6552.809186047598 6234.278078899125 5931.957783813458  
    5644.081482513957 5368.937341565751 5105.991231772997  
    4854.7303320057945 4614.662430454274 4385.823940976316  
    4168.461878761325 3962.3859378338157 3767.371422272681  
    3583.1644182079726 3409.2312554627097 3245.2642611084416  
    3091.277824934187 2947.2257035609855 2813.011283367152  
    2688.2004039596427 2572.67286793776 2466.7007928039657  
    2370.4781907345446 2284.1402709160334 2206.0362285592464  
    2134.441019602749 2069.3345883985808 2010.6856074548446  
    1958.4551937413746 1910.5815697160212 1864.8080378116588  
    1820.8032077649366 1778.233999454313 1736.7551465470951  
    1695.8754415551114 1655.1288244369628 1614.1305535422928  
    1572.3910876364034 1529.2798222571112 1484.02602599976  
    1435.6585325577191 1382.9283879112388 1324.3679949459556  
    1258.4229528730814 854.211143894567 509.73471027677033  
    251.84551794352612 95.01381258847651 24.589424572712574  
    3.769923499371429 0.2727313573669752 0.005967966669108991  
    1.1778951259530173e-05 4.190501269032548e-12 
  PI_IONIZATION = 0.0 0.0 0.0 0.0 0.0 0.0 0.0 0.0 0.0 0.0 0.0 0.0 0.0  
    0.0 0.0 0.0 0.0 0.0 0.0 0.0 0.0 0.0 0.0 0.0 0.0 0.0 0.0 0.0 0.0 0.0  
    0.0 0.0 0.0 0.0 0.0 0.0 0.0 0.0 0.0 0.0 0.0 0.0 0.0 0.0 0.0 0.0 0.0  
    0.0 0.0 0.0 0.0 0.0 0.0 0.0 0.0 0.0 0.0 0.0 0.0 0.0 0.0 0.0 0.0 0.0  
    0.0 0.0 0.0 0.0 0.0 0.0 0.0 0.0 0.0 0.0 0.0 0.0 0.0 0.0 0.0 0.0 0.0  
    0.0 0.0 0.0 0.0 0.0 0.0 0.0 0.0 0.0 0.0 0.0 0.0 0.0 0.0 0.0 0.0 0.0  
    0.0 0.0 0.0 
  PI_CX = 0.0 0.0 0.0 0.0 0.0 0.0 0.0 0.0 0.0 0.0 0.0 0.0 0.0 0.0 0.0  
    0.0 0.0 0.0 0.0 0.0 0.0 0.0 0.0 0.0 0.0 0.0 0.0 0.0 0.0 0.0 0.0 0.0  
    0.0 0.0 0.0 0.0 0.0 0.0 0.0 0.0 0.0 0.0 0.0 0.0 0.0 0.0 0.0 0.0 0.0  
    0.0 0.0 0.0 0.0 0.0 0.0 0.0 0.0 0.0 0.0 0.0 0.0 0.0 0.0 0.0 0.0 0.0  
    0.0 0.0 0.0 0.0 0.0 0.0 0.0 0.0 0.0 0.0 0.0 0.0 0.0 0.0 0.0 0.0 0.0  
    0.0 0.0 0.0 0.0 0.0 0.0 0.0 0.0 0.0 0.0 0.0 0.0 0.0 0.0 0.0 0.0 0.0  
    0.0 
  P_OHM = 0.0 0.0 0.0 0.0 0.0 0.0 0.0 0.0 0.0 0.0 0.0 0.0 0.0 0.0 0.0  
    0.0 0.0 0.0 0.0 0.0 0.0 0.0 0.0 0.0 0.0 0.0 0.0 0.0 0.0 0.0 0.0 0.0  
    0.0 0.0 0.0 0.0 0.0 0.0 0.0 0.0 0.0 0.0 0.0 0.0 0.0 0.0 0.0 0.0 0.0  
    0.0 0.0 0.0 0.0 0.0 0.0 0.0 0.0 0.0 0.0 0.0 0.0 0.0 0.0 0.0 0.0 0.0  
    0.0 0.0 0.0 0.0 0.0 0.0 0.0 0.0 0.0 0.0 0.0 0.0 0.0 0.0 0.0 0.0 0.0  
    0.0 0.0 0.0 0.0 0.0 0.0 0.0 0.0 0.0 0.0 0.0 0.0 0.0 0.0 0.0 0.0 0.0  
    0.0 
  P_EI = 0.0 0.0 0.0 0.0 0.0 0.0 0.0 0.0 0.0 0.0 0.0 0.0 0.0 0.0 0.0  
    0.0 0.0 0.0 0.0 0.0 0.0 0.0 0.0 0.0 0.0 0.0 0.0 0.0 0.0 0.0 0.0 0.0  
    0.0 0.0 0.0 0.0 0.0 0.0 0.0 0.0 0.0 0.0 0.0 0.0 0.0 0.0 0.0 0.0 0.0  
    0.0 0.0 0.0 0.0 0.0 0.0 0.0 0.0 0.0 0.0 0.0 0.0 0.0 0.0 0.0 0.0 0.0  
    0.0 0.0 0.0 0.0 0.0 0.0 0.0 0.0 0.0 0.0 0.0 0.0 0.0 0.0 0.0 0.0 0.0  
    0.0 0.0 0.0 0.0 0.0 0.0 0.0 0.0 0.0 0.0 0.0 0.0 0.0 0.0 0.0 0.0 0.0  
    0.0 
  TORQUE_NB = 0.0 0.0 0.0 0.0 0.0 0.0 0.0 0.0 0.0 0.0 0.0 0.0 0.0 0.0  
    0.0 0.0 0.0 0.0 0.0 0.0 0.0 0.0 0.0 0.0 0.0 0.0 0.0 0.0 0.0 0.0 0.0  
    0.0 0.0 0.0 0.0 0.0 0.0 0.0 0.0 0.0 0.0 0.0 0.0 0.0 0.0 0.0 0.0 0.0  
    0.0 0.0 0.0 0.0 0.0 0.0 0.0 0.0 0.0 0.0 0.0 0.0 0.0 0.0 0.0 0.0 0.0  
    0.0 0.0 0.0 0.0 0.0 0.0 0.0 0.0 0.0 0.0 0.0 0.0 0.0 0.0 0.0 0.0 0.0  
    0.0 0.0 0.0 0.0 0.0 0.0 0.0 0.0 0.0 0.0 0.0 0.0 0.0 0.0 0.0 0.0 0.0  
    0.0 0.0 
  TORQUE_IN = 0.0 0.0 0.0 0.0 0.0 0.0 0.0 0.0 0.0 0.0 0.0 0.0 0.0 0.0  
    0.0 0.0 0.0 0.0 0.0 0.0 0.0 0.0 0.0 0.0 0.0 0.0 0.0 0.0 0.0 0.0 0.0  
    0.0 0.0 0.0 0.0 0.0 0.0 0.0 0.0 0.0 0.0 0.0 0.0 0.0 0.0 0.0 0.0 0.0  
    0.0 0.0 0.0 0.0 0.0 0.0 0.0 0.0 0.0 0.0 0.0 0.0 0.0 0.0 0.0 0.0 0.0  
    0.0 0.0 0.0 0.0 0.0 0.0 0.0 0.0 0.0 0.0 0.0 0.0 0.0 0.0 0.0 0.0 0.0  
    0.0 0.0 0.0 0.0 0.0 0.0 0.0 0.0 0.0 0.0 0.0 0.0 0.0 0.0 0.0 0.0 0.0  
    0.0 0.0 
  SE_NB = 0.0 0.0 0.0 0.0 0.0 0.0 0.0 0.0 0.0 0.0 0.0 0.0 0.0 0.0 0.0  
    0.0 0.0 0.0 0.0 0.0 0.0 0.0 0.0 0.0 0.0 0.0 0.0 0.0 0.0 0.0 0.0 0.0  
    0.0 0.0 0.0 0.0 0.0 0.0 0.0 0.0 0.0 0.0 0.0 0.0 0.0 0.0 0.0 0.0 0.0  
    0.0 0.0 0.0 0.0 0.0 0.0 0.0 0.0 0.0 0.0 0.0 0.0 0.0 0.0 0.0 0.0 0.0  
    0.0 0.0 0.0 0.0 0.0 0.0 0.0 0.0 0.0 0.0 0.0 0.0 0.0 0.0 0.0 0.0 0.0  
    0.0 0.0 0.0 0.0 0.0 0.0 0.0 0.0 0.0 0.0 0.0 0.0 0.0 0.0 0.0 0.0 0.0  
    0.0 
  SE_IONIZATION = 0.0 0.0 0.0 0.0 0.0 0.0 0.0 0.0 0.0 0.0 0.0 0.0 0.0  
    0.0 0.0 0.0 0.0 0.0 0.0 0.0 0.0 0.0 0.0 0.0 0.0 0.0 0.0 0.0 0.0 0.0  
    0.0 0.0 0.0 0.0 0.0 0.0 0.0 0.0 0.0 0.0 0.0 0.0 0.0 0.0 0.0 0.0 0.0  
    0.0 0.0 0.0 0.0 0.0 0.0 0.0 0.0 0.0 0.0 0.0 0.0 0.0 0.0 0.0 0.0 0.0  
    0.0 0.0 0.0 0.0 0.0 0.0 0.0 0.0 0.0 0.0 0.0 0.0 0.0 0.0 0.0 0.0 0.0  
    0.0 0.0 0.0 0.0 0.0 0.0 0.0 0.0 0.0 0.0 0.0 0.0 0.0 0.0 0.0 0.0 0.0  
    0.0 0.0 0.0 
  SI_NB = 0.0 0.0 0.0 0.0 0.0 0.0 0.0 0.0 0.0 0.0 0.0 0.0 0.0 0.0 0.0  
    0.0 0.0 0.0 0.0 0.0 0.0 0.0 0.0 0.0 0.0 0.0 0.0 0.0 0.0 0.0 0.0 0.0  
    0.0 0.0 0.0 0.0 0.0 0.0 0.0 0.0 0.0 0.0 0.0 0.0 0.0 0.0 0.0 0.0 0.0  
    0.0 0.0 0.0 0.0 0.0 0.0 0.0 0.0 0.0 0.0 0.0 0.0 0.0 0.0 0.0 0.0 0.0  
    0.0 0.0 0.0 0.0 0.0 0.0 0.0 0.0 0.0 0.0 0.0 0.0 0.0 0.0 0.0 0.0 0.0  
    0.0 0.0 0.0 0.0 0.0 0.0 0.0 0.0 0.0 0.0 0.0 0.0 0.0 0.0 0.0 0.0 0.0  
    0.0 
  SI_IONIZATION = 0.0 0.0 0.0 0.0 0.0 0.0 0.0 0.0 0.0 0.0 0.0 0.0 0.0  
    0.0 0.0 0.0 0.0 0.0 0.0 0.0 0.0 0.0 0.0 0.0 0.0 0.0 0.0 0.0 0.0 0.0  
    0.0 0.0 0.0 0.0 0.0 0.0 0.0 0.0 0.0 0.0 0.0 0.0 0.0 0.0 0.0 0.0 0.0  
    0.0 0.0 0.0 0.0 0.0 0.0 0.0 0.0 0.0 0.0 0.0 0.0 0.0 0.0 0.0 0.0 0.0  
    0.0 0.0 0.0 0.0 0.0 0.0 0.0 0.0 0.0 0.0 0.0 0.0 0.0 0.0 0.0 0.0 0.0  
    0.0 0.0 0.0 0.0 0.0 0.0 0.0 0.0 0.0 0.0 0.0 0.0 0.0 0.0 0.0 0.0 0.0  
    0.0 0.0 0.0 
  SE_PELLET = 0.0 0.0 0.0 0.0 0.0 0.0 0.0 0.0 0.0 0.0 0.0 0.0 0.0 0.0  
    0.0 0.0 0.0 0.0 0.0 0.0 0.0 0.0 0.0 0.0 0.0 0.0 0.0 0.0 0.0 0.0 0.0  
    0.0 0.0 0.0 0.0 0.0 0.0 0.0 0.0 0.0 0.0 0.0 0.0 0.0 0.0 0.0 0.0 0.0  
    0.0 0.0 0.0 0.0 0.0 0.0 0.0 0.0 0.0 0.0 0.0 0.0 0.0 0.0 0.0 0.0 0.0  
    0.0 0.0 0.0 0.0 0.0 0.0 0.0 0.0 0.0 0.0 0.0 0.0 0.0 0.0 0.0 0.0 0.0  
    0.0 0.0 0.0 0.0 0.0 0.0 0.0 0.0 0.0 0.0 0.0 0.0 0.0 0.0 0.0 0.0 0.0  
    0.0 0.0 
  Q = 0.0 0.0 0.0 0.0 0.0 0.0 0.0 0.0 0.0 0.0 0.0 0.0 0.0 0.0 0.0 0.0  
    0.0 0.0 0.0 0.0 0.0 0.0 0.0 0.0 0.0 0.0 0.0 0.0 0.0 0.0 0.0 0.0 0.0  
    0.0 0.0 0.0 0.0 0.0 0.0 0.0 0.0 0.0 0.0 0.0 0.0 0.0 0.0 0.0 0.0 0.0  
    0.0 0.0 0.0 0.0 0.0 0.0 0.0 0.0 0.0 0.0 0.0 0.0 0.0 0.0 0.0 0.0 0.0  
    0.0 0.0 0.0 0.0 0.0 0.0 0.0 0.0 0.0 0.0 0.0 0.0 0.0 0.0 0.0 0.0 0.0  
    0.0 0.0 0.0 0.0 0.0 0.0 0.0 0.0 0.0 0.0 0.0 0.0 0.0 0.0 0.0 0.0 0.0 
  PSIPOL = 0.0 0.000878580053109956 0.0035140722477509535  
    0.007905709746062374 0.01405220294257843 0.021951697649251003  
    0.031601751979232456 0.042999294670140194 0.056140638736177084  
    0.07102140633770428 0.08763657961036013 0.10598059218846625  
    0.12604761203044276 0.14783076430470204 0.17132351252412142  
    0.19651741348583895 0.2234073704244791 0.25198224976907124  
    0.2822328070270073 0.31414540348919556 0.34771491128699533  
    0.38292590652701564 0.41976639032598784 0.4582264224720733  
    0.4982938878011026 0.5399528139800372 0.5831891523870383  
    0.6279889932948769 0.6743374824195637 0.7222189867668628  
    0.7716172293079435 0.822515377982889 0.8748960855234544  
    0.9287414370397507 0.9840328405106197 1.040750986756633  
    1.0988756703187152 1.1583866269620742 1.219265476780456  
    1.2814904218411993 1.3450378731631891 1.409883797797565  
    1.4760100965292318 1.5433908804889753 1.6119985926294502  
    1.6818149473791595 1.7528095244462572 1.8249583852651121  
    1.8982362841047988 1.9726126435523796 2.048064746442837  
    2.1245594583365155 2.202072298605369 2.2805714719604033  
    2.36002691764948 2.4404119648862355 2.5216894347321395  
    2.6038334964810805 2.686809527863908 2.7705828578757927  
    2.8551245284829028 2.940398819891518 3.0263687430766724  
    3.113002242129507 3.200265392266024 3.288118229574611  
    3.3765246095670447 3.46544890587074 3.5548545370638363  
    3.6447010976002434 3.734948599705716 3.825558583644936  
    3.9164917610486927 4.007708084438357 4.099165505427882  
    4.190820531493855 4.2826313189545715 4.374555337498085  
    4.466549272955175 4.558569050360728 4.650568748164553  
    4.742500974301233 4.834319790735911 4.925978900691278  
    5.017431355516262 5.108629140839584 5.199521018500797  
    5.290054058761267 5.380176687018777 5.469836699110891  
    5.558981346562446 5.647554732393507 5.735501768446908  
    5.822773104243067 5.909321206545433 5.995092070445166  
    6.080026785486604 6.164075163962097 6.247190136953109  
    6.329299032858597 6.410287910453068 
  PSI = 0.0 0.00013705781477884658 0.0005481925768140085  
    0.0012332846599870757 0.0021921328868339776 0.0034244480054406003  
    0.004929849083330627 0.006707857005926756 0.008757896606271022  
    0.011079284944735751 0.013671239238327148 0.016532891138266476  
    0.01966333085053803 0.02306148590668428 0.026726336619724865  
    0.030656565856485758 0.03485137852547548 0.03930903779815743  
    0.04402810154077145 0.049006442125154454 0.05424325960772945  
    0.05973614787295117 0.06548323510422786 0.07148297063613274  
    0.07773346451234264 0.08423222506114773 0.0909770607083106  
    0.09796580154704654 0.10519613032044027 0.11266560829337502  
    0.12037169626183092 0.12831176843736417 0.1364831186594267  
    0.1448829522189291 0.1535083687748231 0.16235635610991994  
    0.17142376218809316 0.1807074258042493 0.19020447970710266  
    0.19991152343586793 0.20982487712757417 0.21994079166062244  
    0.23025644357133251 0.24076779421595296 0.2514705447162227  
    0.2623618425370058 0.2734369421360938 0.28469210911559933  
    0.296123405160851 0.3077260602188707 0.31949653042933035  
    0.331429646845044 0.3435215905068031 0.3557674013738981  
    0.36816238999203976 0.38070239573900067 0.39338161872887095  
    0.4061960293912986 0.4191402266788371 0.4322088019413114  
    0.4453972377476424 0.45869996183739203 0.47211120395102096  
    0.48562596339132064 0.4992389479179937 0.5129439231914644  
    0.5267352506992775 0.5406073727546207 0.5545545826837261  
    0.5685705772523784 0.582649118398449 0.5967842064327111  
    0.6109697123996857 0.6251993889234062 0.6394666764878834  
    0.6537647902928052 0.6680872027559028 0.6824272791811153  
    0.6967782625912486 0.7111332773255323 0.7254851596573388  
    0.7398265164607937 0.7541501814376743 0.7684489323262109  
    0.7827154451728267 0.7969422297724089 0.8111212930112064  
    0.8252443778905675 0.8393034388120821 0.8532903319664299  
    0.8671968286319213 0.8810142089225362 0.8947338791279864  
    0.9083481406112887 0.9218495782239791 0.9352297672416781  
    0.9484795176784623 0.9615910002904114 0.9745568723623163  
    0.9873657971801229 1.0 
  DENSITY_BEAM = 0.0 0.0 0.0 0.0 0.0 0.0 0.0 0.0 0.0 0.0 0.0 0.0 0.0  
    0.0 0.0 0.0 0.0 0.0 0.0 0.0 0.0 0.0 0.0 0.0 0.0 0.0 0.0 0.0 0.0 0.0  
    0.0 0.0 0.0 0.0 0.0 0.0 0.0 0.0 0.0 0.0 0.0 0.0 0.0 0.0 0.0 0.0 0.0  
    0.0 0.0 0.0 0.0 0.0 0.0 0.0 0.0 0.0 0.0 0.0 0.0 0.0 0.0 0.0 0.0 0.0  
    0.0 0.0 0.0 0.0 0.0 0.0 0.0 0.0 0.0 0.0 0.0 0.0 0.0 0.0 0.0 0.0 0.0  
    0.0 0.0 0.0 0.0 0.0 0.0 0.0 0.0 0.0 0.0 0.0 0.0 0.0 0.0 0.0 0.0 0.0  
    0.0 0.0 0.0 
  WBEAM = 0.0 0.0 0.0 0.0 0.0 0.0 0.0 0.0 0.0 0.0 0.0 0.0 0.0 0.0 0.0  
    0.0 0.0 0.0 0.0 0.0 0.0 0.0 0.0 0.0 0.0 0.0 0.0 0.0 0.0 0.0 0.0 0.0  
    0.0 0.0 0.0 0.0 0.0 0.0 0.0 0.0 0.0 0.0 0.0 0.0 0.0 0.0 0.0 0.0 0.0  
    0.0 0.0 0.0 0.0 0.0 0.0 0.0 0.0 0.0 0.0 0.0 0.0 0.0 0.0 0.0 0.0 0.0  
    0.0 0.0 0.0 0.0 0.0 0.0 0.0 0.0 0.0 0.0 0.0 0.0 0.0 0.0 0.0 0.0 0.0  
    0.0 0.0 0.0 0.0 0.0 0.0 0.0 0.0 0.0 0.0 0.0 0.0 0.0 0.0 0.0 0.0 0.0  
    0.0 
  TBEAM = 0.0 0.0 0.0 0.0 0.0 0.0 0.0 0.0 0.0 0.0 0.0 0.0 0.0 0.0 0.0  
    0.0 0.0 0.0 0.0 0.0 0.0 0.0 0.0 0.0 0.0 0.0 0.0 0.0 0.0 0.0 0.0 0.0  
    0.0 0.0 0.0 0.0 0.0 0.0 0.0 0.0 0.0 0.0 0.0 0.0 0.0 0.0 0.0 0.0 0.0  
    0.0 0.0 0.0 0.0 0.0 0.0 0.0 0.0 0.0 0.0 0.0 0.0 0.0 0.0 0.0 0.0 0.0  
    0.0 0.0 0.0 0.0 0.0 0.0 0.0 0.0 0.0 0.0 0.0 0.0 0.0 0.0 0.0 0.0 0.0  
    0.0 0.0 0.0 0.0 0.0 0.0 0.0 0.0 0.0 0.0 0.0 0.0 0.0 0.0 0.0 0.0 0.0  
    0.0 
  DENSITY_ALPHA = 0.0 0.0 0.0 0.0 0.0 0.0 0.0 0.0 0.0 0.0 0.0 0.0 0.0  
    0.0 0.0 0.0 0.0 0.0 0.0 0.0 0.0 0.0 0.0 0.0 0.0 0.0 0.0 0.0 0.0 0.0  
    0.0 0.0 0.0 0.0 0.0 0.0 0.0 0.0 0.0 0.0 0.0 0.0 0.0 0.0 0.0 0.0 0.0  
    0.0 0.0 0.0 0.0 0.0 0.0 0.0 0.0 0.0 0.0 0.0 0.0 0.0 0.0 0.0 0.0 0.0  
    0.0 0.0 0.0 0.0 0.0 0.0 0.0 0.0 0.0 0.0 0.0 0.0 0.0 0.0 0.0 0.0 0.0  
    0.0 0.0 0.0 0.0 0.0 0.0 0.0 0.0 0.0 0.0 0.0 0.0 0.0 0.0 0.0 0.0 0.0  
    0.0 0.0 0.0 
  WALPHA = 0.0 0.0 0.0 0.0 0.0 0.0 0.0 0.0 0.0 0.0 0.0 0.0 0.0 0.0 0.0  
    0.0 0.0 0.0 0.0 0.0 0.0 0.0 0.0 0.0 0.0 0.0 0.0 0.0 0.0 0.0 0.0 0.0  
    0.0 0.0 0.0 0.0 0.0 0.0 0.0 0.0 0.0 0.0 0.0 0.0 0.0 0.0 0.0 0.0 0.0  
    0.0 0.0 0.0 0.0 0.0 0.0 0.0 0.0 0.0 0.0 0.0 0.0 0.0 0.0 0.0 0.0 0.0  
    0.0 0.0 0.0 0.0 0.0 0.0 0.0 0.0 0.0 0.0 0.0 0.0 0.0 0.0 0.0 0.0 0.0  
    0.0 0.0 0.0 0.0 0.0 0.0 0.0 0.0 0.0 0.0 0.0 0.0 0.0 0.0 0.0 0.0 0.0  
    0.0 
  TALPHA = 0.0 0.0 0.0 0.0 0.0 0.0 0.0 0.0 0.0 0.0 0.0 0.0 0.0 0.0 0.0  
    0.0 0.0 0.0 0.0 0.0 0.0 0.0 0.0 0.0 0.0 0.0 0.0 0.0 0.0 0.0 0.0 0.0  
    0.0 0.0 0.0 0.0 0.0 0.0 0.0 0.0 0.0 0.0 0.0 0.0 0.0 0.0 0.0 0.0 0.0  
    0.0 0.0 0.0 0.0 0.0 0.0 0.0 0.0 0.0 0.0 0.0 0.0 0.0 0.0 0.0 0.0 0.0  
    0.0 0.0 0.0 0.0 0.0 0.0 0.0 0.0 0.0 0.0 0.0 0.0 0.0 0.0 0.0 0.0 0.0  
    0.0 0.0 0.0 0.0 0.0 0.0 0.0 0.0 0.0 0.0 0.0 0.0 0.0 0.0 0.0 0.0 0.0  
    0.0 
  CHIE = 0.0 0.0 0.0 0.0 0.0 0.0 0.0 0.0 0.0 0.0 0.0 0.0 0.0 0.0 0.0  
    0.0 0.0 0.0 0.0 0.0 0.0 0.0 0.0 0.0 0.0 0.0 0.0 0.0 0.0 0.0 0.0 0.0  
    0.0 0.0 0.0 0.0 0.0 0.0 0.0 0.0 0.0 0.0 0.0 0.0 0.0 0.0 0.0 0.0 0.0  
    0.0 0.0 0.0 0.0 0.0 0.0 0.0 0.0 0.0 0.0 0.0 0.0 0.0 0.0 0.0 0.0 0.0  
    0.0 0.0 0.0 0.0 0.0 0.0 0.0 0.0 0.0 0.0 0.0 0.0 0.0 0.0 0.0 0.0 0.0  
    0.0 0.0 0.0 0.0 0.0 0.0 0.0 0.0 0.0 0.0 0.0 0.0 0.0 0.0 0.0 0.0 0.0  
    0.0 
  CHII = 0.0 0.0 0.0 0.0 0.0 0.0 0.0 0.0 0.0 0.0 0.0 0.0 0.0 0.0 0.0  
    0.0 0.0 0.0 0.0 0.0 0.0 0.0 0.0 0.0 0.0 0.0 0.0 0.0 0.0 0.0 0.0 0.0  
    0.0 0.0 0.0 0.0 0.0 0.0 0.0 0.0 0.0 0.0 0.0 0.0 0.0 0.0 0.0 0.0 0.0  
    0.0 0.0 0.0 0.0 0.0 0.0 0.0 0.0 0.0 0.0 0.0 0.0 0.0 0.0 0.0 0.0 0.0  
    0.0 0.0 0.0 0.0 0.0 0.0 0.0 0.0 0.0 0.0 0.0 0.0 0.0 0.0 0.0 0.0 0.0  
    0.0 0.0 0.0 0.0 0.0 0.0 0.0 0.0 0.0 0.0 0.0 0.0 0.0 0.0 0.0 0.0 0.0  
    0.0 
  P_EQ = 0.0 0.0 0.0 0.0 0.0 0.0 0.0 0.0 0.0 0.0 0.0 0.0 0.0 0.0 0.0  
    0.0 0.0 0.0 0.0 0.0 0.0 0.0 0.0 0.0 0.0 0.0 0.0 0.0 0.0 0.0 0.0 0.0  
    0.0 0.0 0.0 0.0 0.0 0.0 0.0 0.0 0.0 0.0 0.0 0.0 0.0 0.0 0.0 0.0 0.0  
    0.0 0.0 0.0 0.0 0.0 0.0 0.0 0.0 0.0 0.0 0.0 0.0 0.0 0.0 0.0 0.0 0.0  
    0.0 0.0 0.0 0.0 0.0 0.0 0.0 0.0 0.0 0.0 0.0 0.0 0.0 0.0 0.0 0.0 0.0  
    0.0 0.0 0.0 0.0 0.0 0.0 0.0 0.0 0.0 0.0 0.0 0.0 0.0 0.0 0.0 0.0 0.0  
    0.0 
  J_TOT = 3745590.6303046574 3745590.6303046574 3745031.3241333854  
    3743519.065065707 3741209.884086016 3738109.3664293806  
    3734245.5970109534 3729640.0337962643 3724306.6840091674  
    3718253.8096447396 3711485.548471409 3704003.7068132  
    3695808.966774956 3686901.5505422647 3677281.5208085696  
    3666948.892369651 3655903.6679839403 3644145.848152946  
    3631675.433127499 3618492.423409188 3604596.81874718  
    3589988.6186398948 3574667.823338137 3558634.4328418607  
    3541888.4471511445 3524429.8665168905 3506258.690688071  
    3487374.9196647764 3467778.553697837 3447469.5927870725  
    3426448.0366819077 3404713.885131696 3382267.13863763  
    3359107.7971996935 3335235.860316569 3310651.3284898777  
    3285354.2017196864 3259344.4795043124 3232622.1620941483  
    3205187.249489421 3177039.7416901295 3148179.638947318  
    3118606.941010651 3088321.647879078 3057323.759803511  
    3025613.2767843786 2993190.1985708536 2960054.5251630503  
    2926206.25681147 2891645.3932654103 2856371.9345249846  
    2820385.880840795 2783687.231961717 2746275.9876378025  
    2708152.1481196783 2669315.713656946 2629766.684000468  
    2589505.0591496034 2548530.839354514 2506844.024365623  
    2464444.614181958 2421332.6090549366 2377508.008983768  
    2332970.813717634 2287721.02300725 2241758.637353186  
    2195083.657005389 2147696.0812125076 2099595.909975195  
    2050783.1437936935 2001257.7824171581 1951019.8258467873  
    1900069.2740817924 1848406.1271228122 1796030.3852206697  
    1742942.0481222924 1689141.1158297993 1634627.5885941111  
    1579401.4664145904 1523462.7490405592 1466811.4362214229  
    1409447.528208514 1351371.0252513469 1292581.9273495835  
    1233080.2347554732 1172865.9512305874 1111939.1101268432  
    1050299.9275369644 987949.5230649696 924892.6944673957  
    861146.772346305 796765.2985481414 731891.2609349544  
    666857.5939082324 602343.4068304466 539564.3002835234  
    480450.1094021455 427609.10046555864 384209.5016250092  
    354547.62070856383 333041.110867786 
  RHO = 0.0 0.01 0.02 0.03 0.04 0.05 0.06 0.07 0.08 0.09 0.1 0.11 0.12  
    0.13 0.14 0.15 0.16 0.17 0.18 0.19 0.2 0.21 0.22 0.23 0.24 0.25  
    0.26 0.27 0.28 0.29 0.3 0.31 0.32 0.33 0.34 0.35 0.36 0.37 0.38  
    0.39 0.4 0.41 0.42 0.43 0.44 0.45 0.46 0.47 0.48 0.49 0.5 0.51 0.52  
    0.53 0.54 0.55 0.56 0.57 0.58 0.59 0.6 0.61 0.62 0.63 0.64 0.65  
    0.66 0.67 0.68 0.69 0.7 0.71 0.72 0.73 0.74 0.75 0.76 0.77 0.78  
    0.79 0.8 0.81 0.82 0.83 0.84 0.85 0.86 0.87 0.88 0.89 0.9 0.91 0.92  
    0.93 0.94 0.95 0.96 0.97 0.98 0.99 1.0 
  MODEL_PROFILE_NE = 'ped' 
  MODEL_PROFILE_TE = 'ped' 
  MODEL_PROFILE_TI = 'ped' 
  MODEL_PROFILE_DENSITY_BEAM = 'parab' 
  MODEL_PROFILE_J_TOT = 'parab' 
  MODEL_PROFILE_OMEGA = 'parab' 
  MODEL_PROFILE_ZEFF = 'const' 
  MODEL_PROFILE_TBEAMI = 'const' 
  MODEL_PROFILE_DENSITY_ALPHA = 'zero' 
  MODEL_PROFILE_WALPHA = 'zero' 
  MODEL_PROFILE_WBEAM = 'derived' 
  J_TOT_AXIS = 1.0 
  J_TOT_SEP = 0.05 
  J_TOT_ALPHA = 2.0 
  J_TOT_BETA = 1.0 
  DENSITY_BEAM_AXIS = 0.0 
  DENSITY_BEAM_SEP = 0.0 
  DENSITY_BEAM_ALPHA = 1.5 
  DENSITY_BEAM_BETA = 1.5 
  TBEAMI_AXIS = 20.0 
  DENSITY_ION_0 = 13.79620742755915 13.79620742755915  
    13.772423412153099 13.746942946898901 13.71978836697695  
    13.690982022551001 13.660546243807 13.628503375914251  
    13.5948757590476 13.55968572838745 13.52295562410865  
    13.4847077913805 13.444964565383401 13.40374829128665  
    13.3610812992762 13.3169859395158 13.271484547185851  
    13.224599457466748 13.17635302052225 13.1267675665383  
    13.0758654406842 13.0236689831348 12.97020053406495  
    12.91548242865505 12.85953700707995 12.802386614508949  
    12.744053586122451 12.6845602620953 12.6239289875968  
    12.56218209780735 12.49934192790735 12.43543082806055  
    12.370471133447351 12.30448517924815 12.23749531063225  
    12.169523867774501 12.100593185855299 12.03072561004395  
    11.9599434805153 11.8882691274553 11.8157249010277 11.7423331364129  
    11.66811617378575 11.593096353321101 11.5172960151938  
    11.44073749458425 11.36344313666175 11.28543527161225  
    11.206736239610601 11.127368385826099 11.0473540304558  
    10.966715518669002 10.8854751756572 10.8036553266119  
    10.72127829173015 10.6383663812201 10.55494189030655  
    10.471027099230948 10.38664424827915 10.3018155577592  
    10.216563173062399 10.1309091546744 10.04487545320295  
    9.9584838394556 9.871755819534052 9.7847125499285 9.697374652723  
    9.60976198585075 9.5218933234493 9.433785861409998  
    9.345454528143899 9.25691098569175 9.16816220630575 9.0792084297195  
    8.9900402064336 8.9006341774054 8.8109470607312 8.7209070162422  
    8.630401344174151 8.539259029564601 8.44722597477535  
    8.35393020815375 8.258833327989798 8.16116366678625 8.059826151425  
    7.95328438919705 7.839414335411949 7.71533858254125 7.5772724712251  
    7.4204544826226 7.23929983273265 7.02799547121135 6.7817893786617  
    6.4990809537255005 6.183926049403146 5.847779516680847  
    5.5088356674303 5.18817961616655 4.904127027909619  
    4.667716485716565 4.48149753494725 
  DENSITY_ION_1 = 13.79620742755915 13.79620742755915  
    13.772423412153099 13.746942946898901 13.71978836697695  
    13.690982022551001 13.660546243807 13.628503375914251  
    13.5948757590476 13.55968572838745 13.52295562410865  
    13.4847077913805 13.444964565383401 13.40374829128665  
    13.3610812992762 13.3169859395158 13.271484547185851  
    13.224599457466748 13.17635302052225 13.1267675665383  
    13.0758654406842 13.0236689831348 12.97020053406495  
    12.91548242865505 12.85953700707995 12.802386614508949  
    12.744053586122451 12.6845602620953 12.6239289875968  
    12.56218209780735 12.49934192790735 12.43543082806055  
    12.370471133447351 12.30448517924815 12.23749531063225  
    12.169523867774501 12.100593185855299 12.03072561004395  
    11.9599434805153 11.8882691274553 11.8157249010277 11.7423331364129  
    11.66811617378575 11.593096353321101 11.5172960151938  
    11.44073749458425 11.36344313666175 11.28543527161225  
    11.206736239610601 11.127368385826099 11.0473540304558  
    10.966715518669002 10.8854751756572 10.8036553266119  
    10.72127829173015 10.6383663812201 10.55494189030655  
    10.471027099230948 10.38664424827915 10.3018155577592  
    10.216563173062399 10.1309091546744 10.04487545320295  
    9.9584838394556 9.871755819534052 9.7847125499285 9.697374652723  
    9.60976198585075 9.5218933234493 9.433785861409998  
    9.345454528143899 9.25691098569175 9.16816220630575 9.0792084297195  
    8.9900402064336 8.9006341774054 8.8109470607312 8.7209070162422  
    8.630401344174151 8.539259029564601 8.44722597477535  
    8.35393020815375 8.258833327989798 8.16116366678625 8.059826151425  
    7.95328438919705 7.839414335411949 7.71533858254125 7.5772724712251  
    7.4204544826226 7.23929983273265 7.02799547121135 6.7817893786617  
    6.4990809537255005 6.183926049403146 5.847779516680847  
    5.5088356674303 5.18817961616655 4.904127027909619  
    4.667716485716565 4.48149753494725 
  DENSITY_IMP_0 = 0.00041434614705 0.00041434614705 0.0004136318337  
    0.00041286657030000006 0.00041205102765000005 0.000411185877  
    0.00041027178899999997 0.00040930943475 0.0004082994852  
    0.00040724261115 0.00040613948355000003 0.0004049907735  
    0.00040379715180000004 0.00040255928955 0.0004012778574  
    0.00039995352659999997 0.00039858696795000003 0.00039717885225  
    0.00039572985075 0.0003942406341 0.0003927118734 0.0003911442396  
    0.00038953840365 0.00038789503635 0.00038621480865 0.00038449839165  
    0.00038274645615000004 0.0003809596731 0.0003791387136  
    0.00037728424844999997 0.00037539694845 0.00037347748485000004  
    0.00037152652845 0.00036954475005 0.00036753282075000003  
    0.00036549141150000005 0.0003634211931 0.00036132283665  
    0.0003591970131 0.0003570443931 0.00035486564790000003  
    0.00035266144830000003 0.00035043246525 0.0003481793697  
    0.0003459028326 0.00034360352474999996 0.00034128211725  
    0.00033893928075000003 0.0003365756862 0.00033419200469999997  
    0.0003317889066 0.000329367063 0.0003269271444 0.0003244698213  
    0.00032199576404999997 0.00031950564270000003 0.00031700012685  
    0.00031447988564999995 0.00031194558705 0.0003093978984  
    0.00030683748479999997 0.0003042650088 0.00030168112965000003  
    0.0002990865012 0.00029648176935 0.0002938675695 0.000291244521  
    0.00028861322025 0.00028597423109999996 0.00028332806999999995  
    0.0002806751853 0.00027801592725000004 0.00027535050525000004  
    0.0002726789265 0.00027000090719999997 0.0002673157458  
    0.0002646221424 0.00026191793940000003 0.00025919975205  
    0.0002564624442 0.00025369838445 0.00025089640125000004  
    0.00024804032459999997 0.00024510697874999997 0.000242063475  
    0.00023886367035 0.00023544377265 0.00023171736375 0.0002275707777  
    0.0002228610102 0.00021742033155 0.00021107415645000001  
    0.0002036797659 0.00019518908850000002 0.00018572393504999988  
    0.0001756283329499999 0.00016544871810000001 0.00015581834684999998  
    0.00014728729974 0.000140187102255 0.00013459432575 
  DENSITY_TH = 27.59282920126535 27.59282920126535 27.545260456139896  
    27.494298760368103 27.439988784981548 27.382375230979  
    27.321502759403 27.257416061263253 27.1901598175804  
    27.11977869938605 27.046317387700853 26.9698205735345  
    26.890332927918603 26.80789914186285 26.7225638764098  
    26.634371832558198 26.543367681339653 26.449596093785747  
    26.35310177089525 26.2539293737107 26.1521235932418  
    26.0477291105092 25.94079060653355 25.83135275234645  
    25.71946022896855 25.605157727409548 25.488489918701053  
    25.3695014838637 25.2482371139072 25.12474147986315  
    24.99905925276315 24.87123513360595 24.741313793423153  
    24.60933990324635 24.47535815408525 24.339413226960502  
    24.2015497929037 24.06181254292455 23.9202461580437  
    23.7768952993037 23.6318046677033 23.485018934274102  
    23.33658278003675 23.1865408860119 23.0349379332202  
    22.88181859269325 22.727227555440752 22.57120948250525  
    22.413809054907404 22.255070963656898 22.0950398498182  
    21.933760404401003 21.7712772784588 21.6076351230451  
    21.44287857922435 21.2770522680829 21.110200780739948  
    20.942368678347545 20.77360044214535 20.6039405134168  
    20.433433183609598 20.2621225743576 20.09005258753555  
    19.9172667654124 19.743808120837453 19.5697189674265  
    19.395040549967 19.219812584921748 19.0440726211297  
    18.867855050889997 18.6911897314731 18.51409998731075  
    18.33659976311675 18.1586895383655 17.9803504137744  
    17.8015356705566 17.6221587436048 17.442075950423803  
    17.261061888100354 17.0787745215734 16.89470564793515  
    16.708111312708752 16.517914696304196 16.322572440551248  
    16.119894366325 15.90680764206445 15.67906411459655  
    15.43090888244625 15.154772513227899 14.8411318262554  
    14.47881708579685 14.05620201657915 13.5637824370893  
    12.9983570965395 12.368037822741343 11.695734661694644  
    11.0178367835787 10.376515050679949 9.808401343118978  
    9.335573158535386 8.96312966422025 
  NI = 27.5924148551183 27.5924148551183 27.544846824306198  
    27.493885893797803 27.4395767339539 27.381964045102002  
    27.321092487614 27.257006751828502 27.1897515180952  
    27.1193714567749 27.0459112482173 26.969415582761  
    26.889929130766802 26.8074965825733 26.7221625985524  
    26.6339718790316 26.542969094371703 26.449198914933497  
    26.3527060410445 26.2535351330766 26.1517308813684 26.0473379662696  
    25.9404010681299 25.8309648573101 25.7190740141599  
    25.604773229017898 25.488107172244902 25.3691205241906  
    25.2478579751936 25.1243641956147 24.9986838558147 24.8708616561211  
    24.740942266894702 24.6089703584963 24.4749906212645  
    24.339047735549002 24.201186371710598 24.0614512200879  
    23.9198869610306 23.7765382549106 23.6314498020554 23.4846662728258  
    23.3362323475715 23.186192706642203 23.0345920303876  
    22.8814749891685 22.7268862733235 22.5708705432245  
    22.413472479221202 22.254736771652198 22.0947080609116  
    21.933431037338003 21.7709503513144 21.6073106532238  
    21.4425565834603 21.2767327624402 21.1098837806131  
    20.942054198461896 20.7732884965583 20.6036311155184  
    20.433126346124798 20.2618183093488 20.0897509064059  
    19.9169676789112 19.743511639068103 19.569425099857 19.394749305446  
    19.2195239717015 19.0437866468986 18.867571722819996  
    18.690909056287797 18.5138219713835 18.3363244126115  
    18.158416859439 17.9800804128672 17.8012683548108 17.6218941214624  
    17.4418140324844 17.260802688348303 17.078518059129202  
    16.8944519495507 16.7078604163075 16.517666655979596  
    16.3223273335725 16.11965230285 15.9065687783941 15.678828670823899  
    15.4306771650825 15.1545449424502 14.8409089652452 14.4785996654653  
    14.0559909424227 13.5635787573234 12.998161907451001  
    12.367852098806292 11.695559033361693 11.0176713348606  
    10.3763592323331 9.808254055819239 9.33543297143313 8.9629950698945 
  NZ = 0.00041434614705 0.00041434614705 0.0004136318337  
    0.00041286657030000006 0.00041205102765000005 0.000411185877  
    0.00041027178899999997 0.00040930943475 0.0004082994852  
    0.00040724261115 0.00040613948355000003 0.0004049907735  
    0.00040379715180000004 0.00040255928955 0.0004012778574  
    0.00039995352659999997 0.00039858696795000003 0.00039717885225  
    0.00039572985075 0.0003942406341 0.0003927118734 0.0003911442396  
    0.00038953840365 0.00038789503635 0.00038621480865 0.00038449839165  
    0.00038274645615000004 0.0003809596731 0.0003791387136  
    0.00037728424844999997 0.00037539694845 0.00037347748485000004  
    0.00037152652845 0.00036954475005 0.00036753282075000003  
    0.00036549141150000005 0.0003634211931 0.00036132283665  
    0.0003591970131 0.0003570443931 0.00035486564790000003  
    0.00035266144830000003 0.00035043246525 0.0003481793697  
    0.0003459028326 0.00034360352474999996 0.00034128211725  
    0.00033893928075000003 0.0003365756862 0.00033419200469999997  
    0.0003317889066 0.000329367063 0.0003269271444 0.0003244698213  
    0.00032199576404999997 0.00031950564270000003 0.00031700012685  
    0.00031447988564999995 0.00031194558705 0.0003093978984  
    0.00030683748479999997 0.0003042650088 0.00030168112965000003  
    0.0002990865012 0.00029648176935 0.0002938675695 0.000291244521  
    0.00028861322025 0.00028597423109999996 0.00028332806999999995  
    0.0002806751853 0.00027801592725000004 0.00027535050525000004  
    0.0002726789265 0.00027000090719999997 0.0002673157458  
    0.0002646221424 0.00026191793940000003 0.00025919975205  
    0.0002564624442 0.00025369838445 0.00025089640125000004  
    0.00024804032459999997 0.00024510697874999997 0.000242063475  
    0.00023886367035 0.00023544377265 0.00023171736375 0.0002275707777  
    0.0002228610102 0.00021742033155 0.00021107415645000001  
    0.0002036797659 0.00019518908850000002 0.00018572393504999988  
    0.0001756283329499999 0.00016544871810000001 0.00015581834684999998  
    0.00014728729974 0.000140187102255 0.00013459432575 
  DENSITY_HE = 0.18861414689043207 0.18856250661353838  
    0.18777687980205196 0.18686916286557945 0.18585556677650925  
    0.1847521782936973 0.18356431361128145 0.18225520562641362  
    0.18077869979537267 0.17909020714042545 0.17714702200732121  
    0.17490797784289971 0.17239191024651726 0.16964716931766516  
    0.1667210221769288 0.16365932019750784 0.16047727784183005  
    0.15716903182619232 0.15374752759283145 0.15022559401830396  
    0.14661589727655056 0.14292867255097852 0.13917559235939325  
    0.1353709838292485 0.13152867647370764 0.12766196016986417  
    0.1237860519403159 0.11991717219623817 0.11606901629271679  
    0.11225436645107952 0.10848507714931202 0.1047717833968667  
    0.10112178795215476 0.09754082832891522 0.09403409000999374  
    0.09060621502815644 0.08726095494663773 0.08399809379638634  
    0.08081597740319053 0.0777130253199947 0.0746877295812528  
    0.07173147838363877 0.06884025561703938 0.06601902835230719  
    0.0632721475328016 0.0606033659409335 0.05803012552698718  
    0.0555657538688322 0.053207354924889934 0.050951987650821214  
    0.04879667768473667 0.04673004786594202 0.04474086235756178  
    0.042826408170281584 0.04098406027587839 0.03921127984440589  
    0.03750958192698142 0.035881986411079786 0.0343280725993449  
    0.03284717172323218 0.031438393811845614 0.03009916761361883  
    0.02882773156005271 0.027624023149469608 0.026487695378138408  
    0.025418156149119575 0.024413438965977065 0.023472907470891407  
    0.022597504272150813 0.021787826458582973 0.021044192137445458  
    0.020359992835784248 0.019729154554370274 0.019152447327835102  
    0.018630438454047507 0.018163532821420286 0.017734142864247057  
    0.017322634582790968 0.01692625410078341 0.016542205180976682  
    0.016167556149175418 0.015797942283247254 0.015429121663622574  
    0.015057620064819364 0.01467899814299077 0.014287516972571083  
    0.013876120590443599 0.013435906843235097 0.012955419650067725  
    0.012421139776525833 0.011818658095243907 0.008509596121489087  
    0.005492469005626398 0.0030187864458261857 0.0013168103551494748  
    0.00041438737218428665 8.226189656334282e-05 8.32521453866863e-06  
    2.8219287532316733e-07 1.020056785491237e-09 1.0638275541520112e-15 
  _NZ_0 = 0.0016030050300060168 0.0016030050300060168  
    0.001600241524417265 0.0015972809054077405 0.0015941257681404046  
    0.0015907787095191606 0.0015872423241266558 0.0015835192082864803  
    0.0015796119577419086 0.0015755231676559023 0.0015712554337717376  
    0.0015668113524130028 0.00156219351874266 0.001557404529084298  
    0.001552446978020565 0.0015473234624553635 0.0015420365775516557  
    0.0015365889184724025 0.0015309830821215072 0.0015252216630816178  
    0.0015193072576763231 0.0015132424616488987 0.00150702987074262  
    0.0015006720801204485 0.0014941716855256595 0.0014875312832818423  
    0.0014807534685519585 0.0014738408370792834 0.001466795985187406  
    0.0014596215080392883 0.001452320000797892 0.0014448940603671192  
    0.0014373462819099322 0.0014296792605892924 0.001421895592728789  
    0.0014139978740716976 0.0014059886997809792 0.0013978706661802235  
    0.0013896463690127056 0.0013813184028610736 0.0013728893646292302  
    0.0013643618494801372 0.0013557384531570696 0.0013470217714033031  
    0.001338214399962113 0.0013293189339964608 0.0013203379698299362  
    0.0013112741020451864 0.0013021299263854872 0.001292908039174427  
    0.0012836110338340276 0.001274241506687877 0.0012648020517383096  
    0.0012552952629876599 0.0012457237338579484 0.0012360900566105678  
    0.0012263968217659702 0.0012166466181036662 0.0012068420297606573  
    0.0011969856385526886 0.001187080017590801 0.0011771277301207018  
    0.0011671313266211952 0.0011570933366797926 0.0011470162591273787  
    0.0011369025521728757 0.00112675461193164 0.0011165747457310266  
    0.0011063651349703144 0.0010961277776696458 0.0010858644083867337  
    0.0010755763821541173 0.0010652645090897513 0.0010549288170486944  
    0.0010445682080773863 0.0010341799680485524 0.0010237590679634833  
    0.0010132971605896126 0.0010027811511478188 0.0009921911691159707  
    0.0009814976904531836 0.0009706574951344366 0.0009596080253405728  
    0.0009482596197000834 0.0009364850397870633 0.0009241057694945665  
    0.0009108750124228843 0.0008964584376505881 0.000880416299108147  
    0.000862195347745595 0.000841146677920402 0.0008165948613317193  
    0.000787987752686279 0.0007551393753639336 0.0007185209858889662  
    0.0006794635430661989 0.0006400810752328378 0.0006028234980489175  
    0.0005698189400823194 0.0005423499932524178 0.0005207128936123127 
  PNBE = 0.0 
  PNBI = 0.0 
  PRFE = 0.0003137718248500132 
  PRFI = 0.0 
  PFUSE = 5.629162389942374 
  PFUSI = 0.725865519751255 
  PEI = -3.678527304807377 
  PRAD = -7.324750923917666 
  AREA = 240.5651086 
/







