 # generated by zfastran.py Ver+Oct2009
@R INFLAG 1 []
  1.000000000e+00
@R TIME0 1 [s]
  0.000000000e+00
@R IP 1 []
  9.999999995e+00
@R BCENTR 1 []
  1.100000000e+01
@R RMAJOR 1 []
  4.550000000e+00
@R AMINOR 1 []
  1.108167147e+00
@R ELONGB 1 []
  1.345666993e+00
@R TRIANB 1 []
 -3.155452045e-01
@R RHO 101 []
  0.000000000e+00  1.000000000e-02  2.000000000e-02  3.000000000e-02
  4.000000000e-02  5.000000000e-02  6.000000000e-02  7.000000000e-02
  8.000000000e-02  9.000000000e-02  1.000000000e-01  1.100000000e-01
  1.200000000e-01  1.300000000e-01  1.400000000e-01  1.500000000e-01
  1.600000000e-01  1.700000000e-01  1.800000000e-01  1.900000000e-01
  2.000000000e-01  2.100000000e-01  2.200000000e-01  2.300000000e-01
  2.400000000e-01  2.500000000e-01  2.600000000e-01  2.700000000e-01
  2.800000000e-01  2.900000000e-01  3.000000000e-01  3.100000000e-01
  3.200000000e-01  3.300000000e-01  3.400000000e-01  3.500000000e-01
  3.600000000e-01  3.700000000e-01  3.800000000e-01  3.900000000e-01
  4.000000000e-01  4.100000000e-01  4.200000000e-01  4.300000000e-01
  4.400000000e-01  4.500000000e-01  4.600000000e-01  4.700000000e-01
  4.800000000e-01  4.900000000e-01  5.000000000e-01  5.100000000e-01
  5.200000000e-01  5.300000000e-01  5.400000000e-01  5.500000000e-01
  5.600000000e-01  5.700000000e-01  5.800000000e-01  5.900000000e-01
  6.000000000e-01  6.100000000e-01  6.200000000e-01  6.300000000e-01
  6.400000000e-01  6.500000000e-01  6.600000000e-01  6.700000000e-01
  6.800000000e-01  6.900000000e-01  7.000000000e-01  7.100000000e-01
  7.200000000e-01  7.300000000e-01  7.400000000e-01  7.500000000e-01
  7.600000000e-01  7.700000000e-01  7.800000000e-01  7.900000000e-01
  8.000000000e-01  8.100000000e-01  8.200000000e-01  8.300000000e-01
  8.400000000e-01  8.500000000e-01  8.600000000e-01  8.700000000e-01
  8.800000000e-01  8.900000000e-01  9.000000000e-01  9.100000000e-01
  9.200000000e-01  9.300000000e-01  9.400000000e-01  9.500000000e-01
  9.600000000e-01  9.700000000e-01  9.800000000e-01  9.900000000e-01
  1.000000000e+00
@R AMAIN 1 []
  2.500000000e+00
@R ZMAIN 1 []
  1.000000000e+00
@I NIMP 1 []
                2
@R AIMP 2 []
  1.820000000e+02  3.000000000e+00
@R ZIMP 2 []
  7.400000000e+01  2.000000000e+00
@R FIMP 2 []
  3.975886446e-05  3.975886446e-02
@R ENE 101 []
  2.762306735e+01  2.762306735e+01  2.757546442e+01  2.752446609e+01
  2.747011707e+01  2.741246207e+01  2.735154580e+01  2.728741298e+01
  2.722010832e+01  2.714967653e+01  2.707616232e+01  2.699961042e+01
  2.692006552e+01  2.683757235e+01  2.675217561e+01  2.666392003e+01
  2.657285030e+01  2.647901115e+01  2.638244728e+01  2.628320342e+01
  2.618132427e+01  2.607685454e+01  2.596983895e+01  2.586032222e+01
  2.574834904e+01  2.563396415e+01  2.551721224e+01  2.539813803e+01
  2.527678624e+01  2.515320158e+01  2.502742875e+01  2.489951248e+01
  2.476949748e+01  2.463742845e+01  2.450335012e+01  2.436730718e+01
  2.422934437e+01  2.408950638e+01  2.394783794e+01  2.380438375e+01
  2.365918852e+01  2.351229698e+01  2.336375383e+01  2.321360378e+01
  2.306189155e+01  2.290866184e+01  2.275395937e+01  2.259782885e+01
  2.244031499e+01  2.228146248e+01  2.212131604e+01  2.195992037e+01
  2.179732015e+01  2.163356007e+01  2.146868480e+01  2.130273900e+01
  2.113576729e+01  2.096781426e+01  2.079892444e+01  2.062914227e+01
  2.045851210e+01  2.028707809e+01  2.011488415e+01  1.994197386e+01
  1.976839027e+01  1.959417572e+01  1.941937148e+01  1.924401730e+01
  1.906815074e+01  1.889180620e+01  1.871501356e+01  1.853779614e+01
  1.836016787e+01  1.818212917e+01  1.800366107e+01  1.782471671e+01
  1.764520933e+01  1.746499491e+01  1.728384757e+01  1.710142452e+01
  1.691721648e+01  1.673047789e+01  1.654012960e+01  1.634462484e+01
  1.614176854e+01  1.592848087e+01  1.570050384e+01  1.545206898e+01
  1.517558875e+01  1.486151692e+01  1.449865645e+01  1.407535272e+01
  1.358207892e+01  1.301562760e+01  1.238413291e+01  1.171056221e+01
  1.103138998e+01  1.038887851e+01  9.819731030e+00  9.346060347e+00
  8.972965753e+00
@R TE 101 []
  1.881675760e+01  1.881675760e+01  1.874541711e+01  1.866824538e+01
  1.858536946e+01  1.849691645e+01  1.840301341e+01  1.830378741e+01
  1.819936554e+01  1.808987487e+01  1.797544247e+01  1.785619542e+01
  1.773226079e+01  1.760376565e+01  1.747083709e+01  1.733360217e+01
  1.719218797e+01  1.704672157e+01  1.689733004e+01  1.674414045e+01
  1.658727988e+01  1.642687541e+01  1.626305410e+01  1.609594304e+01
  1.592566930e+01  1.575235995e+01  1.557614207e+01  1.539714273e+01
  1.521548901e+01  1.503130798e+01  1.484472671e+01  1.465587229e+01
  1.446487178e+01  1.427185227e+01  1.407694082e+01  1.388026451e+01
  1.368195041e+01  1.348212561e+01  1.328091717e+01  1.307845216e+01
  1.287485768e+01  1.267026078e+01  1.246478854e+01  1.225856804e+01
  1.205172636e+01  1.184439056e+01  1.163668772e+01  1.142874492e+01
  1.122068923e+01  1.101264773e+01  1.080474748e+01  1.059711557e+01
  1.038987907e+01  1.018316505e+01  9.977100579e+00  9.771812733e+00
  9.567428581e+00  9.364075186e+00  9.161879611e+00  8.960968907e+00
  8.761470117e+00  8.563510263e+00  8.367216341e+00  8.172715301e+00
  7.980134029e+00  7.789599306e+00  7.601237756e+00  7.415175756e+00
  7.231539307e+00  7.050453829e+00  6.872043846e+00  6.696432502e+00
  6.523740816e+00  6.354086533e+00  6.187582354e+00  6.024333210e+00
  5.864432060e+00  5.707953425e+00  5.554943414e+00  5.405404386e+00
  5.259271340e+00  5.116375670e+00  4.976389662e+00  4.838741905e+00
  4.702489477e+00  4.566127398e+00  4.427311121e+00  4.282468169e+00
  4.126292744e+00  3.951178484e+00  3.746797423e+00  3.500332288e+00
  3.198284898e+00  2.830947788e+00  2.399573790e+00  1.923139121e+00
  1.438300093e+00  9.885116223e-01  6.078188840e-01  3.107984791e-01
  9.381087106e-02
@R TI 101 []
  1.901696608e+01  1.901696608e+01  1.894464486e+01  1.886641151e+01
  1.878239486e+01  1.869272377e+01  1.859752706e+01  1.849693357e+01
  1.839107216e+01  1.828007165e+01  1.816406089e+01  1.804316871e+01
  1.791752396e+01  1.778725548e+01  1.765249210e+01  1.751336267e+01
  1.736999602e+01  1.722252100e+01  1.707106644e+01  1.691576119e+01
  1.675673408e+01  1.659411396e+01  1.642802966e+01  1.625861002e+01
  1.608598389e+01  1.591028010e+01  1.573162749e+01  1.555015491e+01
  1.536599118e+01  1.517926517e+01  1.499010569e+01  1.479864159e+01
  1.460500172e+01  1.440931491e+01  1.421171000e+01  1.401231583e+01
  1.381126124e+01  1.360867507e+01  1.340468616e+01  1.319942336e+01
  1.299301549e+01  1.278559140e+01  1.257727993e+01  1.236820992e+01
  1.215851021e+01  1.194830964e+01  1.173773704e+01  1.152692127e+01
  1.131599115e+01  1.110507553e+01  1.089430324e+01  1.068380314e+01
  1.047370404e+01  1.026413480e+01  1.005522425e+01  9.847101223e+00
  9.639894558e+00  9.433733084e+00  9.228745628e+00  9.025061008e+00
  8.822808032e+00  8.622115489e+00  8.423112142e+00  8.225926710e+00
  8.030687849e+00  7.837524113e+00  7.646563902e+00  7.457935376e+00
  7.271766326e+00  7.088183976e+00  6.907314670e+00  6.729283402e+00
  6.554213081e+00  6.382223400e+00  6.213429099e+00  6.047937276e+00
  5.885843250e+00  5.727224180e+00  5.572129224e+00  5.420564389e+00
  5.272469189e+00  5.127680784e+00  4.985879011e+00  4.846502540e+00
  4.708622019e+00  4.570750726e+00  4.430568342e+00  4.284533547e+00
  4.127378238e+00  3.951536597e+00  3.746713880e+00  3.500098985e+00
  3.198145301e+00  2.831023133e+00  2.399812948e+00  1.923358188e+00
  1.438325931e+00  9.883266268e-01  6.075777711e-01  3.107215441e-01
  9.406899116e-02
@R ZEFF 101 []
  1.294295115e+00  1.294295115e+00  1.293394777e+00  1.292419420e+00
  1.291369614e+00  1.290245898e+00  1.289048784e+00  1.287778762e+00
  1.286436310e+00  1.285021893e+00  1.283535974e+00  1.281979015e+00
  1.280351489e+00  1.278653881e+00  1.276886694e+00  1.275050459e+00
  1.273145738e+00  1.271173135e+00  1.269133296e+00  1.267026923e+00
  1.264854781e+00  1.262617701e+00  1.260316594e+00  1.257952457e+00
  1.255526380e+00  1.253039561e+00  1.250493310e+00  1.247889061e+00
  1.245228383e+00  1.242512987e+00  1.239744739e+00  1.236925669e+00
  1.234057980e+00  1.231144060e+00  1.228186488e+00  1.225188044e+00
  1.222151718e+00  1.219080714e+00  1.215978457e+00  1.212848599e+00
  1.209695017e+00  1.206521818e+00  1.203333335e+00  1.200134121e+00
  1.196928947e+00  1.193722786e+00  1.190520805e+00  1.187328344e+00
  1.184150899e+00  1.180994095e+00  1.177863657e+00  1.174765385e+00
  1.171705108e+00  1.168688654e+00  1.165721802e+00  1.162810238e+00
  1.159959510e+00  1.157174978e+00  1.154461762e+00  1.151824695e+00
  1.149268276e+00  1.146796621e+00  1.144413419e+00  1.142121899e+00
  1.139924789e+00  1.137824293e+00  1.135822068e+00  1.133919212e+00
  1.132116255e+00  1.130413164e+00  1.128809349e+00  1.127303683e+00
  1.125894523e+00  1.124579739e+00  1.123356746e+00  1.122222538e+00
  1.121173723e+00  1.120206556e+00  1.119316962e+00  1.118500551e+00
  1.117752622e+00  1.117068132e+00  1.116441654e+00  1.115867284e+00
  1.115338520e+00  1.114848107e+00  1.114387909e+00  1.113948907e+00
  1.113521605e+00  1.113097338e+00  1.112671219e+00  1.112247225e+00
  1.111844167e+00  1.111496945e+00  1.111244063e+00  1.111101236e+00
  1.111045012e+00  1.111031613e+00  1.111030058e+00  1.111030000e+00
  1.111030000e+00
@R OMEGA 101 []
  4.992501875e+03  4.992501875e+03  4.978801804e+03  4.961079526e+03
  4.940120160e+03  4.916382264e+03  4.890178959e+03  4.861743180e+03
  4.831258024e+03  4.798873089e+03  4.764714177e+03  4.728889466e+03
  4.691493659e+03  4.652610886e+03  4.612316799e+03  4.570680145e+03
  4.527763951e+03  4.483626454e+03  4.438321832e+03  4.391900796e+03
  4.344411068e+03  4.295897774e+03  4.246403778e+03  4.195969955e+03
  4.144635428e+03  4.092437767e+03  4.039413164e+03  3.985596584e+03
  3.931021896e+03  3.875721988e+03  3.819728870e+03  3.763073767e+03
  3.705787199e+03  3.647899055e+03  3.589438660e+03  3.530434837e+03
  3.470915960e+03  3.410910006e+03  3.350444605e+03  3.289547080e+03
  3.228244492e+03  3.166563674e+03  3.104531273e+03  3.042173783e+03
  2.979517575e+03  2.916588934e+03  2.853414088e+03  2.790019238e+03
  2.726430588e+03  2.662674375e+03  2.598776897e+03  2.534764544e+03
  2.470663824e+03  2.406501396e+03  2.342304099e+03  2.278098979e+03
  2.213913327e+03  2.149774707e+03  2.085710992e+03  2.021750397e+03
  1.957921519e+03  1.894253376e+03  1.830775447e+03  1.767517715e+03
  1.704510722e+03  1.641785608e+03  1.579374179e+03  1.517308956e+03
  1.455623246e+03  1.394351213e+03  1.333527952e+03  1.273189580e+03
  1.213373329e+03  1.154117653e+03  1.095462349e+03  1.037448686e+03
  9.801195629e+02  9.235196753e+02  8.676957162e+02  8.126966008e+02
  7.585737302e+02  7.053812976e+02  6.531766492e+02  6.020207128e+02
  5.519785103e+02  5.031197796e+02  4.555197357e+02  4.092600162e+02
  3.644298727e+02  3.211276991e+02  2.794630303e+02  2.395592200e+02
  2.015571260e+02  1.656203590e+02  1.319430748e+02  1.007621703e+02
  7.237775876e+01  4.719105135e+01  2.578549737e+01  9.151104569e+00
 -1.561417662e-12
@R Q 101 []
  0.000000000e+00  0.000000000e+00  0.000000000e+00  0.000000000e+00
  0.000000000e+00  0.000000000e+00  0.000000000e+00  0.000000000e+00
  0.000000000e+00  0.000000000e+00  0.000000000e+00  0.000000000e+00
  0.000000000e+00  0.000000000e+00  0.000000000e+00  0.000000000e+00
  0.000000000e+00  0.000000000e+00  0.000000000e+00  0.000000000e+00
  0.000000000e+00  0.000000000e+00  0.000000000e+00  0.000000000e+00
  0.000000000e+00  0.000000000e+00  0.000000000e+00  0.000000000e+00
  0.000000000e+00  0.000000000e+00  0.000000000e+00  0.000000000e+00
  0.000000000e+00  0.000000000e+00  0.000000000e+00  0.000000000e+00
  0.000000000e+00  0.000000000e+00  0.000000000e+00  0.000000000e+00
  0.000000000e+00  0.000000000e+00  0.000000000e+00  0.000000000e+00
  0.000000000e+00  0.000000000e+00  0.000000000e+00  0.000000000e+00
  0.000000000e+00  0.000000000e+00  0.000000000e+00  0.000000000e+00
  0.000000000e+00  0.000000000e+00  0.000000000e+00  0.000000000e+00
  0.000000000e+00  0.000000000e+00  0.000000000e+00  0.000000000e+00
  0.000000000e+00  0.000000000e+00  0.000000000e+00  0.000000000e+00
  0.000000000e+00  0.000000000e+00  0.000000000e+00  0.000000000e+00
  0.000000000e+00  0.000000000e+00  0.000000000e+00  0.000000000e+00
  0.000000000e+00  0.000000000e+00  0.000000000e+00  0.000000000e+00
  0.000000000e+00  0.000000000e+00  0.000000000e+00  0.000000000e+00
  0.000000000e+00  0.000000000e+00  0.000000000e+00  0.000000000e+00
  0.000000000e+00  0.000000000e+00  0.000000000e+00  0.000000000e+00
  0.000000000e+00  0.000000000e+00  0.000000000e+00  0.000000000e+00
  0.000000000e+00  0.000000000e+00  0.000000000e+00  0.000000000e+00
  0.000000000e+00  0.000000000e+00  0.000000000e+00  0.000000000e+00
  0.000000000e+00
@R FP 101 []
  0.000000000e+00  0.000000000e+00  0.000000000e+00  0.000000000e+00
  0.000000000e+00  0.000000000e+00  0.000000000e+00  0.000000000e+00
  0.000000000e+00  0.000000000e+00  0.000000000e+00  0.000000000e+00
  0.000000000e+00  0.000000000e+00  0.000000000e+00  0.000000000e+00
  0.000000000e+00  0.000000000e+00  0.000000000e+00  0.000000000e+00
  0.000000000e+00  0.000000000e+00  0.000000000e+00  0.000000000e+00
  0.000000000e+00  0.000000000e+00  0.000000000e+00  0.000000000e+00
  0.000000000e+00  0.000000000e+00  0.000000000e+00  0.000000000e+00
  0.000000000e+00  0.000000000e+00  0.000000000e+00  0.000000000e+00
  0.000000000e+00  0.000000000e+00  0.000000000e+00  0.000000000e+00
  0.000000000e+00  0.000000000e+00  0.000000000e+00  0.000000000e+00
  0.000000000e+00  0.000000000e+00  0.000000000e+00  0.000000000e+00
  0.000000000e+00  0.000000000e+00  0.000000000e+00  0.000000000e+00
  0.000000000e+00  0.000000000e+00  0.000000000e+00  0.000000000e+00
  0.000000000e+00  0.000000000e+00  0.000000000e+00  0.000000000e+00
  0.000000000e+00  0.000000000e+00  0.000000000e+00  0.000000000e+00
  0.000000000e+00  0.000000000e+00  0.000000000e+00  0.000000000e+00
  0.000000000e+00  0.000000000e+00  0.000000000e+00  0.000000000e+00
  0.000000000e+00  0.000000000e+00  0.000000000e+00  0.000000000e+00
  0.000000000e+00  0.000000000e+00  0.000000000e+00  0.000000000e+00
  0.000000000e+00  0.000000000e+00  0.000000000e+00  0.000000000e+00
  0.000000000e+00  0.000000000e+00  0.000000000e+00  0.000000000e+00
  0.000000000e+00  0.000000000e+00  0.000000000e+00  0.000000000e+00
  0.000000000e+00  0.000000000e+00  0.000000000e+00  0.000000000e+00
  0.000000000e+00  0.000000000e+00  0.000000000e+00  0.000000000e+00
  0.000000000e+00
@R CURPAR 101 []
  3.670414868e+00  3.670180324e+00  3.669344601e+00  3.667726894e+00
  3.665318771e+00  3.662183850e+00  3.658347597e+00  3.653812821e+00
  3.648580289e+00  3.642650086e+00  3.636022212e+00  3.628696668e+00
  3.620673452e+00  3.611952565e+00  3.602534008e+00  3.592417779e+00
  3.581603880e+00  3.570092309e+00  3.557883068e+00  3.544976156e+00
  3.531371573e+00  3.517069319e+00  3.502069394e+00  3.486371798e+00
  3.469976531e+00  3.452883593e+00  3.435092984e+00  3.416604705e+00
  3.397418754e+00  3.377535133e+00  3.356953840e+00  3.335674877e+00
  3.313698243e+00  3.291023937e+00  3.267651961e+00  3.243582314e+00
  3.218814996e+00  3.193350007e+00  3.167187347e+00  3.140327016e+00
  3.112769015e+00  3.084513342e+00  3.055559998e+00  3.025908984e+00
  2.995560298e+00  2.964513942e+00  2.932769915e+00  2.900328216e+00
  2.867188847e+00  2.833351807e+00  2.798817096e+00  2.763584714e+00
  2.727654661e+00  2.691026937e+00  2.653701542e+00  2.615678477e+00
  2.576957740e+00  2.537539332e+00  2.497423254e+00  2.456609505e+00
  2.415098084e+00  2.372888993e+00  2.329982231e+00  2.286377798e+00
  2.242075693e+00  2.197075918e+00  2.151378472e+00  2.104983356e+00
  2.057890568e+00  2.010100109e+00  1.961611979e+00  1.912426179e+00
  1.862542707e+00  1.811961565e+00  1.760682751e+00  1.708706267e+00
  1.656032112e+00  1.602660286e+00  1.548590789e+00  1.493823621e+00
  1.438358782e+00  1.382196272e+00  1.325336091e+00  1.267778239e+00
  1.209522716e+00  1.150569523e+00  1.090918658e+00  1.030570123e+00
  9.695239164e-01  9.077800390e-01  8.453384908e-01  7.821992716e-01
  7.183623814e-01  6.538278204e-01  5.885955884e-01  5.226997514e-01
  4.565150351e-01  3.918810014e-01  3.328733022e-01  2.876895710e-01
  2.699589184e-01
@R CURBEAM 101 []
  0.000000000e+00  0.000000000e+00  0.000000000e+00  0.000000000e+00
  0.000000000e+00  0.000000000e+00  0.000000000e+00  0.000000000e+00
  0.000000000e+00  0.000000000e+00  0.000000000e+00  0.000000000e+00
  0.000000000e+00  0.000000000e+00  0.000000000e+00  0.000000000e+00
  0.000000000e+00  0.000000000e+00  0.000000000e+00  0.000000000e+00
  0.000000000e+00  0.000000000e+00  0.000000000e+00  0.000000000e+00
  0.000000000e+00  0.000000000e+00  0.000000000e+00  0.000000000e+00
  0.000000000e+00  0.000000000e+00  0.000000000e+00  0.000000000e+00
  0.000000000e+00  0.000000000e+00  0.000000000e+00  0.000000000e+00
  0.000000000e+00  0.000000000e+00  0.000000000e+00  0.000000000e+00
  0.000000000e+00  0.000000000e+00  0.000000000e+00  0.000000000e+00
  0.000000000e+00  0.000000000e+00  0.000000000e+00  0.000000000e+00
  0.000000000e+00  0.000000000e+00  0.000000000e+00  0.000000000e+00
  0.000000000e+00  0.000000000e+00  0.000000000e+00  0.000000000e+00
  0.000000000e+00  0.000000000e+00  0.000000000e+00  0.000000000e+00
  0.000000000e+00  0.000000000e+00  0.000000000e+00  0.000000000e+00
  0.000000000e+00  0.000000000e+00  0.000000000e+00  0.000000000e+00
  0.000000000e+00  0.000000000e+00  0.000000000e+00  0.000000000e+00
  0.000000000e+00  0.000000000e+00  0.000000000e+00  0.000000000e+00
  0.000000000e+00  0.000000000e+00  0.000000000e+00  0.000000000e+00
  0.000000000e+00  0.000000000e+00  0.000000000e+00  0.000000000e+00
  0.000000000e+00  0.000000000e+00  0.000000000e+00  0.000000000e+00
  0.000000000e+00  0.000000000e+00  0.000000000e+00  0.000000000e+00
  0.000000000e+00  0.000000000e+00  0.000000000e+00  0.000000000e+00
  0.000000000e+00  0.000000000e+00  0.000000000e+00  0.000000000e+00
  0.000000000e+00
@R CURRF 101 []
  8.188206564e-01  1.147636935e+00  1.724042325e+00  1.901280381e+00
  1.652277597e+00  1.478743407e+00  1.606851716e+00  1.696829647e+00
  1.444615467e+00  1.073619939e+00  9.556192042e-01  1.008320979e+00
  9.126628438e-01  6.691092390e-01  5.194282757e-01  5.233786629e-01
  5.059805259e-01  3.810502225e-01  2.667905641e-01  2.551646898e-01
  2.707920978e-01  2.240750957e-01  1.609622135e-01  1.583332326e-01
  1.838913337e-01  1.659603690e-01  1.198873386e-01  1.087967942e-01
  1.297173171e-01  1.280232684e-01  9.513920430e-02  7.545127346e-02
  8.514363776e-02  9.071213499e-02  7.239805410e-02  5.293595219e-02
  5.352407078e-02  5.984961108e-02  5.041593611e-02  3.264583975e-02
  2.592726215e-02  2.942028824e-02  2.731871665e-02  1.630581143e-02
  8.614669404e-03  1.012182535e-02  1.268835820e-02  9.236744265e-03
  3.662406716e-03  2.910075720e-03  5.952337218e-03  6.773319297e-03
  4.116093335e-03  2.133659439e-03  3.205900000e-03  4.939085931e-03
  4.597935668e-03  3.003607682e-03  2.473326037e-03  3.251586395e-03
  3.740374714e-03  3.102475546e-03  2.173106099e-03  1.904465022e-03
  2.152092858e-03  2.126532442e-03  1.467687123e-03 -2.387850564e-05
 -1.527559942e-03 -1.042973518e-03  2.747594239e-04  5.867317134e-04
  5.518502615e-04  6.156011660e-04  7.370638507e-04  7.707502676e-04
  6.631140914e-04  5.672835823e-04  6.115508259e-04  6.746049395e-04
  6.668180900e-04  6.086877568e-04  5.399698522e-04  4.876265251e-04
  4.489637562e-04  4.038640010e-04  3.434722903e-04  2.751354791e-04
  2.047958668e-04  1.289427435e-04  4.305141882e-05 -5.124631857e-05
 -1.452471632e-04 -2.252641084e-04 -2.757506270e-04 -2.858950097e-04
 -2.563023064e-04 -2.004292560e-04 -1.343223736e-04 -3.979936929e-05
  2.069340506e-05
@R CURBOOT 101 []
  0.000000000e+00  0.000000000e+00  0.000000000e+00  0.000000000e+00
  0.000000000e+00  0.000000000e+00  0.000000000e+00  0.000000000e+00
  0.000000000e+00  0.000000000e+00  0.000000000e+00  0.000000000e+00
  0.000000000e+00  0.000000000e+00  0.000000000e+00  0.000000000e+00
  0.000000000e+00  0.000000000e+00  0.000000000e+00  0.000000000e+00
  0.000000000e+00  0.000000000e+00  0.000000000e+00  0.000000000e+00
  0.000000000e+00  0.000000000e+00  0.000000000e+00  0.000000000e+00
  0.000000000e+00  0.000000000e+00  0.000000000e+00  0.000000000e+00
  0.000000000e+00  0.000000000e+00  0.000000000e+00  0.000000000e+00
  0.000000000e+00  0.000000000e+00  0.000000000e+00  0.000000000e+00
  0.000000000e+00  0.000000000e+00  0.000000000e+00  0.000000000e+00
  0.000000000e+00  0.000000000e+00  0.000000000e+00  0.000000000e+00
  0.000000000e+00  0.000000000e+00  0.000000000e+00  0.000000000e+00
  0.000000000e+00  0.000000000e+00  0.000000000e+00  0.000000000e+00
  0.000000000e+00  0.000000000e+00  0.000000000e+00  0.000000000e+00
  0.000000000e+00  0.000000000e+00  0.000000000e+00  0.000000000e+00
  0.000000000e+00  0.000000000e+00  0.000000000e+00  0.000000000e+00
  0.000000000e+00  0.000000000e+00  0.000000000e+00  0.000000000e+00
  0.000000000e+00  0.000000000e+00  0.000000000e+00  0.000000000e+00
  0.000000000e+00  0.000000000e+00  0.000000000e+00  0.000000000e+00
  0.000000000e+00  0.000000000e+00  0.000000000e+00  0.000000000e+00
  0.000000000e+00  0.000000000e+00  0.000000000e+00  0.000000000e+00
  0.000000000e+00  0.000000000e+00  0.000000000e+00  0.000000000e+00
  0.000000000e+00  0.000000000e+00  0.000000000e+00  0.000000000e+00
  0.000000000e+00  0.000000000e+00  0.000000000e+00  0.000000000e+00
  0.000000000e+00
@R ENBEAM 101 []
  0.000000000e+00  0.000000000e+00  0.000000000e+00  0.000000000e+00
  0.000000000e+00  0.000000000e+00  0.000000000e+00  0.000000000e+00
  0.000000000e+00  0.000000000e+00  0.000000000e+00  0.000000000e+00
  0.000000000e+00  0.000000000e+00  0.000000000e+00  0.000000000e+00
  0.000000000e+00  0.000000000e+00  0.000000000e+00  0.000000000e+00
  0.000000000e+00  0.000000000e+00  0.000000000e+00  0.000000000e+00
  0.000000000e+00  0.000000000e+00  0.000000000e+00  0.000000000e+00
  0.000000000e+00  0.000000000e+00  0.000000000e+00  0.000000000e+00
  0.000000000e+00  0.000000000e+00  0.000000000e+00  0.000000000e+00
  0.000000000e+00  0.000000000e+00  0.000000000e+00  0.000000000e+00
  0.000000000e+00  0.000000000e+00  0.000000000e+00  0.000000000e+00
  0.000000000e+00  0.000000000e+00  0.000000000e+00  0.000000000e+00
  0.000000000e+00  0.000000000e+00  0.000000000e+00  0.000000000e+00
  0.000000000e+00  0.000000000e+00  0.000000000e+00  0.000000000e+00
  0.000000000e+00  0.000000000e+00  0.000000000e+00  0.000000000e+00
  0.000000000e+00  0.000000000e+00  0.000000000e+00  0.000000000e+00
  0.000000000e+00  0.000000000e+00  0.000000000e+00  0.000000000e+00
  0.000000000e+00  0.000000000e+00  0.000000000e+00  0.000000000e+00
  0.000000000e+00  0.000000000e+00  0.000000000e+00  0.000000000e+00
  0.000000000e+00  0.000000000e+00  0.000000000e+00  0.000000000e+00
  0.000000000e+00  0.000000000e+00  0.000000000e+00  0.000000000e+00
  0.000000000e+00  0.000000000e+00  0.000000000e+00  0.000000000e+00
  0.000000000e+00  0.000000000e+00  0.000000000e+00  0.000000000e+00
  0.000000000e+00  0.000000000e+00  0.000000000e+00  0.000000000e+00
  0.000000000e+00  0.000000000e+00  0.000000000e+00  0.000000000e+00
  0.000000000e+00
@R WBEAM 101 []
  0.000000000e+00  0.000000000e+00  0.000000000e+00  0.000000000e+00
  0.000000000e+00  0.000000000e+00  0.000000000e+00  0.000000000e+00
  0.000000000e+00  0.000000000e+00  0.000000000e+00  0.000000000e+00
  0.000000000e+00  0.000000000e+00  0.000000000e+00  0.000000000e+00
  0.000000000e+00  0.000000000e+00  0.000000000e+00  0.000000000e+00
  0.000000000e+00  0.000000000e+00  0.000000000e+00  0.000000000e+00
  0.000000000e+00  0.000000000e+00  0.000000000e+00  0.000000000e+00
  0.000000000e+00  0.000000000e+00  0.000000000e+00  0.000000000e+00
  0.000000000e+00  0.000000000e+00  0.000000000e+00  0.000000000e+00
  0.000000000e+00  0.000000000e+00  0.000000000e+00  0.000000000e+00
  0.000000000e+00  0.000000000e+00  0.000000000e+00  0.000000000e+00
  0.000000000e+00  0.000000000e+00  0.000000000e+00  0.000000000e+00
  0.000000000e+00  0.000000000e+00  0.000000000e+00  0.000000000e+00
  0.000000000e+00  0.000000000e+00  0.000000000e+00  0.000000000e+00
  0.000000000e+00  0.000000000e+00  0.000000000e+00  0.000000000e+00
  0.000000000e+00  0.000000000e+00  0.000000000e+00  0.000000000e+00
  0.000000000e+00  0.000000000e+00  0.000000000e+00  0.000000000e+00
  0.000000000e+00  0.000000000e+00  0.000000000e+00  0.000000000e+00
  0.000000000e+00  0.000000000e+00  0.000000000e+00  0.000000000e+00
  0.000000000e+00  0.000000000e+00  0.000000000e+00  0.000000000e+00
  0.000000000e+00  0.000000000e+00  0.000000000e+00  0.000000000e+00
  0.000000000e+00  0.000000000e+00  0.000000000e+00  0.000000000e+00
  0.000000000e+00  0.000000000e+00  0.000000000e+00  0.000000000e+00
  0.000000000e+00  0.000000000e+00  0.000000000e+00  0.000000000e+00
  0.000000000e+00  0.000000000e+00  0.000000000e+00  0.000000000e+00
  0.000000000e+00
@R QBEAME 101 []
  0.000000000e+00  0.000000000e+00  0.000000000e+00  0.000000000e+00
  0.000000000e+00  0.000000000e+00  0.000000000e+00  0.000000000e+00
  0.000000000e+00  0.000000000e+00  0.000000000e+00  0.000000000e+00
  0.000000000e+00  0.000000000e+00  0.000000000e+00  0.000000000e+00
  0.000000000e+00  0.000000000e+00  0.000000000e+00  0.000000000e+00
  0.000000000e+00  0.000000000e+00  0.000000000e+00  0.000000000e+00
  0.000000000e+00  0.000000000e+00  0.000000000e+00  0.000000000e+00
  0.000000000e+00  0.000000000e+00  0.000000000e+00  0.000000000e+00
  0.000000000e+00  0.000000000e+00  0.000000000e+00  0.000000000e+00
  0.000000000e+00  0.000000000e+00  0.000000000e+00  0.000000000e+00
  0.000000000e+00  0.000000000e+00  0.000000000e+00  0.000000000e+00
  0.000000000e+00  0.000000000e+00  0.000000000e+00  0.000000000e+00
  0.000000000e+00  0.000000000e+00  0.000000000e+00  0.000000000e+00
  0.000000000e+00  0.000000000e+00  0.000000000e+00  0.000000000e+00
  0.000000000e+00  0.000000000e+00  0.000000000e+00  0.000000000e+00
  0.000000000e+00  0.000000000e+00  0.000000000e+00  0.000000000e+00
  0.000000000e+00  0.000000000e+00  0.000000000e+00  0.000000000e+00
  0.000000000e+00  0.000000000e+00  0.000000000e+00  0.000000000e+00
  0.000000000e+00  0.000000000e+00  0.000000000e+00  0.000000000e+00
  0.000000000e+00  0.000000000e+00  0.000000000e+00  0.000000000e+00
  0.000000000e+00  0.000000000e+00  0.000000000e+00  0.000000000e+00
  0.000000000e+00  0.000000000e+00  0.000000000e+00  0.000000000e+00
  0.000000000e+00  0.000000000e+00  0.000000000e+00  0.000000000e+00
  0.000000000e+00  0.000000000e+00  0.000000000e+00  0.000000000e+00
  0.000000000e+00  0.000000000e+00  0.000000000e+00  0.000000000e+00
  0.000000000e+00
@R QBEAMI 101 []
  0.000000000e+00  0.000000000e+00  0.000000000e+00  0.000000000e+00
  0.000000000e+00  0.000000000e+00  0.000000000e+00  0.000000000e+00
  0.000000000e+00  0.000000000e+00  0.000000000e+00  0.000000000e+00
  0.000000000e+00  0.000000000e+00  0.000000000e+00  0.000000000e+00
  0.000000000e+00  0.000000000e+00  0.000000000e+00  0.000000000e+00
  0.000000000e+00  0.000000000e+00  0.000000000e+00  0.000000000e+00
  0.000000000e+00  0.000000000e+00  0.000000000e+00  0.000000000e+00
  0.000000000e+00  0.000000000e+00  0.000000000e+00  0.000000000e+00
  0.000000000e+00  0.000000000e+00  0.000000000e+00  0.000000000e+00
  0.000000000e+00  0.000000000e+00  0.000000000e+00  0.000000000e+00
  0.000000000e+00  0.000000000e+00  0.000000000e+00  0.000000000e+00
  0.000000000e+00  0.000000000e+00  0.000000000e+00  0.000000000e+00
  0.000000000e+00  0.000000000e+00  0.000000000e+00  0.000000000e+00
  0.000000000e+00  0.000000000e+00  0.000000000e+00  0.000000000e+00
  0.000000000e+00  0.000000000e+00  0.000000000e+00  0.000000000e+00
  0.000000000e+00  0.000000000e+00  0.000000000e+00  0.000000000e+00
  0.000000000e+00  0.000000000e+00  0.000000000e+00  0.000000000e+00
  0.000000000e+00  0.000000000e+00  0.000000000e+00  0.000000000e+00
  0.000000000e+00  0.000000000e+00  0.000000000e+00  0.000000000e+00
  0.000000000e+00  0.000000000e+00  0.000000000e+00  0.000000000e+00
  0.000000000e+00  0.000000000e+00  0.000000000e+00  0.000000000e+00
  0.000000000e+00  0.000000000e+00  0.000000000e+00  0.000000000e+00
  0.000000000e+00  0.000000000e+00  0.000000000e+00  0.000000000e+00
  0.000000000e+00  0.000000000e+00  0.000000000e+00  0.000000000e+00
  0.000000000e+00  0.000000000e+00  0.000000000e+00  0.000000000e+00
  0.000000000e+00
@R ENALP 101 []
  0.000000000e+00  0.000000000e+00  0.000000000e+00  0.000000000e+00
  0.000000000e+00  0.000000000e+00  0.000000000e+00  0.000000000e+00
  0.000000000e+00  0.000000000e+00  0.000000000e+00  0.000000000e+00
  0.000000000e+00  0.000000000e+00  0.000000000e+00  0.000000000e+00
  0.000000000e+00  0.000000000e+00  0.000000000e+00  0.000000000e+00
  0.000000000e+00  0.000000000e+00  0.000000000e+00  0.000000000e+00
  0.000000000e+00  0.000000000e+00  0.000000000e+00  0.000000000e+00
  0.000000000e+00  0.000000000e+00  0.000000000e+00  0.000000000e+00
  0.000000000e+00  0.000000000e+00  0.000000000e+00  0.000000000e+00
  0.000000000e+00  0.000000000e+00  0.000000000e+00  0.000000000e+00
  0.000000000e+00  0.000000000e+00  0.000000000e+00  0.000000000e+00
  0.000000000e+00  0.000000000e+00  0.000000000e+00  0.000000000e+00
  0.000000000e+00  0.000000000e+00  0.000000000e+00  0.000000000e+00
  0.000000000e+00  0.000000000e+00  0.000000000e+00  0.000000000e+00
  0.000000000e+00  0.000000000e+00  0.000000000e+00  0.000000000e+00
  0.000000000e+00  0.000000000e+00  0.000000000e+00  0.000000000e+00
  0.000000000e+00  0.000000000e+00  0.000000000e+00  0.000000000e+00
  0.000000000e+00  0.000000000e+00  0.000000000e+00  0.000000000e+00
  0.000000000e+00  0.000000000e+00  0.000000000e+00  0.000000000e+00
  0.000000000e+00  0.000000000e+00  0.000000000e+00  0.000000000e+00
  0.000000000e+00  0.000000000e+00  0.000000000e+00  0.000000000e+00
  0.000000000e+00  0.000000000e+00  0.000000000e+00  0.000000000e+00
  0.000000000e+00  0.000000000e+00  0.000000000e+00  0.000000000e+00
  0.000000000e+00  0.000000000e+00  0.000000000e+00  0.000000000e+00
  0.000000000e+00  0.000000000e+00  0.000000000e+00  0.000000000e+00
  0.000000000e+00
@R WALP 101 []
  0.000000000e+00  0.000000000e+00  0.000000000e+00  0.000000000e+00
  0.000000000e+00  0.000000000e+00  0.000000000e+00  0.000000000e+00
  0.000000000e+00  0.000000000e+00  0.000000000e+00  0.000000000e+00
  0.000000000e+00  0.000000000e+00  0.000000000e+00  0.000000000e+00
  0.000000000e+00  0.000000000e+00  0.000000000e+00  0.000000000e+00
  0.000000000e+00  0.000000000e+00  0.000000000e+00  0.000000000e+00
  0.000000000e+00  0.000000000e+00  0.000000000e+00  0.000000000e+00
  0.000000000e+00  0.000000000e+00  0.000000000e+00  0.000000000e+00
  0.000000000e+00  0.000000000e+00  0.000000000e+00  0.000000000e+00
  0.000000000e+00  0.000000000e+00  0.000000000e+00  0.000000000e+00
  0.000000000e+00  0.000000000e+00  0.000000000e+00  0.000000000e+00
  0.000000000e+00  0.000000000e+00  0.000000000e+00  0.000000000e+00
  0.000000000e+00  0.000000000e+00  0.000000000e+00  0.000000000e+00
  0.000000000e+00  0.000000000e+00  0.000000000e+00  0.000000000e+00
  0.000000000e+00  0.000000000e+00  0.000000000e+00  0.000000000e+00
  0.000000000e+00  0.000000000e+00  0.000000000e+00  0.000000000e+00
  0.000000000e+00  0.000000000e+00  0.000000000e+00  0.000000000e+00
  0.000000000e+00  0.000000000e+00  0.000000000e+00  0.000000000e+00
  0.000000000e+00  0.000000000e+00  0.000000000e+00  0.000000000e+00
  0.000000000e+00  0.000000000e+00  0.000000000e+00  0.000000000e+00
  0.000000000e+00  0.000000000e+00  0.000000000e+00  0.000000000e+00
  0.000000000e+00  0.000000000e+00  0.000000000e+00  0.000000000e+00
  0.000000000e+00  0.000000000e+00  0.000000000e+00  0.000000000e+00
  0.000000000e+00  0.000000000e+00  0.000000000e+00  0.000000000e+00
  0.000000000e+00  0.000000000e+00  0.000000000e+00  0.000000000e+00
  0.000000000e+00
@R QTFUSE 101 []
  1.832592024e+00  1.830033845e+00  1.822163787e+00  1.811144730e+00
  1.799331421e+00  1.786721778e+00  1.773324105e+00  1.759148924e+00
  1.744205403e+00  1.728505285e+00  1.712058058e+00  1.694868490e+00
  1.676942518e+00  1.658289666e+00  1.638919189e+00  1.618840294e+00
  1.598061541e+00  1.576593623e+00  1.554447372e+00  1.531632783e+00
  1.508163861e+00  1.484052711e+00  1.459312019e+00  1.433957661e+00
  1.408005909e+00  1.381473735e+00  1.354378836e+00  1.326740914e+00
  1.298581339e+00  1.269922743e+00  1.240789308e+00  1.211206774e+00
  1.181202665e+00  1.150806333e+00  1.120049096e+00  1.088964679e+00
  1.057587408e+00  1.025953646e+00  9.941029609e-01  9.620771931e-01
  9.299193956e-01  8.976729584e-01  8.653852928e-01  8.331062027e-01
  8.008840646e-01  7.687717278e-01  7.368221870e-01  7.050887353e-01
  6.736274471e-01  6.424933604e-01  6.117425878e-01  5.814312318e-01
  5.516142298e-01  5.223470687e-01  4.936826072e-01  4.656725260e-01
  4.383672979e-01  4.118127176e-01  3.860542272e-01  3.611321244e-01
  3.370822130e-01  3.139381601e-01  2.917278656e-01  2.704736864e-01
  2.501937241e-01  2.309011988e-01  2.126030617e-01  1.953006645e-01
  1.789906430e-01  1.636642355e-01  1.493075627e-01  1.359015098e-01
  1.234225286e-01  1.118432075e-01  1.011320989e-01  9.125440688e-02
  8.217212184e-02  7.384451026e-02  6.622863422e-02  5.927931942e-02
  5.294927891e-02  4.718910883e-02  4.194687363e-02  3.716774184e-02
  3.279342994e-02  2.876142195e-02  2.500495434e-02  2.145454938e-02
  1.804343504e-02  1.472012585e-02  1.147129102e-02  8.353098693e-03
  5.513877399e-03  3.170741255e-03  1.510611811e-03  5.601530142e-04
  1.491851697e-04  2.546811851e-05  2.306590479e-06  7.446830914e-08
  5.390281015e-10
@R QTFUSI 101 []
  8.031072061e-01  8.013607515e-01  7.959918089e-01  7.884886321e-01
  7.804732256e-01  7.719564034e-01  7.629538394e-01  7.534824611e-01
  7.435588694e-01  7.332009977e-01  7.224260233e-01  7.112493289e-01
  6.996869881e-01  6.877567430e-01  6.754763502e-01  6.628636476e-01
  6.499362995e-01  6.367128945e-01  6.232121164e-01  6.094523140e-01
  5.954534202e-01  5.812345609e-01  5.668150113e-01  5.522151907e-01
  5.374555175e-01  5.225564987e-01  5.075387085e-01  4.924232313e-01
  4.772314873e-01  4.619850304e-01  4.467056139e-01  4.314151440e-01
  4.161357089e-01  4.008895433e-01  3.856990188e-01  3.705867353e-01
  3.555748516e-01  3.406855176e-01  3.259412078e-01  3.113643252e-01
  2.969768028e-01  2.827997722e-01  2.688546801e-01  2.551626951e-01
  2.417434734e-01  2.286169114e-01  2.158017964e-01  2.033157812e-01
  1.911761057e-01  1.793984229e-01  1.679974006e-01  1.569863825e-01
  1.463770763e-01  1.361800033e-01  1.264036895e-01  1.170550497e-01
  1.081394452e-01  9.965984152e-02  9.161796270e-02  8.401320105e-02
  7.684287737e-02  7.010290473e-02  6.378706172e-02  5.788719141e-02
  5.239362945e-02  4.729520352e-02  4.257910011e-02  3.823116522e-02
  3.423623901e-02  3.057816617e-02  2.723999966e-02  2.420412493e-02
  2.145253903e-02  1.896707187e-02  1.672945942e-02  1.472155658e-02
  1.292544008e-02  1.132355318e-02  9.898838621e-03  8.634769418e-03
  7.515394773e-03  6.525356973e-03  5.649845343e-03  4.874557676e-03
  4.185644592e-03  3.569645645e-03  3.013568907e-03  2.505234764e-03
  2.034188112e-03  1.593522431e-03  1.182722927e-03  8.106326124e-04
  4.955705866e-04  2.584070360e-04  1.087298309e-04  3.448352734e-05
  7.550068097e-06  1.006733412e-06  6.630830729e-08  1.395313720e-09
  5.484869155e-12
@R QRFE 101 []
  8.096312663e-01  1.042407380e+00  1.448391452e+00  1.547407381e+00
  1.337993663e+00  1.226162901e+00  1.353210130e+00  1.418359727e+00
  1.195791650e+00  9.006228840e-01  8.292190709e-01  8.808045160e-01
  7.893782719e-01  5.802999989e-01  4.654676004e-01  4.787809142e-01
  4.592919828e-01  3.437725661e-01  2.477569742e-01  2.463071721e-01
  2.608341352e-01  2.135535927e-01  1.568554427e-01  1.607403894e-01
  1.863190713e-01  1.657632136e-01  1.212092991e-01  1.150396240e-01
  1.382857646e-01  1.346282859e-01  1.002345701e-01  8.294396054e-02
  9.583125495e-02  1.014885899e-01  8.356529923e-02  6.688654179e-02
  7.111519012e-02  8.174955341e-02  7.558791015e-02  6.106288831e-02
  5.993561502e-02  7.024756645e-02  7.311692653e-02  6.424537951e-02
  5.748996586e-02  6.002788909e-02  6.215506129e-02  5.508048331e-02
  4.461988356e-02  4.005822140e-02  3.975443633e-02  3.603893833e-02
  2.806375416e-02  2.189018564e-02  2.043363510e-02  1.993943614e-02
  1.662197949e-02  1.209767732e-02  9.915405647e-03  9.995009683e-03
  9.710658976e-03  7.866563521e-03  5.863012028e-03  5.174451028e-03
  5.361586698e-03  5.312524335e-03  5.272452301e-03  8.729353180e-03
  1.264337961e-02  1.039147298e-02  6.258692804e-03  4.267838907e-03
  3.172810069e-03  2.678964714e-03  2.501130319e-03  2.220303401e-03
  1.915170484e-03  1.536974879e-03  9.511907334e-04  5.529154808e-04
  3.982949396e-04  3.051549962e-04  2.327833605e-04  2.009424357e-04
  1.914141841e-04  1.678676508e-04  1.258842042e-04  8.859137161e-05
  6.765772287e-05  5.441879338e-05  4.028402027e-05  2.549522986e-05
  1.393087403e-05  6.754414169e-06  2.886336618e-06  1.025711657e-06
  2.656073609e-07  3.483195729e-08  6.610558724e-10  3.971020855e-11
  0.000000000e+00
@R QRFI 101 []
  1.054789685e+01  8.582865549e+00  5.868853323e+00  6.309598898e+00
  8.481363241e+00  8.846704404e+00  7.473953048e+00  7.341891118e+00
  8.684959501e+00  8.617767707e+00  6.539816613e+00  4.968852947e+00
  5.079962612e+00  5.435510545e+00  4.835393244e+00  3.638259724e+00
  2.548414189e+00  1.778911225e+00  1.250433408e+00  8.949884047e-01
  6.786171489e-01  5.600419890e-01  4.919748444e-01  4.388698756e-01
  3.935648258e-01  3.680785146e-01  3.679770603e-01  3.798404785e-01
  3.895970830e-01  3.953461325e-01  3.877190137e-01  3.601222384e-01
  3.149593070e-01  2.564281415e-01  2.002184214e-01  1.571616792e-01
  1.261768450e-01  1.032858728e-01  8.505033881e-02  7.078506279e-02
  5.956914734e-02  4.984393089e-02  4.212456213e-02  3.722112299e-02
  3.285025332e-02  2.552331666e-02  2.187954349e-02  2.137883692e-02
  2.007194092e-02  1.968992104e-02  1.781396337e-02  1.659493924e-02
  1.678608212e-02  1.591051629e-02  1.388164406e-02  1.343334523e-02
  1.470068003e-02  1.484784510e-02  1.237720815e-02  9.039946910e-03
  7.044345268e-03  6.840624440e-03  8.033196517e-03  9.704928569e-03
  1.060249601e-02  1.026426845e-02  9.434913305e-03  9.097735065e-03
  9.289271629e-03  9.626663882e-03  1.034540914e-02  1.173801217e-02
  1.348383735e-02  1.489928513e-02  1.563704218e-02  1.568396068e-02
  1.474165723e-02  1.270893420e-02  1.010290884e-02  7.621335750e-03
  6.115039433e-03  5.907035740e-03  6.073963648e-03  5.490926239e-03
  4.300969984e-03  3.465293566e-03  3.479452429e-03  3.936907998e-03
  4.242970179e-03  4.417179984e-03  4.904859978e-03  5.791962121e-03
  6.473468537e-03  6.236760671e-03  5.004593672e-03  3.464196912e-03
  2.441996182e-03  2.192587988e-03  2.630716850e-03  6.136473581e-03
  9.257349229e-03
@R QRAD 101 []
 -0.000000000e+00 -0.000000000e+00 -0.000000000e+00 -0.000000000e+00
 -0.000000000e+00 -0.000000000e+00 -0.000000000e+00 -0.000000000e+00
 -0.000000000e+00 -0.000000000e+00 -0.000000000e+00 -0.000000000e+00
 -0.000000000e+00 -0.000000000e+00 -0.000000000e+00 -0.000000000e+00
 -0.000000000e+00 -0.000000000e+00 -0.000000000e+00 -0.000000000e+00
 -0.000000000e+00 -0.000000000e+00 -0.000000000e+00 -0.000000000e+00
 -0.000000000e+00 -0.000000000e+00 -0.000000000e+00 -0.000000000e+00
 -0.000000000e+00 -0.000000000e+00 -0.000000000e+00 -0.000000000e+00
 -0.000000000e+00 -0.000000000e+00 -0.000000000e+00 -0.000000000e+00
 -0.000000000e+00 -0.000000000e+00 -0.000000000e+00 -0.000000000e+00
 -0.000000000e+00 -0.000000000e+00 -0.000000000e+00 -0.000000000e+00
 -0.000000000e+00 -0.000000000e+00 -0.000000000e+00 -0.000000000e+00
 -0.000000000e+00 -0.000000000e+00 -0.000000000e+00 -0.000000000e+00
 -0.000000000e+00 -0.000000000e+00 -0.000000000e+00 -0.000000000e+00
 -0.000000000e+00 -0.000000000e+00 -0.000000000e+00 -0.000000000e+00
 -0.000000000e+00 -0.000000000e+00 -0.000000000e+00 -0.000000000e+00
 -0.000000000e+00 -0.000000000e+00 -0.000000000e+00 -0.000000000e+00
 -0.000000000e+00 -0.000000000e+00 -0.000000000e+00 -0.000000000e+00
 -0.000000000e+00 -0.000000000e+00 -0.000000000e+00 -0.000000000e+00
 -0.000000000e+00 -0.000000000e+00 -0.000000000e+00 -0.000000000e+00
 -0.000000000e+00 -0.000000000e+00 -0.000000000e+00 -0.000000000e+00
 -0.000000000e+00 -0.000000000e+00 -0.000000000e+00 -0.000000000e+00
 -0.000000000e+00 -0.000000000e+00 -0.000000000e+00 -0.000000000e+00
 -0.000000000e+00 -0.000000000e+00 -0.000000000e+00 -0.000000000e+00
 -0.000000000e+00 -0.000000000e+00 -0.000000000e+00 -0.000000000e+00
 -0.000000000e+00
@R QOHM 101 []
  0.000000000e+00  0.000000000e+00  0.000000000e+00  0.000000000e+00
  0.000000000e+00  0.000000000e+00  0.000000000e+00  0.000000000e+00
  0.000000000e+00  0.000000000e+00  0.000000000e+00  0.000000000e+00
  0.000000000e+00  0.000000000e+00  0.000000000e+00  0.000000000e+00
  0.000000000e+00  0.000000000e+00  0.000000000e+00  0.000000000e+00
  0.000000000e+00  0.000000000e+00  0.000000000e+00  0.000000000e+00
  0.000000000e+00  0.000000000e+00  0.000000000e+00  0.000000000e+00
  0.000000000e+00  0.000000000e+00  0.000000000e+00  0.000000000e+00
  0.000000000e+00  0.000000000e+00  0.000000000e+00  0.000000000e+00
  0.000000000e+00  0.000000000e+00  0.000000000e+00  0.000000000e+00
  0.000000000e+00  0.000000000e+00  0.000000000e+00  0.000000000e+00
  0.000000000e+00  0.000000000e+00  0.000000000e+00  0.000000000e+00
  0.000000000e+00  0.000000000e+00  0.000000000e+00  0.000000000e+00
  0.000000000e+00  0.000000000e+00  0.000000000e+00  0.000000000e+00
  0.000000000e+00  0.000000000e+00  0.000000000e+00  0.000000000e+00
  0.000000000e+00  0.000000000e+00  0.000000000e+00  0.000000000e+00
  0.000000000e+00  0.000000000e+00  0.000000000e+00  0.000000000e+00
  0.000000000e+00  0.000000000e+00  0.000000000e+00  0.000000000e+00
  0.000000000e+00  0.000000000e+00  0.000000000e+00  0.000000000e+00
  0.000000000e+00  0.000000000e+00  0.000000000e+00  0.000000000e+00
  0.000000000e+00  0.000000000e+00  0.000000000e+00  0.000000000e+00
  0.000000000e+00  0.000000000e+00  0.000000000e+00  0.000000000e+00
  0.000000000e+00  0.000000000e+00  0.000000000e+00  0.000000000e+00
  0.000000000e+00  0.000000000e+00  0.000000000e+00  0.000000000e+00
  0.000000000e+00  0.000000000e+00  0.000000000e+00  0.000000000e+00
  0.000000000e+00
@R QIONE 101 []
  0.000000000e+00  0.000000000e+00  0.000000000e+00  0.000000000e+00
  0.000000000e+00  0.000000000e+00  0.000000000e+00  0.000000000e+00
  0.000000000e+00  0.000000000e+00  0.000000000e+00  0.000000000e+00
  0.000000000e+00  0.000000000e+00  0.000000000e+00  0.000000000e+00
  0.000000000e+00  0.000000000e+00  0.000000000e+00  0.000000000e+00
  0.000000000e+00  0.000000000e+00  0.000000000e+00  0.000000000e+00
  0.000000000e+00  0.000000000e+00  0.000000000e+00  0.000000000e+00
  0.000000000e+00  0.000000000e+00  0.000000000e+00  0.000000000e+00
  0.000000000e+00  0.000000000e+00  0.000000000e+00  0.000000000e+00
  0.000000000e+00  0.000000000e+00  0.000000000e+00  0.000000000e+00
  0.000000000e+00  0.000000000e+00  0.000000000e+00  0.000000000e+00
  0.000000000e+00  0.000000000e+00  0.000000000e+00  0.000000000e+00
  0.000000000e+00  0.000000000e+00  0.000000000e+00  0.000000000e+00
  0.000000000e+00  0.000000000e+00  0.000000000e+00  0.000000000e+00
  0.000000000e+00  0.000000000e+00  0.000000000e+00  0.000000000e+00
  0.000000000e+00  0.000000000e+00  0.000000000e+00  0.000000000e+00
  0.000000000e+00  0.000000000e+00  0.000000000e+00  0.000000000e+00
  0.000000000e+00  0.000000000e+00  0.000000000e+00  0.000000000e+00
  0.000000000e+00  0.000000000e+00  0.000000000e+00  0.000000000e+00
  0.000000000e+00  0.000000000e+00  0.000000000e+00  0.000000000e+00
  0.000000000e+00  0.000000000e+00  0.000000000e+00  0.000000000e+00
  0.000000000e+00  0.000000000e+00  0.000000000e+00  0.000000000e+00
  0.000000000e+00  0.000000000e+00  0.000000000e+00  0.000000000e+00
  0.000000000e+00  0.000000000e+00  0.000000000e+00  0.000000000e+00
  0.000000000e+00  0.000000000e+00  0.000000000e+00  0.000000000e+00
  0.000000000e+00
@R QIONI 101 []
  0.000000000e+00  0.000000000e+00  0.000000000e+00  0.000000000e+00
  0.000000000e+00  0.000000000e+00  0.000000000e+00  0.000000000e+00
  0.000000000e+00  0.000000000e+00  0.000000000e+00  0.000000000e+00
  0.000000000e+00  0.000000000e+00  0.000000000e+00  0.000000000e+00
  0.000000000e+00  0.000000000e+00  0.000000000e+00  0.000000000e+00
  0.000000000e+00  0.000000000e+00  0.000000000e+00  0.000000000e+00
  0.000000000e+00  0.000000000e+00  0.000000000e+00  0.000000000e+00
  0.000000000e+00  0.000000000e+00  0.000000000e+00  0.000000000e+00
  0.000000000e+00  0.000000000e+00  0.000000000e+00  0.000000000e+00
  0.000000000e+00  0.000000000e+00  0.000000000e+00  0.000000000e+00
  0.000000000e+00  0.000000000e+00  0.000000000e+00  0.000000000e+00
  0.000000000e+00  0.000000000e+00  0.000000000e+00  0.000000000e+00
  0.000000000e+00  0.000000000e+00  0.000000000e+00  0.000000000e+00
  0.000000000e+00  0.000000000e+00  0.000000000e+00  0.000000000e+00
  0.000000000e+00  0.000000000e+00  0.000000000e+00  0.000000000e+00
  0.000000000e+00  0.000000000e+00  0.000000000e+00  0.000000000e+00
  0.000000000e+00  0.000000000e+00  0.000000000e+00  0.000000000e+00
  0.000000000e+00  0.000000000e+00  0.000000000e+00  0.000000000e+00
  0.000000000e+00  0.000000000e+00  0.000000000e+00  0.000000000e+00
  0.000000000e+00  0.000000000e+00  0.000000000e+00  0.000000000e+00
  0.000000000e+00  0.000000000e+00  0.000000000e+00  0.000000000e+00
  0.000000000e+00  0.000000000e+00  0.000000000e+00  0.000000000e+00
  0.000000000e+00  0.000000000e+00  0.000000000e+00  0.000000000e+00
  0.000000000e+00  0.000000000e+00  0.000000000e+00  0.000000000e+00
  0.000000000e+00  0.000000000e+00  0.000000000e+00  0.000000000e+00
  0.000000000e+00
@R QCX 101 []
  0.000000000e+00  0.000000000e+00  0.000000000e+00  0.000000000e+00
  0.000000000e+00  0.000000000e+00  0.000000000e+00  0.000000000e+00
  0.000000000e+00  0.000000000e+00  0.000000000e+00  0.000000000e+00
  0.000000000e+00  0.000000000e+00  0.000000000e+00  0.000000000e+00
  0.000000000e+00  0.000000000e+00  0.000000000e+00  0.000000000e+00
  0.000000000e+00  0.000000000e+00  0.000000000e+00  0.000000000e+00
  0.000000000e+00  0.000000000e+00  0.000000000e+00  0.000000000e+00
  0.000000000e+00  0.000000000e+00  0.000000000e+00  0.000000000e+00
  0.000000000e+00  0.000000000e+00  0.000000000e+00  0.000000000e+00
  0.000000000e+00  0.000000000e+00  0.000000000e+00  0.000000000e+00
  0.000000000e+00  0.000000000e+00  0.000000000e+00  0.000000000e+00
  0.000000000e+00  0.000000000e+00  0.000000000e+00  0.000000000e+00
  0.000000000e+00  0.000000000e+00  0.000000000e+00  0.000000000e+00
  0.000000000e+00  0.000000000e+00  0.000000000e+00  0.000000000e+00
  0.000000000e+00  0.000000000e+00  0.000000000e+00  0.000000000e+00
  0.000000000e+00  0.000000000e+00  0.000000000e+00  0.000000000e+00
  0.000000000e+00  0.000000000e+00  0.000000000e+00  0.000000000e+00
  0.000000000e+00  0.000000000e+00  0.000000000e+00  0.000000000e+00
  0.000000000e+00  0.000000000e+00  0.000000000e+00  0.000000000e+00
  0.000000000e+00  0.000000000e+00  0.000000000e+00  0.000000000e+00
  0.000000000e+00  0.000000000e+00  0.000000000e+00  0.000000000e+00
  0.000000000e+00  0.000000000e+00  0.000000000e+00  0.000000000e+00
  0.000000000e+00  0.000000000e+00  0.000000000e+00  0.000000000e+00
  0.000000000e+00  0.000000000e+00  0.000000000e+00  0.000000000e+00
  0.000000000e+00  0.000000000e+00  0.000000000e+00  0.000000000e+00
  0.000000000e+00
@R STORQUEB 101 []
  0.000000000e+00  0.000000000e+00  0.000000000e+00  0.000000000e+00
  0.000000000e+00  0.000000000e+00  0.000000000e+00  0.000000000e+00
  0.000000000e+00  0.000000000e+00  0.000000000e+00  0.000000000e+00
  0.000000000e+00  0.000000000e+00  0.000000000e+00  0.000000000e+00
  0.000000000e+00  0.000000000e+00  0.000000000e+00  0.000000000e+00
  0.000000000e+00  0.000000000e+00  0.000000000e+00  0.000000000e+00
  0.000000000e+00  0.000000000e+00  0.000000000e+00  0.000000000e+00
  0.000000000e+00  0.000000000e+00  0.000000000e+00  0.000000000e+00
  0.000000000e+00  0.000000000e+00  0.000000000e+00  0.000000000e+00
  0.000000000e+00  0.000000000e+00  0.000000000e+00  0.000000000e+00
  0.000000000e+00  0.000000000e+00  0.000000000e+00  0.000000000e+00
  0.000000000e+00  0.000000000e+00  0.000000000e+00  0.000000000e+00
  0.000000000e+00  0.000000000e+00  0.000000000e+00  0.000000000e+00
  0.000000000e+00  0.000000000e+00  0.000000000e+00  0.000000000e+00
  0.000000000e+00  0.000000000e+00  0.000000000e+00  0.000000000e+00
  0.000000000e+00  0.000000000e+00  0.000000000e+00  0.000000000e+00
  0.000000000e+00  0.000000000e+00  0.000000000e+00  0.000000000e+00
  0.000000000e+00  0.000000000e+00  0.000000000e+00  0.000000000e+00
  0.000000000e+00  0.000000000e+00  0.000000000e+00  0.000000000e+00
  0.000000000e+00  0.000000000e+00  0.000000000e+00  0.000000000e+00
  0.000000000e+00  0.000000000e+00  0.000000000e+00  0.000000000e+00
  0.000000000e+00  0.000000000e+00  0.000000000e+00  0.000000000e+00
  0.000000000e+00  0.000000000e+00  0.000000000e+00  0.000000000e+00
  0.000000000e+00  0.000000000e+00  0.000000000e+00  0.000000000e+00
  0.000000000e+00  0.000000000e+00  0.000000000e+00  0.000000000e+00
  0.000000000e+00
@R STORQUE 101 []
  0.000000000e+00  0.000000000e+00  0.000000000e+00  0.000000000e+00
  0.000000000e+00  0.000000000e+00  0.000000000e+00  0.000000000e+00
  0.000000000e+00  0.000000000e+00  0.000000000e+00  0.000000000e+00
  0.000000000e+00  0.000000000e+00  0.000000000e+00  0.000000000e+00
  0.000000000e+00  0.000000000e+00  0.000000000e+00  0.000000000e+00
  0.000000000e+00  0.000000000e+00  0.000000000e+00  0.000000000e+00
  0.000000000e+00  0.000000000e+00  0.000000000e+00  0.000000000e+00
  0.000000000e+00  0.000000000e+00  0.000000000e+00  0.000000000e+00
  0.000000000e+00  0.000000000e+00  0.000000000e+00  0.000000000e+00
  0.000000000e+00  0.000000000e+00  0.000000000e+00  0.000000000e+00
  0.000000000e+00  0.000000000e+00  0.000000000e+00  0.000000000e+00
  0.000000000e+00  0.000000000e+00  0.000000000e+00  0.000000000e+00
  0.000000000e+00  0.000000000e+00  0.000000000e+00  0.000000000e+00
  0.000000000e+00  0.000000000e+00  0.000000000e+00  0.000000000e+00
  0.000000000e+00  0.000000000e+00  0.000000000e+00  0.000000000e+00
  0.000000000e+00  0.000000000e+00  0.000000000e+00  0.000000000e+00
  0.000000000e+00  0.000000000e+00  0.000000000e+00  0.000000000e+00
  0.000000000e+00  0.000000000e+00  0.000000000e+00  0.000000000e+00
  0.000000000e+00  0.000000000e+00  0.000000000e+00  0.000000000e+00
  0.000000000e+00  0.000000000e+00  0.000000000e+00  0.000000000e+00
  0.000000000e+00  0.000000000e+00  0.000000000e+00  0.000000000e+00
  0.000000000e+00  0.000000000e+00  0.000000000e+00  0.000000000e+00
  0.000000000e+00  0.000000000e+00  0.000000000e+00  0.000000000e+00
  0.000000000e+00  0.000000000e+00  0.000000000e+00  0.000000000e+00
  0.000000000e+00  0.000000000e+00  0.000000000e+00  0.000000000e+00
  0.000000000e+00
@R SION 101 []
  0.000000000e+00  0.000000000e+00  0.000000000e+00  0.000000000e+00
  0.000000000e+00  0.000000000e+00  0.000000000e+00  0.000000000e+00
  0.000000000e+00  0.000000000e+00  0.000000000e+00  0.000000000e+00
  0.000000000e+00  0.000000000e+00  0.000000000e+00  0.000000000e+00
  0.000000000e+00  0.000000000e+00  0.000000000e+00  0.000000000e+00
  0.000000000e+00  0.000000000e+00  0.000000000e+00  0.000000000e+00
  0.000000000e+00  0.000000000e+00  0.000000000e+00  0.000000000e+00
  0.000000000e+00  0.000000000e+00  0.000000000e+00  0.000000000e+00
  0.000000000e+00  0.000000000e+00  0.000000000e+00  0.000000000e+00
  0.000000000e+00  0.000000000e+00  0.000000000e+00  0.000000000e+00
  0.000000000e+00  0.000000000e+00  0.000000000e+00  0.000000000e+00
  0.000000000e+00  0.000000000e+00  0.000000000e+00  0.000000000e+00
  0.000000000e+00  0.000000000e+00  0.000000000e+00  0.000000000e+00
  0.000000000e+00  0.000000000e+00  0.000000000e+00  0.000000000e+00
  0.000000000e+00  0.000000000e+00  0.000000000e+00  0.000000000e+00
  0.000000000e+00  0.000000000e+00  0.000000000e+00  0.000000000e+00
  0.000000000e+00  0.000000000e+00  0.000000000e+00  0.000000000e+00
  0.000000000e+00  0.000000000e+00  0.000000000e+00  0.000000000e+00
  0.000000000e+00  0.000000000e+00  0.000000000e+00  0.000000000e+00
  0.000000000e+00  0.000000000e+00  0.000000000e+00  0.000000000e+00
  0.000000000e+00  0.000000000e+00  0.000000000e+00  0.000000000e+00
  0.000000000e+00  0.000000000e+00  0.000000000e+00  0.000000000e+00
  0.000000000e+00  0.000000000e+00  0.000000000e+00  0.000000000e+00
  0.000000000e+00  0.000000000e+00  0.000000000e+00  0.000000000e+00
  0.000000000e+00  0.000000000e+00  0.000000000e+00  0.000000000e+00
  0.000000000e+00
@R CHIE 101 []
  0.000000000e+00  0.000000000e+00  0.000000000e+00  0.000000000e+00
  0.000000000e+00  0.000000000e+00  0.000000000e+00  0.000000000e+00
  0.000000000e+00  0.000000000e+00  0.000000000e+00  0.000000000e+00
  0.000000000e+00  0.000000000e+00  0.000000000e+00  0.000000000e+00
  0.000000000e+00  0.000000000e+00  0.000000000e+00  0.000000000e+00
  0.000000000e+00  0.000000000e+00  0.000000000e+00  0.000000000e+00
  0.000000000e+00  0.000000000e+00  0.000000000e+00  0.000000000e+00
  0.000000000e+00  0.000000000e+00  0.000000000e+00  0.000000000e+00
  0.000000000e+00  0.000000000e+00  0.000000000e+00  0.000000000e+00
  0.000000000e+00  0.000000000e+00  0.000000000e+00  0.000000000e+00
  0.000000000e+00  0.000000000e+00  0.000000000e+00  0.000000000e+00
  0.000000000e+00  0.000000000e+00  0.000000000e+00  0.000000000e+00
  0.000000000e+00  0.000000000e+00  0.000000000e+00  0.000000000e+00
  0.000000000e+00  0.000000000e+00  0.000000000e+00  0.000000000e+00
  0.000000000e+00  0.000000000e+00  0.000000000e+00  0.000000000e+00
  0.000000000e+00  0.000000000e+00  0.000000000e+00  0.000000000e+00
  0.000000000e+00  0.000000000e+00  0.000000000e+00  0.000000000e+00
  0.000000000e+00  0.000000000e+00  0.000000000e+00  0.000000000e+00
  0.000000000e+00  0.000000000e+00  0.000000000e+00  0.000000000e+00
  0.000000000e+00  0.000000000e+00  0.000000000e+00  0.000000000e+00
  0.000000000e+00  0.000000000e+00  0.000000000e+00  0.000000000e+00
  0.000000000e+00  0.000000000e+00  0.000000000e+00  0.000000000e+00
  0.000000000e+00  0.000000000e+00  0.000000000e+00  0.000000000e+00
  0.000000000e+00  0.000000000e+00  0.000000000e+00  0.000000000e+00
  0.000000000e+00  0.000000000e+00  0.000000000e+00  0.000000000e+00
  0.000000000e+00
@R CHII 101 []
  0.000000000e+00  0.000000000e+00  0.000000000e+00  0.000000000e+00
  0.000000000e+00  0.000000000e+00  0.000000000e+00  0.000000000e+00
  0.000000000e+00  0.000000000e+00  0.000000000e+00  0.000000000e+00
  0.000000000e+00  0.000000000e+00  0.000000000e+00  0.000000000e+00
  0.000000000e+00  0.000000000e+00  0.000000000e+00  0.000000000e+00
  0.000000000e+00  0.000000000e+00  0.000000000e+00  0.000000000e+00
  0.000000000e+00  0.000000000e+00  0.000000000e+00  0.000000000e+00
  0.000000000e+00  0.000000000e+00  0.000000000e+00  0.000000000e+00
  0.000000000e+00  0.000000000e+00  0.000000000e+00  0.000000000e+00
  0.000000000e+00  0.000000000e+00  0.000000000e+00  0.000000000e+00
  0.000000000e+00  0.000000000e+00  0.000000000e+00  0.000000000e+00
  0.000000000e+00  0.000000000e+00  0.000000000e+00  0.000000000e+00
  0.000000000e+00  0.000000000e+00  0.000000000e+00  0.000000000e+00
  0.000000000e+00  0.000000000e+00  0.000000000e+00  0.000000000e+00
  0.000000000e+00  0.000000000e+00  0.000000000e+00  0.000000000e+00
  0.000000000e+00  0.000000000e+00  0.000000000e+00  0.000000000e+00
  0.000000000e+00  0.000000000e+00  0.000000000e+00  0.000000000e+00
  0.000000000e+00  0.000000000e+00  0.000000000e+00  0.000000000e+00
  0.000000000e+00  0.000000000e+00  0.000000000e+00  0.000000000e+00
  0.000000000e+00  0.000000000e+00  0.000000000e+00  0.000000000e+00
  0.000000000e+00  0.000000000e+00  0.000000000e+00  0.000000000e+00
  0.000000000e+00  0.000000000e+00  0.000000000e+00  0.000000000e+00
  0.000000000e+00  0.000000000e+00  0.000000000e+00  0.000000000e+00
  0.000000000e+00  0.000000000e+00  0.000000000e+00  0.000000000e+00
  0.000000000e+00  0.000000000e+00  0.000000000e+00  0.000000000e+00
  0.000000000e+00
