 13-May-26 07/09/2014
     1               1
  0.000000000E+00
*   0.000             1               0 MAR   3   2 CLC    40   41
  0.000000000E+00 0.170000000E+03 0.200000000E+01 0.679320679E+06
  0.679320679E+06 0.172114233E+03 0.809908772E+00 0.413450019E+02
  0.134169548E+01-0.374398759E+00-0.310152783E+00 0.771741046E+07
  0.176035930E+03 0.177724960E+01 0.228392620E+01 0.888730514E+00
  0.445570519E+00 0.858627024E+00 0.100000000E+11 0.107165924E+02
  0.100000000E+11 0.100000000E+11 0.200046807E+01-0.121664531E+01
  0.766923257E+02 0.106929973E+03 0.518697770E+02
  0.000000000E+00 0.000000000E+00 0.000000000E+00
  0.825098902E+02 0.794856287E+02
  0.000000000E+00 0.000000000E+00
  0.160823878E+01 0.278990204E+00 0.201482136E+01 0.743105795E+00
  0.768837977E+00 0.218602962E+01-0.500000000E+02-0.500000000E+02
 -0.500000000E+02 0.304850939E+00 0.702919130E+04 0.159741345E+06
  0.988854997E-04 0.128168709E+01 0.961891623E+00 0.780206781E-02
  0.127352485E+01 0.171710021E+03 0.000000000E+00 0.000000000E+00
 -0.999000000E+03-0.999000000E+03-0.999000000E+03-0.999000000E+03
 -0.100000000E+03-0.500000000E+02 0.195328257E+01 0.191943140E+01
  0.768667388E+01 0.398231967E+02 0.100000000E+03 0.107165924E+02
  0.177135791E+03 0.199453830E+01 0.468041564E+00 0.000000000E+00
  0.100367326E+01 0.200191667E+01 0.359826580E+06 0.000000000E+00
  0.000000000E+00 0.000000000E+00 0.861064555E+00 0.100000000E+02
    44   60   18    6
  0.174738222E+00 0.134418582E+00 0.183857029E+00 0.150414663E+00
  0.689230229E-01-0.129101295E-01 0.542042561E+00-0.633585865E-01
 -0.456277055E+00 0.244072695E+00 0.140029032E+00 0.146578877E-01
 -0.429032423E-01-0.679764497E-01-0.802268687E-01 0.554890079E+00
 -0.716032369E-01 0.100444438E-01 0.217655586E+00 0.155682987E+00
  0.161446175E+00 0.165619703E+00 0.101956084E+00 0.244284787E-01
 -0.322525378E+00 0.403606125E+00 0.432333927E+00 0.325140365E-01
  0.828109144E-01 0.201456849E+00 0.801066026E-01-0.121829565E-01
 -0.468179445E-01-0.586230031E-01 0.117274353E+00 0.479312790E+00
  0.468398135E+00-0.399415275E-01 0.301673954E-01-0.201503912E-01
  0.135748280E-01 0.233239707E-01 0.726906203E-01 0.135405969E+00
  0.109174324E+00 0.243263768E+00 0.243940733E+00-0.141191686E+00
 -0.246735455E+00-0.367773202E-01 0.283243775E+00 0.627079213E+00
  0.287347922E+00-0.156744824E+00-0.328997849E+00-0.862081881E-01
  0.231022283E+00 0.314686120E+00 0.250083034E+00-0.372401705E-01
  0.131901012E+00 0.267840867E+00 0.193169077E+00 0.201834196E+00
  0.202315010E+00 0.192385033E+00 0.251121607E+00-0.103820935E+00
 -0.309399219E+00-0.282932370E+00-0.600639329E-01 0.295767796E+00
  0.353605198E+00 0.262214077E+00 0.385862187E+00 0.751764608E+00
  0.299431245E+00 0.396429838E-01-0.192733141E+00-0.266136426E+00
 -0.683155004E-01 0.877057241E-01 0.313370533E+00 0.247865538E+00
  0.355493338E+00 0.106604590E+00-0.587830912E-01-0.246345577E+00
 -0.302017301E+00-0.104501958E+00 0.247903869E+00 0.193083626E+00
  0.201337571E+00 0.202160992E+00 0.190083243E+00 0.264790074E+00
  0.133715903E+00-0.335616228E-01 0.111926582E+00 0.243230990E+00
  0.246086086E+00-0.126820028E+00-0.252027073E+00-0.350124398E-01
  0.285453329E+05-0.583064203E+05 0.246098687E+06 0.239762866E+06
  0.104296844E+06-0.307934753E+06 0.609699662E+06-0.422607061E+05
 -0.758647554E+06 0.345961933E+06 0.787680684E+05-0.129200491E+06
 -0.120452605E+06-0.104221645E+06-0.406565119E+06 0.554415569E+06
 -0.122029078E+06-0.133777344E+06
  0.000000000E+00 0.000000000E+00 0.000000000E+00 0.000000000E+00
  0.000000000E+00 0.000000000E+00
  0.000000000E+00 0.000000000E+00 0.000000000E+00 0.000000000E+00
  0.000000000E+00 0.000000000E+00 0.000000000E+00 0.000000000E+00
  0.000000000E+00 0.000000000E+00 0.553101182E+02 0.000000000E+00
  0.245621478E+00 0.102783498E+01 0.400000006E+02-0.141164252E+00
 -0.110868216E+01 0.000000000E+00 0.999000000E+03 0.191263228E+01
 -0.100000000E+02 0.961891623E+00 0.000000000E+00 0.333794672E-01
 -0.100000000E+02 0.000000000E+00 0.215121408E+01 0.000000000E+00
  0.168531097E+00 0.234118313E+01 0.130769231E+01 0.213242575E+01
  0.336824786E+02 0.334248546E+01-0.890000000E+02-0.890000000E+02
 -0.890000000E+02-0.890000000E+02-0.890000000E+02-0.890000000E+02
 -0.890000000E+02-0.890000000E+02-0.890000000E+02-0.890000000E+02
 -0.890000000E+02-0.890000000E+02-0.890000000E+02-0.890000000E+02
 -0.890000000E+02 0.000000000E+00 0.709424195E+00 0.949825337E+00
  0.141091072E+03 0.184937500E+03 0.000000000E+00 0.822427907E+00
  0.100000000E+01 0.000000000E+00 0.000000000E+00 0.000000000E+00
                                            EQG
