@I NRHO 1 []
101
@R RHOB 1 []
1.266400e+00
@R RHO 101 []
0.000000e+00 1.000000e-02 2.000000e-02 3.000000e-02 4.000000e-02 
5.000000e-02 6.000000e-02 7.000000e-02 8.000000e-02 9.000000e-02 
1.000000e-01 1.100000e-01 1.200000e-01 1.300000e-01 1.400000e-01 
1.500000e-01 1.600000e-01 1.700000e-01 1.800000e-01 1.900000e-01 
2.000000e-01 2.100000e-01 2.200000e-01 2.300000e-01 2.400000e-01 
2.500000e-01 2.600000e-01 2.700000e-01 2.800000e-01 2.900000e-01 
3.000000e-01 3.100000e-01 3.200000e-01 3.300000e-01 3.400000e-01 
3.500000e-01 3.600000e-01 3.700000e-01 3.800000e-01 3.900000e-01 
4.000000e-01 4.100000e-01 4.200000e-01 4.300000e-01 4.400000e-01 
4.500000e-01 4.600000e-01 4.700000e-01 4.800000e-01 4.900000e-01 
5.000000e-01 5.100000e-01 5.200000e-01 5.300000e-01 5.400000e-01 
5.500000e-01 5.600000e-01 5.700000e-01 5.800000e-01 5.900000e-01 
6.000000e-01 6.100000e-01 6.200000e-01 6.300000e-01 6.400000e-01 
6.500000e-01 6.600000e-01 6.700000e-01 6.800000e-01 6.900000e-01 
7.000000e-01 7.100000e-01 7.200000e-01 7.300000e-01 7.400000e-01 
7.500000e-01 7.600000e-01 7.700000e-01 7.800000e-01 7.900000e-01 
8.000000e-01 8.100000e-01 8.200000e-01 8.300000e-01 8.400000e-01 
8.500000e-01 8.600000e-01 8.700000e-01 8.800000e-01 8.900000e-01 
9.000000e-01 9.100000e-01 9.200000e-01 9.300000e-01 9.400000e-01 
9.500000e-01 9.600000e-01 9.700000e-01 9.800000e-01 9.900000e-01 
1.000000e+00 
@R VOLP 101 []
0.000000e+00 2.383950e+00 4.768711e+00 7.154619e+00 9.542060e+00 
1.193144e+01 1.432313e+01 1.671725e+01 1.911393e+01 2.151331e+01 
2.391542e+01 2.632031e+01 2.872801e+01 3.113846e+01 3.355157e+01 
3.596729e+01 3.838546e+01 4.080595e+01 4.322862e+01 4.565326e+01 
4.807969e+01 5.050771e+01 5.293707e+01 5.536753e+01 5.779883e+01 
6.023069e+01 6.266282e+01 6.509491e+01 6.752666e+01 6.995776e+01 
7.238790e+01 7.481674e+01 7.724396e+01 7.966923e+01 8.209223e+01 
8.451263e+01 8.693009e+01 8.934428e+01 9.175489e+01 9.416159e+01 
9.656406e+01 9.896201e+01 1.013551e+02 1.037430e+02 1.061256e+02 
1.085024e+02 1.108732e+02 1.132377e+02 1.155958e+02 1.179471e+02 
1.202914e+02 1.226285e+02 1.249582e+02 1.272803e+02 1.295946e+02 
1.319011e+02 1.341994e+02 1.364895e+02 1.387713e+02 1.410448e+02 
1.433098e+02 1.455663e+02 1.478142e+02 1.500537e+02 1.522846e+02 
1.545071e+02 1.567213e+02 1.589272e+02 1.611250e+02 1.633149e+02 
1.654971e+02 1.676718e+02 1.698393e+02 1.720000e+02 1.741541e+02 
1.763021e+02 1.784445e+02 1.805816e+02 1.827142e+02 1.848425e+02 
1.869673e+02 1.890889e+02 1.912080e+02 1.933247e+02 1.954393e+02 
1.975515e+02 1.996611e+02 2.017664e+02 2.038642e+02 2.059494e+02 
2.080143e+02 2.100503e+02 2.120506e+02 2.140143e+02 2.159456e+02 
2.178474e+02 2.197326e+02 2.216438e+02 2.236685e+02 2.258901e+02 
2.283469e+02 
@R IPOL 101 []
1.038014e+00 1.037986e+00 1.037876e+00 1.037661e+00 1.037355e+00 
1.036969e+00 1.036516e+00 1.036007e+00 1.035447e+00 1.034838e+00 
1.034188e+00 1.033501e+00 1.032782e+00 1.032035e+00 1.031264e+00 
1.030473e+00 1.029665e+00 1.028844e+00 1.028013e+00 1.027173e+00 
1.026328e+00 1.025480e+00 1.024631e+00 1.023784e+00 1.022939e+00 
1.022100e+00 1.021267e+00 1.020443e+00 1.019629e+00 1.018826e+00 
1.018036e+00 1.017259e+00 1.016496e+00 1.015749e+00 1.015018e+00 
1.014304e+00 1.013608e+00 1.012929e+00 1.012269e+00 1.011627e+00 
1.011004e+00 1.010401e+00 1.009817e+00 1.009252e+00 1.008707e+00 
1.008181e+00 1.007675e+00 1.007188e+00 1.006720e+00 1.006271e+00 
1.005841e+00 1.005428e+00 1.005034e+00 1.004658e+00 1.004299e+00 
1.003957e+00 1.003632e+00 1.003323e+00 1.003029e+00 1.002751e+00 
1.002487e+00 1.002238e+00 1.002002e+00 1.001779e+00 1.001570e+00 
1.001372e+00 1.001186e+00 1.001011e+00 1.000847e+00 1.000693e+00 
1.000549e+00 1.000413e+00 1.000287e+00 1.000168e+00 1.000057e+00 
9.999530e-01 9.998558e-01 9.997649e-01 9.996800e-01 9.996006e-01 
9.995266e-01 9.994578e-01 9.993941e-01 9.993357e-01 9.992829e-01 
9.992365e-01 9.991976e-01 9.991680e-01 9.991504e-01 9.991482e-01 
9.991657e-01 9.992077e-01 9.992780e-01 9.993776e-01 9.995026e-01 
9.996422e-01 9.997805e-01 9.998999e-01 9.999873e-01 1.000035e+00 
1.000024e+00 
@R G11 101 []
0.000000e+00 2.407444e+00 4.785084e+00 7.153916e+00 9.535789e+00 
1.192445e+01 1.432091e+01 1.672015e+01 1.911639e+01 2.150938e+01 
2.390342e+01 2.628025e+01 2.866177e+01 3.106802e+01 3.346239e+01 
3.585610e+01 3.824966e+01 4.064426e+01 4.303962e+01 4.543560e+01 
4.783233e+01 5.023059e+01 5.263116e+01 5.503821e+01 5.744348e+01 
5.984311e+01 6.225008e+01 6.467128e+01 6.708400e+01 6.949434e+01 
7.192821e+01 7.434772e+01 7.678088e+01 7.921818e+01 8.165530e+01 
8.410507e+01 8.655483e+01 8.901362e+01 9.147962e+01 9.394837e+01 
9.643054e+01 9.891346e+01 1.014094e+02 1.039131e+02 1.064197e+02 
1.089508e+02 1.114686e+02 1.140200e+02 1.165639e+02 1.191244e+02 
1.217083e+02 1.242788e+02 1.268892e+02 1.294923e+02 1.321129e+02 
1.347645e+02 1.373996e+02 1.400790e+02 1.427564e+02 1.454507e+02 
1.481808e+02 1.508966e+02 1.536620e+02 1.564223e+02 1.592138e+02 
1.620274e+02 1.648499e+02 1.677141e+02 1.705766e+02 1.734859e+02 
1.763997e+02 1.793534e+02 1.823245e+02 1.853271e+02 1.883590e+02 
1.914146e+02 1.945136e+02 1.976242e+02 2.007977e+02 2.039746e+02 
2.072196e+02 2.104845e+02 2.137900e+02 2.171658e+02 2.205383e+02 
2.240217e+02 2.275320e+02 2.310757e+02 2.347523e+02 2.384644e+02 
2.422433e+02 2.461844e+02 2.502062e+02 2.543146e+02 2.585845e+02 
2.630005e+02 2.674831e+02 2.719954e+02 2.765723e+02 2.812814e+02 
2.862473e+02 
@R G22 101 []
0.000000e+00 1.232140e-02 2.449009e-02 3.661337e-02 4.880382e-02 
6.103025e-02 7.329842e-02 8.558215e-02 9.785178e-02 1.101063e-01 
1.223679e-01 1.345434e-01 1.467452e-01 1.590761e-01 1.713486e-01 
1.836204e-01 1.958944e-01 2.081768e-01 2.204663e-01 2.327623e-01 
2.450656e-01 2.573804e-01 2.697109e-01 2.820784e-01 2.944408e-01 
3.067784e-01 3.191578e-01 3.316144e-01 3.440318e-01 3.564413e-01 
3.689760e-01 3.814414e-01 3.939813e-01 4.065470e-01 4.191162e-01 
4.317548e-01 4.443979e-01 4.570918e-01 4.698272e-01 4.825810e-01 
4.954080e-01 5.082432e-01 5.211493e-01 5.340993e-01 5.470685e-01 
5.601672e-01 5.732010e-01 5.864115e-01 5.995865e-01 6.128502e-01 
6.262371e-01 6.395581e-01 6.530872e-01 6.665812e-01 6.801671e-01 
6.939144e-01 7.075787e-01 7.214728e-01 7.353576e-01 7.493304e-01 
7.634883e-01 7.775726e-01 7.919128e-01 8.062268e-01 8.207014e-01 
8.352885e-01 8.499211e-01 8.647673e-01 8.796038e-01 8.946796e-01 
9.097766e-01 9.250778e-01 9.404663e-01 9.560152e-01 9.717119e-01 
9.875288e-01 1.003566e+00 1.019661e+00 1.036077e+00 1.052506e+00 
1.069283e+00 1.086156e+00 1.103233e+00 1.120663e+00 1.138063e+00 
1.156019e+00 1.174089e+00 1.192297e+00 1.211136e+00 1.230072e+00 
1.249229e+00 1.269054e+00 1.289090e+00 1.309351e+00 1.330234e+00 
1.351664e+00 1.373299e+00 1.395187e+00 1.417911e+00 1.442003e+00 
1.468049e+00 
@R G33 101 []
9.193352e-01 9.193170e-01 9.193063e-01 9.193405e-01 9.194030e-01 
9.194795e-01 9.195608e-01 9.196549e-01 9.197657e-01 9.198930e-01 
9.200372e-01 9.201973e-01 9.203726e-01 9.205642e-01 9.207721e-01 
9.209961e-01 9.212368e-01 9.214941e-01 9.217679e-01 9.220587e-01 
9.223665e-01 9.226911e-01 9.230330e-01 9.233923e-01 9.237689e-01 
9.241632e-01 9.245754e-01 9.250056e-01 9.254542e-01 9.259211e-01 
9.264066e-01 9.269109e-01 9.274341e-01 9.279765e-01 9.285381e-01 
9.291191e-01 9.297197e-01 9.303401e-01 9.309803e-01 9.316404e-01 
9.323207e-01 9.330210e-01 9.337418e-01 9.344829e-01 9.352442e-01 
9.360260e-01 9.368283e-01 9.376510e-01 9.384942e-01 9.393577e-01 
9.402415e-01 9.411456e-01 9.420696e-01 9.430135e-01 9.439771e-01 
9.449601e-01 9.459624e-01 9.469834e-01 9.480227e-01 9.490800e-01 
9.501549e-01 9.512467e-01 9.523547e-01 9.534783e-01 9.546168e-01 
9.557693e-01 9.569348e-01 9.581122e-01 9.593006e-01 9.604987e-01 
9.617049e-01 9.629181e-01 9.641365e-01 9.653585e-01 9.665822e-01 
9.678055e-01 9.690265e-01 9.702429e-01 9.714521e-01 9.726521e-01 
9.738403e-01 9.750143e-01 9.761723e-01 9.773128e-01 9.784351e-01 
9.795390e-01 9.806261e-01 9.817015e-01 9.827777e-01 9.838759e-01 
9.850259e-01 9.862624e-01 9.876106e-01 9.890720e-01 9.906318e-01 
9.922879e-01 9.939974e-01 9.955862e-01 9.966757e-01 9.969176e-01 
9.962013e-01 
@R GRADRHO 101 []
1.009297e+00 1.004081e+00 1.000761e+00 9.989162e-01 9.985598e-01 
9.985082e-01 9.986411e-01 9.987498e-01 9.986849e-01 9.984904e-01 
9.982902e-01 9.977362e-01 9.972966e-01 9.972671e-01 9.970129e-01 
9.967350e-01 9.964474e-01 9.961693e-01 9.958968e-01 9.956281e-01 
9.953647e-01 9.951156e-01 9.948888e-01 9.947200e-01 9.945317e-01 
9.942956e-01 9.941232e-01 9.940622e-01 9.939341e-01 9.937900e-01 
9.938123e-01 9.937336e-01 9.937461e-01 9.937828e-01 9.938162e-01 
9.939238e-01 9.940280e-01 9.941809e-01 9.943692e-01 9.945670e-01 
9.948301e-01 9.950907e-01 9.954097e-01 9.957580e-01 9.961114e-01 
9.965689e-01 9.969549e-01 9.974795e-01 9.979575e-01 9.984930e-01 
9.991106e-01 9.996574e-01 1.000347e+00 1.000988e+00 1.001677e+00 
1.002461e+00 1.003161e+00 1.003998e+00 1.004801e+00 1.005637e+00 
1.006566e+00 1.007415e+00 1.008396e+00 1.009326e+00 1.010319e+00 
1.011343e+00 1.012353e+00 1.013447e+00 1.014491e+00 1.015624e+00 
1.016720e+00 1.017876e+00 1.019025e+00 1.020202e+00 1.021396e+00 
1.022587e+00 1.023825e+00 1.025019e+00 1.026298e+00 1.027503e+00 
1.028794e+00 1.030043e+00 1.031297e+00 1.032620e+00 1.033833e+00 
1.035199e+00 1.036516e+00 1.037800e+00 1.039276e+00 1.040732e+00 
1.042256e+00 1.044070e+00 1.046001e+00 1.048043e+00 1.050324e+00 
1.052803e+00 1.055294e+00 1.057663e+00 1.059664e+00 1.060843e+00 
1.061067e+00 
@R AREA 101 []
0.000000e+00 2.368473e+00 4.747305e+00 7.133827e+00 9.523523e+00 
1.191438e+01 1.430608e+01 1.669801e+01 1.909051e+01 2.148363e+01 
2.387772e+01 2.627277e+01 2.866980e+01 3.106738e+01 3.346571e+01 
3.586501e+01 3.826534e+01 4.066669e+01 4.306903e+01 4.547235e+01 
4.787664e+01 5.028188e+01 5.268803e+01 5.509500e+01 5.750268e+01 
5.991126e+01 6.232069e+01 6.473075e+01 6.714132e+01 6.955269e+01 
7.196454e+01 7.437676e+01 7.678960e+01 7.920260e+01 8.161610e+01 
8.402970e+01 8.644360e+01 8.885755e+01 9.127164e+01 9.368565e+01 
9.609973e+01 9.851355e+01 1.009274e+02 1.033408e+02 1.057542e+02 
1.081671e+02 1.105797e+02 1.129919e+02 1.154035e+02 1.178149e+02 
1.202255e+02 1.226357e+02 1.250453e+02 1.274542e+02 1.298627e+02 
1.322704e+02 1.346775e+02 1.370841e+02 1.394899e+02 1.418953e+02 
1.443000e+02 1.467042e+02 1.491080e+02 1.515111e+02 1.539141e+02 
1.563167e+02 1.587191e+02 1.611214e+02 1.635237e+02 1.659262e+02 
1.683289e+02 1.707321e+02 1.731360e+02 1.755408e+02 1.779465e+02 
1.803538e+02 1.827625e+02 1.851733e+02 1.875864e+02 1.900021e+02 
1.924210e+02 1.948433e+02 1.972698e+02 1.997007e+02 2.021369e+02 
2.045789e+02 2.070271e+02 2.094825e+02 2.119456e+02 2.144169e+02 
2.168970e+02 2.193860e+02 2.218839e+02 2.243910e+02 2.269075e+02 
2.294336e+02 2.319701e+02 2.345181e+02 2.370805e+02 2.396638e+02 
2.422796e+02 
@R A 101 []
0.000000e+00 1.196108e-02 2.391097e-02 3.585450e-02 4.778065e-02 
5.968171e-02 7.155397e-02 8.340132e-02 9.523347e-02 1.070557e-01 
1.188719e-01 1.306827e-01 1.424924e-01 1.542935e-01 1.660863e-01 
1.778713e-01 1.896483e-01 2.014171e-01 2.131778e-01 2.249304e-01 
2.366744e-01 2.484096e-01 2.601357e-01 2.718523e-01 2.835587e-01 
2.952556e-01 3.069425e-01 3.186184e-01 3.302825e-01 3.419362e-01 
3.535776e-01 3.652061e-01 3.768228e-01 3.884253e-01 4.000152e-01 
4.115902e-01 4.231511e-01 4.346967e-01 4.462271e-01 4.577412e-01 
4.692394e-01 4.807200e-01 4.921840e-01 5.036293e-01 5.150572e-01 
5.264655e-01 5.378548e-01 5.492246e-01 5.605736e-01 5.719028e-01 
5.832100e-01 5.944961e-01 6.057602e-01 6.170014e-01 6.282204e-01 
6.394154e-01 6.505869e-01 6.617346e-01 6.728570e-01 6.839552e-01 
6.950274e-01 7.060741e-01 7.170949e-01 7.280887e-01 7.390563e-01 
7.499959e-01 7.609087e-01 7.717930e-01 7.826493e-01 7.934769e-01 
8.042755e-01 8.150452e-01 8.257848e-01 8.364950e-01 8.471745e-01 
8.578239e-01 8.684419e-01 8.790292e-01 8.895847e-01 9.001082e-01 
9.105999e-01 9.210583e-01 9.314848e-01 9.418772e-01 9.522364e-01 
9.625620e-01 9.728530e-01 9.831108e-01 9.933346e-01 1.003525e+00 
1.013684e+00 1.023814e+00 1.033915e+00 1.043991e+00 1.054045e+00 
1.064079e+00 1.074098e+00 1.084099e+00 1.094074e+00 1.104010e+00 
1.113891e+00 
@R RTOR 101 []
4.745418e+00 4.745456e+00 4.745503e+00 4.745493e+00 4.745436e+00 
4.745349e+00 4.745251e+00 4.745141e+00 4.745016e+00 4.744873e+00 
4.744713e+00 4.744533e+00 4.744334e+00 4.744117e+00 4.743880e+00 
4.743624e+00 4.743348e+00 4.743052e+00 4.742735e+00 4.742397e+00 
4.742038e+00 4.741657e+00 4.741255e+00 4.740831e+00 4.740384e+00 
4.739915e+00 4.739422e+00 4.738906e+00 4.738366e+00 4.737802e+00 
4.737214e+00 4.736601e+00 4.735962e+00 4.735298e+00 4.734607e+00 
4.733891e+00 4.733147e+00 4.732376e+00 4.731578e+00 4.730752e+00 
4.729897e+00 4.729013e+00 4.728101e+00 4.727158e+00 4.726186e+00 
4.725184e+00 4.724151e+00 4.723086e+00 4.721990e+00 4.720863e+00 
4.719703e+00 4.718510e+00 4.717285e+00 4.716026e+00 4.714734e+00 
4.713407e+00 4.712046e+00 4.710651e+00 4.709220e+00 4.707755e+00 
4.706253e+00 4.704716e+00 4.703142e+00 4.701532e+00 4.699885e+00 
4.698201e+00 4.696480e+00 4.694722e+00 4.692926e+00 4.691092e+00 
4.689220e+00 4.687310e+00 4.685362e+00 4.683375e+00 4.681351e+00 
4.679287e+00 4.677185e+00 4.675045e+00 4.672866e+00 4.670648e+00 
4.668392e+00 4.666098e+00 4.663765e+00 4.661394e+00 4.658984e+00 
4.656535e+00 4.654048e+00 4.651520e+00 4.648952e+00 4.646342e+00 
4.643687e+00 4.640986e+00 4.638232e+00 4.635419e+00 4.632541e+00 
4.629591e+00 4.626563e+00 4.623467e+00 4.620316e+00 4.617127e+00 
4.613909e+00 
@R SHIFT 101 []
1.954179e-01 1.954561e-01 1.955029e-01 1.954931e-01 1.954360e-01 
1.953489e-01 1.952505e-01 1.951407e-01 1.950156e-01 1.948734e-01 
1.947126e-01 1.945326e-01 1.943342e-01 1.941170e-01 1.938804e-01 
1.936243e-01 1.933482e-01 1.930517e-01 1.927347e-01 1.923969e-01 
1.920378e-01 1.916573e-01 1.912551e-01 1.908307e-01 1.903840e-01 
1.899145e-01 1.894220e-01 1.889060e-01 1.883663e-01 1.878023e-01 
1.872139e-01 1.866006e-01 1.859619e-01 1.852977e-01 1.846074e-01 
1.838907e-01 1.831471e-01 1.823763e-01 1.815780e-01 1.807516e-01 
1.798969e-01 1.790134e-01 1.781007e-01 1.771585e-01 1.761863e-01 
1.751838e-01 1.741506e-01 1.730862e-01 1.719905e-01 1.708628e-01 
1.697029e-01 1.685104e-01 1.672850e-01 1.660262e-01 1.647337e-01 
1.634073e-01 1.620465e-01 1.606509e-01 1.592204e-01 1.577546e-01 
1.562531e-01 1.547157e-01 1.531421e-01 1.515320e-01 1.498851e-01 
1.482014e-01 1.464803e-01 1.447219e-01 1.429258e-01 1.410920e-01 
1.392202e-01 1.373102e-01 1.353621e-01 1.333755e-01 1.313506e-01 
1.292871e-01 1.271852e-01 1.250447e-01 1.228657e-01 1.206482e-01 
1.183920e-01 1.160977e-01 1.137647e-01 1.113935e-01 1.089837e-01 
1.065351e-01 1.040475e-01 1.015201e-01 9.895222e-02 9.634209e-02 
9.368749e-02 9.098576e-02 8.823184e-02 8.541895e-02 8.254072e-02 
7.959064e-02 7.656334e-02 7.346689e-02 7.031630e-02 6.712705e-02 
6.390888e-02 
@R ELONG 101 []
1.110939e+00 1.112977e+00 1.119089e+00 1.123606e+00 1.127185e+00 
1.130396e+00 1.133540e+00 1.136397e+00 1.138916e+00 1.141140e+00 
1.143125e+00 1.144924e+00 1.146586e+00 1.148155e+00 1.149667e+00 
1.151154e+00 1.152628e+00 1.154087e+00 1.155532e+00 1.156966e+00 
1.158395e+00 1.159824e+00 1.161250e+00 1.162676e+00 1.164105e+00 
1.165540e+00 1.166983e+00 1.168433e+00 1.169889e+00 1.171355e+00 
1.172833e+00 1.174320e+00 1.175819e+00 1.177329e+00 1.178853e+00 
1.180390e+00 1.181941e+00 1.183505e+00 1.185085e+00 1.186680e+00 
1.188291e+00 1.189918e+00 1.191561e+00 1.193221e+00 1.194899e+00 
1.196596e+00 1.198310e+00 1.200043e+00 1.201795e+00 1.203567e+00 
1.205359e+00 1.207171e+00 1.209004e+00 1.210859e+00 1.212736e+00 
1.214634e+00 1.216556e+00 1.218500e+00 1.220469e+00 1.222462e+00 
1.224479e+00 1.226522e+00 1.228591e+00 1.230687e+00 1.232810e+00 
1.234960e+00 1.237140e+00 1.239349e+00 1.241589e+00 1.243860e+00 
1.246163e+00 1.248499e+00 1.250870e+00 1.253277e+00 1.255720e+00 
1.258202e+00 1.260724e+00 1.263287e+00 1.265894e+00 1.268546e+00 
1.271245e+00 1.273994e+00 1.276795e+00 1.279650e+00 1.282562e+00 
1.285535e+00 1.288569e+00 1.291669e+00 1.294834e+00 1.298064e+00 
1.301358e+00 1.304711e+00 1.308117e+00 1.311574e+00 1.315076e+00 
1.318611e+00 1.322160e+00 1.325716e+00 1.329294e+00 1.333002e+00 
1.336986e+00 
@R TRIAG 101 []
0.000000e+00 1.994491e-02 2.016774e-02 1.869855e-02 1.706850e-02 
1.569189e-02 1.469159e-02 1.387250e-02 1.310440e-02 1.234028e-02 
1.155867e-02 1.075818e-02 9.946791e-03 9.121785e-03 8.278849e-03 
7.416587e-03 6.531175e-03 5.620902e-03 4.686663e-03 3.727683e-03 
2.743637e-03 1.734730e-03 6.996851e-04 -3.626156e-04 -1.452662e-03 
-2.571823e-03 -3.721169e-03 -4.901258e-03 -6.113074e-03 -7.357690e-03 
-8.635753e-03 -9.948265e-03 -1.129635e-02 -1.268080e-02 -1.410305e-02 
-1.556380e-02 -1.706442e-02 -1.860597e-02 -2.018955e-02 -2.181638e-02 
-2.348791e-02 -2.520512e-02 -2.696969e-02 -2.878286e-02 -3.064623e-02 
-3.256111e-02 -3.452924e-02 -3.655211e-02 -3.863140e-02 -4.076902e-02 
-4.296650e-02 -4.522588e-02 -4.754907e-02 -4.993794e-02 -5.239484e-02 
-5.492152e-02 -5.752044e-02 -6.019400e-02 -6.294431e-02 -6.577415e-02 
-6.868582e-02 -7.168225e-02 -7.476614e-02 -7.794041e-02 -8.120827e-02 
-8.457262e-02 -8.803729e-02 -9.160549e-02 -9.528110e-02 -9.906799e-02 
-1.029709e-01 -1.069954e-01 -1.111454e-01 -1.154260e-01 -1.198420e-01 
-1.243991e-01 -1.291021e-01 -1.339570e-01 -1.389699e-01 -1.441474e-01 
-1.494957e-01 -1.550207e-01 -1.607310e-01 -1.666338e-01 -1.727385e-01 
-1.790535e-01 -1.855889e-01 -1.923544e-01 -1.993513e-01 -2.065851e-01 
-2.140604e-01 -2.217802e-01 -2.297523e-01 -2.379870e-01 -2.464926e-01 
-2.552553e-01 -2.642678e-01 -2.735403e-01 -2.831229e-01 -2.931704e-01 
-3.040773e-01 
