@R RHO 101 []
0.000000e+00 1.000000e-02 2.000000e-02 3.000000e-02 4.000000e-02 
5.000000e-02 6.000000e-02 7.000000e-02 8.000000e-02 9.000000e-02 
1.000000e-01 1.100000e-01 1.200000e-01 1.300000e-01 1.400000e-01 
1.500000e-01 1.600000e-01 1.700000e-01 1.800000e-01 1.900000e-01 
2.000000e-01 2.100000e-01 2.200000e-01 2.300000e-01 2.400000e-01 
2.500000e-01 2.600000e-01 2.700000e-01 2.800000e-01 2.900000e-01 
3.000000e-01 3.100000e-01 3.200000e-01 3.300000e-01 3.400000e-01 
3.500000e-01 3.600000e-01 3.700000e-01 3.800000e-01 3.900000e-01 
4.000000e-01 4.100000e-01 4.200000e-01 4.300000e-01 4.400000e-01 
4.500000e-01 4.600000e-01 4.700000e-01 4.800000e-01 4.900000e-01 
5.000000e-01 5.100000e-01 5.200000e-01 5.300000e-01 5.400000e-01 
5.500000e-01 5.600000e-01 5.700000e-01 5.800000e-01 5.900000e-01 
6.000000e-01 6.100000e-01 6.200000e-01 6.300000e-01 6.400000e-01 
6.500000e-01 6.600000e-01 6.700000e-01 6.800000e-01 6.900000e-01 
7.000000e-01 7.100000e-01 7.200000e-01 7.300000e-01 7.400000e-01 
7.500000e-01 7.600000e-01 7.700000e-01 7.800000e-01 7.900000e-01 
8.000000e-01 8.100000e-01 8.200000e-01 8.300000e-01 8.400000e-01 
8.500000e-01 8.600000e-01 8.700000e-01 8.800000e-01 8.900000e-01 
9.000000e-01 9.100000e-01 9.200000e-01 9.300000e-01 9.400000e-01 
9.500000e-01 9.600000e-01 9.700000e-01 9.800000e-01 9.900000e-01 
1.000000e+00 
@R ENE 101 []
2.762277e+01 2.762277e+01 2.757847e+01 2.753107e+01 2.748063e+01 
2.742717e+01 2.737074e+01 2.731138e+01 2.724912e+01 2.718401e+01 
2.711607e+01 2.704537e+01 2.697192e+01 2.689577e+01 2.681697e+01 
2.673554e+01 2.665153e+01 2.656498e+01 2.647592e+01 2.638440e+01 
2.629045e+01 2.619412e+01 2.609544e+01 2.599445e+01 2.589119e+01 
2.578570e+01 2.567801e+01 2.556818e+01 2.545623e+01 2.534221e+01 
2.522615e+01 2.510810e+01 2.498809e+01 2.486616e+01 2.474235e+01 
2.461670e+01 2.448925e+01 2.436004e+01 2.422911e+01 2.409649e+01 
2.396223e+01 2.382636e+01 2.368893e+01 2.354997e+01 2.340952e+01 
2.326762e+01 2.312431e+01 2.297963e+01 2.283362e+01 2.268631e+01 
2.253776e+01 2.238798e+01 2.223703e+01 2.208495e+01 2.193176e+01 
2.177752e+01 2.162226e+01 2.146601e+01 2.130883e+01 2.115074e+01 
2.099179e+01 2.083202e+01 2.067146e+01 2.051015e+01 2.034814e+01 
2.018546e+01 2.002215e+01 1.985825e+01 1.969380e+01 1.952884e+01 
1.936340e+01 1.919754e+01 1.903127e+01 1.886465e+01 1.869772e+01 
1.853051e+01 1.836306e+01 1.819541e+01 1.802760e+01 1.785966e+01 
1.769165e+01 1.752358e+01 1.735551e+01 1.718744e+01 1.701941e+01 
1.685139e+01 1.668330e+01 1.651493e+01 1.634576e+01 1.617461e+01 
1.599888e+01 1.581291e+01 1.560459e+01 1.534857e+01 1.499458e+01 
1.445394e+01 1.360891e+01 1.240519e+01 1.101627e+01 9.804787e+00 
8.995343e+00 
@R TE 101 []
2.040492e+01 2.039867e+01 2.037993e+01 2.034874e+01 2.030515e+01 
2.024924e+01 2.018112e+01 2.010091e+01 2.000876e+01 1.990483e+01 
1.978930e+01 1.966240e+01 1.952435e+01 1.937539e+01 1.921579e+01 
1.904584e+01 1.886582e+01 1.867606e+01 1.847688e+01 1.826864e+01 
1.805167e+01 1.782636e+01 1.759307e+01 1.735221e+01 1.710416e+01 
1.684933e+01 1.658813e+01 1.632097e+01 1.604829e+01 1.577049e+01 
1.548801e+01 1.520549e+01 1.492667e+01 1.465056e+01 1.437621e+01 
1.410264e+01 1.382987e+01 1.355881e+01 1.328982e+01 1.302329e+01 
1.275959e+01 1.249902e+01 1.224189e+01 1.198860e+01 1.173954e+01 
1.149511e+01 1.125576e+01 1.102169e+01 1.079294e+01 1.056955e+01 
1.035157e+01 1.013907e+01 9.931859e+00 9.729584e+00 9.531888e+00 
9.338413e+00 9.148489e+00 8.961608e+00 8.777654e+00 8.596509e+00 
8.418056e+00 8.242456e+00 8.070085e+00 7.901151e+00 7.735863e+00 
7.574429e+00 7.417246e+00 7.264421e+00 7.115727e+00 6.970936e+00 
6.829820e+00 6.691915e+00 6.556704e+00 6.423880e+00 6.293136e+00 
6.164164e+00 6.036744e+00 5.910728e+00 5.785914e+00 5.662101e+00 
5.539090e+00 5.416625e+00 5.294523e+00 5.172683e+00 5.051007e+00 
4.929396e+00 4.807770e+00 4.686222e+00 4.564910e+00 4.443991e+00 
4.323622e+00 4.204918e+00 4.088295e+00 3.972861e+00 3.857724e+00 
3.741993e+00 3.221570e+00 2.406971e+00 1.426273e+00 5.996588e-01 
9.664111e-02 
@R TI 101 []
2.133718e+01 2.132879e+01 2.130364e+01 2.126179e+01 2.120335e+01 
2.112843e+01 2.103724e+01 2.092996e+01 2.080686e+01 2.066823e+01 
2.051438e+01 2.034566e+01 2.016247e+01 1.996522e+01 1.975435e+01 
1.953035e+01 1.929371e+01 1.904494e+01 1.878461e+01 1.851327e+01 
1.823150e+01 1.793991e+01 1.763910e+01 1.732970e+01 1.701234e+01 
1.668766e+01 1.635631e+01 1.601894e+01 1.567619e+01 1.532871e+01 
1.497715e+01 1.462978e+01 1.429334e+01 1.396620e+01 1.364673e+01 
1.333329e+01 1.302616e+01 1.272678e+01 1.243531e+01 1.215192e+01 
1.187676e+01 1.160989e+01 1.135116e+01 1.110043e+01 1.085756e+01 
1.062239e+01 1.039497e+01 1.017526e+01 9.963021e+00 9.757984e+00 
9.559897e+00 9.368592e+00 9.183648e+00 9.004437e+00 8.830328e+00 
8.660693e+00 8.494376e+00 8.330558e+00 8.169119e+00 8.009940e+00 
7.852901e+00 7.698313e+00 7.546737e+00 7.398428e+00 7.253642e+00 
7.112634e+00 6.975816e+00 6.843222e+00 6.714539e+00 6.589456e+00 
6.467662e+00 6.348532e+00 6.231465e+00 6.116185e+00 6.002418e+00 
5.889889e+00 5.778489e+00 5.668208e+00 5.558914e+00 5.450476e+00 
5.342764e+00 5.235593e+00 5.128769e+00 5.022144e+00 4.915572e+00 
4.808905e+00 4.701912e+00 4.594514e+00 4.486796e+00 4.378843e+00 
4.270740e+00 4.163441e+00 4.057463e+00 3.952241e+00 3.847208e+00 
3.741797e+00 3.221728e+00 2.407294e+00 1.426164e+00 5.993649e-01 
9.685720e-02 
@R FP 102 []
1.647571e-12 1.647571e-12 1.115196e-02 3.345193e-02 6.689242e-02 
1.114596e-01 1.671337e-01 2.338931e-01 3.117137e-01 4.005640e-01 
5.004061e-01 6.111986e-01 7.328990e-01 8.654552e-01 1.008824e+00 
1.162936e+00 1.327772e+00 1.503248e+00 1.689287e+00 1.885813e+00 
2.092717e+00 2.309991e+00 2.537502e+00 2.775152e+00 3.022886e+00 
3.280620e+00 3.548249e+00 3.825660e+00 4.112758e+00 4.409444e+00 
4.715611e+00 5.031151e+00 5.355952e+00 5.689898e+00 6.032871e+00 
6.384745e+00 6.745410e+00 7.114754e+00 7.492641e+00 7.878923e+00 
8.273449e+00 8.676120e+00 9.086806e+00 9.505301e+00 9.931506e+00 
1.036528e+01 1.080641e+01 1.125482e+01 1.171028e+01 1.217266e+01 
1.264179e+01 1.311749e+01 1.359960e+01 1.408791e+01 1.458230e+01 
1.508251e+01 1.558841e+01 1.609978e+01 1.661640e+01 1.713813e+01 
1.766471e+01 1.819593e+01 1.873162e+01 1.927155e+01 1.981546e+01 
2.036316e+01 2.091444e+01 2.146906e+01 2.202674e+01 2.258727e+01 
2.315043e+01 2.371596e+01 2.428359e+01 2.485306e+01 2.542413e+01 
2.599653e+01 2.657001e+01 2.714428e+01 2.771906e+01 2.829406e+01 
2.886901e+01 2.944363e+01 3.001763e+01 3.059070e+01 3.116252e+01 
3.173280e+01 3.230122e+01 3.286749e+01 3.343125e+01 3.399215e+01 
3.454988e+01 3.510413e+01 3.565454e+01 3.620073e+01 3.674232e+01 
3.727893e+01 3.781015e+01 3.833558e+01 3.885493e+01 3.936778e+01 
3.987379e+01 4.012326e+01 
@R CURPAR 102 []
3.653384e+00 3.653384e+00 3.653384e+00 3.652292e+00 3.650433e+00 
3.647788e+00 3.644385e+00 3.640250e+00 3.635401e+00 3.629846e+00 
3.623593e+00 3.616643e+00 3.608998e+00 3.600657e+00 3.591621e+00 
3.581891e+00 3.571465e+00 3.560344e+00 3.548528e+00 3.536017e+00 
3.522811e+00 3.508910e+00 3.494314e+00 3.479023e+00 3.463037e+00 
3.446355e+00 3.428979e+00 3.410908e+00 3.392141e+00 3.372680e+00 
3.352523e+00 3.331672e+00 3.310125e+00 3.287883e+00 3.264947e+00 
3.241315e+00 3.216988e+00 3.191966e+00 3.166249e+00 3.139837e+00 
3.112730e+00 3.084928e+00 3.056431e+00 3.027239e+00 2.997351e+00 
2.966769e+00 2.935492e+00 2.903519e+00 2.870852e+00 2.837489e+00 
2.803432e+00 2.768679e+00 2.733231e+00 2.697088e+00 2.660251e+00 
2.622718e+00 2.584490e+00 2.545567e+00 2.505949e+00 2.465636e+00 
2.424628e+00 2.382925e+00 2.340526e+00 2.297433e+00 2.253645e+00 
2.209161e+00 2.163983e+00 2.118109e+00 2.071541e+00 2.024277e+00 
1.976319e+00 1.927665e+00 1.878316e+00 1.828272e+00 1.777534e+00 
1.726100e+00 1.673971e+00 1.621147e+00 1.567628e+00 1.513413e+00 
1.458504e+00 1.402900e+00 1.346601e+00 1.289606e+00 1.231917e+00 
1.173533e+00 1.114453e+00 1.054679e+00 9.942096e-01 9.330477e-01 
8.712006e-01 8.086944e-01 7.456074e-01 6.821404e-01 6.187420e-01 
5.562884e-01 4.962748e-01 4.409705e-01 3.931944e-01 3.563081e-01 
3.353310e-01 3.353310e-01 
