 0.000000000e+00
   8 101  30   3
 2.300000000e+11 1.000000000e+00 3.500000000e+02 1.000000000e+02 2.400000000e+02
 2.050000000e+02 2.550000000e+00 1.000000000e+00 4.550000000e+02 1.100000000e+05
 1.262616057e+02
 0.000000000e+00 1.390663988e-04 5.562204375e-04 1.251323000e-03 2.224140263e-03
 3.474337213e-03 5.001473550e-03 6.804997529e-03 8.884249046e-03 1.123844380e-02
 1.386669055e-02 1.676800412e-02 1.994133234e-02 2.338545861e-02 2.709923750e-02
 3.108117449e-02 3.533045695e-02 3.984478480e-02 4.462300542e-02 4.966245761e-02
 5.496210402e-02 6.051983711e-02 6.633310303e-02 7.240015685e-02 7.871895188e-02
 8.528713415e-02 9.210200855e-02 9.916116153e-02 1.064620860e-01 1.140021515e-01
 1.217786261e-01 1.297886755e-01 1.380293838e-01 1.464977528e-01 1.551906735e-01
 1.641049045e-01 1.732373499e-01 1.825848997e-01 1.921440845e-01 2.019112198e-01
 2.118825084e-01 2.220550183e-01 2.324248300e-01 2.429875232e-01 2.537400751e-01
 2.646781955e-01 2.757973847e-01 2.870944825e-01 2.985641427e-01 3.102032665e-01
 3.220062942e-01 3.339699517e-01 3.460885094e-01 3.583584879e-01 3.707741841e-01
 3.833313537e-01 3.960252707e-01 4.088502234e-01 4.218020086e-01 4.348750719e-01
 4.480638883e-01 4.613637326e-01 4.747691480e-01 4.882740869e-01 5.018733689e-01
 5.155616613e-01 5.293328985e-01 5.431810313e-01 5.571004078e-01 5.710852388e-01
 5.851295034e-01 5.992266223e-01 6.133704284e-01 6.275547299e-01 6.417732261e-01
 6.560195060e-01 6.702867092e-01 6.845680635e-01 6.988568815e-01 7.131463561e-01
 7.274295758e-01 7.416995111e-01 7.559487036e-01 7.701699194e-01 7.843559304e-01
 7.984993464e-01 8.125925578e-01 8.266274659e-01 8.405957971e-01 8.544894843e-01
 8.683002627e-01 8.820198698e-01 8.956394166e-01 9.091507855e-01 9.225463619e-01
 9.358181472e-01 9.489571314e-01 9.619555043e-01 9.748049499e-01 9.874925895e-01
 0.000000000e+00
 1.812274534e+00 1.812193248e+00 1.811928210e+00 1.811523648e+00 1.811055557e+00
 1.810541673e+00 1.809979040e+00 1.809330154e+00 1.808536590e+00 1.807535959e+00
 1.806253398e+00 1.804612386e+00 1.802592105e+00 1.800240173e+00 1.797628301e+00
 1.794823928e+00 1.791876014e+00 1.788815260e+00 1.785670442e+00 1.782473989e+00
 1.779253964e+00 1.776024481e+00 1.772790932e+00 1.769562775e+00 1.766353449e+00
 1.763178322e+00 1.760053917e+00 1.756990608e+00 1.753990191e+00 1.751051275e+00
 1.748169399e+00 1.745335084e+00 1.742540956e+00 1.739787093e+00 1.737076814e+00
 1.734416031e+00 1.731815789e+00 1.729286664e+00 1.726833373e+00 1.724457597e+00
 1.722159336e+00 1.719935622e+00 1.717783454e+00 1.715702534e+00 1.713693743e+00
 1.711758490e+00 1.709899391e+00 1.708118545e+00 1.706416027e+00 1.704790849e+00
 1.703241812e+00 1.701766964e+00 1.700362799e+00 1.699024724e+00 1.697748066e+00
 1.696527734e+00 1.695357990e+00 1.694234368e+00 1.693154691e+00 1.692117703e+00
 1.691122714e+00 1.690170459e+00 1.689262480e+00 1.688399742e+00 1.687582564e+00
 1.686811215e+00 1.686085748e+00 1.685404969e+00 1.684766350e+00 1.684167049e+00
 1.683604065e+00 1.683073935e+00 1.682573439e+00 1.682100237e+00 1.681652488e+00
 1.681228599e+00 1.680827404e+00 1.680448042e+00 1.680089645e+00 1.679751289e+00
 1.679432053e+00 1.679131027e+00 1.678847347e+00 1.678580165e+00 1.678328599e+00
 1.678091927e+00 1.677869568e+00 1.677660371e+00 1.677462429e+00 1.677273780e+00
 1.677032109e+00 1.676679257e+00 1.676291326e+00 1.675959211e+00 1.675714298e+00
 1.675568019e+00 1.675501940e+00 1.675481139e+00 1.675477065e+00 1.675476654e+00
 1.675476639e+00
 2.762307647e+14 2.761117125e+14 2.757460641e+14 2.752360003e+14 2.746924171e+14
 2.741157618e+14 2.735064816e+14 2.728650240e+14 2.721918360e+14 2.714873652e+14
 2.707520586e+14 2.699863637e+14 2.691907278e+14 2.683655980e+14 2.675114218e+14
 2.666286464e+14 2.657177191e+14 2.647790872e+14 2.638131980e+14 2.628204987e+14
 2.618014368e+14 2.607564594e+14 2.596860139e+14 2.585905475e+14 2.574705076e+14
 2.563263414e+14 2.551584962e+14 2.539674193e+14 2.527535581e+14 2.515173598e+14
 2.502592717e+14 2.489797411e+14 2.476792153e+14 2.463581416e+14 2.450169672e+14
 2.436561395e+14 2.422761057e+14 2.408773132e+14 2.394602093e+14 2.380252412e+14
 2.365728562e+14 2.351035016e+14 2.336176248e+14 2.321156729e+14 2.305980933e+14
 2.290653332e+14 2.275178400e+14 2.259560608e+14 2.243804430e+14 2.227914337e+14
 2.211894801e+14 2.195750295e+14 2.179485288e+14 2.163104252e+14 2.146611653e+14
 2.130011961e+14 2.113309637e+14 2.096509142e+14 2.079614930e+14 2.062631448e+14
 2.045563128e+14 2.028414387e+14 2.011189616e+14 1.993893169e+14 1.976529349e+14
 1.959102382e+14 1.941616386e+14 1.924075321e+14 1.906482921e+14 1.888842594e+14
 1.871157280e+14 1.853429242e+14 1.835659774e+14 1.817848776e+14 1.799994144e+14
 1.782090902e+14 1.764129950e+14 1.746096289e+14 1.727966480e+14 1.709705042e+14
 1.691259357e+14 1.672552519e+14 1.653473382e+14 1.633862928e+14 1.613495998e+14
 1.592057647e+14 1.569114299e+14 1.544082130e+14 1.516199882e+14 1.484521883e+14
 1.447959716e+14 1.405414017e+14 1.356037961e+14 1.299636463e+14 1.237108819e+14
 1.170715532e+14 1.103906860e+14 1.040621186e+14 9.843000810e+13 9.370930500e+13
 9.159380934e+13
 1.862074946e+01 1.861192734e+01 1.858288765e+01 1.853732648e+01 1.848155879e+01
 1.841568401e+01 1.833981817e+01 1.825409358e+01 1.815865862e+01 1.805367730e+01
 1.793932889e+01 1.781580745e+01 1.768332134e+01 1.754209264e+01 1.739235660e+01
 1.723436097e+01 1.706836536e+01 1.689464052e+01 1.671346763e+01 1.652513753e+01
 1.632994995e+01 1.612821268e+01 1.592024080e+01 1.570635581e+01 1.548688481e+01
 1.526215963e+01 1.503251602e+01 1.479829276e+01 1.455983084e+01 1.431747261e+01
 1.407154868e+01 1.382244699e+01 1.357076035e+01 1.331727012e+01 1.306281095e+01
 1.280830016e+01 1.255476425e+01 1.230308945e+01 1.205388454e+01 1.180764758e+01
 1.156479008e+01 1.132549548e+01 1.108980979e+01 1.085784223e+01 1.062976106e+01
 1.040577031e+01 1.018611909e+01 9.970990410e+00 9.760442975e+00 9.554486513e+00
 9.353127887e+00 9.156322167e+00 8.963909250e+00 8.775642621e+00 8.591255599e+00
 8.410431478e+00 8.232783837e+00 8.058002047e+00 7.885936160e+00 7.716501404e+00
 7.549659303e+00 7.385496831e+00 7.224183104e+00 7.065860348e+00 6.910640896e+00
 6.758657297e+00 6.610044033e+00 6.464839205e+00 6.322963252e+00 6.184296908e+00
 6.048683510e+00 5.915889905e+00 5.785677672e+00 5.657877862e+00 5.532356042e+00
 5.408972383e+00 5.287615333e+00 5.168261969e+00 5.050961397e+00 4.935770002e+00
 4.822777562e+00 4.712132228e+00 4.603882692e+00 4.497848287e+00 4.393660802e+00
 4.290768507e+00 4.188282853e+00 4.084755640e+00 3.978053575e+00 3.865293575e+00
 3.715034247e+00 3.485969830e+00 3.181537906e+00 2.814566267e+00 2.387996208e+00
 1.920789169e+00 1.446876585e+00 1.005657465e+00 6.286597661e-01 3.307719827e-01
 2.022890578e-01
