&INSTATE
  DENSITY_MODEL = 1 
  MODEL_SHAPE = 0 
  NBDRY = 15 
  USE_INPED = 0 
  R0 = 4.55 
  A0 = 1.2 
  KAPPA = 1.4 
  DELTA = -0.5 
  B0 = 11.0 
  IP = 10.0 
  N_ION = 2 
  Z_ION = 1 1 
  A_ION = 2 3 
  F_ION = 0.5 0.5 
  N_IMP = 1 
  Z_IMP = 74 
  A_IMP = 184 
  F_IMP = 1.5e-05 
  N_MIN = 0 
  Z_MIN = 1 
  A_MIN = 1 
  N_BEAM = 1 
  Z_BEAM = 1 
  A_BEAM = 2 
  N_FUSION = 1 
  Z_FUSION = 2 
  A_FUSION = 4 
  NRHO = 101 
  NE_AXIS = 27.6 
  NE_PED = 12.0 
  NE_SEP = 9.0 
  NE_ALPHA = 1.5 
  NE_BETA = 1.1 
  NE_FIT = 1 
  NE_XMID = 0.95 
  NE_XWID = 0.1 
  TE_AXIS = 18.8 
  TE_PED = 5.0 
  TE_SEP = 0.08 
  TE_ALPHA = 1.5 
  TE_BETA = 1.5 
  TE_FIT = 1 
  TE_XMID = 0.95 
  TE_XWID = 0.1 
  TI_AXIS = 19.0 
  TI_PED = 5.0 
  TI_SEP = 0.08 
  TI_ALPHA = 1.5 
  TI_BETA = 1.5 
  TI_FIT = 1 
  TI_XMID = 0.95 
  TI_XWID = 0.1 
  ZEFF_AXIS = 2.0 
  OMEGA_AXIS = 5000.0 
  OMEGA_SEP = 0.0 
  OMEGA_ALPHA = 1.5 
  OMEGA_BETA = 1.5 
  JPAR_AXIS = 1.0 
  JPAR_SEP = 0.05 
  JPAR_ALPHA = 1.4 
  JPAR_BETA = 0.2 
  NBEAM_AXIS = 0.0 
  NBEAM_SEP = 0.0 
  NBEAM_ALPHA = 1.5 
  NBEAM_BETA = 1.5 
  TBEAMI = 20.0 20.0 20.0 20.0 20.0 20.0 20.0 20.0 20.0 20.0 20.0 20.0  
    20.0 20.0 20.0 20.0 20.0 20.0 20.0 20.0 20.0 20.0 20.0 20.0 20.0  
    20.0 20.0 20.0 20.0 20.0 20.0 20.0 20.0 20.0 20.0 20.0 20.0 20.0  
    20.0 20.0 20.0 20.0 20.0 20.0 20.0 20.0 20.0 20.0 20.0 20.0 20.0  
    20.0 20.0 20.0 20.0 20.0 20.0 20.0 20.0 20.0 20.0 20.0 20.0 20.0  
    20.0 20.0 20.0 20.0 20.0 20.0 20.0 20.0 20.0 20.0 20.0 20.0 20.0  
    20.0 20.0 20.0 20.0 20.0 20.0 20.0 20.0 20.0 20.0 20.0 20.0 20.0  
    20.0 20.0 20.0 20.0 20.0 20.0 20.0 20.0 20.0 20.0 20.0 
  BETAN_PED = -1.0 
  XMID = 0.95 
  XWID = 0.1 
  PRESSURE_MODEL = 'full' 
  H98_TARGET = 0.8 
  BETAN_TARGET = 1.25 
  BETAN_BEAM_TARGET = 0.0 
  CURRENT_MODEL = 'broad' 
  RHO_JBDRY = 0.85 
  RHO_JPEAK = 0.65 
  JAXIS = 0.6 
  JAXIS_PRIME = 1.0 
  JBDRY_PRIME = -1.0 
  RBDRY = 5.75 5.717889612279765 5.599231274196216 5.333894952548324  
    4.862048988436734 4.215741544340384 3.606248672667517  
    3.3499999999999996 3.606248672667517 4.215741544340384  
    4.862048988436735 5.333894952548324 5.599231274196216  
    5.717889612279765 5.75 
  ZBDRY = 0.0 0.7289246817174976 1.3134768905462901 1.6378788924654637  
    1.6378788924654637 1.3134768905462901 0.7289246817174978  
    2.0574066225675533e-16 -0.7289246817174975 -1.31347689054629  
    -1.6378788924654637 -1.6378788924654637 -1.3134768905462901  
    -0.728924681717498 0.0 
  NLIM = 5 
  RLIM = 6.0 3.5 3.5 6.0 6.0 
  ZLIM = 1.93 1.93 -1.93 -1.93 1.93 
  NE = 27.62858008 27.62858008 27.5700868 27.50743154 27.44066898  
    27.36985384 27.29504081 27.21628459 27.13363987 27.04716135  
    26.95690374 26.86292172 26.76527001 26.66400329 26.55917626  
    26.45084363 26.33906009 26.22388034 26.10535908 25.98355101  
    25.85851081 25.7302932 25.59895288 25.46454453 25.32712286  
    25.18674256 25.04345834 24.89732489 24.74839691 24.5967291  
    24.44237616 24.28539278 24.12583366 23.96375351 23.79920702  
    23.63224888 23.4629338 23.29131648 23.1174516 22.94139388  
    22.76319801 22.58291868 22.40061059 22.21632844 22.03012693  
    21.84206075 21.65218459 21.460553149999996 21.26722112 21.07224319  
    20.87567404 20.67756835 20.47798078 20.276966 20.07457865  
    19.87087334 19.66590468 19.459727209999997 19.25239542 19.04396372  
    18.83448642 18.62401765 18.41261136 18.20032117 17.98720034  
    17.77330153 17.55867664 17.34337653 17.12745058 16.910946179999996  
    16.693907959999997 16.4763768 16.25838843 16.03997155 15.82114525  
    15.6019156 15.38227093 15.16217556 14.9415614 14.72031672  
    14.49827134 14.27517722 14.050683309999997 13.824303609999998  
    13.59537758 13.36302306 13.12608367 12.8830772 12.63215844  
    12.37112304 12.09749709 11.80878081 11.50293214 11.17916271  
    10.839029239999997 10.487593619999995 10.13412506 9.791631365  
    9.474779629 9.196629603 8.965533237 
  TE = 18.81548628 18.81548628 18.75121211 18.68169704 18.60705524  
    18.52740087 18.44284811 18.3535111 18.25950403 18.16094105  
    18.05793633 17.95060404 17.83905833 17.72341338 17.60378335  
    17.4802824 17.3530247 17.22212442 17.08769571 16.94985275  
    16.8087097 16.66438072 16.51697998 16.36662165 16.21341988  
    16.05748885 15.89894272 15.73789565 15.57446182 15.40875537  
    15.24089049 15.07098133 14.89914206 14.72548684 14.55012984  
    14.373185229999999 14.19476717 14.01498982 13.83396735 13.65181392  
    13.46864371 13.284570869999998 13.09970956 12.91417396 12.72807823  
    12.54153654 12.35466304 12.167571909999998 11.9803773 11.79319339  
    11.60613433 11.41931429 11.23284743 11.04684791 10.86142989  
    10.67670752 10.49279495 10.309806329999999 10.12785578 9.947057406  
    9.767525292 9.589373471 9.412715914 9.237666486 9.064338901  
    8.89284664 8.723302831 8.555820065 8.390510123 8.227483557999998  
    8.066849056999999 7.908712482 7.753175411 7.600332926 7.450270257  
    7.303057697 7.158742874 7.017339055 6.878807391 6.743030049  
    6.609769568 6.478607572 6.348852744999999 6.219403641999998  
    6.088546522 5.953663017 5.810820471 5.654228132 5.47558462  
    5.263453603 5.003038382 4.677109244 4.269222157 3.770160352  
    3.186679484999993 2.5479368949999928 1.902676877 1.30484058  
    0.7953664563 0.3919693146 0.09105218113 
  TI = 19.01571318 19.01571318 18.95045461 18.87987453 18.80408887  
    18.72321356 18.6373645 18.54665764 18.45120888 18.35113416  
    18.24654938 18.13757048 18.02431338 17.906894 17.78542825  
    17.66003207 17.53082138 17.39791209 17.26142013 17.12146142  
    16.97815189 16.83160745 16.68194403 16.52927755 16.37372393  
    16.21539909 16.05441896 15.89089946 15.7249565 15.55670602  
    15.38626393 15.21374616 15.03926863 14.86294726 14.68489797  
    14.50523668 14.32407933 14.14154182 13.95774008 13.77279003  
    13.5868076 13.399908699999997 13.21220927 13.02382521 12.83487246  
    12.64546693 12.45572455 12.26576124 12.07569292 11.88563551  
    11.69570493 11.5060171 11.31668795 11.12783338 10.93956932  
    10.75201167 10.56527634 10.379479239999998 10.19473624 10.01116321  
    9.828875994 9.647990381 9.468622102 9.290886787 9.114899911  
    8.940776724 8.768632124 8.598580484 8.430735373 8.265209149999999  
    8.102112327999999 7.94155263 7.783633544 7.628452128 7.476095696  
    7.32663677 7.180125428 7.036577703 6.895957969 6.75815228  
    6.62292801 6.489872972 6.3583039459999995 6.2271302309999985  
    6.09465242 5.958271161 5.814078549 5.65631479 5.476714509  
    5.263877671 5.003033248 4.676947957 4.26912279 3.770225378  
    3.186865067999993 2.548098256999993 1.902685209 1.304687881  
    0.7951736491 0.3919087283 0.09126354417 
  OMEGA = 4992.501875 4992.501875 4978.801804 4961.079526 4940.12016  
    4916.382264 4890.178959 4861.74318 4831.258024 4798.873089  
    4764.714177 4728.889466 4691.493659 4652.610886 4612.316799  
    4570.680145 4527.763951 4483.626454 4438.321832 4391.900796  
    4344.411068 4295.897774 4246.403778 4195.969955 4144.635428  
    4092.437767 4039.413164 3985.596584 3931.021896 3875.721988  
    3819.72887 3763.073767 3705.787199 3647.899055 3589.43866  
    3530.4348369999993 3470.91596 3410.910006 3350.444605 3289.54708  
    3228.244492 3166.5636739999995 3104.531273 3042.173783 2979.517575  
    2916.588934 2853.414088 2790.0192379999994 2726.430588 2662.674375  
    2598.776897 2534.764544 2470.663824 2406.501396 2342.304099  
    2278.098979 2213.913327 2149.7747069999996 2085.710992 2021.750397  
    1957.921519 1894.253376 1830.775447 1767.517715 1704.510722  
    1641.785608 1579.374179 1517.308956 1455.623246 1394.3512129999992  
    1333.5279519999992 1273.18958 1213.373329 1154.117653 1095.462349  
    1037.448686 980.1195629 923.5196753 867.6957162 812.6966008  
    758.5737302 705.3812976 653.1766491999995 602.0207127999994  
    551.9785103 503.1197796 455.5197357 409.2600162 364.4298727  
    321.1276991 279.4630303 239.55922 201.557126 165.620359  
    131.94307479999964 100.76217029999968 72.37775876 47.19105135  
    25.78549737 9.151104569 -3.154809747e-12 
  ZEFF = 1.08103 1.08103 1.08103 1.08103 1.08103 1.08103 1.08103  
    1.0810300000000002 1.08103 1.0810300000000002 1.08103 1.08103  
    1.0810300000000002 1.08103 1.08103 1.08103 1.08103 1.08103 1.08103  
    1.08103 1.08103 1.0810300000000002 1.08103 1.0810300000000002  
    1.08103 1.08103 1.08103 1.08103 1.08103 1.08103 1.08103 1.08103  
    1.08103 1.08103 1.0810300000000002 1.0810300000000002 1.08103  
    1.08103 1.0810300000000002 1.08103 1.08103 1.08103  
    1.0810300000000002 1.0810300000000002 1.08103 1.08103 1.08103  
    1.0810300000000002 1.0810300000000002 1.08103 1.08103 1.08103  
    1.0810300000000002 1.08103 1.08103 1.08103 1.08103 1.08103  
    1.0810300000000002 1.08103 1.08103 1.08103 1.08103  
    1.0810300000000002 1.0810300000000002 1.0810300000000002  
    1.0810300000000002 1.08103 1.08103 1.0810300000000002  
    1.0810300000000002 1.08103 1.08103 1.08103 1.08103 1.08103 1.08103  
    1.0810300000000002 1.08103 1.08103 1.0810300000000002 1.08103  
    1.0810300000000002 1.0810300000000002 1.08103 1.08103 1.08103  
    1.0810300000000002 1.08103 1.0810300000000002 1.0810300000000002  
    1.08103 1.08103 1.08103 1.08103 1.08103 1.0810300000000002  
    1.0810300000000002 1.08103 1.08103 1.08103 
  J_OH = 0.0 0.0 0.0 0.0 0.0 0.0 0.0 0.0 0.0 0.0 0.0 0.0 0.0 0.0 0.0  
    0.0 0.0 0.0 0.0 0.0 0.0 0.0 0.0 0.0 0.0 0.0 0.0 0.0 0.0 0.0 0.0 0.0  
    0.0 0.0 0.0 0.0 0.0 0.0 0.0 0.0 0.0 0.0 0.0 0.0 0.0 0.0 0.0 0.0 0.0  
    0.0 0.0 0.0 0.0 0.0 0.0 0.0 0.0 0.0 0.0 0.0 0.0 0.0 0.0 0.0 0.0 0.0  
    0.0 0.0 0.0 0.0 0.0 0.0 0.0 0.0 0.0 0.0 0.0 0.0 0.0 0.0 0.0 0.0 0.0  
    0.0 0.0 0.0 0.0 0.0 0.0 0.0 0.0 0.0 0.0 0.0 0.0 0.0 0.0 0.0 0.0 0.0  
    0.0 
  J_BS = 362499.5927806463 543749.3891709695 765417.4473854015  
    819844.9763198767 839202.0563169826 846713.2107374138  
    849812.6078489939 851209.2690775514 851946.6668755602  
    852420.7514328518 852764.0789975905 853003.6737738318  
    853125.0894985065 853096.479618442 852880.8853319152  
    852443.4905295447 851754.4281987586 850790.8735025352  
    849533.7718910513 847965.7528270698 846074.9854438934  
    843854.416586509 841299.4327752617 838406.8826440924  
    835174.5690046757 831602.9978243216 827694.702807005  
    823452.394760985 818879.8617404841 813982.3358027582  
    808765.3096142279 803234.4218637751 797395.7245089975  
    791255.1843850581 784818.8713394447 778093.6629641184  
    771087.0837324183 763806.8022136632 756260.7932222924  
    748457.859132666 740407.2063618421 732117.621666891  
    723597.8252016484 714857.1883335335 705905.4543318297  
    696752.0643832709 687406.1957455904 677877.5215891673  
    668176.1396827642 658311.6670509168 648293.5313994866  
    638131.4883400939 627835.2336820308 617414.5034401165  
    606879.134301546 596238.8165595469 585503.1988131229  
    574681.9557065532 563784.8094426505 552821.4133678881  
    541801.4372144248 530734.5716722038 519630.57564670045  
    508499.34635473305 497350.69937075174 486194.6515334619  
    475041.7969743856 463903.1781808417 452790.27151897317  
    441715.5390321535 430693.0718979011 419739.07975987013  
    408872.5521972717 398116.6831925901 387501.07843738125  
    377064.6177217616 366859.40335466067 356956.4986071318  
    347454.5589175785 338492.29019524704 330265.7889536573  
    323053.5847178948 317252.4814550671 313426.58512769674  
    312371.9691761145 315194.945667539 323390.48916001647  
    338882.53943776916 363936.7034505089 400775.01595697127  
    450627.0741086194 511973.09184585774 578177.8213991923  
    635830.4798858417 666402.2418693705 653102.936232913  
    589892.4508082145 484556.1695369458 351973.0161827844  
    209251.88217516977 66109.6316677735 
  J_NB = 0.0 0.0 0.0 0.0 0.0 0.0 0.0 0.0 0.0 0.0 0.0 0.0 0.0 0.0 0.0  
    0.0 0.0 0.0 0.0 0.0 0.0 0.0 0.0 0.0 0.0 0.0 0.0 0.0 0.0 0.0 0.0 0.0  
    0.0 0.0 0.0 0.0 0.0 0.0 0.0 0.0 0.0 0.0 0.0 0.0 0.0 0.0 0.0 0.0 0.0  
    0.0 0.0 0.0 0.0 0.0 0.0 0.0 0.0 0.0 0.0 0.0 0.0 0.0 0.0 0.0 0.0 0.0  
    0.0 0.0 0.0 0.0 0.0 0.0 0.0 0.0 0.0 0.0 0.0 0.0 0.0 0.0 0.0 0.0 0.0  
    0.0 0.0 0.0 0.0 0.0 0.0 0.0 0.0 0.0 0.0 0.0 0.0 0.0 0.0 0.0 0.0 0.0  
    0.0 
  J_EC = 0.0 0.0 0.0 0.0 0.0 0.0 0.0 0.0 0.0 0.0 0.0 0.0 0.0 0.0 0.0  
    0.0 0.0 0.0 0.0 0.0 0.0 0.0 0.0 0.0 0.0 0.0 0.0 0.0 0.0 0.0 0.0 0.0  
    0.0 0.0 0.0 0.0 0.0 0.0 0.0 0.0 0.0 0.0 0.0 0.0 0.0 0.0 0.0 0.0 0.0  
    0.0 0.0 0.0 0.0 0.0 0.0 0.0 0.0 0.0 0.0 0.0 0.0 0.0 0.0 0.0 0.0 0.0  
    0.0 0.0 0.0 0.0 0.0 0.0 0.0 0.0 0.0 0.0 0.0 0.0 0.0 0.0 0.0 0.0 0.0  
    0.0 0.0 0.0 0.0 0.0 0.0 0.0 0.0 0.0 0.0 0.0 0.0 0.0 0.0 0.0 0.0 0.0  
    0.0 
  J_IC = 0.0 0.0 0.0 0.0 0.0 0.0 0.0 0.0 0.0 0.0 0.0 0.0 0.0 0.0 0.0  
    0.0 0.0 0.0 0.0 0.0 0.0 0.0 0.0 0.0 0.0 0.0 0.0 0.0 0.0 0.0 0.0 0.0  
    0.0 0.0 0.0 0.0 0.0 0.0 0.0 0.0 0.0 0.0 0.0 0.0 0.0 0.0 0.0 0.0 0.0  
    0.0 0.0 0.0 0.0 0.0 0.0 0.0 0.0 0.0 0.0 0.0 0.0 0.0 0.0 0.0 0.0 0.0  
    0.0 0.0 0.0 0.0 0.0 0.0 0.0 0.0 0.0 0.0 0.0 0.0 0.0 0.0 0.0 0.0 0.0  
    0.0 0.0 0.0 0.0 0.0 0.0 0.0 0.0 0.0 0.0 0.0 0.0 0.0 0.0 0.0 0.0 0.0  
    0.0 
  J_LH = 0.0 0.0 0.0 0.0 0.0 0.0 0.0 0.0 0.0 0.0 0.0 0.0 0.0 0.0 0.0  
    0.0 0.0 0.0 0.0 0.0 0.0 0.0 0.0 0.0 0.0 0.0 0.0 0.0 0.0 0.0 0.0 0.0  
    0.0 0.0 0.0 0.0 0.0 0.0 0.0 0.0 0.0 0.0 0.0 0.0 0.0 0.0 0.0 0.0 0.0  
    0.0 0.0 0.0 0.0 0.0 0.0 0.0 0.0 0.0 0.0 0.0 0.0 0.0 0.0 0.0 0.0 0.0  
    0.0 0.0 0.0 0.0 0.0 0.0 0.0 0.0 0.0 0.0 0.0 0.0 0.0 0.0 0.0 0.0 0.0  
    0.0 0.0 0.0 0.0 0.0 0.0 0.0 0.0 0.0 0.0 0.0 0.0 0.0 0.0 0.0 0.0 0.0  
    0.0 
  PE_NB = 0.0 0.0 0.0 0.0 0.0 0.0 0.0 0.0 0.0 0.0 0.0 0.0 0.0 0.0 0.0  
    0.0 0.0 0.0 0.0 0.0 0.0 0.0 0.0 0.0 0.0 0.0 0.0 0.0 0.0 0.0 0.0 0.0  
    0.0 0.0 0.0 0.0 0.0 0.0 0.0 0.0 0.0 0.0 0.0 0.0 0.0 0.0 0.0 0.0 0.0  
    0.0 0.0 0.0 0.0 0.0 0.0 0.0 0.0 0.0 0.0 0.0 0.0 0.0 0.0 0.0 0.0 0.0  
    0.0 0.0 0.0 0.0 0.0 0.0 0.0 0.0 0.0 0.0 0.0 0.0 0.0 0.0 0.0 0.0 0.0  
    0.0 0.0 0.0 0.0 0.0 0.0 0.0 0.0 0.0 0.0 0.0 0.0 0.0 0.0 0.0 0.0 0.0  
    0.0 
  PE_EC = 0.0 0.0 0.0 0.0 0.0 0.0 0.0 0.0 0.0 0.0 0.0 0.0 0.0 0.0 0.0  
    0.0 0.0 0.0 0.0 0.0 0.0 0.0 0.0 0.0 0.0 0.0 0.0 0.0 0.0 0.0 0.0 0.0  
    0.0 0.0 0.0 0.0 0.0 0.0 0.0 0.0 0.0 0.0 0.0 0.0 0.0 0.0 0.0 0.0 0.0  
    0.0 0.0 0.0 0.0 0.0 0.0 0.0 0.0 0.0 0.0 0.0 0.0 0.0 0.0 0.0 0.0 0.0  
    0.0 0.0 0.0 0.0 0.0 0.0 0.0 0.0 0.0 0.0 0.0 0.0 0.0 0.0 0.0 0.0 0.0  
    0.0 0.0 0.0 0.0 0.0 0.0 0.0 0.0 0.0 0.0 0.0 0.0 0.0 0.0 0.0 0.0 0.0  
    0.0 
  PE_IC = 0.0 0.0 0.0 0.0 0.0 0.0 0.0 0.0 0.0 0.0 0.0 0.0 0.0 0.0 0.0  
    0.0 0.0 0.0 0.0 0.0 0.0 0.0 0.0 0.0 0.0 0.0 0.0 0.0 0.0 0.0 0.0 0.0  
    0.0 0.0 0.0 0.0 0.0 0.0 0.0 0.0 0.0 0.0 0.0 0.0 0.0 0.0 0.0 0.0 0.0  
    0.0 0.0 0.0 0.0 0.0 0.0 0.0 0.0 0.0 0.0 0.0 0.0 0.0 0.0 0.0 0.0 0.0  
    0.0 0.0 0.0 0.0 0.0 0.0 0.0 0.0 0.0 0.0 0.0 0.0 0.0 0.0 0.0 0.0 0.0  
    0.0 0.0 0.0 0.0 0.0 0.0 0.0 0.0 0.0 0.0 0.0 0.0 0.0 0.0 0.0 0.0 0.0  
    0.0 
  PE_LH = 0.0 0.0 0.0 0.0 0.0 0.0 0.0 0.0 0.0 0.0 0.0 0.0 0.0 0.0 0.0  
    0.0 0.0 0.0 0.0 0.0 0.0 0.0 0.0 0.0 0.0 0.0 0.0 0.0 0.0 0.0 0.0 0.0  
    0.0 0.0 0.0 0.0 0.0 0.0 0.0 0.0 0.0 0.0 0.0 0.0 0.0 0.0 0.0 0.0 0.0  
    0.0 0.0 0.0 0.0 0.0 0.0 0.0 0.0 0.0 0.0 0.0 0.0 0.0 0.0 0.0 0.0 0.0  
    0.0 0.0 0.0 0.0 0.0 0.0 0.0 0.0 0.0 0.0 0.0 0.0 0.0 0.0 0.0 0.0 0.0  
    0.0 0.0 0.0 0.0 0.0 0.0 0.0 0.0 0.0 0.0 0.0 0.0 0.0 0.0 0.0 0.0 0.0  
    0.0 
  PE_FUS = 1956976.4676067515 1956976.4676067515 1945150.362792273  
    1932427.8377198705 1918822.2072000066 1904346.8146986752  
    1889015.0626857148 1872840.4719650066 1855836.7110769865  
    1838017.6576502621 1819397.4355453877 1799990.4682407689  
    1779811.5308830312 1758875.792360208 1737198.874150478  
    1714796.9050441706 1691686.5645842694 1667885.1407337154  
    1643410.5856431208 1618281.5637301183 1592517.505698757  
    1566138.6628765145 1539166.1558560983 1511622.0211299814  
    1483529.2660241416 1454911.9081395313 1425795.0255543103  
    1396204.7905476708 1366168.5093653463 1335714.660565177  
    1304872.9143425727 1273674.162877022 1242150.5344341055  
    1210335.4054861725 1178263.400145314 1145970.386351079  
    1113493.4647397872 1080870.932738002 1048142.2547402544  
    1015348.0131706023 982529.8416429868 949730.3479636711  
    916993.0281771969 884362.1498106471 851882.6383250068  
    819599.9273279023 787559.8085733316 755808.2544308883  
    724391.2282988012 693354.478298395 662743.3165928976  
    632602.3849581976 602975.409079336 573904.9402275101  
    545432.0971270913 517596.2934144982 490434.97651786037  
    463983.3595360484 438274.1624407833 413337.37003407604  
    389199.99995783117 365885.8889698098 343415.5098109111  
    321805.8081678625 301070.07677026355 281217.8582631002  
    262254.8872869933 244183.0690563062 227000.49220730815  
    210701.48034557025 195276.67309950598 180713.137181248  
    166994.49623465163 154101.07176078187 142010.02212842007  
    130695.46251797295 120128.54112369707 110277.44480041058  
    101107.29263823284 92579.86815475115 84653.12475149203  
    77280.38721274717 70409.16271904018 63979.4927661332  
    57921.85154275917 52154.81437880213 46583.23087286447  
    41098.72026158836 35586.299144074255 29943.954224227968  
    24124.50477252019 18205.172229736738 12466.535200234603  
    7409.121529354943 3595.1592683572976 1309.4553172702315  
    316.63398306373267 41.380915415767774 1.9028923375296327  
    0.008683337058411431 7.83250409940024e-10 
  PE_IONIZATION = 0.0 0.0 0.0 0.0 0.0 0.0 0.0 0.0 0.0 0.0 0.0 0.0 0.0  
    0.0 0.0 0.0 0.0 0.0 0.0 0.0 0.0 0.0 0.0 0.0 0.0 0.0 0.0 0.0 0.0 0.0  
    0.0 0.0 0.0 0.0 0.0 0.0 0.0 0.0 0.0 0.0 0.0 0.0 0.0 0.0 0.0 0.0 0.0  
    0.0 0.0 0.0 0.0 0.0 0.0 0.0 0.0 0.0 0.0 0.0 0.0 0.0 0.0 0.0 0.0 0.0  
    0.0 0.0 0.0 0.0 0.0 0.0 0.0 0.0 0.0 0.0 0.0 0.0 0.0 0.0 0.0 0.0 0.0  
    0.0 0.0 0.0 0.0 0.0 0.0 0.0 0.0 0.0 0.0 0.0 0.0 0.0 0.0 0.0 0.0 0.0  
    0.0 0.0 0.0 
  P_RAD = 0.0 0.0 0.0 0.0 0.0 0.0 0.0 0.0 0.0 0.0 0.0 0.0 0.0 0.0 0.0  
    0.0 0.0 0.0 0.0 0.0 0.0 0.0 0.0 0.0 0.0 0.0 0.0 0.0 0.0 0.0 0.0 0.0  
    0.0 0.0 0.0 0.0 0.0 0.0 0.0 0.0 0.0 0.0 0.0 0.0 0.0 0.0 0.0 0.0 0.0  
    0.0 0.0 0.0 0.0 0.0 0.0 0.0 0.0 0.0 0.0 0.0 0.0 0.0 0.0 0.0 0.0 0.0  
    0.0 0.0 0.0 0.0 0.0 0.0 0.0 0.0 0.0 0.0 0.0 0.0 0.0 0.0 0.0 0.0 0.0  
    0.0 0.0 0.0 0.0 0.0 0.0 0.0 0.0 0.0 0.0 0.0 0.0 0.0 0.0 0.0 0.0 0.0  
    0.0 
  PI_NB = 0.0 0.0 0.0 0.0 0.0 0.0 0.0 0.0 0.0 0.0 0.0 0.0 0.0 0.0 0.0  
    0.0 0.0 0.0 0.0 0.0 0.0 0.0 0.0 0.0 0.0 0.0 0.0 0.0 0.0 0.0 0.0 0.0  
    0.0 0.0 0.0 0.0 0.0 0.0 0.0 0.0 0.0 0.0 0.0 0.0 0.0 0.0 0.0 0.0 0.0  
    0.0 0.0 0.0 0.0 0.0 0.0 0.0 0.0 0.0 0.0 0.0 0.0 0.0 0.0 0.0 0.0 0.0  
    0.0 0.0 0.0 0.0 0.0 0.0 0.0 0.0 0.0 0.0 0.0 0.0 0.0 0.0 0.0 0.0 0.0  
    0.0 0.0 0.0 0.0 0.0 0.0 0.0 0.0 0.0 0.0 0.0 0.0 0.0 0.0 0.0 0.0 0.0  
    0.0 
  PI_IC = 0.0 0.0 0.0 0.0 0.0 0.0 0.0 0.0 0.0 0.0 0.0 0.0 0.0 0.0 0.0  
    0.0 0.0 0.0 0.0 0.0 0.0 0.0 0.0 0.0 0.0 0.0 0.0 0.0 0.0 0.0 0.0 0.0  
    0.0 0.0 0.0 0.0 0.0 0.0 0.0 0.0 0.0 0.0 0.0 0.0 0.0 0.0 0.0 0.0 0.0  
    0.0 0.0 0.0 0.0 0.0 0.0 0.0 0.0 0.0 0.0 0.0 0.0 0.0 0.0 0.0 0.0 0.0  
    0.0 0.0 0.0 0.0 0.0 0.0 0.0 0.0 0.0 0.0 0.0 0.0 0.0 0.0 0.0 0.0 0.0  
    0.0 0.0 0.0 0.0 0.0 0.0 0.0 0.0 0.0 0.0 0.0 0.0 0.0 0.0 0.0 0.0 0.0  
    0.0 
  PI_LH = 0.0 0.0 0.0 0.0 0.0 0.0 0.0 0.0 0.0 0.0 0.0 0.0 0.0 0.0 0.0  
    0.0 0.0 0.0 0.0 0.0 0.0 0.0 0.0 0.0 0.0 0.0 0.0 0.0 0.0 0.0 0.0 0.0  
    0.0 0.0 0.0 0.0 0.0 0.0 0.0 0.0 0.0 0.0 0.0 0.0 0.0 0.0 0.0 0.0 0.0  
    0.0 0.0 0.0 0.0 0.0 0.0 0.0 0.0 0.0 0.0 0.0 0.0 0.0 0.0 0.0 0.0 0.0  
    0.0 0.0 0.0 0.0 0.0 0.0 0.0 0.0 0.0 0.0 0.0 0.0 0.0 0.0 0.0 0.0 0.0  
    0.0 0.0 0.0 0.0 0.0 0.0 0.0 0.0 0.0 0.0 0.0 0.0 0.0 0.0 0.0 0.0 0.0  
    0.0 
  PI_FUS = 880502.6098632779 880502.6098632779 872709.3278652627  
    864341.8202188569 855417.6898318626 845954.8792831249  
    835971.6552824148 825486.6012803579 814518.6053179959  
    803086.8525232279 791210.8150476776 778910.2444159008  
    766205.1639459204 753115.859344458 739662.871835275  
    725866.9918530765 711749.2475384886 697330.8973814164  
    682633.4208650895 667678.5083279297 652488.048131594  
    637084.1161389037 621488.961179953 605724.9883584834  
    589814.7441388653 573780.8969473841 557646.2172891983  
    541433.5532277344 525165.8071634623 508865.90827073687  
    492556.7824476496 476261.3192728043 460002.3376042422  
    443802.54691874265 427684.50538135256 411670.5757601443  
    395782.8787984321 380043.2390662649 364473.13327252783  
    349093.6324326628 333925.3404171633 318988.3290373935  
    304302.0744071495 289885.3852391872 275756.33400165  
    261932.18201149383 248429.30728799832 235263.1303849909  
    222448.0396995369 209997.3201395828 197923.08184019887  
    186236.19404856776 174946.22199397936 164061.3691364977  
    153588.42779525582 143532.7346562124 133898.13884532332  
    124686.97711590129 115900.06051581196 107536.6749838042  
    99594.5928681677 92070.09705829789 84958.02048106628  
    78251.79678258696 71943.52574428108 66024.04970479688  
    60483.04230177562 55309.10721183091 50489.88487243646  
    46012.1665527166 41862.01209878183 38024.87006025769  
    34485.69632127264 31229.06847871993 28239.292300836783  
    25500.496142554926 22996.708004128333 20711.91024484301  
    18630.064469999223 16735.098793625217 15010.847711883249  
    13440.934709745532 12008.589190569272 10696.398244183694  
    9486.017041606343 8357.917710254625 7291.3741069975995  
    6265.104145228653 5259.350183195414 4260.578172151665  
    3269.8846808130015 2314.182778112742 1453.299348313517  
    768.0219520551373 318.1616521877399 93.99347560786042  
    17.318296023074513 1.596265408292984 0.046537418565590724  
    0.00011115421472792817 2.6818092803768536e-12 
  PI_IONIZATION = 0.0 0.0 0.0 0.0 0.0 0.0 0.0 0.0 0.0 0.0 0.0 0.0 0.0  
    0.0 0.0 0.0 0.0 0.0 0.0 0.0 0.0 0.0 0.0 0.0 0.0 0.0 0.0 0.0 0.0 0.0  
    0.0 0.0 0.0 0.0 0.0 0.0 0.0 0.0 0.0 0.0 0.0 0.0 0.0 0.0 0.0 0.0 0.0  
    0.0 0.0 0.0 0.0 0.0 0.0 0.0 0.0 0.0 0.0 0.0 0.0 0.0 0.0 0.0 0.0 0.0  
    0.0 0.0 0.0 0.0 0.0 0.0 0.0 0.0 0.0 0.0 0.0 0.0 0.0 0.0 0.0 0.0 0.0  
    0.0 0.0 0.0 0.0 0.0 0.0 0.0 0.0 0.0 0.0 0.0 0.0 0.0 0.0 0.0 0.0 0.0  
    0.0 0.0 0.0 
  PI_CX = 0.0 0.0 0.0 0.0 0.0 0.0 0.0 0.0 0.0 0.0 0.0 0.0 0.0 0.0 0.0  
    0.0 0.0 0.0 0.0 0.0 0.0 0.0 0.0 0.0 0.0 0.0 0.0 0.0 0.0 0.0 0.0 0.0  
    0.0 0.0 0.0 0.0 0.0 0.0 0.0 0.0 0.0 0.0 0.0 0.0 0.0 0.0 0.0 0.0 0.0  
    0.0 0.0 0.0 0.0 0.0 0.0 0.0 0.0 0.0 0.0 0.0 0.0 0.0 0.0 0.0 0.0 0.0  
    0.0 0.0 0.0 0.0 0.0 0.0 0.0 0.0 0.0 0.0 0.0 0.0 0.0 0.0 0.0 0.0 0.0  
    0.0 0.0 0.0 0.0 0.0 0.0 0.0 0.0 0.0 0.0 0.0 0.0 0.0 0.0 0.0 0.0 0.0  
    0.0 
  P_OHM = 0.0 0.0 0.0 0.0 0.0 0.0 0.0 0.0 0.0 0.0 0.0 0.0 0.0 0.0 0.0  
    0.0 0.0 0.0 0.0 0.0 0.0 0.0 0.0 0.0 0.0 0.0 0.0 0.0 0.0 0.0 0.0 0.0  
    0.0 0.0 0.0 0.0 0.0 0.0 0.0 0.0 0.0 0.0 0.0 0.0 0.0 0.0 0.0 0.0 0.0  
    0.0 0.0 0.0 0.0 0.0 0.0 0.0 0.0 0.0 0.0 0.0 0.0 0.0 0.0 0.0 0.0 0.0  
    0.0 0.0 0.0 0.0 0.0 0.0 0.0 0.0 0.0 0.0 0.0 0.0 0.0 0.0 0.0 0.0 0.0  
    0.0 0.0 0.0 0.0 0.0 0.0 0.0 0.0 0.0 0.0 0.0 0.0 0.0 0.0 0.0 0.0 0.0  
    0.0 
  P_EI = 0.0 0.0 0.0 0.0 0.0 0.0 0.0 0.0 0.0 0.0 0.0 0.0 0.0 0.0 0.0  
    0.0 0.0 0.0 0.0 0.0 0.0 0.0 0.0 0.0 0.0 0.0 0.0 0.0 0.0 0.0 0.0 0.0  
    0.0 0.0 0.0 0.0 0.0 0.0 0.0 0.0 0.0 0.0 0.0 0.0 0.0 0.0 0.0 0.0 0.0  
    0.0 0.0 0.0 0.0 0.0 0.0 0.0 0.0 0.0 0.0 0.0 0.0 0.0 0.0 0.0 0.0 0.0  
    0.0 0.0 0.0 0.0 0.0 0.0 0.0 0.0 0.0 0.0 0.0 0.0 0.0 0.0 0.0 0.0 0.0  
    0.0 0.0 0.0 0.0 0.0 0.0 0.0 0.0 0.0 0.0 0.0 0.0 0.0 0.0 0.0 0.0 0.0  
    0.0 
  TORQUE_NB = 0.0 0.0 0.0 0.0 0.0 0.0 0.0 0.0 0.0 0.0 0.0 0.0 0.0 0.0  
    0.0 0.0 0.0 0.0 0.0 0.0 0.0 0.0 0.0 0.0 0.0 0.0 0.0 0.0 0.0 0.0 0.0  
    0.0 0.0 0.0 0.0 0.0 0.0 0.0 0.0 0.0 0.0 0.0 0.0 0.0 0.0 0.0 0.0 0.0  
    0.0 0.0 0.0 0.0 0.0 0.0 0.0 0.0 0.0 0.0 0.0 0.0 0.0 0.0 0.0 0.0 0.0  
    0.0 0.0 0.0 0.0 0.0 0.0 0.0 0.0 0.0 0.0 0.0 0.0 0.0 0.0 0.0 0.0 0.0  
    0.0 0.0 0.0 0.0 0.0 0.0 0.0 0.0 0.0 0.0 0.0 0.0 0.0 0.0 0.0 0.0 0.0  
    0.0 0.0 
  TORQUE_IN = 0.0 0.0 0.0 0.0 0.0 0.0 0.0 0.0 0.0 0.0 0.0 0.0 0.0 0.0  
    0.0 0.0 0.0 0.0 0.0 0.0 0.0 0.0 0.0 0.0 0.0 0.0 0.0 0.0 0.0 0.0 0.0  
    0.0 0.0 0.0 0.0 0.0 0.0 0.0 0.0 0.0 0.0 0.0 0.0 0.0 0.0 0.0 0.0 0.0  
    0.0 0.0 0.0 0.0 0.0 0.0 0.0 0.0 0.0 0.0 0.0 0.0 0.0 0.0 0.0 0.0 0.0  
    0.0 0.0 0.0 0.0 0.0 0.0 0.0 0.0 0.0 0.0 0.0 0.0 0.0 0.0 0.0 0.0 0.0  
    0.0 0.0 0.0 0.0 0.0 0.0 0.0 0.0 0.0 0.0 0.0 0.0 0.0 0.0 0.0 0.0 0.0  
    0.0 0.0 
  SE_NB = 0.0 0.0 0.0 0.0 0.0 0.0 0.0 0.0 0.0 0.0 0.0 0.0 0.0 0.0 0.0  
    0.0 0.0 0.0 0.0 0.0 0.0 0.0 0.0 0.0 0.0 0.0 0.0 0.0 0.0 0.0 0.0 0.0  
    0.0 0.0 0.0 0.0 0.0 0.0 0.0 0.0 0.0 0.0 0.0 0.0 0.0 0.0 0.0 0.0 0.0  
    0.0 0.0 0.0 0.0 0.0 0.0 0.0 0.0 0.0 0.0 0.0 0.0 0.0 0.0 0.0 0.0 0.0  
    0.0 0.0 0.0 0.0 0.0 0.0 0.0 0.0 0.0 0.0 0.0 0.0 0.0 0.0 0.0 0.0 0.0  
    0.0 0.0 0.0 0.0 0.0 0.0 0.0 0.0 0.0 0.0 0.0 0.0 0.0 0.0 0.0 0.0 0.0  
    0.0 
  SE_IONIZATION = 0.0 0.0 0.0 0.0 0.0 0.0 0.0 0.0 0.0 0.0 0.0 0.0 0.0  
    0.0 0.0 0.0 0.0 0.0 0.0 0.0 0.0 0.0 0.0 0.0 0.0 0.0 0.0 0.0 0.0 0.0  
    0.0 0.0 0.0 0.0 0.0 0.0 0.0 0.0 0.0 0.0 0.0 0.0 0.0 0.0 0.0 0.0 0.0  
    0.0 0.0 0.0 0.0 0.0 0.0 0.0 0.0 0.0 0.0 0.0 0.0 0.0 0.0 0.0 0.0 0.0  
    0.0 0.0 0.0 0.0 0.0 0.0 0.0 0.0 0.0 0.0 0.0 0.0 0.0 0.0 0.0 0.0 0.0  
    0.0 0.0 0.0 0.0 0.0 0.0 0.0 0.0 0.0 0.0 0.0 0.0 0.0 0.0 0.0 0.0 0.0  
    0.0 0.0 0.0 
  SI_NB = 0.0 0.0 0.0 0.0 0.0 0.0 0.0 0.0 0.0 0.0 0.0 0.0 0.0 0.0 0.0  
    0.0 0.0 0.0 0.0 0.0 0.0 0.0 0.0 0.0 0.0 0.0 0.0 0.0 0.0 0.0 0.0 0.0  
    0.0 0.0 0.0 0.0 0.0 0.0 0.0 0.0 0.0 0.0 0.0 0.0 0.0 0.0 0.0 0.0 0.0  
    0.0 0.0 0.0 0.0 0.0 0.0 0.0 0.0 0.0 0.0 0.0 0.0 0.0 0.0 0.0 0.0 0.0  
    0.0 0.0 0.0 0.0 0.0 0.0 0.0 0.0 0.0 0.0 0.0 0.0 0.0 0.0 0.0 0.0 0.0  
    0.0 0.0 0.0 0.0 0.0 0.0 0.0 0.0 0.0 0.0 0.0 0.0 0.0 0.0 0.0 0.0 0.0  
    0.0 
  SI_IONIZATION = 0.0 0.0 0.0 0.0 0.0 0.0 0.0 0.0 0.0 0.0 0.0 0.0 0.0  
    0.0 0.0 0.0 0.0 0.0 0.0 0.0 0.0 0.0 0.0 0.0 0.0 0.0 0.0 0.0 0.0 0.0  
    0.0 0.0 0.0 0.0 0.0 0.0 0.0 0.0 0.0 0.0 0.0 0.0 0.0 0.0 0.0 0.0 0.0  
    0.0 0.0 0.0 0.0 0.0 0.0 0.0 0.0 0.0 0.0 0.0 0.0 0.0 0.0 0.0 0.0 0.0  
    0.0 0.0 0.0 0.0 0.0 0.0 0.0 0.0 0.0 0.0 0.0 0.0 0.0 0.0 0.0 0.0 0.0  
    0.0 0.0 0.0 0.0 0.0 0.0 0.0 0.0 0.0 0.0 0.0 0.0 0.0 0.0 0.0 0.0 0.0  
    0.0 0.0 0.0 
  SE_PELLET = 0.0 0.0 0.0 0.0 0.0 0.0 0.0 0.0 0.0 0.0 0.0 0.0 0.0 0.0  
    0.0 0.0 0.0 0.0 0.0 0.0 0.0 0.0 0.0 0.0 0.0 0.0 0.0 0.0 0.0 0.0 0.0  
    0.0 0.0 0.0 0.0 0.0 0.0 0.0 0.0 0.0 0.0 0.0 0.0 0.0 0.0 0.0 0.0 0.0  
    0.0 0.0 0.0 0.0 0.0 0.0 0.0 0.0 0.0 0.0 0.0 0.0 0.0 0.0 0.0 0.0 0.0  
    0.0 0.0 0.0 0.0 0.0 0.0 0.0 0.0 0.0 0.0 0.0 0.0 0.0 0.0 0.0 0.0 0.0  
    0.0 0.0 0.0 0.0 0.0 0.0 0.0 0.0 0.0 0.0 0.0 0.0 0.0 0.0 0.0 0.0 0.0  
    0.0 0.0 
  Q = 0.0 0.0 0.0 0.0 0.0 0.0 0.0 0.0 0.0 0.0 0.0 0.0 0.0 0.0 0.0 0.0  
    0.0 0.0 0.0 0.0 0.0 0.0 0.0 0.0 0.0 0.0 0.0 0.0 0.0 0.0 0.0 0.0 0.0  
    0.0 0.0 0.0 0.0 0.0 0.0 0.0 0.0 0.0 0.0 0.0 0.0 0.0 0.0 0.0 0.0 0.0  
    0.0 0.0 0.0 0.0 0.0 0.0 0.0 0.0 0.0 0.0 0.0 0.0 0.0 0.0 0.0 0.0 0.0  
    0.0 0.0 0.0 0.0 0.0 0.0 0.0 0.0 0.0 0.0 0.0 0.0 0.0 0.0 0.0 0.0 0.0  
    0.0 0.0 0.0 0.0 0.0 0.0 0.0 0.0 0.0 0.0 0.0 0.0 0.0 0.0 0.0 0.0 0.0 
  PSIPOL = 0.0 0.0005931946618370845 0.002372493893803199  
    0.0053370395206375765 0.009485454030302858 0.014815885482569773  
    0.021326081537973288 0.02901347685527167 0.03787525969229066  
    0.04790847869726838 0.059109962747130415 0.07147636281064891  
    0.08500423271929776 0.09968970437990879 0.11552862172924382  
    0.13251711659502124 0.15065040251469916 0.16992496316132324  
    0.19033668757177602 0.21187770527896624 0.23454478009573118  
    0.25833251398063173 0.2832338626216036 0.3092459557003101  
    0.33636106454677167 0.36457327866954164 0.3938779596992379  
    0.4242693715875524 0.45573980621811705 0.48828328760874923  
    0.5218938265946147 0.5565651301411507 0.592290638267599  
    0.6290636043861266 0.6668771548131092 0.7057243148795226  
    0.7455980216216033 0.7864911366677597 0.828396449122458  
    0.8713066315828031 0.9152141518509129 0.9601112392417075  
    1.0059898434915886 1.0528416106339782 1.1006596788039844  
    1.1494362174260628 1.1991620975090567 1.2498278275664336  
    1.301427195036163 1.3539508607620834 1.4073880804762369  
    1.461732969642229 1.5169743638463213 1.5731033505953278  
    1.630111765422539 1.6879878863495519 1.7467246998406787  
    1.806309655624072 1.8667350483110445 1.9279891926958603  
    1.99006178023858 2.052943986542844 2.1166220960379887  
    2.1810875387429802 2.2463287194381047 2.3123325224080293  
    2.379088958717554 2.4465866204963134 2.5148112916985665  
    2.5837511055824893 2.653393985395742 2.723727191336231  
    2.7947363156737732 2.8664072274772696 2.9387261091152643  
    3.011678596807277 3.0852497595901784 3.1594240699528826  
    3.234185418074639 3.309517027440597 3.385401364663836  
    3.4618202072912445 3.5387548506083037 3.6161860286044307  
    3.694093879579549 3.772457636814467 3.851255174817554  
    3.930462144098091 4.010051468875716 4.089993221124598  
    4.170254046339397 4.2507986493524985 4.331592873550119  
    4.412604786930067 4.493807097259667 4.575177472101512  
    4.6566874273685634 4.738284037503585 4.819865855291186  
    4.901242961623752 4.982100719346832 
  PSI = 0.0 0.0001190651685409632 0.00047620351884701355  
    0.001071242799229735 0.0019039065174793234 0.0029738229548502944  
    0.00428054002504574 0.005823542816508018 0.0076022669604431875  
    0.009616120065824225 0.011864465629446349 0.014346631438639337  
    0.017061925783475946 0.020009572265929303 0.02318873668703951  
    0.02659864263290017 0.030238329371721308 0.03410709111147815  
    0.03820410270564135 0.04252778440551961 0.04707748664833911  
    0.0518521259470844 0.05685028837769791 0.0620713978140637  
    0.0675139029688002 0.07317661749667283 0.07905861039093494  
    0.08515873032032467 0.09147543012295141 0.09800751030837543  
    0.10475376874015435 0.11171294228955653 0.1188837142467987  
    0.1262647304465974 0.13385461121318695 0.14165195660115942  
    0.14965534894271534 0.15786335543430585 0.16627452871548193  
    0.17488739804060685 0.18370045155789227 0.19271212954674688  
    0.2019208161699864 0.21132483463160673 0.22092280762808106  
    0.23071316341769127 0.24069406964262866 0.25086362118554073  
    0.2612205710700253 0.2717630447542599 0.28248888566442903  
    0.29339691266495843 0.30448488485098335 0.3157510133198524  
    0.32719365931169925 0.3388104700080917 0.3506000376623617  
    0.36255984320222345 0.3746883400132824 0.38698318265806264  
    0.3994423020214419 0.4120639268834354 0.42484530427467637  
    0.4377847140410536 0.45087982880695454 0.46412801600510056  
    0.477527270670967 0.49107530303342967 0.504769259668493  
    0.5186067587010218 0.532585376102876 0.5467025547595352  
    0.5609554027723814 0.5753410838015062 0.5898568243920488  
    0.6044997414669121 0.6192668381049237 0.6341549976466739  
    0.6491609865524056 0.6642814374644928 0.67951283110705  
    0.6948515098958296 0.7102937194477764 0.7258355927173072  
    0.7414731430929111 0.7572022023089584 0.7730183293689945  
    0.7889166368787073 0.804891690226898 0.8209374823038119  
    0.8370473182417175 0.8532141136459784 0.8694310126508249  
    0.8856916059112856 0.9019904153701691 0.9183229584931657  
    0.9346835179958122 0.9510614707373456 0.9674364543804496  
    0.9837703486384594 1.0 
  DENSITY_BEAM = 0.0 0.0 0.0 0.0 0.0 0.0 0.0 0.0 0.0 0.0 0.0 0.0 0.0  
    0.0 0.0 0.0 0.0 0.0 0.0 0.0 0.0 0.0 0.0 0.0 0.0 0.0 0.0 0.0 0.0 0.0  
    0.0 0.0 0.0 0.0 0.0 0.0 0.0 0.0 0.0 0.0 0.0 0.0 0.0 0.0 0.0 0.0 0.0  
    0.0 0.0 0.0 0.0 0.0 0.0 0.0 0.0 0.0 0.0 0.0 0.0 0.0 0.0 0.0 0.0 0.0  
    0.0 0.0 0.0 0.0 0.0 0.0 0.0 0.0 0.0 0.0 0.0 0.0 0.0 0.0 0.0 0.0 0.0  
    0.0 0.0 0.0 0.0 0.0 0.0 0.0 0.0 0.0 0.0 0.0 0.0 0.0 0.0 0.0 0.0 0.0  
    0.0 0.0 0.0 
  WBEAM = 0.0 0.0 0.0 0.0 0.0 0.0 0.0 0.0 0.0 0.0 0.0 0.0 0.0 0.0 0.0  
    0.0 0.0 0.0 0.0 0.0 0.0 0.0 0.0 0.0 0.0 0.0 0.0 0.0 0.0 0.0 0.0 0.0  
    0.0 0.0 0.0 0.0 0.0 0.0 0.0 0.0 0.0 0.0 0.0 0.0 0.0 0.0 0.0 0.0 0.0  
    0.0 0.0 0.0 0.0 0.0 0.0 0.0 0.0 0.0 0.0 0.0 0.0 0.0 0.0 0.0 0.0 0.0  
    0.0 0.0 0.0 0.0 0.0 0.0 0.0 0.0 0.0 0.0 0.0 0.0 0.0 0.0 0.0 0.0 0.0  
    0.0 0.0 0.0 0.0 0.0 0.0 0.0 0.0 0.0 0.0 0.0 0.0 0.0 0.0 0.0 0.0 0.0  
    0.0 
  TBEAM = 0.0 0.0 0.0 0.0 0.0 0.0 0.0 0.0 0.0 0.0 0.0 0.0 0.0 0.0 0.0  
    0.0 0.0 0.0 0.0 0.0 0.0 0.0 0.0 0.0 0.0 0.0 0.0 0.0 0.0 0.0 0.0 0.0  
    0.0 0.0 0.0 0.0 0.0 0.0 0.0 0.0 0.0 0.0 0.0 0.0 0.0 0.0 0.0 0.0 0.0  
    0.0 0.0 0.0 0.0 0.0 0.0 0.0 0.0 0.0 0.0 0.0 0.0 0.0 0.0 0.0 0.0 0.0  
    0.0 0.0 0.0 0.0 0.0 0.0 0.0 0.0 0.0 0.0 0.0 0.0 0.0 0.0 0.0 0.0 0.0  
    0.0 0.0 0.0 0.0 0.0 0.0 0.0 0.0 0.0 0.0 0.0 0.0 0.0 0.0 0.0 0.0 0.0  
    0.0 
  DENSITY_ALPHA = 0.0 0.0 0.0 0.0 0.0 0.0 0.0 0.0 0.0 0.0 0.0 0.0 0.0  
    0.0 0.0 0.0 0.0 0.0 0.0 0.0 0.0 0.0 0.0 0.0 0.0 0.0 0.0 0.0 0.0 0.0  
    0.0 0.0 0.0 0.0 0.0 0.0 0.0 0.0 0.0 0.0 0.0 0.0 0.0 0.0 0.0 0.0 0.0  
    0.0 0.0 0.0 0.0 0.0 0.0 0.0 0.0 0.0 0.0 0.0 0.0 0.0 0.0 0.0 0.0 0.0  
    0.0 0.0 0.0 0.0 0.0 0.0 0.0 0.0 0.0 0.0 0.0 0.0 0.0 0.0 0.0 0.0 0.0  
    0.0 0.0 0.0 0.0 0.0 0.0 0.0 0.0 0.0 0.0 0.0 0.0 0.0 0.0 0.0 0.0 0.0  
    0.0 0.0 0.0 
  WALPHA = 0.0 0.0 0.0 0.0 0.0 0.0 0.0 0.0 0.0 0.0 0.0 0.0 0.0 0.0 0.0  
    0.0 0.0 0.0 0.0 0.0 0.0 0.0 0.0 0.0 0.0 0.0 0.0 0.0 0.0 0.0 0.0 0.0  
    0.0 0.0 0.0 0.0 0.0 0.0 0.0 0.0 0.0 0.0 0.0 0.0 0.0 0.0 0.0 0.0 0.0  
    0.0 0.0 0.0 0.0 0.0 0.0 0.0 0.0 0.0 0.0 0.0 0.0 0.0 0.0 0.0 0.0 0.0  
    0.0 0.0 0.0 0.0 0.0 0.0 0.0 0.0 0.0 0.0 0.0 0.0 0.0 0.0 0.0 0.0 0.0  
    0.0 0.0 0.0 0.0 0.0 0.0 0.0 0.0 0.0 0.0 0.0 0.0 0.0 0.0 0.0 0.0 0.0  
    0.0 
  TALPHA = 0.0 0.0 0.0 0.0 0.0 0.0 0.0 0.0 0.0 0.0 0.0 0.0 0.0 0.0 0.0  
    0.0 0.0 0.0 0.0 0.0 0.0 0.0 0.0 0.0 0.0 0.0 0.0 0.0 0.0 0.0 0.0 0.0  
    0.0 0.0 0.0 0.0 0.0 0.0 0.0 0.0 0.0 0.0 0.0 0.0 0.0 0.0 0.0 0.0 0.0  
    0.0 0.0 0.0 0.0 0.0 0.0 0.0 0.0 0.0 0.0 0.0 0.0 0.0 0.0 0.0 0.0 0.0  
    0.0 0.0 0.0 0.0 0.0 0.0 0.0 0.0 0.0 0.0 0.0 0.0 0.0 0.0 0.0 0.0 0.0  
    0.0 0.0 0.0 0.0 0.0 0.0 0.0 0.0 0.0 0.0 0.0 0.0 0.0 0.0 0.0 0.0 0.0  
    0.0 
  CHIE = 0.0 0.0 0.0 0.0 0.0 0.0 0.0 0.0 0.0 0.0 0.0 0.0 0.0 0.0 0.0  
    0.0 0.0 0.0 0.0 0.0 0.0 0.0 0.0 0.0 0.0 0.0 0.0 0.0 0.0 0.0 0.0 0.0  
    0.0 0.0 0.0 0.0 0.0 0.0 0.0 0.0 0.0 0.0 0.0 0.0 0.0 0.0 0.0 0.0 0.0  
    0.0 0.0 0.0 0.0 0.0 0.0 0.0 0.0 0.0 0.0 0.0 0.0 0.0 0.0 0.0 0.0 0.0  
    0.0 0.0 0.0 0.0 0.0 0.0 0.0 0.0 0.0 0.0 0.0 0.0 0.0 0.0 0.0 0.0 0.0  
    0.0 0.0 0.0 0.0 0.0 0.0 0.0 0.0 0.0 0.0 0.0 0.0 0.0 0.0 0.0 0.0 0.0  
    0.0 
  CHII = 0.0 0.0 0.0 0.0 0.0 0.0 0.0 0.0 0.0 0.0 0.0 0.0 0.0 0.0 0.0  
    0.0 0.0 0.0 0.0 0.0 0.0 0.0 0.0 0.0 0.0 0.0 0.0 0.0 0.0 0.0 0.0 0.0  
    0.0 0.0 0.0 0.0 0.0 0.0 0.0 0.0 0.0 0.0 0.0 0.0 0.0 0.0 0.0 0.0 0.0  
    0.0 0.0 0.0 0.0 0.0 0.0 0.0 0.0 0.0 0.0 0.0 0.0 0.0 0.0 0.0 0.0 0.0  
    0.0 0.0 0.0 0.0 0.0 0.0 0.0 0.0 0.0 0.0 0.0 0.0 0.0 0.0 0.0 0.0 0.0  
    0.0 0.0 0.0 0.0 0.0 0.0 0.0 0.0 0.0 0.0 0.0 0.0 0.0 0.0 0.0 0.0 0.0  
    0.0 
  P_EQ = 0.0 0.0 0.0 0.0 0.0 0.0 0.0 0.0 0.0 0.0 0.0 0.0 0.0 0.0 0.0  
    0.0 0.0 0.0 0.0 0.0 0.0 0.0 0.0 0.0 0.0 0.0 0.0 0.0 0.0 0.0 0.0 0.0  
    0.0 0.0 0.0 0.0 0.0 0.0 0.0 0.0 0.0 0.0 0.0 0.0 0.0 0.0 0.0 0.0 0.0  
    0.0 0.0 0.0 0.0 0.0 0.0 0.0 0.0 0.0 0.0 0.0 0.0 0.0 0.0 0.0 0.0 0.0  
    0.0 0.0 0.0 0.0 0.0 0.0 0.0 0.0 0.0 0.0 0.0 0.0 0.0 0.0 0.0 0.0 0.0  
    0.0 0.0 0.0 0.0 0.0 0.0 0.0 0.0 0.0 0.0 0.0 0.0 0.0 0.0 0.0 0.0 0.0  
    0.0 
  J_TOT = 2383807.5486186612 2383807.5486186612 2383256.198979535  
    2381964.9513631607 2380357.9329099394 2378530.327080417  
    2376529.826097161 2374377.467505005 2372085.6701266724  
    2369663.612697851 2367118.3599775676 2364455.4897963656  
    2361679.4801754216 2358793.9647619002 2355801.909063195  
    2352705.736703504 2349507.4226998296 2346208.563836312  
    2342810.4324590126 2339314.018581296 2335720.063222104  
    2332029.084707166 2328241.4000196136 2324357.1419166676  
    2320376.2726467014 2316298.595041831 2312123.7614047257  
    2307851.280724564 2303480.524044634 2299010.728517898  
    2294441.000448617 2289770.317200805 2284997.5280924644  
    2280121.3544559255 2275140.388921632 2270053.0939869545  
    2264857.7998094945 2259552.7011059388 2254135.8533946825  
    2248605.168820848 2242958.4110281705 2237193.1888955943  
    2231306.949918461 2225296.9728720365 2219160.3591045733  
    2212894.0229354957 2206494.6813373 2199958.8421273897  
    2193282.7911456227 2186462.5779410643 2179493.999667829  
    2172372.5839106194 2165093.5693022623 2157651.8837538804  
    2150042.120719278 2142258.5130126234 2134294.9032876543  
    2126144.71117623 2117800.8968488066 2109255.9201018536  
    2100501.694553425 2091529.5360568482 2082330.104910175  
    2072893.3403118628 2063208.3858115901 2053263.5052775375  
    2043045.9865216636 2032542.0307856633 2021736.62642452  
    2010613.4027944657 1999154.460513856 1987340.174355232  
    1975148.962506914 1962557.0147309497 1949537.9710856818  
    1936062.5390452791 1922098.0345734851 1907607.8280696196  
    1892550.6698529082 1876879.8623072219 1860542.23384194  
    1843476.8542675024 1825613.407648253 1806870.1052232576  
    1787150.970150373 1766342.2472737415 1744307.5691143349  
    1720881.3094830632 1695859.219980068 1668984.8536348636  
    1639929.1879244559 1608258.710738217 1573382.648974141  
    1534459.1356671748 1490209.81019037 1438480.4792084624  
    1372267.3996528555 1271202.5789644988 1116248.8642083416  
    946404.8259559124 790764.008842445 
  RHO = 0.0 0.01 0.02 0.03 0.04 0.05 0.06 0.07 0.08 0.09 0.1 0.11 0.12  
    0.13 0.14 0.15 0.16 0.17 0.18 0.19 0.2 0.21 0.22 0.23 0.24 0.25  
    0.26 0.27 0.28 0.29 0.3 0.31 0.32 0.33 0.34 0.35 0.36 0.37 0.38  
    0.39 0.4 0.41 0.42 0.43 0.44 0.45 0.46 0.47 0.48 0.49 0.5 0.51 0.52  
    0.53 0.54 0.55 0.56 0.57 0.58 0.59 0.6 0.61 0.62 0.63 0.64 0.65  
    0.66 0.67 0.68 0.69 0.7 0.71 0.72 0.73 0.74 0.75 0.76 0.77 0.78  
    0.79 0.8 0.81 0.82 0.83 0.84 0.85 0.86 0.87 0.88 0.89 0.9 0.91 0.92  
    0.93 0.94 0.95 0.96 0.97 0.98 0.99 1.0 
  MODEL_PROFILE_NE = 'ped' 
  MODEL_PROFILE_TE = 'ped' 
  MODEL_PROFILE_TI = 'ped' 
  MODEL_PROFILE_DENSITY_BEAM = 'parab' 
  MODEL_PROFILE_J_TOT = 'parab' 
  MODEL_PROFILE_OMEGA = 'parab' 
  MODEL_PROFILE_ZEFF = 'const' 
  MODEL_PROFILE_TBEAMI = 'const' 
  MODEL_PROFILE_DENSITY_ALPHA = 'zero' 
  MODEL_PROFILE_WALPHA = 'zero' 
  MODEL_PROFILE_WBEAM = 'derived' 
  J_TOT_AXIS = 1.0 
  J_TOT_SEP = 0.05 
  J_TOT_ALPHA = 1.4 
  J_TOT_BETA = 0.2 
  DENSITY_BEAM_AXIS = 0.0 
  DENSITY_BEAM_SEP = 0.0 
  DENSITY_BEAM_ALPHA = 1.5 
  DENSITY_BEAM_BETA = 1.5 
  TBEAMI_AXIS = 20.0 
  DENSITY_ION_0 = 13.7989561780556 13.7989561780556 13.769742001826  
    13.738449145495299 13.705104918716101 13.6697366511188  
    13.63237165735045 13.59303725705255 13.55176076487215  
    13.50856950045075 13.4634907884243 13.4165519384454  
    13.36778028014445 13.31720312317405 13.2648477871757  
    13.21074159678535 13.15491186665005 13.0973859164113  
    13.038191065710599 12.97735463418945 12.914903931500449  
    12.850866287274 12.7852690211516 12.718139442785851  
    12.6495048768127 12.579392637879199 12.507830050621301  
    12.43484442968605 12.36046309471495 12.2847133653495  
    12.207622561231199 12.1292179970071 12.0495269923187  
    11.96857687180195 11.8863949501039 11.8030085418716  
    11.718444971740999 11.6327315593536 11.545895614362  
    11.4579644663966 11.36896543010445 11.2789258201326  
    11.18787295612255 11.095834157715801 11.00283674455385  
    10.908908031283751 10.81407533255255 10.718365968001748  
    10.6218072522784 10.524426500029548 10.4262510209078  
    10.32730812456575 10.2276251106671 10.127229283870001  
    10.02614793384925 9.924408335296299 9.8220377629026  
    9.719063456398448 9.6155126305419 9.5114124601354 9.4067900700369  
    9.301672495204249 9.196086680695199 9.09005940675065  
    8.983617273811301 8.876786582650851 8.769593254464802  
    8.66206269102585 8.554219554928101 8.446087514870099  
    8.3376888610822 8.229044010876 8.12017080942135 8.01108359078975  
    7.90179188938625 7.792298736842 7.68259830463385 7.5726727725642  
    7.462488133422999 7.3519885842204 7.2410891294063005  
    7.1296658866429 7.017543525762949 6.904479316496449  
    6.790143355443099 6.6740950522017 6.55575685856315 6.434388492154  
    6.309068372065799 6.178695546712801 6.04203443411505  
    5.89783653165045 5.7450819426623 5.58337691969595  
    5.4134989587717985 5.237976195540897 5.0614380905917  
    4.890381327092426 4.732131311805905 4.5932106720703345  
    4.477790747553465 
  DENSITY_ION_1 = 13.7989561780556 13.7989561780556 13.769742001826  
    13.738449145495299 13.705104918716101 13.6697366511188  
    13.63237165735045 13.59303725705255 13.55176076487215  
    13.50856950045075 13.4634907884243 13.4165519384454  
    13.36778028014445 13.31720312317405 13.2648477871757  
    13.21074159678535 13.15491186665005 13.0973859164113  
    13.038191065710599 12.97735463418945 12.914903931500449  
    12.850866287274 12.7852690211516 12.718139442785851  
    12.6495048768127 12.579392637879199 12.507830050621301  
    12.43484442968605 12.36046309471495 12.2847133653495  
    12.207622561231199 12.1292179970071 12.0495269923187  
    11.96857687180195 11.8863949501039 11.8030085418716  
    11.718444971740999 11.6327315593536 11.545895614362  
    11.4579644663966 11.36896543010445 11.2789258201326  
    11.18787295612255 11.095834157715801 11.00283674455385  
    10.908908031283751 10.81407533255255 10.718365968001748  
    10.6218072522784 10.524426500029548 10.4262510209078  
    10.32730812456575 10.2276251106671 10.127229283870001  
    10.02614793384925 9.924408335296299 9.8220377629026  
    9.719063456398448 9.6155126305419 9.5114124601354 9.4067900700369  
    9.301672495204249 9.196086680695199 9.09005940675065  
    8.983617273811301 8.876786582650851 8.769593254464802  
    8.66206269102585 8.554219554928101 8.446087514870099  
    8.3376888610822 8.229044010876 8.12017080942135 8.01108359078975  
    7.90179188938625 7.792298736842 7.68259830463385 7.5726727725642  
    7.462488133422999 7.3519885842204 7.2410891294063005  
    7.1296658866429 7.017543525762949 6.904479316496449  
    6.790143355443099 6.6740950522017 6.55575685856315 6.434388492154  
    6.309068372065799 6.178695546712801 6.04203443411505  
    5.89783653165045 5.7450819426623 5.58337691969595  
    5.4134989587717985 5.237976195540897 5.0614380905917  
    4.890381327092426 4.732131311805905 4.5932106720703345  
    4.477790747553465 
  DENSITY_IMP_0 = 0.00041442870119999997 0.00041442870119999997  
    0.000413551302 0.0004126114731 0.00041161003470000006  
    0.00041054780760000004 0.00040942561215 0.00040824426885000003  
    0.00040700459805 0.00040570742025 0.0004043535561 0.0004029438258  
    0.00040147905015 0.00039996004935000004 0.00039838764390000004  
    0.00039676265445000005 0.00039508590135 0.00039335820510000004  
    0.00039158038620000003 0.00038975326515 0.00038787766215  
    0.00038595439799999997 0.0003839842932 0.00038196816795000004  
    0.0003799068429 0.0003778011384 0.0003756518751 0.00037345987335  
    0.00037122595365 0.00036895093650000005 0.0003666356424  
    0.0003642808917 0.00036188750490000004 0.00035945630265000003  
    0.00035698810530000003 0.0003544837332 0.000351944007  
    0.0003493697472 0.000346761774 0.0003441209082  
    0.00034144797015000003 0.0003387437802 0.00033600915885  
    0.0003332449266 0.00033045190395000003 0.00032763091125  
    0.00032478276885 0.00032190829724999993 0.0003190083168  
    0.00031608364785 0.0003131351106 0.00031016352525000003  
    0.00030716971169999997 0.00030415449000000005 0.00030111867975  
    0.0002980631001 0.0002949885702 0.00029189590814999994  
    0.0002887859313 0.0002856594558 0.00028251729630000003  
    0.00027936026475 0.0002761891704 0.00027300481755  
    0.00026980800510000003 0.00026659952295000005  
    0.00026338014960000005 0.00026015064795000003  
    0.00025691175870000004 0.00025366419269999996  
    0.00025040861939999996 0.000247145652 0.00024387582645000002  
    0.00024059957325000002 0.00023731717875 0.000234028734  
    0.00023073406395000002 0.0002274326334 0.000224123421  
    0.0002208047508 0.00021747407010000002 0.0002141276583  
    0.00021076024964999997 0.00020736455414999998 0.0002039306637  
    0.0002004453459 0.00019689125505 0.00019324615800000002  
    0.0001894823766 0.0001855668456 0.00018146245635  
    0.00017713171215000002 0.0001725439821 0.00016768744065  
    0.00016258543859999996 0.00015731390429999992 0.0001520118759  
    0.000146874470475 0.000142121694435 0.000137949444045  
    0.000134482998555 
  DENSITY_TH = 27.598326784812397 27.598326784812397 27.539897554954  
    27.477310902463696 27.4106214474669 27.3398838500452  
    27.265152740313052 27.186482758373952 27.103928534342348  
    27.01754470832175 26.9273859304047 26.8335068207166  
    26.73596203933905 26.63480620639745 26.530093961995302  
    26.42187995622515 26.31021881920145 26.195165191027698  
    26.076773711807398 25.95509902164405 25.830195740663047  
    25.702118528946 25.5709220265964 25.436660853739653  
    25.299389660468297 25.159163076896796 25.016035753117702  
    24.870062319245452 24.72129741538355 24.5697956816355  
    24.4156117581048 24.258800274905898 24.099415872142302  
    23.93751319990655 23.7731468883131 23.6063715674764  
    23.437241887488998 23.2658124884544 23.092137990498  
    22.9162730537014 22.73827230817905 22.5581903840454  
    22.37608192140395 22.192001560358204 22.00600394101165  
    21.818143693478753 21.62847544787395 21.437053844300745  
    21.2439335128736 21.049169083706946 20.8528151769262  
    20.65492641265675 20.4555573910459 20.25476272223 20.05259698637825  
    19.849114733692698 19.6443705143754 19.438418808705045  
    19.2313140470151 19.0231105797266 18.813862657370098  
    18.603624350673247 18.392449550560798 18.18039181831885  
    17.967504355627703 17.75383976482465 17.539449889079204  
    17.32438553269965 17.108696021614904 16.8924286939329  
    16.6756281307838 16.458335167404 16.240585494669148  
    16.02240778115275 15.80382109595125 15.584831502418  
    15.36542734333165 15.1455729777618 14.925200390267  
    14.704197973191599 14.4823957328827 14.259545900944099  
    14.035297811775548 13.809165997547048 13.580490641549899  
    13.3483905497493 13.11171060838135 12.868970230466001  
    12.618326226508199 12.357576660271201 12.08425033068645  
    11.795850195013049 11.4903364293067 11.16692152683255  
    10.827160502982197 10.476109704986094 10.1230281930593  
    9.780909528655327 9.464404745306245 9.186559293584715  
    8.955715978105484 
  NI = 27.5979123561112 27.5979123561112 27.539484003652  
    27.476898290990597 27.410209837432202 27.3394733022376  
    27.2647433147009 27.1860745141051 27.1035215297443 27.0171390009015  
    26.9269815768486 26.8331038768908 26.7355605602889 26.6344062463481  
    26.5296955743514 26.4214831935707 26.3098237333001 26.1947718328226  
    26.076382131421198 25.9547092683789 25.829807863000898  
    25.701732574548 25.5705380423032 25.436278885571703  
    25.2990097536254 25.158785275758397 25.015660101242602  
    24.8696888593721 24.7209261894299 24.569426730699  
    24.415245122462398 24.2584359940142 24.0990539846374  
    23.9371537436039 23.7727899002078 23.6060170837432  
    23.436889943481997 23.2654631187072 23.091791228724  
    22.9159289327932 22.7379308602089 22.5578516402652 22.3757459122451  
    22.191668315431603 22.0056734891077 21.817816062567502  
    21.6281506651051 21.436731936003497 21.2436145045568  
    21.048853000059097 20.8525020418156 20.6546162491315  
    20.4552502213342 20.254458567740002 20.0522958676985  
    19.848816670592598 19.6440755258052 19.438126912796896  
    19.2310252610838 19.0228249202708 18.8135801400738  
    18.603344990408498 18.392173361390398 18.1801188135013  
    17.967234547622603 17.753573165301702 17.539186508929603  
    17.3241253820517 17.108439109856203 16.892175029740198  
    16.6753777221644 16.458088021752 16.2403416188427 16.0221671815795  
    15.8035837787725 15.584597473684 15.3651966092677 15.1453455451284  
    14.924976266845999 14.7039771684408 14.482178258812601  
    14.2593317732858 14.035087051525897 13.808958632992898  
    13.580286710886199 13.3481901044034 13.1115137171263  
    12.868776984308 12.618136744131599 12.357391093425601  
    12.0840688682301 11.7956730633009 11.4901638853246 11.1667538393919  
    10.826997917543597 10.475952391081794 10.1228761811834  
    9.780762654184851 9.46426262361181 9.186421344140669  
    8.95558149510693 
  NZ = 0.00041442870119999997 0.00041442870119999997 0.000413551302  
    0.0004126114731 0.00041161003470000006 0.00041054780760000004  
    0.00040942561215 0.00040824426885000003 0.00040700459805  
    0.00040570742025 0.0004043535561 0.0004029438258 0.00040147905015  
    0.00039996004935000004 0.00039838764390000004  
    0.00039676265445000005 0.00039508590135 0.00039335820510000004  
    0.00039158038620000003 0.00038975326515 0.00038787766215  
    0.00038595439799999997 0.0003839842932 0.00038196816795000004  
    0.0003799068429 0.0003778011384 0.0003756518751 0.00037345987335  
    0.00037122595365 0.00036895093650000005 0.0003666356424  
    0.0003642808917 0.00036188750490000004 0.00035945630265000003  
    0.00035698810530000003 0.0003544837332 0.000351944007  
    0.0003493697472 0.000346761774 0.0003441209082  
    0.00034144797015000003 0.0003387437802 0.00033600915885  
    0.0003332449266 0.00033045190395000003 0.00032763091125  
    0.00032478276885 0.00032190829724999993 0.0003190083168  
    0.00031608364785 0.0003131351106 0.00031016352525000003  
    0.00030716971169999997 0.00030415449000000005 0.00030111867975  
    0.0002980631001 0.0002949885702 0.00029189590814999994  
    0.0002887859313 0.0002856594558 0.00028251729630000003  
    0.00027936026475 0.0002761891704 0.00027300481755  
    0.00026980800510000003 0.00026659952295000005  
    0.00026338014960000005 0.00026015064795000003  
    0.00025691175870000004 0.00025366419269999996  
    0.00025040861939999996 0.000247145652 0.00024387582645000002  
    0.00024059957325000002 0.00023731717875 0.000234028734  
    0.00023073406395000002 0.0002274326334 0.000224123421  
    0.0002208047508 0.00021747407010000002 0.0002141276583  
    0.00021076024964999997 0.00020736455414999998 0.0002039306637  
    0.0002004453459 0.00019689125505 0.00019324615800000002  
    0.0001894823766 0.0001855668456 0.00018146245635  
    0.00017713171215000002 0.0001725439821 0.00016768744065  
    0.00016258543859999996 0.00015731390429999992 0.0001520118759  
    0.000146874470475 0.000142121694435 0.000137949444045  
    0.000134482998555 
  DENSITY_HE = 2.5334936167710698 2.5334936167710698 2.515950890264405  
    2.497089502901699 2.47693662911497 2.4555198553654956  
    2.4328672027992115 2.4090071803420714 2.3839688039738918  
    2.357781646089973 2.3304758583672363 2.3020822090616164  
    2.2726321171062827 2.242157673956668 2.2106916812977375  
    2.178267684526318 2.144919990732093 2.1106837027289727  
    2.0755947495003 2.039689909204112 2.0030068354952117  
    1.9655840867614407 1.9274611474455952 1.888678446459485  
    1.849277385541882 1.8093003506962564 1.7687907337624107  
    1.7277929360116202 1.686352379168742 1.6445155120798782  
    1.6023297988204621 1.55984371462637 1.5171067265801859  
    1.474169269162623 1.43108270589086 1.3878992864054656  
    1.344672094966427 1.3014549702572817 1.2583024329913206  
    1.2152695910446376 1.1724120255098531 1.129785664693194  
    1.0874466513989856 1.045451175655535 1.003855313054661  
    0.9627148255238838 0.9220849646184734 0.8820202486935448  
    0.8425742291417617 0.8037992450079063 0.7657461651347985  
    0.7284641229686726 0.6920002442825434 0.6563993687355162  
    0.6217037793506155 0.5879529237393243 0.5551831569094922  
    0.5234274843410441 0.492715323707298 0.46307229399029304  
    0.43452002327694744 0.40707598400101414 0.38075336898365475  
    0.3555609951531674 0.33150325320339175 0.30858009238663153  
    0.28678705083918027 0.26611532692582696 0.24655188779766152  
    0.228079618516687 0.21067750029452506 0.19432081714016416  
    0.178981377505053 0.1646277416418868 0.15122543989983653  
    0.13873716308644518 0.1271228982952106 0.11633998199558393  
    0.10634302691297205 0.09708367203307644 0.08851008907599787  
    0.08056616815761933 0.07319029841016829 0.06631368320159024  
    0.05985821616253114 0.05373418772396178 0.047838650110378154  
    0.042056429525826125 0.03626786196699354 0.03037034935762796  
    0.024322996369412556 0.01821830341849057 0.012358537556438069  
    0.007259796839879153 0.0034742451814743338 0.0012459676326357111  
    0.00029647799631649986 3.8154465563372496e-05  
    1.7306727411473794e-06 7.807609440295565e-09 6.977381207567481e-16 
  _NZ_0 = 0.00041442870119999997 0.00041442870119999997 0.000413551302  
    0.0004126114731 0.00041161003470000006 0.00041054780760000004  
    0.00040942561215 0.00040824426885000003 0.00040700459805  
    0.00040570742025 0.0004043535561 0.0004029438258 0.00040147905015  
    0.00039996004935000004 0.00039838764390000004  
    0.00039676265445000005 0.00039508590135 0.00039335820510000004  
    0.00039158038620000003 0.00038975326515 0.00038787766215  
    0.00038595439799999997 0.0003839842932 0.00038196816795000004  
    0.0003799068429 0.0003778011384 0.0003756518751 0.00037345987335  
    0.00037122595365 0.00036895093650000005 0.0003666356424  
    0.0003642808917 0.00036188750490000004 0.00035945630265000003  
    0.00035698810530000003 0.0003544837332 0.000351944007  
    0.0003493697472 0.000346761774 0.0003441209082  
    0.00034144797015000003 0.0003387437802 0.00033600915885  
    0.0003332449266 0.00033045190395000003 0.00032763091125  
    0.00032478276885 0.00032190829724999993 0.0003190083168  
    0.00031608364785 0.0003131351106 0.00031016352525000003  
    0.00030716971169999997 0.00030415449000000005 0.00030111867975  
    0.0002980631001 0.0002949885702 0.00029189590814999994  
    0.0002887859313 0.0002856594558 0.00028251729630000003  
    0.00027936026475 0.0002761891704 0.00027300481755  
    0.00026980800510000003 0.00026659952295000005  
    0.00026338014960000005 0.00026015064795000003  
    0.00025691175870000004 0.00025366419269999996  
    0.00025040861939999996 0.000247145652 0.00024387582645000002  
    0.00024059957325000002 0.00023731717875 0.000234028734  
    0.00023073406395000002 0.0002274326334 0.000224123421  
    0.0002208047508 0.00021747407010000002 0.0002141276583  
    0.00021076024964999997 0.00020736455414999998 0.0002039306637  
    0.0002004453459 0.00019689125505 0.00019324615800000002  
    0.0001894823766 0.0001855668456 0.00018146245635  
    0.00017713171215000002 0.0001725439821 0.00016768744065  
    0.00016258543859999996 0.00015731390429999992 0.0001520118759  
    0.000146874470475 0.000142121694435 0.000137949444045  
    0.000134482998555 
  PNBE = 0.0 
  PNBI = 0.0 
  PRFE = 0.0 
  PRFI = 0.0 
  PFUSE = 64.35905336722209 
  PFUSI = 21.668681483923994 
  PEI = 1.3067187160156444 
  PRAD = -9.11632297723071 
  AREA = 244.5788914 
/


