&PROFILE_EXT
  NPSI_EXT = 257 
  PSIN_EXT = 0.0 0.00390625 0.0078125 0.01171875 0.015625 0.01953125  
    0.0234375 0.02734375 0.03125 0.03515625 0.0390625 0.04296875  
    0.046875 0.05078125 0.0546875 0.05859375 0.0625 0.06640625  
    0.0703125 0.07421875 0.078125 0.08203125 0.0859375 0.08984375  
    0.09375 0.09765625 0.1015625 0.10546875 0.109375 0.11328125  
    0.1171875 0.12109375 0.125 0.12890625 0.1328125 0.13671875 0.140625  
    0.14453125 0.1484375 0.15234375 0.15625 0.16015625 0.1640625  
    0.16796875 0.171875 0.17578125 0.1796875 0.18359375 0.1875  
    0.19140625 0.1953125 0.19921875 0.203125 0.20703125 0.2109375  
    0.21484375 0.21875 0.22265625 0.2265625 0.23046875 0.234375  
    0.23828125 0.2421875 0.24609375 0.25 0.25390625 0.2578125  
    0.26171875 0.265625 0.26953125 0.2734375 0.27734375 0.28125  
    0.28515625 0.2890625 0.29296875 0.296875 0.30078125 0.3046875  
    0.30859375 0.3125 0.31640625 0.3203125 0.32421875 0.328125  
    0.33203125 0.3359375 0.33984375 0.34375 0.34765625 0.3515625  
    0.35546875 0.359375 0.36328125 0.3671875 0.37109375 0.375  
    0.37890625 0.3828125 0.38671875 0.390625 0.39453125 0.3984375  
    0.40234375 0.40625 0.41015625 0.4140625 0.41796875 0.421875  
    0.42578125 0.4296875 0.43359375 0.4375 0.44140625 0.4453125  
    0.44921875 0.453125 0.45703125 0.4609375 0.46484375 0.46875  
    0.47265625 0.4765625 0.48046875 0.484375 0.48828125 0.4921875  
    0.49609375 0.5 0.50390625 0.5078125 0.51171875 0.515625 0.51953125  
    0.5234375 0.52734375 0.53125 0.53515625 0.5390625 0.54296875  
    0.546875 0.55078125 0.5546875 0.55859375 0.5625 0.56640625  
    0.5703125 0.57421875 0.578125 0.58203125 0.5859375 0.58984375  
    0.59375 0.59765625 0.6015625 0.60546875 0.609375 0.61328125  
    0.6171875 0.62109375 0.625 0.62890625 0.6328125 0.63671875 0.640625  
    0.64453125 0.6484375 0.65234375 0.65625 0.66015625 0.6640625  
    0.66796875 0.671875 0.67578125 0.6796875 0.68359375 0.6875  
    0.69140625 0.6953125 0.69921875 0.703125 0.70703125 0.7109375  
    0.71484375 0.71875 0.72265625 0.7265625 0.73046875 0.734375  
    0.73828125 0.7421875 0.74609375 0.75 0.75390625 0.7578125  
    0.76171875 0.765625 0.76953125 0.7734375 0.77734375 0.78125  
    0.78515625 0.7890625 0.79296875 0.796875 0.80078125 0.8046875  
    0.80859375 0.8125 0.81640625 0.8203125 0.82421875 0.828125  
    0.83203125 0.8359375 0.83984375 0.84375 0.84765625 0.8515625  
    0.85546875 0.859375 0.86328125 0.8671875 0.87109375 0.875  
    0.87890625 0.8828125 0.88671875 0.890625 0.89453125 0.8984375  
    0.90234375 0.90625 0.91015625 0.9140625 0.91796875 0.921875  
    0.92578125 0.9296875 0.93359375 0.9375 0.94140625 0.9453125  
    0.94921875 0.953125 0.95703125 0.9609375 0.96484375 0.96875  
    0.97265625 0.9765625 0.98046875 0.984375 0.98828125 0.9921875  
    0.99609375 1.0 
  PPRIME_EXT = 505429.6278564816 498993.8888845046 492618.81444494845  
    486304.40453781304 480050.65916309855 473857.57832080487  
    467725.162010932 461653.41023348004 455642.3229884488  
    449691.90027583844 443802.1420956489 437973.0484478802  
    432204.61933253234 426496.8547496053 420849.7546990991  
    415263.31918101374 409737.54819534917 404272.44174210547  
    398867.9998212826 393524.22243288055 388241.1095768993  
    383018.6612533389 377856.8774621993 372755.7582034806  
    367715.30347718275 362735.5132833057 358934.7879595197  
    356893.40388286626 354781.9007435923 352436.1282846623  
    349452.1746022501 345340.32144480874 340189.5335451888  
    334141.24272142595 327658.42370121647 321279.0514329287  
    315136.6019775881 309354.808875563 303944.5458706514  
    298807.28402565233 293935.2504018826 289336.5918241107  
    284975.65848321584 280867.757623509 276969.99216612044  
    273271.10192232847 269761.2881690892 266401.69236921205  
    263210.66437580634 260146.1581801652 257226.6972267668  
    254425.93151627248 251750.3956141829 249184.15386427025  
    246725.94254402665 244365.7979016875 242092.15175761626  
    239905.79171107762 237786.48097612103 235746.5042511711  
    233754.78351428843 231840.4851152713 229962.23082274813  
    228154.0333767325 226387.73846951243 224671.24735399417  
    223016.65449924307 221390.85136292194 219840.7585493287  
    218308.68178210518 216832.52549921698 215398.27589471848  
    213971.05317850487 212604.12399940443 211237.78039074887  
    209899.300701332 208605.47076763873 207301.4576724142  
    206042.22062091986 204805.05142826744 203552.9545686989  
    202331.8834221834 201098.32150567428 199835.86493875855  
    198581.84437356156 197285.89219430514 195944.84137200774  
    194605.0219782855 193223.1967243245 191795.19130369564  
    190373.85438976326 188927.04270689457 187434.05240076897  
    185941.81209639972 184434.91503763403 182880.20334529845  
    181312.07904438121 179733.39213819947 178102.95675282605  
    176442.733744342 174789.02416864858 173110.7458171851  
    171396.75298927736 169693.27558244782 168005.0673565082  
    166299.21805215272 164587.76543838426 162898.60167998375  
    161214.4314883065 159517.22105363995 157830.38715449494  
    156165.9212865336 154504.17878961697 152843.5790687956  
    151208.76650576742 149602.94493087532 148002.861760423  
    146405.9697977102 144833.76091114496 143282.6820990939  
    141727.1298294757 140165.25760345126 138615.47898723558  
    137079.53621803486 135540.1089483802 133993.13467787462  
    132451.86962939735 130921.40917315346 129389.66064785986  
    127847.17388848281 126299.5242741665 124756.41641876606  
    123212.79603106431 121663.1766835332 120115.0144062664  
    118580.36743018343 117066.07127998522 115569.03508188645  
    114086.82400232201 112629.48495412397 111207.64373451544  
    109812.71013017202 108434.13220863302 107076.67110490461  
    105750.59687803137 104454.63047622607 103179.47593693272  
    101924.59457794347 100696.60562633688 99502.83542551448  
    98342.41788167368 97207.01630357694 96093.27975903978  
    95009.03011772022 93960.17567873053 92937.05882902088  
    91931.27431438916 90945.29764607103 89984.05973740152  
    89048.61418047025 88134.44801886383 87236.82960899106  
    86355.0470565207 85495.8427148652 84663.73423066268  
    83851.12069182502 83051.79534568507 82268.92327575153  
    81508.46928384216 80768.52555661011 80042.3943455925  
    79327.47874833377 78622.56067755129 77930.72107633646  
    77254.390754674 76587.16471798404 75924.58238111016  
    75270.29361714207 74629.94780558834 74003.33569047222  
    73382.52949815869 72761.85242156714 72141.47847162226  
    71524.46374849156 70908.2029645554 70284.24687031422  
    69647.74166543022 69009.6502195377 68387.15499557025  
    67781.74983276131 67190.72444741274 66631.07280564384  
    66117.85859761926 65655.40551164318 65245.111861893296  
    64875.735458225536 64541.387518894146 64243.83169102635  
    64009.30101618427 63865.692500025136 63809.68261345549  
    63848.91200776097 64053.379883540474 64475.46007662147  
    65119.74800990199 65946.38744794248 66875.61053421343  
    67888.06558085687 68996.80322082811 70112.30872045181  
    71136.74844029371 72077.72430638707 72897.39646818656  
    73447.50671408244 73655.32593956136 73494.54648660005  
    73280.02995598353 73465.0646644024 74105.05026526535  
    75222.18627142205 77058.64276456212 79766.89136275124  
    83402.88126010032 87555.70938765476 91539.85685091853  
    95201.50917188438 98637.02573556636 102226.36476027654  
    106273.32459379402 110670.99715944531 116070.56508683528  
    123526.97673874913 133238.0310355312 145327.59082974805  
    160688.57155295997 179939.6498930923 203039.02863919776  
    230359.9157945721 262319.06363420386 299300.8971290517  
    340298.490193264 382076.47283644497 423247.6459300502  
    463847.54394577927 497369.1580468598 517978.2955833768  
    525662.0858169504 520615.1233880131 503360.2481491831  
    473625.75829468033 432072.6508659745 380996.24638258456  
    321280.4107425818 252521.6078681955 174510.27701300266  
    86868.25912135735 -10404.445809990168 
  FFPRIM_EXT = 8.180733081784263 8.30665390866776 8.423927967276082  
    8.539005174956328 8.652134958707201 8.763346453782026  
    8.872643323912829 8.980032893972346 9.0855154774721  
    9.189102349469126 9.290788076438535 9.390575452227143  
    9.488467611442314 9.584465651963995 9.678573509144726  
    9.770793222294085 9.861127517343064 9.949579115923626  
    10.036150054804368 10.120845078917842 10.203668948938937  
    10.284622679401084 10.363710846850111 10.440931066100507  
    10.516285082714848 10.589841444662616 10.630336449206064  
    10.621527329849805 10.614669016682011 10.6142311808591  
    10.631370447507763 10.679748647396565 10.756828785991427  
    10.858686279611227 10.972418370089308 11.083057349416844  
    11.186953592085166 11.280670702312865 11.36392001219982  
    11.439452228161024 11.507486319799188 11.56778826122936  
    11.621353426582044 11.667759936578957 11.708202499800883  
    11.743005189264311 11.772438480082819 11.797593606391327  
    11.817962978540132 11.834716284945664 11.847343145049933  
    11.856574210446091 11.862239554837913 11.864774664384974  
    11.864225382437809 11.860857778432397 11.855002990620743  
    11.846623595466449 11.836286348354058 11.823640775000401  
    11.80955460175714 11.79321393722163 11.775763508445944  
    11.756266437735302 11.735493811992384 11.713235947785215  
    11.6891422474821 11.664138303382385 11.636918869360663  
    11.609081099510217 11.579586039601054 11.548815007673657  
    11.51774944110748 11.484914100374557 11.451958394359206  
    11.418138121301276 11.382976257969393 11.347992394204693  
    11.31167187319496 11.274633619371334 11.237912181757789  
    11.200237395223944 11.162800450749918 11.126063081854896  
    11.088988949710465 11.052955434977216 11.018057287039445  
    10.983012393541895 10.949003737468512 10.916149391368618  
    10.882983216224233 10.850384677576265 10.818935392022945  
    10.78734238754614 10.756015755642597 10.725870960312708  
    10.69596485831839 10.666206078930928 10.637724077817644  
    10.609920656317676 10.581789133103861 10.554173248324357  
    10.527385270074495 10.500159299322194 10.472356013827065  
    10.444875775968239 10.417394931457363 10.389147796241328  
    10.360603405978877 10.33225747766961 10.303470558225818  
    10.273908216400287 10.244105128265488 10.214108475394465  
    10.183243656396318 10.151416780114115 10.11926441565645  
    10.086863819809881 10.053629548992799 10.019650971041514  
    9.985626981676202 9.95161642641778 9.917120042629342  
    9.882082005611519 9.846970873035016 9.81190163625136  
    9.776514208552763 9.740664109165117 9.704677197335567  
    9.668813281776552 9.632923385494216 9.596741457971387  
    9.56040047090201 9.524048285649677 9.487485727860587  
    9.45038654244253 9.412560308254168 9.374086603909655  
    9.335035066641295 9.29513622447176 9.25409673459205  
    9.212142338030262 9.169560734155326 9.126226598745108  
    9.081859857924904 9.036489210868044 8.99036504981887  
    8.943503433225647 8.895726199098586 8.846832366630728  
    8.796839452290598 8.745971821881334 8.69432435552425  
    8.641687930015506 8.587896741544942 8.533204359692796  
    8.47783886453965 8.421736523758767 8.364763216607901  
    8.306884672356336 8.248218191768146 8.18889195572607  
    8.128927780756525 8.068143417480183 8.006408897573  
    7.943923699369399 7.880857397658598 7.817127567377911  
    7.752571320410785 7.687232390163485 7.621285644106515  
    7.554798675549833 7.487804583795901 7.420221779555144  
    7.351979228940861 7.283236792135666 7.214113396106088  
    7.144516112077911 7.074295224008525 7.003444546616896  
    6.932167596166055 6.86061674301663 6.788788453194 6.716599124457102  
    6.64410811745247 6.571530312596643 6.498996406410521  
    6.426219256138311 6.352742896352811 6.2785198589804345  
    6.203619064018287 6.127592115084106 6.050042954548003  
    5.970857279040674 5.889987704906889 5.807726003175873  
    5.724230315800709 5.63945713130637 5.55270502336076  
    5.463227136382063 5.37112018955203 5.2761953981634555  
    5.176599387309348 5.0709474681336815 4.959115830467992  
    4.8421472697474295 4.722152945115973 4.599628468410708  
    4.474192849177631 4.348196338964168 4.2242163333907925  
    4.102021868695054 3.982590066397832 3.8698152041315783  
    3.765602229627599 3.6706882609628773 3.5767486406774336  
    3.47179813370691 3.3544447719816732 3.2241596352502198  
    3.0745589617847364 2.901645626102896 2.7039563611666293  
    2.492295079361572 2.2847915960085823 2.0855152659815803  
    1.8919198950207499 1.6939811545278451 1.4837713459938855  
    1.2643288348082447 1.0186115679039238 0.7189223365134078  
    0.3603404550108248 -0.060074763038022214 -0.5656115448681519  
    -1.172248040993927 -1.8783869263770043 -2.693327953829607  
    -3.627469728546997 -4.690712394273138 -5.856331598615396  
    -7.038701854410095 -8.201343480315083 -9.34643192582494  
    -10.303640835864678 -10.920362279166074 -11.197787127369903  
    -11.141592514915335 -10.766087971744177 -10.064941992447169  
    -9.05587352365799 -7.798502502864741 -6.313423779170365  
    -4.589876761672004 -2.619002382063994 -0.37944840356253207  
    2.1287851738866266 
  P_EXT = 1244957.8033101487 1234138.236495575 1223180.4334258307  
    1212379.548768856 1201754.5539559051 1191287.6224274617  
    1180944.0253677852 1170697.502898312 1160533.3568585603  
    1150449.1413645803 1140443.462073367 1130515.4089677632  
    1120663.3652328958 1110885.2122983588 1101178.4894504459  
    1091539.502988893 1081964.4679361545 1072450.3080668019  
    1062994.4819626603 1053595.3267262238 1044251.5302118051  
    1034961.5778430764 1025724.9058652918 1016540.4927361843  
    1007408.3507828137 998328.3902503545 989301.5980403384  
    980327.1894334175 971404.0279932516 962536.8828908582  
    953734.737471651 945021.3301748051 936424.6496926441  
    927968.3712724415 919671.1418213318 911535.4792072369  
    903557.0587549936 895728.4049636212 888039.8497964509  
    880483.3435322894 873052.4863510315 865740.2438340138  
    858540.3067608888 851446.6365467843 844453.0687113958  
    837554.9650554622 830746.977978762 824025.2158229596  
    817385.558663585 810824.1775768179 804338.0501809453  
    797923.2999184064 791577.5759420835 785297.136649739  
    779080.119925797 772923.0428907843 766824.4838006238  
    760781.4232401613 754792.6789603682 748855.7988771063  
    742969.6189151332 737132.3795840729 731342.5472846294  
    725599.2178641995 719900.3017574413 714245.4857411211  
    708632.5503571216 703060.9886777808 697529.1949345662  
    692035.8524329482 686580.575313372 681161.378997687  
    675778.3208267807 670430.2543302667 665116.2465381833  
    659836.4739762399 654589.4504758086 649375.0216143206  
    644192.93482631 639041.8463501722 633922.1126340999  
    628833.4325588646 623775.2991297257 618748.6191023487  
    613753.4856758821 608790.1155927599 603860.0004317691  
    598963.4966246474 594100.934615266 589273.7640169612  
    584482.3745562189 579726.7524773506 575008.0934496156  
    570326.952384505 565683.2577915052 561077.9645321044  
    556511.9509604565 551985.2751096152 547498.7767052436  
    543053.6833898765 538650.1415336288 534288.2413271824  
    529968.9580422346 525692.6279392685 521458.73410223523  
    517267.3424844159 513118.89613058267 509013.10051367956  
    504949.5100717858 500928.32608578523 496949.65478820005  
    493012.9650857345 489117.9307362301 485264.59040055395  
    481452.6289223594 477681.2474608999 473950.0120831269  
    470258.89586319076 466607.5647730089 462995.32433504733  
    459421.99364956573 455887.7793751801 452392.6224676499  
    448936.11483736336 445518.1300310966 442138.85842082347  
    438798.3433661569 435496.3234178351 432232.661835283  
    429007.53785192023 425821.1851674877 422673.594501783  
    419564.6707277155 416494.53827311634 413463.2653784993  
    410470.6722791387 407516.3046096123 404599.67910470103  
    401720.40795633756 398878.0311743364 396071.7565907151  
    393300.75677444227 390564.5261309959 387862.62202514056  
    385194.38204815215 382558.9910992015 379955.82137848414  
    377384.3837684411 374844.09086290316 372334.1755182594  
    369853.75728980446 367402.1064228391 364978.6564475679  
    362582.7939542196 360213.6695886528 357870.4877436101  
    355552.7428151245 353259.98024438776 350991.64070967794  
    348747.07530221966 346525.6859730202 344327.0054317284  
    342150.6375011747 339996.1218931114 337862.80520078936  
    335750.08326485695 333657.57091762277 331584.90859160083  
    329531.607327363 327497.09762723086 325480.96043469774  
    323482.8878276948 321502.6137412656 319539.8669373796  
    317594.2682075122 315665.49282117 313753.3926740653  
    311857.8151992354 309978.48033278564 308115.01787397644  
    306267.1737917575 304434.8921304463 302618.1734665935  
    300816.9779363973 299031.22426041367 297261.0047502321  
    295506.5829575892 293768.1924666633 292045.6272632787  
    290338.4423492161 288646.26079623937 286968.57369279035  
    285304.3326990071 283652.3470966356 282011.28639348666  
    280379.9709426336 278757.4836466755 277142.9209678593  
    275535.1368057596 273932.10265797656 272331.54824512673  
    270731.25914081093 269128.1523303912 267517.1714744058  
    265892.8590343852 264249.9003934743 262584.7988410132  
    260895.40154170332 259179.41643090674 257435.1642787323  
    255664.054418745 253868.36317926354 252050.379749876  
    250214.8212023459 248369.85764339345 246524.09680545644  
    244684.5645585534 242845.77300187683 240996.49831965985  
    239125.4260931043 237218.10314569896 235253.6585810924  
    233210.04980418953 231066.6953699781 228820.55258027563  
    226478.67922368864 224048.0995717469 221530.75966370213  
    218917.63589892586 216198.2350752129 213359.12586455047  
    210360.11997891602 207145.41965022028 203658.37057147684  
    199829.91736439633 195567.346302248 190773.80365288135  
    185349.6826031095 179182.517900087 172152.43680744787  
    164139.05429424997 155079.99133148912 144983.04267389918  
    133858.95329468907 121780.31194606882 109023.88087679993  
    95911.80036663698 82768.4007354078 69905.05387765719  
    57629.25436794115 46251.56311058636 36040.461440575265  
    27216.85778770726 20003.870792381837 14630.264353899525  
    11332.697071535793 10355.997116400207 
  F_EXT = 50.8906327375 50.88820807193269 50.88570585563836  
    50.88312758288551 50.88047477078882 50.8777488004637  
    50.874950565681644 50.87208087279726 50.86914069326856  
    50.86613101841866 50.86305274819976 50.859906793265964  
    50.85669409794593 50.85341563382582 50.85007230429167  
    50.84666503194322 50.84319473368091 50.839662357410525  
    50.83606882851098 50.83241509659692 50.828702074094615  
    50.82493069737115 50.82110188184541 50.817216525926554  
    50.81327540867352 50.809281696194184 50.805247745356084  
    50.80118746074294 50.79711140287936 50.79302496759652  
    50.78891856226432 50.784777994271565 50.780587543248714  
    50.77633283097652 50.77200595115629 50.7676027872787  
    50.76312621247605 50.75858131105325 50.75397350580296  
    50.749308151763074 50.744589711410526 50.73982217173473  
    50.73500888391236 50.730152827468416 50.7252568476529  
    50.720323630464435 50.71535571739321 50.7103556248733  
    50.70532584116611 50.70026883492051 50.695186819310294  
    50.69008198594234 50.68495655789572 50.67981273811451  
    50.67465262117382 50.66947820631607 50.66429132833717  
    50.65909364268114 50.653886375979724 50.64867061642855  
    50.643447310640575 50.63821735562386 50.63298144457488  
    50.6277402530433 50.62249441314003 50.617244479447294  
    50.61199082779291 50.60673369138878 50.601473270753715  
    50.5962097001404 50.590943231970535 50.585674196103824  
    50.580403192388815 50.57513093400996 50.56985823602902  
    50.564585927081175 50.559314779645526 50.55404550157317  
    50.54877881280227 50.54351544555247 50.538256301265605  
    50.53300232880794 50.52775445646578 50.52251358106081  
    50.51728058017072 50.512056224748505 50.50684119858033  
    50.501636136937016 50.49644171984936 50.49125851392746  
    50.48608684644833 50.48092698033982 50.47577938139854  
    50.47064454562449 50.465522859619476 50.46041465404146  
    50.45532024768563 50.450239904619416 50.44517382317051  
    50.440122142374136 50.435084916328165 50.430062118870524  
    50.425053696772004 50.4200595967929 50.41507980692781  
    50.41011428981872 50.40516296901215 50.40022577493996  
    50.39530276363632 50.39039396730223 50.385499345884554  
    50.38061882349922 50.375752391447165 50.37090000949322  
    50.366061575781664 50.36123696490574 50.35642614009181  
    50.35162911453287 50.34684594689145 50.34207672149701  
    50.337321526293415 50.33258051413579 50.32785392731189  
    50.32314205268304 50.31844512198374 50.3137633538488  
    50.309096968182274 50.30444619145345 50.29981128149988  
    50.29519249739877 50.290590095617 50.286004351499955  
    50.28143562827681 50.27688428135088 50.27235063382902  
    50.26783501668848 50.2633378597738 50.25885960292497  
    50.254400645718185 50.249961376452546 50.2455422187587  
    50.24114359429467 50.236765889237674 50.23240946922177  
    50.228074706412166 50.22376198957963 50.219471732161296  
    50.21520433232601 50.21096016456231 50.20673958846329  
    50.20254297402654 50.198370706100775 50.19422318171806  
    50.190100808332716 50.18600399469604 50.18193314066187  
    50.177888617945875 50.173870800428055 50.16988006282604  
    50.165916781873776 50.16198132666365 50.158074077841334  
    50.15419542488788 50.15034575525479 50.146525431657174  
    50.142734814931565 50.13897427836785 50.135244201278105  
    50.13154497385112 50.12787698943371 50.12424061267282  
    50.12063615965499 50.11706390447483 50.113524114451586  
    50.11001715893098 50.10654335795132 50.103102878869905  
    50.09969591746412 50.0963227900491 50.09298386877781  
    50.08967933648141 50.086409358769814 50.08317411537408  
    50.079973783713214 50.07680852120582 50.07367841054155  
    50.07058344015201 50.06752367285941 50.064499345531715  
    50.06151083233706 50.058558451743124 50.05564266313836  
    50.05276408827772 50.049923469857056 50.047121555532655  
    50.0443590687858 50.041636700947585 50.0389551734593  
    50.03631529913661 50.03371804525108 50.0311646219789  
    50.02865658777663 50.02619585359531 50.023784696064965  
    50.0214257662521 50.0191215824665 50.0168742108819  
    50.01468524826393 50.01255574115757 50.01048618037932  
    50.00847644702708 50.00652578046531 50.004632839439374  
    50.00279557180628 50.001010793402344 49.99927592112452  
    49.997589632774094 49.99595217699641 49.994365962160046  
    49.99283509409605 49.99136493136011 49.98996180803161  
    49.98863316778312 49.9873854097611 49.98622165937711  
    49.98514411068289 49.98415503588062 49.98325771701187  
    49.982457720832606 49.981764458083006 49.98119193572182  
    49.98075957493698 49.98049320566828 49.98042468429941  
    49.98059179856237 49.98103823022052 49.98181304788165  
    49.98297106927515 49.98457226249783 49.98667661204549  
    49.98932944652191 49.992560007008635 49.996380466189436  
    50.00077402454126 50.00566646470762 50.01094418344687  
    50.01645484859088 50.02202242409899 50.02748131229339  
    50.032671829361036 50.037442032334724 50.04165291751601  
    50.0451804517122 50.047905121895795 50.04970165992207  
    50.05044251737332 50.05 
/

