@R IP 1 []
  9.999999995e+06
@R BCENTR 1 []
  1.100000000e+01
@R RMAJOR 1 []
  4.550000000e+00
@R AMINOR 1 []
  1.109293836e+00
@R KAPPA 1 []
  1.352101897e+00
@R DELTA 1 []
 -3.246611342e-01
@I NRHO 1 []
              101
@R RHOB 1 []
  1.266863809e+00
@R RHO 101 []
  0.000000000e+00  1.000000000e-02  2.000000000e-02  3.000000000e-02
  4.000000000e-02  5.000000000e-02  6.000000000e-02  7.000000000e-02
  8.000000000e-02  9.000000000e-02  1.000000000e-01  1.100000000e-01
  1.200000000e-01  1.300000000e-01  1.400000000e-01  1.500000000e-01
  1.600000000e-01  1.700000000e-01  1.800000000e-01  1.900000000e-01
  2.000000000e-01  2.100000000e-01  2.200000000e-01  2.300000000e-01
  2.400000000e-01  2.500000000e-01  2.600000000e-01  2.700000000e-01
  2.800000000e-01  2.900000000e-01  3.000000000e-01  3.100000000e-01
  3.200000000e-01  3.300000000e-01  3.400000000e-01  3.500000000e-01
  3.600000000e-01  3.700000000e-01  3.800000000e-01  3.900000000e-01
  4.000000000e-01  4.100000000e-01  4.200000000e-01  4.300000000e-01
  4.400000000e-01  4.500000000e-01  4.600000000e-01  4.700000000e-01
  4.800000000e-01  4.900000000e-01  5.000000000e-01  5.100000000e-01
  5.200000000e-01  5.300000000e-01  5.400000000e-01  5.500000000e-01
  5.600000000e-01  5.700000000e-01  5.800000000e-01  5.900000000e-01
  6.000000000e-01  6.100000000e-01  6.200000000e-01  6.300000000e-01
  6.400000000e-01  6.500000000e-01  6.600000000e-01  6.700000000e-01
  6.800000000e-01  6.900000000e-01  7.000000000e-01  7.100000000e-01
  7.200000000e-01  7.300000000e-01  7.400000000e-01  7.500000000e-01
  7.600000000e-01  7.700000000e-01  7.800000000e-01  7.900000000e-01
  8.000000000e-01  8.100000000e-01  8.200000000e-01  8.300000000e-01
  8.400000000e-01  8.500000000e-01  8.600000000e-01  8.700000000e-01
  8.800000000e-01  8.900000000e-01  9.000000000e-01  9.100000000e-01
  9.200000000e-01  9.300000000e-01  9.400000000e-01  9.500000000e-01
  9.600000000e-01  9.700000000e-01  9.800000000e-01  9.900000000e-01
  1.000000000e+00
@R VOLP 101 []
  0.000000000e+00  2.443610477e+00  4.887076114e+00  7.330251073e+00
  9.772994164e+00  1.221516398e+01  1.465661957e+01  1.709722824e+01
  1.953685966e+01  2.197538350e+01  2.441267968e+01  2.684863331e+01
  2.928312932e+01  3.171606503e+01  3.414734604e+01  3.657687397e+01
  3.900456327e+01  4.143034302e+01  4.385413664e+01  4.627587680e+01
  4.869551103e+01  5.111298647e+01  5.352825205e+01  5.594126955e+01
  5.835200201e+01  6.076040759e+01  6.316646372e+01  6.557016038e+01
  6.797148256e+01  7.037041163e+01  7.276691565e+01  7.516094425e+01
  7.755243882e+01  7.994134203e+01  8.232760105e+01  8.471115464e+01
  8.709193812e+01  8.946989583e+01  9.184496192e+01  9.421706181e+01
  9.658613216e+01  9.895210511e+01  1.013148959e+02  1.036744307e+02
  1.060306365e+02  1.083834265e+02  1.107327135e+02  1.130784133e+02
  1.154204464e+02  1.177587145e+02  1.200931223e+02  1.224235792e+02
  1.247499965e+02  1.270722614e+02  1.293902796e+02  1.317039692e+02
  1.340132166e+02  1.363179151e+02  1.386179746e+02  1.409132984e+02
  1.432037854e+02  1.454893359e+02  1.477698600e+02  1.500452750e+02
  1.523154843e+02  1.545804039e+02  1.568399712e+02  1.590941169e+02
  1.613427702e+02  1.635858880e+02  1.658234339e+02  1.680553742e+02
  1.702816877e+02  1.725023783e+02  1.747174633e+02  1.769269501e+02
  1.791308702e+02  1.813292964e+02  1.835222702e+02  1.857097936e+02
  1.878918011e+02  1.900680946e+02  1.922383868e+02  1.944021786e+02
  1.965586038e+02  1.987062560e+02  2.008426058e+02  2.029640256e+02
  2.050652926e+02  2.071371866e+02  2.091666978e+02  2.111407665e+02
  2.130504046e+02  2.148948498e+02  2.166853575e+02  2.184389584e+02
  2.201777226e+02  2.219467180e+02  2.238332642e+02  2.259230578e+02
  2.282622543e+02
@R IPOL 101 []
  1.014823697e+00  1.014821610e+00  1.014815337e+00  1.014804847e+00
  1.014790084e+00  1.014770976e+00  1.014747426e+00  1.014719321e+00
  1.014686530e+00  1.014648905e+00  1.014606281e+00  1.014558484e+00
  1.014505324e+00  1.014446602e+00  1.014382109e+00  1.014311634e+00
  1.014234951e+00  1.014151855e+00  1.014062122e+00  1.013965561e+00
  1.013861953e+00  1.013751107e+00  1.013632850e+00  1.013507014e+00
  1.013373451e+00  1.013232033e+00  1.013082670e+00  1.012925269e+00
  1.012759667e+00  1.012585770e+00  1.012403703e+00  1.012213675e+00
  1.012015885e+00  1.011810547e+00  1.011597893e+00  1.011378161e+00
  1.011151589e+00  1.010918434e+00  1.010678968e+00  1.010433467e+00
  1.010182230e+00  1.009925527e+00  1.009663672e+00  1.009396999e+00
  1.009125793e+00  1.008850403e+00  1.008571161e+00  1.008288404e+00
  1.008002492e+00  1.007713761e+00  1.007422596e+00  1.007129334e+00
  1.006834374e+00  1.006538066e+00  1.006240804e+00  1.005942967e+00
  1.005644928e+00  1.005347095e+00  1.005049841e+00  1.004753553e+00
  1.004458639e+00  1.004165482e+00  1.003874460e+00  1.003585985e+00
  1.003300442e+00  1.003018203e+00  1.002739665e+00  1.002465214e+00
  1.002195230e+00  1.001930087e+00  1.001670156e+00  1.001415814e+00
  1.001167441e+00  1.000925402e+00  1.000690078e+00  1.000461847e+00
  1.000241111e+00  1.000028296e+00  9.998238736e-01  9.996283620e-01
  9.994423837e-01  9.992666970e-01  9.991022698e-01  9.989503644e-01
  9.988126673e-01  9.986914547e-01  9.985897949e-01  9.985117823e-01
  9.984627015e-01  9.984489873e-01  9.984777482e-01  9.985553941e-01
  9.986851439e-01  9.988637313e-01  9.990787791e-01  9.993092025e-01
  9.995303153e-01  9.997212162e-01  9.998720700e-01  9.999790107e-01
  1.000000000e+00
@R G11 101 []
  0.000000000e+00  2.455021767e+00  4.910199885e+00  7.365351582e+00
  9.820886322e+00  1.227712263e+01  1.473388263e+01  1.719086012e+01
  1.964843170e+01  2.210711208e+01  2.456674654e+01  2.702674353e+01
  2.948859110e+01  3.194990327e+01  3.441451391e+01  3.687278879e+01
  3.933480234e+01  4.180037384e+01  4.427054040e+01  4.674650759e+01
  4.921070491e+01  5.168881167e+01  5.416927179e+01  5.664389059e+01
  5.911945544e+01  6.160100731e+01  6.408721753e+01  6.657292247e+01
  6.906008527e+01  7.154901748e+01  7.404002361e+01  7.653332529e+01
  7.902931196e+01  8.152818769e+01  8.403165586e+01  8.653712352e+01
  8.904109069e+01  9.154772474e+01  9.406057593e+01  9.658396648e+01
  9.910371278e+01  1.016188011e+02  1.041546426e+02  1.066872688e+02
  1.092154500e+02  1.117652560e+02  1.143052280e+02  1.168588654e+02
  1.194137217e+02  1.219751754e+02  1.245431661e+02  1.271148354e+02
  1.296986281e+02  1.322790352e+02  1.348822600e+02  1.374752476e+02
  1.400860231e+02  1.427109919e+02  1.453270121e+02  1.479668062e+02
  1.506191209e+02  1.532649828e+02  1.559317928e+02  1.586183356e+02
  1.613065163e+02  1.640019241e+02  1.667197059e+02  1.694573215e+02
  1.722029624e+02  1.749595937e+02  1.777342505e+02  1.805350546e+02
  1.833549662e+02  1.861908584e+02  1.890457108e+02  1.919208009e+02
  1.948266477e+02  1.977636361e+02  2.007251328e+02  2.037148848e+02
  2.067342739e+02  2.097883695e+02  2.128891688e+02  2.160363646e+02
  2.192266119e+02  2.224669987e+02  2.257623462e+02  2.291353934e+02
  2.325966757e+02  2.361490586e+02  2.398089454e+02  2.436098779e+02
  2.475783029e+02  2.517014101e+02  2.559624626e+02  2.603855007e+02
  2.649578501e+02  2.696223837e+02  2.743824573e+02  2.792109550e+02
  2.841114558e+02
@R G22 101 []
  0.000000000e+00  1.254178145e-02  2.508449591e-02  3.762734631e-02
  5.017257418e-02  6.272193952e-02  7.527466891e-02  8.782936460e-02
  1.003881022e-01  1.129536499e-01  1.255253992e-01  1.381005045e-01
  1.506867178e-01  1.632720491e-01  1.758763052e-01  1.884504017e-01
  2.010460444e-01  2.136625560e-01  2.263054347e-01  2.389810459e-01
  2.515998544e-01  2.642933691e-01  2.770027139e-01  2.896862654e-01
  3.023789812e-01  3.151068340e-01  3.278633227e-01  3.406223797e-01
  3.533942866e-01  3.661808599e-01  3.789838820e-01  3.918046317e-01
  4.046451964e-01  4.175067494e-01  4.303981828e-01  4.433063210e-01
  4.562133460e-01  4.691407914e-01  4.821069689e-01  4.951341019e-01
  5.081496487e-01  5.211485560e-01  5.342611706e-01  5.473646783e-01
  5.604529198e-01  5.736597175e-01  5.868236597e-01  6.000655088e-01
  6.133214362e-01  6.266191142e-01  6.399582003e-01  6.533241481e-01
  6.667603703e-01  6.801870941e-01  6.937390466e-01  7.072463420e-01
  7.208530334e-01  7.345405118e-01  7.481897093e-01  7.619690043e-01
  7.758202984e-01  7.896457393e-01  8.035863909e-01  8.176358488e-01
  8.317005725e-01  8.458091222e-01  8.600394785e-01  8.743782114e-01
  8.887639794e-01  9.032117592e-01  9.177575151e-01  9.324426591e-01
  9.472302405e-01  9.621035500e-01  9.770773567e-01  9.921573465e-01
  1.007396923e+00  1.022797168e+00  1.038322496e+00  1.053990481e+00
  1.069805865e+00  1.085791527e+00  1.102005651e+00  1.118441563e+00
  1.135075005e+00  1.151933050e+00  1.169025470e+00  1.186449552e+00
  1.204231012e+00  1.222334386e+00  1.240777168e+00  1.259668051e+00
  1.279099092e+00  1.298999140e+00  1.319329450e+00  1.340280637e+00
  1.361871319e+00  1.383992042e+00  1.407025799e+00  1.431140424e+00
  1.456422387e+00
@R G33 101 []
  9.176439739e-01  9.176548789e-01  9.176877479e-01  9.177426918e-01
  9.178193297e-01  9.179176672e-01  9.180377495e-01  9.181792287e-01
  9.183418960e-01  9.185257140e-01  9.187303505e-01  9.189554923e-01
  9.192010108e-01  9.194665281e-01  9.197516221e-01  9.200561431e-01
  9.203797478e-01  9.207218845e-01  9.210823104e-01  9.214606700e-01
  9.218564639e-01  9.222693152e-01  9.226989048e-01  9.231447882e-01
  9.236065871e-01  9.240840658e-01  9.245767336e-01  9.250840130e-01
  9.256055590e-01  9.261410827e-01  9.266903185e-01  9.272531750e-01
  9.278296611e-01  9.284197400e-01  9.290232932e-01  9.296402835e-01
  9.302706936e-01  9.309143810e-01  9.315712839e-01  9.322414126e-01
  9.329246211e-01  9.336208289e-01  9.343300579e-01  9.350521865e-01
  9.357871214e-01  9.365348180e-01  9.372952295e-01  9.380682616e-01
  9.388537488e-01  9.396516873e-01  9.404619808e-01  9.412845301e-01
  9.421191476e-01  9.429658612e-01  9.438245010e-01  9.446948119e-01
  9.455767633e-01  9.464702257e-01  9.473749741e-01  9.482908132e-01
  9.492175447e-01  9.501549781e-01  9.511028546e-01  9.520608368e-01
  9.530286966e-01  9.540061340e-01  9.549926960e-01  9.559879845e-01
  9.569916198e-01  9.580030674e-01  9.590217668e-01  9.600471468e-01
  9.610785760e-01  9.621153085e-01  9.631565298e-01  9.642015024e-01
  9.652493529e-01  9.662989847e-01  9.673494526e-01  9.683999921e-01
  9.694500954e-01  9.704997934e-01  9.715493296e-01  9.725996706e-01
  9.736530954e-01  9.747137989e-01  9.757904051e-01  9.768953756e-01
  9.780470042e-01  9.792805202e-01  9.806468590e-01  9.821960868e-01
  9.839611187e-01  9.859428917e-01  9.880970833e-01  9.903636335e-01
  9.926655498e-01  9.948214966e-01  9.964558781e-01  9.972058457e-01
  9.969352701e-01
@R GRADRHO 101 []
  1.006348236e+00  9.982799486e-01  9.983030226e-01  9.983215404e-01
  9.983666221e-01  9.984368581e-01  9.985166424e-01  9.985958424e-01
  9.986861177e-01  9.987976942e-01  9.989227734e-01  9.990477327e-01
  9.991984967e-01  9.993334957e-01  9.995128692e-01  9.995974091e-01
  9.997335112e-01  9.999106371e-01  1.000134169e+00  1.000409907e+00
  1.000551837e+00  1.000827738e+00  1.001112654e+00  1.001333320e+00
  1.001555350e+00  1.001819356e+00  1.002110099e+00  1.002385969e+00
  1.002662524e+00  1.002941640e+00  1.003225186e+00  1.003514242e+00
  1.003810727e+00  1.004115280e+00  1.004437430e+00  1.004760482e+00
  1.005064697e+00  1.005374566e+00  1.005708567e+00  1.006087268e+00
  1.006435323e+00  1.006750028e+00  1.007156520e+00  1.007535135e+00
  1.007882134e+00  1.008317207e+00  1.008695602e+00  1.009122391e+00
  1.009541831e+00  1.009976492e+00  1.010425023e+00  1.010875172e+00
  1.011359542e+00  1.011816612e+00  1.012346006e+00  1.012821691e+00
  1.013347602e+00  1.013907900e+00  1.014419632e+00  1.014997091e+00
  1.015598337e+00  1.016158706e+00  1.016768986e+00  1.017422048e+00
  1.018057811e+00  1.018693523e+00  1.019374556e+00  1.020089966e+00
  1.020801792e+00  1.021517412e+00  1.022255399e+00  1.023035983e+00
  1.023835605e+00  1.024642652e+00  1.025462527e+00  1.026295436e+00
  1.027165548e+00  1.028069046e+00  1.028984052e+00  1.029915703e+00
  1.030862694e+00  1.031832700e+00  1.032849653e+00  1.033906726e+00
  1.034990500e+00  1.036113439e+00  1.037284346e+00  1.038553954e+00
  1.039945141e+00  1.041471163e+00  1.043187056e+00  1.045182514e+00
  1.047514645e+00  1.050136690e+00  1.052962573e+00  1.055976138e+00
  1.059072568e+00  1.061973526e+00  1.064369672e+00  1.065853398e+00
  1.066217142e+00
@R AREA 101 []
  0.000000000e+00  2.439444382e+00  4.878798853e+00  7.318111676e+00
  9.757314936e+00  1.219631456e+01  1.463506989e+01  1.707355735e+01
  1.951176896e+01  2.194964219e+01  2.438712758e+01  2.682419265e+01
  2.926082481e+01  3.169695732e+01  3.413263733e+01  3.656774921e+01
  3.900263160e+01  4.143681873e+01  4.387056059e+01  4.630337884e+01
  4.873565455e+01  5.116729372e+01  5.359806538e+01  5.602812510e+01
  5.845752794e+01  6.088624646e+01  6.331416852e+01  6.574131978e+01
  6.816772318e+01  7.059339025e+01  7.301832784e+01  7.544254091e+01
  7.786603104e+01  8.028879741e+01  8.271083214e+01  8.513211881e+01
  8.755271434e+01  8.997266104e+01  9.239194030e+01  9.481050228e+01
  9.722831139e+01  9.964554756e+01  1.020621466e+02  1.044779896e+02
  1.068933021e+02  1.093079804e+02  1.117219896e+02  1.141355140e+02
  1.165483478e+02  1.189607557e+02  1.213725111e+02  1.237838800e+02
  1.261946556e+02  1.286050651e+02  1.310149989e+02  1.334245235e+02
  1.358337758e+02  1.382426135e+02  1.406512153e+02  1.430596329e+02
  1.454677921e+02  1.478758497e+02  1.502839089e+02  1.526919079e+02
  1.550999624e+02  1.575082076e+02  1.599167320e+02  1.623255399e+02
  1.647347674e+02  1.671445623e+02  1.695550752e+02  1.719663976e+02
  1.743786474e+02  1.767920130e+02  1.792066954e+02  1.816229104e+02
  1.840408738e+02  1.864607716e+02  1.888828769e+02  1.913074943e+02
  1.937349552e+02  1.961656181e+02  1.985998360e+02  2.010379589e+02
  2.034804237e+02  2.059276905e+02  2.083802232e+02  2.108384416e+02
  2.133026349e+02  2.157730660e+02  2.182497876e+02  2.207325620e+02
  2.232208368e+02  2.257140614e+02  2.282119689e+02  2.307147662e+02
  2.332230855e+02  2.357388115e+02  2.382661124e+02  2.408127129e+02
  2.433896441e+02
@R A 101 []
  0.000000000e+00  1.130933723e-02  2.261817890e-02  3.392680523e-02
  4.523553335e-02  5.654403885e-02  6.785215462e-02  7.916006860e-02
  9.046773581e-02  1.017749326e-01  1.130816874e-01  1.243879952e-01
  1.356937654e-01  1.469987805e-01  1.583034560e-01  1.696072759e-01
  1.809118290e-01  1.922150531e-01  2.035181309e-01  2.148188055e-01
  2.261189153e-01  2.374180305e-01  2.487149753e-01  2.600104564e-01
  2.713047354e-01  2.825975892e-01  2.938883699e-01  3.051771634e-01
  3.164639656e-01  3.277486385e-01  3.390311149e-01  3.503112987e-01
  3.615890102e-01  3.728641025e-01  3.841364313e-01  3.954057317e-01
  4.066720797e-01  4.179355399e-01  4.291958413e-01  4.404525453e-01
  4.517052880e-01  4.629547188e-01  4.742003221e-01  4.854412907e-01
  4.966784529e-01  5.079110932e-01  5.191387587e-01  5.303620166e-01
  5.415796548e-01  5.527925813e-01  5.639993886e-01  5.752009966e-01
  5.863960886e-01  5.975853236e-01  6.087677819e-01  6.199433646e-01
  6.311122558e-01  6.422732999e-01  6.534268218e-01  6.645725534e-01
  6.757095740e-01  6.868379765e-01  6.979576277e-01  7.090675732e-01
  7.201676060e-01  7.312575724e-01  7.423370787e-01  7.534052782e-01
  7.644618492e-01  7.755064561e-01  7.865387478e-01  7.975580042e-01
  8.085635158e-01  8.195548322e-01  8.305314667e-01  8.414928761e-01
  8.524383943e-01  8.633670996e-01  8.742783549e-01  8.851715084e-01
  8.960458454e-01  9.069006499e-01  9.177350160e-01  9.285479102e-01
  9.393387226e-01  9.501067846e-01  9.608516494e-01  9.715732212e-01
  9.822710640e-01  9.929457619e-01  1.003597867e+00  1.014228811e+00
  1.024842032e+00  1.035442537e+00  1.046035225e+00  1.056622078e+00
  1.067203915e+00  1.077775267e+00  1.088325364e+00  1.098839897e+00
  1.109293836e+00
@R RTOR 101 []
  4.749788681e+00  4.749773025e+00  4.749725887e+00  4.749646819e+00
  4.749536300e+00  4.749394500e+00  4.749221239e+00  4.749016771e+00
  4.748781345e+00  4.748514968e+00  4.748217863e+00  4.747890340e+00
  4.747532512e+00  4.747144597e+00  4.746726957e+00  4.746279822e+00
  4.745803329e+00  4.745297967e+00  4.744763977e+00  4.744201683e+00
  4.743611395e+00  4.742993493e+00  4.742348294e+00  4.741676107e+00
  4.740977299e+00  4.740252154e+00  4.739500999e+00  4.738724237e+00
  4.737922203e+00  4.737095178e+00  4.736243488e+00  4.735367420e+00
  4.734467195e+00  4.733542991e+00  4.732594995e+00  4.731623347e+00
  4.730628092e+00  4.729609326e+00  4.728567153e+00  4.727501611e+00
  4.726412752e+00  4.725300564e+00  4.724165063e+00  4.723006279e+00
  4.721824128e+00  4.720618638e+00  4.719389773e+00  4.718137399e+00
  4.716861586e+00  4.715562131e+00  4.714239058e+00  4.712892152e+00
  4.711521461e+00  4.710126737e+00  4.708707916e+00  4.707264879e+00
  4.705797414e+00  4.704305445e+00  4.702788733e+00  4.701247107e+00
  4.699680446e+00  4.698088464e+00  4.696470924e+00  4.694827699e+00
  4.693158505e+00  4.691463021e+00  4.689741002e+00  4.687992229e+00
  4.686216353e+00  4.684413032e+00  4.682581930e+00  4.680722728e+00
  4.678835064e+00  4.676918520e+00  4.674972682e+00  4.672997096e+00
  4.670991265e+00  4.668954748e+00  4.666887027e+00  4.664787513e+00
  4.662655570e+00  4.660490412e+00  4.658291183e+00  4.656056948e+00
  4.653786449e+00  4.651478289e+00  4.649130633e+00  4.646741066e+00
  4.644307064e+00  4.641824144e+00  4.639285474e+00  4.636683358e+00
  4.634007836e+00  4.631247875e+00  4.628394230e+00  4.625441202e+00
  4.622383558e+00  4.619222479e+00  4.615965744e+00  4.612629161e+00
  4.609238391e+00
@R SHIFT 101 []
  1.997886806e-01  1.997730245e-01  1.997258875e-01  1.996468192e-01
  1.995363003e-01  1.993945000e-01  1.992212395e-01  1.990167707e-01
  1.987813451e-01  1.985149681e-01  1.982178627e-01  1.978903398e-01
  1.975325117e-01  1.971445974e-01  1.967269569e-01  1.962798216e-01
  1.958033292e-01  1.952979673e-01  1.947639767e-01  1.942016829e-01
  1.936113946e-01  1.929934928e-01  1.923482943e-01  1.916761070e-01
  1.909772989e-01  1.902521542e-01  1.895009994e-01  1.887242371e-01
  1.879222026e-01  1.870951781e-01  1.862434878e-01  1.853674198e-01
  1.844671947e-01  1.835429910e-01  1.825949948e-01  1.816233473e-01
  1.806280921e-01  1.796093258e-01  1.785671534e-01  1.775016106e-01
  1.764127522e-01  1.753005640e-01  1.741650634e-01  1.730062792e-01
  1.718241280e-01  1.706186380e-01  1.693897730e-01  1.681373991e-01
  1.668615865e-01  1.655621313e-01  1.642390580e-01  1.628921520e-01
  1.615214610e-01  1.601267369e-01  1.587079162e-01  1.572648786e-01
  1.557974135e-01  1.543054451e-01  1.527887334e-01  1.512471071e-01
  1.496804463e-01  1.480884638e-01  1.464709241e-01  1.448276990e-01
  1.431585046e-01  1.414630215e-01  1.397410021e-01  1.379922285e-01
  1.362163527e-01  1.344130318e-01  1.325819297e-01  1.307227276e-01
  1.288350640e-01  1.269185195e-01  1.249726821e-01  1.229970961e-01
  1.209912651e-01  1.189547482e-01  1.168870270e-01  1.147875130e-01
  1.126555703e-01  1.104904123e-01  1.082911826e-01  1.060569482e-01
  1.037864485e-01  1.014782893e-01  9.913063253e-02  9.674106576e-02
  9.430706383e-02  9.182414416e-02  8.928547411e-02  8.668335755e-02
  8.400783575e-02  8.124787506e-02  7.839422978e-02  7.544120161e-02
  7.238355778e-02  6.922247872e-02  6.596574373e-02  6.262916056e-02
  5.923839072e-02
@R ELONG 101 []
  1.291502752e+00  1.291511481e+00  1.291537668e+00  1.291575531e+00
  1.291586902e+00  1.291588581e+00  1.291591496e+00  1.291595160e+00
  1.291602376e+00  1.291610824e+00  1.291619706e+00  1.291629189e+00
  1.291642514e+00  1.291659057e+00  1.291677039e+00  1.291697641e+00
  1.291721838e+00  1.291749988e+00  1.291781770e+00  1.291817904e+00
  1.291858378e+00  1.291903843e+00  1.291955085e+00  1.292011976e+00
  1.292074740e+00  1.292143923e+00  1.292220438e+00  1.292304149e+00
  1.292395399e+00  1.292494921e+00  1.292603046e+00  1.292720097e+00
  1.292846369e+00  1.292982221e+00  1.293127720e+00  1.293283353e+00
  1.293449388e+00  1.293625903e+00  1.293813193e+00  1.294011561e+00
  1.294221326e+00  1.294442613e+00  1.294675739e+00  1.294921010e+00
  1.295178723e+00  1.295449101e+00  1.295732505e+00  1.296029344e+00
  1.296339792e+00  1.296664313e+00  1.297003276e+00  1.297357091e+00
  1.297726099e+00  1.298110800e+00  1.298511651e+00  1.298929107e+00
  1.299363721e+00  1.299815999e+00  1.300286556e+00  1.300775938e+00
  1.301284829e+00  1.301813974e+00  1.302364028e+00  1.302935731e+00
  1.303529974e+00  1.304147691e+00  1.304789745e+00  1.305457102e+00
  1.306150890e+00  1.306872336e+00  1.307622622e+00  1.308403009e+00
  1.309214953e+00  1.310060010e+00  1.310939810e+00  1.311856108e+00
  1.312810851e+00  1.313806155e+00  1.314844243e+00  1.315927505e+00
  1.317058530e+00  1.318239943e+00  1.319474542e+00  1.320765337e+00
  1.322115409e+00  1.323528083e+00  1.325005975e+00  1.326551214e+00
  1.328166092e+00  1.329851121e+00  1.331602109e+00  1.333413282e+00
  1.335275307e+00  1.337176544e+00  1.339108019e+00  1.341066836e+00
  1.343050940e+00  1.345078154e+00  1.347203964e+00  1.349509300e+00
  1.352101897e+00
@R TRIAG 101 []
  0.000000000e+00  3.070461712e-02  2.892978556e-02  2.713466711e-02
  2.533985307e-02  2.354340364e-02  2.173777316e-02  1.992439536e-02
  1.810384731e-02  1.627383739e-02  1.443406868e-02  1.258454912e-02
  1.072367802e-02  8.850949467e-03  6.966564019e-03  5.069021025e-03
  3.156777423e-03  1.230152288e-03 -7.116891105e-04 -2.669426741e-03
 -4.643657353e-03 -6.634782655e-03 -8.643530065e-03 -1.067054149e-02
 -1.271631683e-02 -1.478171743e-02 -1.686743114e-02 -1.897383768e-02
 -2.110156994e-02 -2.325132989e-02 -2.542375537e-02 -2.761959666e-02
 -2.983968881e-02 -3.208447945e-02 -3.435426404e-02 -3.664954000e-02
 -3.897108807e-02 -4.131951022e-02 -4.369532197e-02 -4.609927334e-02
 -4.853209304e-02 -5.099467741e-02 -5.348776885e-02 -5.601204519e-02
 -5.856852303e-02 -6.115801396e-02 -6.378144928e-02 -6.643993351e-02
 -6.913418933e-02 -7.186560596e-02 -7.463516081e-02 -7.744418195e-02
 -8.029360132e-02 -8.318495382e-02 -8.611951043e-02 -8.909872305e-02
 -9.212407235e-02 -9.519702640e-02 -9.831940561e-02 -1.014930619e-01
 -1.047196149e-01 -1.080012001e-01 -1.113402953e-01 -1.147398511e-01
 -1.182023263e-01 -1.217301867e-01 -1.253260217e-01 -1.289924830e-01
 -1.327326260e-01 -1.365494634e-01 -1.404462776e-01 -1.444265223e-01
 -1.484940510e-01 -1.526529005e-01 -1.569074601e-01 -1.612625456e-01
 -1.657234429e-01 -1.702954322e-01 -1.749839659e-01 -1.797955651e-01
 -1.847375001e-01 -1.898179516e-01 -1.950455006e-01 -2.004293895e-01
 -2.059797766e-01 -2.117071742e-01 -2.176208977e-01 -2.237336234e-01
 -2.300591989e-01 -2.366105253e-01 -2.433910328e-01 -2.503913450e-01
 -2.575911395e-01 -2.649700763e-01 -2.725495630e-01 -2.803912970e-01
 -2.885403619e-01 -2.969924057e-01 -3.057249272e-01 -3.148577862e-01
 -3.246611342e-01
@R PMHD 101 []
  1.629150461e+06  1.628633486e+06  1.627084190e+06  1.624507453e+06
  1.620911379e+06  1.616307249e+06  1.610709461e+06  1.604135445e+06
  1.596605540e+06  1.588142939e+06  1.578773495e+06  1.568525563e+06
  1.557429779e+06  1.545519186e+06  1.532828196e+06  1.519393830e+06
  1.505252047e+06  1.490444786e+06  1.475010851e+06  1.458994437e+06
  1.442434781e+06  1.425374455e+06  1.407857094e+06  1.389923250e+06
  1.371613595e+06  1.352968517e+06  1.334027893e+06  1.314830901e+06
  1.295424012e+06  1.275848374e+06  1.256126602e+06  1.236274670e+06
  1.216310104e+06  1.196249833e+06  1.176110524e+06  1.155908953e+06
  1.135661066e+06  1.115382371e+06  1.095088689e+06  1.074795982e+06
  1.054519824e+06  1.034273638e+06  1.014072523e+06  9.939316768e+05
  9.738633433e+05  9.538824478e+05  9.340025543e+05  9.142346354e+05
  8.945936872e+05  8.750899379e+05  8.557368824e+05  8.365446268e+05
  8.175257406e+05  7.986897688e+05  7.800480659e+05  7.616104410e+05
  7.433859097e+05  7.253850264e+05  7.076157105e+05  6.900864629e+05
  6.728063013e+05  6.557822145e+05  6.390212239e+05  6.225311360e+05
  6.063181190e+05  5.903878442e+05  5.747458957e+05  5.593979883e+05
  5.443485139e+05  5.296012737e+05  5.151595028e+05  5.010261134e+05
  4.872030317e+05  4.736906351e+05  4.604878602e+05  4.475917246e+05
  4.349966430e+05  4.226934690e+05  4.106674877e+05  3.988965917e+05
  3.873480468e+05  3.759739817e+05  3.647052591e+05  3.534424505e+05
  3.420432510e+05  3.303066990e+05  3.179534291e+05  3.046041900e+05
  2.897635462e+05  2.728214628e+05  2.531002829e+05  2.299830535e+05
  2.031548842e+05  1.729194845e+05  1.404568715e+05  1.077934659e+05
  7.731504915e+04  5.105146515e+04  2.996785789e+04  1.439417141e+04
  8.046177323e+03
@R QMHD 101 []
  9.883438367e-01  9.884028529e-01  9.885800195e-01  9.888756811e-01
  9.892903864e-01  9.898248475e-01  9.904798848e-01  9.912563566e-01
  9.921550763e-01  9.931767057e-01  9.943216470e-01  9.955899233e-01
  9.969813371e-01  9.984955995e-01  1.000132557e+00  1.001893652e+00
  1.003781241e+00  1.005795128e+00  1.007935200e+00  1.010201823e+00
  1.012597672e+00  1.015125288e+00  1.017782867e+00  1.020572134e+00
  1.023496010e+00  1.026555062e+00  1.029752130e+00  1.033088413e+00
  1.036565195e+00  1.040183993e+00  1.043948746e+00  1.047861884e+00
  1.051924825e+00  1.056141455e+00  1.060515001e+00  1.065048525e+00
  1.069744776e+00  1.074608258e+00  1.079642320e+00  1.084850769e+00
  1.090238006e+00  1.095808460e+00  1.101566766e+00  1.107516888e+00
  1.113665075e+00  1.120016107e+00  1.126574952e+00  1.133348497e+00
  1.140342243e+00  1.147563287e+00  1.155017496e+00  1.162713181e+00
  1.170656385e+00  1.178855928e+00  1.187319694e+00  1.196056853e+00
  1.205076799e+00  1.214387863e+00  1.224001181e+00  1.233927661e+00
  1.244178309e+00  1.254764770e+00  1.265700280e+00  1.276997577e+00
  1.288670935e+00  1.300735495e+00  1.313207060e+00  1.326101929e+00
  1.339438120e+00  1.353234921e+00  1.367512609e+00  1.382291995e+00
  1.397595485e+00  1.413448283e+00  1.429876149e+00  1.446906652e+00
  1.464570090e+00  1.482899065e+00  1.501929364e+00  1.521698585e+00
  1.542246552e+00  1.563615858e+00  1.585851063e+00  1.609002657e+00
  1.633129143e+00  1.658294250e+00  1.684571938e+00  1.712048380e+00
  1.740816157e+00  1.770970672e+00  1.802549605e+00  1.835630124e+00
  1.870346582e+00  1.906786124e+00  1.945051195e+00  1.985251033e+00
  2.027683696e+00  2.072677002e+00  2.120826795e+00  2.172883241e+00
  2.229902132e+00
@R ER 101 []
  0.000000000e+00  0.000000000e+00  0.000000000e+00  0.000000000e+00
  0.000000000e+00  0.000000000e+00  0.000000000e+00  0.000000000e+00
  0.000000000e+00  0.000000000e+00  0.000000000e+00  0.000000000e+00
  0.000000000e+00  0.000000000e+00  0.000000000e+00  0.000000000e+00
  0.000000000e+00  0.000000000e+00  0.000000000e+00  0.000000000e+00
  0.000000000e+00  0.000000000e+00  0.000000000e+00  0.000000000e+00
  0.000000000e+00  0.000000000e+00  0.000000000e+00  0.000000000e+00
  0.000000000e+00  0.000000000e+00  0.000000000e+00  0.000000000e+00
  0.000000000e+00  0.000000000e+00  0.000000000e+00  0.000000000e+00
  0.000000000e+00  0.000000000e+00  0.000000000e+00  0.000000000e+00
  0.000000000e+00  0.000000000e+00  0.000000000e+00  0.000000000e+00
  0.000000000e+00  0.000000000e+00  0.000000000e+00  0.000000000e+00
  0.000000000e+00  0.000000000e+00  0.000000000e+00  0.000000000e+00
  0.000000000e+00  0.000000000e+00  0.000000000e+00  0.000000000e+00
  0.000000000e+00  0.000000000e+00  0.000000000e+00  0.000000000e+00
  0.000000000e+00  0.000000000e+00  0.000000000e+00  0.000000000e+00
  0.000000000e+00  0.000000000e+00  0.000000000e+00  0.000000000e+00
  0.000000000e+00  0.000000000e+00  0.000000000e+00  0.000000000e+00
  0.000000000e+00  0.000000000e+00  0.000000000e+00  0.000000000e+00
  0.000000000e+00  0.000000000e+00  0.000000000e+00  0.000000000e+00
  0.000000000e+00  0.000000000e+00  0.000000000e+00  0.000000000e+00
  0.000000000e+00  0.000000000e+00  0.000000000e+00  0.000000000e+00
  0.000000000e+00  0.000000000e+00  0.000000000e+00  0.000000000e+00
  0.000000000e+00  0.000000000e+00  0.000000000e+00  0.000000000e+00
  0.000000000e+00  0.000000000e+00  0.000000000e+00  0.000000000e+00
  0.000000000e+00
@R NC1 101 []
  9.985000475e-01  9.385117198e-01  9.153746921e-01  8.984319272e-01
  8.846569073e-01  8.728851028e-01  8.625222648e-01  8.532161063e-01
  8.447387482e-01  8.369331913e-01  8.296849116e-01  8.229078866e-01
  8.165358992e-01  8.105156429e-01  8.048045934e-01  7.993685403e-01
  7.941774720e-01  7.892076302e-01  7.844377927e-01  7.798509169e-01
  7.754303836e-01  7.711626186e-01  7.670362833e-01  7.630404247e-01
  7.591655318e-01  7.554033401e-01  7.517463155e-01  7.481874340e-01
  7.447204880e-01  7.413399830e-01  7.380409762e-01  7.348189784e-01
  7.316700863e-01  7.285907044e-01  7.255772514e-01  7.226265948e-01
  7.197358025e-01  7.169018794e-01  7.141223269e-01  7.113949042e-01
  7.087172357e-01  7.060870407e-01  7.035025040e-01  7.009617768e-01
  6.984628637e-01  6.960042608e-01  6.935843830e-01  6.912015963e-01
  6.888546849e-01  6.865419895e-01  6.842625939e-01  6.820149265e-01
  6.797980401e-01  6.776107219e-01  6.754519621e-01  6.733206450e-01
  6.712157891e-01  6.691365341e-01  6.670818821e-01  6.650509692e-01
  6.630430003e-01  6.610571305e-01  6.590925074e-01  6.571483987e-01
  6.552241022e-01  6.533188100e-01  6.514317405e-01  6.495623235e-01
  6.477097879e-01  6.458734107e-01  6.440525250e-01  6.422464536e-01
  6.404545535e-01  6.386761210e-01  6.369104689e-01  6.351570441e-01
  6.334151720e-01  6.316841946e-01  6.299635895e-01  6.282527456e-01
  6.265514328e-01  6.248596583e-01  6.231772800e-01  6.215051791e-01
  6.198440676e-01  6.181953769e-01  6.165635095e-01  6.149517336e-01
  6.133672978e-01  6.118242729e-01  6.103375962e-01  6.089260361e-01
  6.076020284e-01  6.063589424e-01  6.051673119e-01  6.040035736e-01
  6.028315226e-01  6.015780064e-01  6.001256441e-01  5.983497544e-01
  5.962132050e-01
@R HFAC1 101 []
  1.000000000e+00  9.976192633e-01  9.952393169e-01  9.928601755e-01
  9.904817673e-01  9.881043009e-01  9.857279000e-01  9.833524737e-01
  9.809780574e-01  9.786047712e-01  9.762325466e-01  9.738613473e-01
  9.714912199e-01  9.691221084e-01  9.667538232e-01  9.643864941e-01
  9.620196631e-01  9.596536037e-01  9.572880264e-01  9.549233130e-01
  9.525588769e-01  9.501947043e-01  9.478309554e-01  9.454673056e-01
  9.431035769e-01  9.407397457e-01  9.383757400e-01  9.360113038e-01
  9.336463013e-01  9.312806577e-01  9.289143159e-01  9.265472723e-01
  9.241796070e-01  9.218113830e-01  9.194425611e-01  9.170731865e-01
  9.147032399e-01  9.123325869e-01  9.099612501e-01  9.075893239e-01
  9.052167481e-01  9.028433032e-01  9.004690894e-01  8.980941467e-01
  8.957181843e-01  8.933412958e-01  8.909634641e-01  8.885844457e-01
  8.862043822e-01  8.838229288e-01  8.814403203e-01  8.790561615e-01
  8.766705873e-01  8.742833575e-01  8.718944819e-01  8.695037479e-01
  8.671109992e-01  8.647163125e-01  8.623193750e-01  8.599200460e-01
  8.575183008e-01  8.551139025e-01  8.527066222e-01  8.502963783e-01
  8.478829946e-01  8.454662059e-01  8.430457348e-01  8.406214873e-01
  8.381931845e-01  8.357605051e-01  8.333231443e-01  8.308808431e-01
  8.284333494e-01  8.259802811e-01  8.235212134e-01  8.210558287e-01
  8.185837335e-01  8.161045092e-01  8.136177989e-01  8.111232458e-01
  8.086207276e-01  8.061103888e-01  8.035923365e-01  8.010673758e-01
  7.985365302e-01  7.960015348e-01  7.934667603e-01  7.909369290e-01
  7.884200722e-01  7.859318643e-01  7.834914589e-01  7.811185723e-01
  7.788250004e-01  7.766046110e-01  7.744282416e-01  7.722664733e-01
  7.700805996e-01  7.677903417e-01  7.652546417e-01  7.623364786e-01
  7.589942897e-01
@R HFAC2 101 []
  1.000000000e+00  9.952470157e-01  9.905125279e-01  9.857964735e-01
  9.810986192e-01  9.764192857e-01  9.717586224e-01  9.671163554e-01
  9.624924597e-01  9.578870775e-01  9.532999797e-01  9.487310009e-01
  9.441801373e-01  9.396471879e-01  9.351316979e-01  9.306338246e-01
  9.261526082e-01  9.216884778e-01  9.172408033e-01  9.128102146e-01
  9.083955240e-01  9.039966242e-01  8.996137324e-01  8.952461660e-01
  8.908935202e-01  8.865556777e-01  8.822324299e-01  8.779232363e-01
  8.736277807e-01  8.693458626e-01  8.650773195e-01  8.608220884e-01
  8.565802602e-01  8.523518945e-01  8.481368628e-01  8.439351878e-01
  8.397467834e-01  8.355713535e-01  8.314088848e-01  8.272594913e-01
  8.231230089e-01  8.189990039e-01  8.148876021e-01  8.107888170e-01
  8.067020963e-01  8.026275554e-01  7.985651124e-01  7.945143047e-01
  7.904753271e-01  7.864475453e-01  7.824313163e-01  7.784259272e-01
  7.744315611e-01  7.704477775e-01  7.664745493e-01  7.625114792e-01
  7.585582744e-01  7.546150235e-01  7.506811722e-01  7.467564562e-01
  7.428407952e-01  7.389337719e-01  7.350349839e-01  7.311442617e-01
  7.272612921e-01  7.233856172e-01  7.195167613e-01  7.156545485e-01
  7.117985010e-01  7.079480787e-01  7.041027778e-01  7.002621614e-01
  6.964258076e-01  6.925930910e-01  6.887633216e-01  6.849359895e-01
  6.811104584e-01  6.772860507e-01  6.734622060e-01  6.696383628e-01
  6.658143505e-01  6.619904442e-01  6.581668546e-01  6.543449343e-01
  6.505263876e-01  6.467140422e-01  6.429149869e-01  6.391367806e-01
  6.353921563e-01  6.317061587e-01  6.281093963e-01  6.246333596e-01
  6.212968270e-01  6.180898564e-01  6.149654463e-01  6.118763702e-01
  6.087611290e-01  6.054909467e-01  6.018397611e-01  5.975911153e-01
  5.926830809e-01
