 26-Aug-25 07/09/2014
     1               1
  0.100000000E+01
*   1.000             1               0 MAR   3   2 CLC    40   41
  0.000000000E+00 0.170000000E+03 0.200000000E+01 0.679320679E+06
  0.679320679E+06 0.172153716E+03 0.820715453E+00 0.413844853E+02
  0.134285886E+01-0.373087495E+00-0.308902814E+00 0.773935214E+07
  0.176378962E+03 0.182765865E+01 0.229804470E+01 0.101851907E+01
  0.511881353E+00 0.861418767E+00 0.100000000E+11 0.106376256E+02
  0.100000000E+11 0.100000000E+11 0.200533787E+01-0.122786006E+01
  0.768398022E+02 0.107163935E+03 0.524127842E+02
  0.000000000E+00 0.000000000E+00 0.000000000E+00
  0.825866429E+02 0.795806911E+02
  0.000000000E+00 0.000000000E+00
  0.163713914E+01 0.278588024E+00 0.202381550E+01 0.872057717E+00
  0.766303122E+00 0.219760602E+01-0.500000000E+02-0.500000000E+02
 -0.500000000E+02 0.303674890E+00 0.704797325E+04 0.183505965E+06
  0.820115273E-04 0.128835532E+01 0.961384759E+00 0.689770352E-02
  0.127784406E+01 0.172673788E+03 0.000000000E+00 0.000000000E+00
 -0.999000000E+03-0.999000000E+03-0.999000000E+03-0.999000000E+03
 -0.100000000E+03-0.500000000E+02 0.194579821E+01 0.191596328E+01
  0.775338379E+01 0.398102819E+02 0.100000000E+03 0.106376256E+02
  0.177456428E+03 0.205810311E+01 0.467202312E+00 0.000000000E+00
  0.100504983E+01 0.199980407E+01 0.360303490E+06 0.000000000E+00
  0.000000000E+00 0.000000000E+00 0.855878709E+00 0.100000000E+02
    44   60   18    6
  0.174231803E+00 0.136248269E+00 0.188039991E+00 0.153397886E+00
  0.689839091E-01-0.180050553E-01 0.545992228E+00-0.679679346E-01
 -0.473299765E+00 0.244216215E+00 0.141730709E+00 0.163895564E-01
 -0.427551373E-01-0.698206509E-01-0.857479485E-01 0.558670217E+00
 -0.757439790E-01 0.214149025E-02 0.217289399E+00 0.156197455E+00
  0.164406740E+00 0.169002837E+00 0.103212229E+00 0.228122180E-01
 -0.336079949E+00 0.404974890E+00 0.434291155E+00 0.281658346E-01
  0.791781922E-01 0.202290954E+00 0.817711895E-01-0.113604921E-01
 -0.476207567E-01-0.611347100E-01 0.112585480E+00 0.481756492E+00
  0.470739424E+00-0.447731399E-01 0.261901512E-01-0.243215979E-01
  0.773753425E-02 0.203211196E-01 0.688937552E-01 0.131918046E+00
  0.109154542E+00 0.244428937E+00 0.239320212E+00-0.153737762E+00
 -0.259025028E+00-0.408105381E-01 0.290615734E+00 0.642810445E+00
  0.295712246E+00-0.159032014E+00-0.334945462E+00-0.882042559E-01
  0.234145241E+00 0.319112074E+00 0.253294086E+00-0.388862125E-01
  0.126320951E+00 0.261497356E+00 0.188119675E+00 0.202153376E+00
  0.208017265E+00 0.198771314E+00 0.261913082E+00-0.104661544E+00
 -0.314063416E+00-0.287619994E+00-0.615910996E-01 0.299181765E+00
  0.358020210E+00 0.269149204E+00 0.395450402E+00 0.770784843E+00
  0.308126259E+00 0.415606349E-01-0.195708381E+00-0.271053720E+00
 -0.700226586E-01 0.885039472E-01 0.317774307E+00 0.251041390E+00
  0.359931848E+00 0.107385279E+00-0.602939454E-01-0.250506086E+00
 -0.306554239E+00-0.105332830E+00 0.258495257E+00 0.199671175E+00
  0.207023933E+00 0.202458539E+00 0.185023750E+00 0.258478133E+00
  0.128178029E+00-0.352286923E-01 0.111918841E+00 0.244321445E+00
  0.241548005E+00-0.139101181E+00-0.264348160E+00-0.389065038E-01
  0.251268722E+05-0.557401466E+05 0.255877954E+06 0.246935993E+06
  0.106788698E+06-0.312919521E+06 0.620129816E+06-0.442235318E+05
 -0.779454039E+06 0.345725417E+06 0.829749813E+05-0.124711284E+06
 -0.118939854E+06-0.105135992E+06-0.412092714E+06 0.562900898E+06
 -0.125241808E+06-0.142686018E+06
  0.000000000E+00 0.000000000E+00 0.000000000E+00 0.000000000E+00
  0.000000000E+00 0.000000000E+00
  0.000000000E+00 0.000000000E+00 0.000000000E+00 0.000000000E+00
  0.000000000E+00 0.000000000E+00 0.000000000E+00 0.000000000E+00
  0.000000000E+00 0.000000000E+00 0.554512290E+02 0.000000000E+00
  0.236598266E+00 0.687266886E+00 0.400000006E+02-0.141264428E+00
 -0.114489365E+01 0.000000000E+00 0.999000000E+03 0.191426404E+01
 -0.100000000E+02 0.961384759E+00 0.000000000E+00 0.392228428E-01
 -0.100000000E+02 0.000000000E+00 0.219095063E+01 0.000000000E+00
  0.135634992E+00 0.246351511E+01 0.130769231E+01 0.213319640E+01
  0.337371035E+02 0.331886997E+01-0.890000000E+02-0.890000000E+02
 -0.890000000E+02-0.890000000E+02-0.890000000E+02-0.890000000E+02
 -0.890000000E+02-0.890000000E+02-0.890000000E+02-0.890000000E+02
 -0.890000000E+02-0.890000000E+02-0.890000000E+02-0.890000000E+02
 -0.890000000E+02 0.000000000E+00 0.708851788E+00 0.948334557E+00
  0.141297175E+03 0.184937500E+03 0.000000000E+00 0.824874701E+00
  0.100000000E+01 0.000000000E+00 0.000000000E+00 0.000000000E+00
                                            EQG
