@R RHO 101 []
0.000000e+00 1.000000e-02 2.000000e-02 3.000000e-02 4.000000e-02 
5.000000e-02 6.000000e-02 7.000000e-02 8.000000e-02 9.000000e-02 
1.000000e-01 1.100000e-01 1.200000e-01 1.300000e-01 1.400000e-01 
1.500000e-01 1.600000e-01 1.700000e-01 1.800000e-01 1.900000e-01 
2.000000e-01 2.100000e-01 2.200000e-01 2.300000e-01 2.400000e-01 
2.500000e-01 2.600000e-01 2.700000e-01 2.800000e-01 2.900000e-01 
3.000000e-01 3.100000e-01 3.200000e-01 3.300000e-01 3.400000e-01 
3.500000e-01 3.600000e-01 3.700000e-01 3.800000e-01 3.900000e-01 
4.000000e-01 4.100000e-01 4.200000e-01 4.300000e-01 4.400000e-01 
4.500000e-01 4.600000e-01 4.700000e-01 4.800000e-01 4.900000e-01 
5.000000e-01 5.100000e-01 5.200000e-01 5.300000e-01 5.400000e-01 
5.500000e-01 5.600000e-01 5.700000e-01 5.800000e-01 5.900000e-01 
6.000000e-01 6.100000e-01 6.200000e-01 6.300000e-01 6.400000e-01 
6.500000e-01 6.600000e-01 6.700000e-01 6.800000e-01 6.900000e-01 
7.000000e-01 7.100000e-01 7.200000e-01 7.300000e-01 7.400000e-01 
7.500000e-01 7.600000e-01 7.700000e-01 7.800000e-01 7.900000e-01 
8.000000e-01 8.100000e-01 8.200000e-01 8.300000e-01 8.400000e-01 
8.500000e-01 8.600000e-01 8.700000e-01 8.800000e-01 8.900000e-01 
9.000000e-01 9.100000e-01 9.200000e-01 9.300000e-01 9.400000e-01 
9.500000e-01 9.600000e-01 9.700000e-01 9.800000e-01 9.900000e-01 
1.000000e+00 
@R ENE 101 []
2.076338e+01 2.076258e+01 2.076017e+01 2.075616e+01 2.075054e+01 
2.074333e+01 2.073451e+01 2.072409e+01 2.071208e+01 2.069847e+01 
2.068328e+01 2.066650e+01 2.064813e+01 2.062819e+01 2.060667e+01 
2.058359e+01 2.055894e+01 2.053273e+01 2.050497e+01 2.047566e+01 
2.044482e+01 2.041245e+01 2.037855e+01 2.034313e+01 2.030621e+01 
2.026778e+01 2.022787e+01 2.018647e+01 2.014360e+01 2.009927e+01 
2.005348e+01 2.000611e+01 1.995798e+01 1.991057e+01 1.986538e+01 
1.982387e+01 1.978634e+01 1.975148e+01 1.971836e+01 1.968606e+01 
1.965366e+01 1.962005e+01 1.958494e+01 1.954863e+01 1.951139e+01 
1.947352e+01 1.943602e+01 1.939946e+01 1.936347e+01 1.932769e+01 
1.929173e+01 1.925515e+01 1.921754e+01 1.917861e+01 1.913808e+01 
1.909566e+01 1.905115e+01 1.900422e+01 1.895441e+01 1.890123e+01 
1.884423e+01 1.878250e+01 1.871481e+01 1.864016e+01 1.855753e+01 
1.846594e+01 1.836531e+01 1.825728e+01 1.814346e+01 1.802548e+01 
1.790493e+01 1.778420e+01 1.766505e+01 1.754817e+01 1.743426e+01 
1.732400e+01 1.721786e+01 1.711548e+01 1.701633e+01 1.691991e+01 
1.682569e+01 1.673250e+01 1.663982e+01 1.654811e+01 1.645784e+01 
1.636947e+01 1.628694e+01 1.621177e+01 1.614081e+01 1.607089e+01 
1.599888e+01 1.581291e+01 1.560459e+01 1.534857e+01 1.499458e+01 
1.445394e+01 1.360891e+01 1.240519e+01 1.101627e+01 9.804787e+00 
8.995343e+00 
@R TE 101 []
1.327378e+01 1.327079e+01 1.326183e+01 1.324691e+01 1.322605e+01 
1.319928e+01 1.316663e+01 1.312815e+01 1.308389e+01 1.303391e+01 
1.297828e+01 1.291707e+01 1.285035e+01 1.277823e+01 1.270079e+01 
1.261814e+01 1.253038e+01 1.243764e+01 1.234002e+01 1.223765e+01 
1.213068e+01 1.201922e+01 1.190343e+01 1.178344e+01 1.165942e+01 
1.153150e+01 1.139986e+01 1.126464e+01 1.112602e+01 1.098416e+01 
1.083922e+01 1.069228e+01 1.054483e+01 1.039770e+01 1.025173e+01 
1.010776e+01 9.966201e+00 9.826930e+00 9.689916e+00 9.555136e+00 
9.422563e+00 9.292165e+00 9.163875e+00 9.037621e+00 8.913328e+00 
8.790923e+00 8.670392e+00 8.551697e+00 8.434727e+00 8.319372e+00 
8.205522e+00 8.092940e+00 7.981464e+00 7.871104e+00 7.761866e+00 
7.653758e+00 7.547009e+00 7.441818e+00 7.338150e+00 7.235970e+00 
7.135242e+00 7.035730e+00 6.937160e+00 6.839440e+00 6.742477e+00 
6.646178e+00 6.549966e+00 6.453638e+00 6.357669e+00 6.262529e+00 
6.168693e+00 6.076275e+00 5.985053e+00 5.894992e+00 5.806059e+00 
5.718220e+00 5.631592e+00 5.546226e+00 5.461989e+00 5.378746e+00 
5.296364e+00 5.213990e+00 5.131483e+00 5.049775e+00 4.969800e+00 
4.892491e+00 4.823533e+00 4.765009e+00 4.712447e+00 4.661376e+00 
4.607324e+00 4.492640e+00 4.372549e+00 4.233518e+00 4.044663e+00 
3.741993e+00 3.221570e+00 2.406971e+00 1.426273e+00 5.996588e-01 
9.664111e-02 
@R TI 101 []
1.208931e+01 1.208688e+01 1.207961e+01 1.206749e+01 1.205055e+01 
1.202880e+01 1.200227e+01 1.197099e+01 1.193501e+01 1.189435e+01 
1.184908e+01 1.179924e+01 1.174489e+01 1.168611e+01 1.162295e+01 
1.155549e+01 1.148382e+01 1.140800e+01 1.132814e+01 1.124433e+01 
1.115665e+01 1.106522e+01 1.097013e+01 1.087149e+01 1.076942e+01 
1.066402e+01 1.055542e+01 1.044372e+01 1.032907e+01 1.021157e+01 
1.009136e+01 9.969874e+00 9.848642e+00 9.727897e+00 9.607875e+00 
9.488812e+00 9.371052e+00 9.254843e+00 9.140280e+00 9.027456e+00 
8.916466e+00 8.807331e+00 8.699959e+00 8.594271e+00 8.490189e+00 
8.387633e+00 8.286472e+00 8.186571e+00 8.087853e+00 7.990238e+00 
7.893648e+00 7.797990e+00 7.703247e+00 7.609457e+00 7.516657e+00 
7.424887e+00 7.334292e+00 7.245001e+00 7.157021e+00 7.070361e+00 
6.985029e+00 6.900956e+00 6.818045e+00 6.736256e+00 6.655552e+00 
6.575892e+00 6.497340e+00 6.419866e+00 6.343302e+00 6.267476e+00 
6.192217e+00 6.117122e+00 6.041759e+00 5.965913e+00 5.889369e+00 
5.811912e+00 5.733464e+00 5.654176e+00 5.574172e+00 5.493579e+00 
5.412522e+00 5.331398e+00 5.250587e+00 5.170186e+00 5.090293e+00 
5.011005e+00 4.931712e+00 4.851889e+00 4.771763e+00 4.691562e+00 
4.611512e+00 4.495427e+00 4.374086e+00 4.234044e+00 4.044561e+00 
3.741797e+00 3.221728e+00 2.407294e+00 1.426164e+00 5.993649e-01 
9.685720e-02 
@R FP 102 []
-1.220028e-13 -1.220028e-13 1.070954e-02 3.212555e-02 6.424278e-02 
1.070522e-01 1.605420e-01 2.246970e-01 2.994993e-01 3.849278e-01 
4.809569e-01 5.875575e-01 7.047010e-01 8.323512e-01 9.704755e-01 
1.119028e+00 1.277984e+00 1.447308e+00 1.626933e+00 1.816774e+00 
2.016800e+00 2.226966e+00 2.447157e+00 2.677341e+00 2.917471e+00 
3.167453e+00 3.427194e+00 3.696627e+00 3.975677e+00 4.264259e+00 
4.562284e+00 4.869660e+00 5.186293e+00 5.512084e+00 5.846932e+00 
6.190733e+00 6.543376e+00 6.904736e+00 7.274712e+00 7.653210e+00 
8.040098e+00 8.435215e+00 8.838447e+00 9.249708e+00 9.668800e+00 
1.009560e+01 1.053000e+01 1.097180e+01 1.142088e+01 1.187707e+01 
1.234022e+01 1.281017e+01 1.328673e+01 1.376976e+01 1.425904e+01 
1.475446e+01 1.525576e+01 1.576280e+01 1.627539e+01 1.679327e+01 
1.731632e+01 1.784430e+01 1.837696e+01 1.891412e+01 1.945559e+01 
2.000111e+01 2.055043e+01 2.110334e+01 2.165963e+01 2.221904e+01 
2.278130e+01 2.334617e+01 2.391343e+01 2.448281e+01 2.505405e+01 
2.562687e+01 2.620100e+01 2.677617e+01 2.735212e+01 2.792856e+01 
2.850520e+01 2.908174e+01 2.965787e+01 3.023330e+01 3.080772e+01 
3.138084e+01 3.195232e+01 3.252183e+01 3.308904e+01 3.365361e+01 
3.421522e+01 3.477351e+01 3.532809e+01 3.587858e+01 3.642461e+01 
3.696580e+01 3.750174e+01 3.803215e+01 3.855678e+01 3.907526e+01 
3.958721e+01 3.983974e+01 
@R CURPAR 102 []
3.741854e+00 3.741854e+00 3.741854e+00 3.740737e+00 3.738833e+00 
3.736123e+00 3.732638e+00 3.728403e+00 3.723436e+00 3.717747e+00 
3.711343e+00 3.704224e+00 3.696394e+00 3.687851e+00 3.678597e+00 
3.668630e+00 3.657952e+00 3.646562e+00 3.634460e+00 3.621646e+00 
3.608120e+00 3.593882e+00 3.578933e+00 3.563271e+00 3.546898e+00 
3.529813e+00 3.512016e+00 3.493507e+00 3.474286e+00 3.454353e+00 
3.433708e+00 3.412352e+00 3.390284e+00 3.367503e+00 3.344011e+00 
3.319807e+00 3.294891e+00 3.269263e+00 3.242923e+00 3.215872e+00 
3.188108e+00 3.159633e+00 3.130446e+00 3.100547e+00 3.069936e+00 
3.038613e+00 3.006578e+00 2.973831e+00 2.940373e+00 2.906202e+00 
2.871320e+00 2.835726e+00 2.799420e+00 2.762402e+00 2.724672e+00 
2.686230e+00 2.647076e+00 2.607211e+00 2.566633e+00 2.525344e+00 
2.483343e+00 2.440630e+00 2.397205e+00 2.353068e+00 2.308219e+00 
2.262659e+00 2.216386e+00 2.169402e+00 2.121706e+00 2.073298e+00 
2.024178e+00 1.974346e+00 1.923802e+00 1.872546e+00 1.820579e+00 
1.767899e+00 1.714508e+00 1.660405e+00 1.605590e+00 1.550063e+00 
1.493824e+00 1.436873e+00 1.379210e+00 1.320836e+00 1.261749e+00 
1.201951e+00 1.141441e+00 1.080219e+00 1.018286e+00 9.556426e-01 
8.922977e-01 8.282779e-01 7.636632e-01 6.986592e-01 6.337256e-01 
5.697596e-01 5.082926e-01 4.516491e-01 4.027160e-01 3.649365e-01 
3.434514e-01 3.434514e-01 
