&INSTATE
  DENSITY_MODEL = 1 
  MODEL_SHAPE = 0 
  NBDRY = 15 
  USE_INPED = 0 
  R0 = 4.55 
  A0 = 1.2 
  KAPPA = 1.4 
  DELTA = -0.5 
  B0 = 11.0 
  IP = 10.0 
  N_ION = 2 
  Z_ION = 1 1 
  A_ION = 2 3 
  F_ION = 0.5 0.5 
  N_IMP = 1 
  Z_IMP = 74 
  A_IMP = 184 
  F_IMP = 1.5e-05 
  N_MIN = 0 
  Z_MIN = 1 
  A_MIN = 1 
  N_BEAM = 1 
  Z_BEAM = 1 
  A_BEAM = 2 
  N_FUSION = 1 
  Z_FUSION = 2 
  A_FUSION = 4 
  NRHO = 101 
  NE_AXIS = 27.6 
  NE_PED = 14.424 
  NE_SEP = 9.0 
  NE_ALPHA = 1.5 
  NE_BETA = 1.1 
  NE_FIT = 1 
  NE_XMID = 0.975 
  NE_XWID = 0.05 
  TE_AXIS = 18.8 
  TE_PED = 3.7455 
  TE_SEP = 0.08 
  TE_ALPHA = 1.5 
  TE_BETA = 1.5 
  TE_FIT = 1 
  TE_XMID = 0.975 
  TE_XWID = 0.05 
  TI_AXIS = 19.0 
  TI_PED = 3.7455 
  TI_SEP = 0.08 
  TI_ALPHA = 1.5 
  TI_BETA = 1.5 
  TI_FIT = 1 
  TI_XMID = 0.975 
  TI_XWID = 0.05 
  ZEFF_AXIS = 2.0 
  OMEGA_AXIS = 5000.0 
  OMEGA_SEP = 0.0 
  OMEGA_ALPHA = 1.5 
  OMEGA_BETA = 1.5 
  JPAR_AXIS = 1.0 
  JPAR_SEP = 0.05 
  JPAR_ALPHA = 2.0 
  JPAR_BETA = 1.0 
  NBEAM_AXIS = 0.0 
  NBEAM_SEP = 0.0 
  NBEAM_ALPHA = 1.5 
  NBEAM_BETA = 1.5 
  TBEAMI = 20.0 20.0 20.0 20.0 20.0 20.0 20.0 20.0 20.0 20.0 20.0 20.0  
    20.0 20.0 20.0 20.0 20.0 20.0 20.0 20.0 20.0 20.0 20.0 20.0 20.0  
    20.0 20.0 20.0 20.0 20.0 20.0 20.0 20.0 20.0 20.0 20.0 20.0 20.0  
    20.0 20.0 20.0 20.0 20.0 20.0 20.0 20.0 20.0 20.0 20.0 20.0 20.0  
    20.0 20.0 20.0 20.0 20.0 20.0 20.0 20.0 20.0 20.0 20.0 20.0 20.0  
    20.0 20.0 20.0 20.0 20.0 20.0 20.0 20.0 20.0 20.0 20.0 20.0 20.0  
    20.0 20.0 20.0 20.0 20.0 20.0 20.0 20.0 20.0 20.0 20.0 20.0 20.0  
    20.0 20.0 20.0 20.0 20.0 20.0 20.0 20.0 20.0 20.0 20.0 
  BETAN_PED = -1.0 
  XMID = 0.975 
  XWID = 0.05 
  PRESSURE_MODEL = 'full' 
  H98_TARGET = 0.8 
  BETAN_TARGET = 1.25 
  BETAN_BEAM_TARGET = 0.0 
  CURRENT_MODEL = 'broad' 
  RHO_JBDRY = 0.85 
  RHO_JPEAK = 0.65 
  JAXIS = 0.6 
  JAXIS_PRIME = 1.0 
  JBDRY_PRIME = -1.0 
  RBDRY = 5.75 5.717889612279765 5.599231274196216 5.333894952548324  
    4.862048988436734 4.215741544340384 3.606248672667517  
    3.3499999999999996 3.606248672667517 4.215741544340384  
    4.862048988436735 5.333894952548324 5.599231274196216  
    5.717889612279765 5.75 
  ZBDRY = 0.0 0.7289246817174976 1.3134768905462901 1.6378788924654637  
    1.6378788924654637 1.3134768905462901 0.7289246817174978  
    2.0574066225675533e-16 -0.7289246817174975 -1.31347689054629  
    -1.6378788924654637 -1.6378788924654637 -1.3134768905462901  
    -0.728924681717498 0.0 
  NLIM = 5 
  RLIM = 6.0 3.5 3.5 6.0 6.0 
  ZLIM = 1.93 1.93 -1.93 -1.93 1.93 
  NE = 26.628437731577055 26.62677142943165 26.62177314859287  
    26.61344476546154 26.60178940606792 26.5868114441162  
    26.568516498249213 26.54691142853574 26.52200433218347  
    26.49380453848141 26.462322602976112 26.427570300886853  
    26.389560619765472 26.348307751407315 26.30382708302033  
    26.256135187659968 26.205249813938266 26.151189875016023  
    26.093975436887636 26.033627705968755 25.970169015997527  
    25.90362281426069 25.834013647156485 25.7613671451068  
    25.68571000683148 25.607069982998425 25.525475859263317  
    25.440957438713685 25.353545523732127 25.263271897294217  
    25.170169303716975 25.075520645851416 24.98122099142248  
    24.888222041245484 24.797475496135753 24.709933056908618  
    24.62623496797381 24.545658054875652 24.467108890131353  
    24.389494046258122 24.31172009577316 24.232264000260514  
    24.150853629804303 24.068271919671876 23.98530180513057  
    23.902726221447747 23.822358779770795 23.744522623405928  
    23.667764985858703 23.59063310063468 23.511674201239416  
    23.428816732524005 23.340041709929594 23.243975222846796  
    23.139243360666246 23.024472212778555 22.89949623384811  
    22.765267946006396 22.62209053984469 22.470267205954258  
    22.31010113492639 22.141575396832387 21.96497481190051  
    21.78105519595747 21.590572364829985 21.394282134344774  
    21.193839431535732 20.990639760784074 20.785049803937458  
    20.577436242843575 20.36816575935008 20.15690485323527  
    19.943061514653397 19.726614661016097 19.507543209734994  
    19.28582607822171 19.061651742126532 18.83529729067066  
    18.606874561622103 18.37649539274888 18.144271621818994  
    17.910249211852715 17.674395659482965 17.436705102896752  
    17.197171680281084 16.955789529822972 16.712417933982238  
    16.467000633570578 16.219658454302795 15.970512221893706  
    15.719682762058113 15.46750571699116 15.214478954747621  
    14.960966639831744 14.707332936747784 14.453942009999992 13.6089121  
    12.4051874 11.0162713 9.804787057 8.99534321 
  TE = 20.50993374201522 20.502935393149407 20.48195467104873  
    20.447034500348053 20.398246259487152 20.33568953759811  
    20.259491795772238 20.169807934319124 20.066819768074236  
    19.950735412242622 19.82178858168241 19.680237806930045  
    19.526365570647805 19.360477368530148 19.182900699037507  
    18.993983986631896 18.79409544346682 18.583621874732604  
    18.362967433076726 18.132552327705188 17.892811493925446  
    17.644193229012636 17.38715780036887 17.12217603199988  
    16.849727875354482 16.570300970560332 16.28438920404531  
    15.992491268457396 15.695109230689308 15.392747113677363  
    15.085909497479342 14.779790543769833 14.479091358097099  
    14.1835765267451 13.89301063599779 13.607158272139122  
    13.32645593722607 13.051326863356003 12.78151573187347  
    12.516767224123022 12.256826021449205 12.000351955566442  
    11.746328882240011 11.494987518890749 11.246558582939494  
    11.00127279180708 10.760559311881657 10.52568451960972  
    10.296634947499644 10.0733971280598 9.855957593798559  
    9.643566698379802 9.43536829360269 9.231189159178511  
    9.030856074818557 8.834195820234116 8.641484446967036  
    8.453107082509433 8.269054120498003 8.089315954569443  
    7.913882978360446 7.7425717165859815 7.575260403134913  
    7.412031995404784 7.252969450793139 7.098155726697521  
    6.94800868368741 6.802741678840071 6.662130914314732  
    6.525952592270616 6.39398291486695 6.265801075288957  
    6.140959256506881 6.019193145357481 5.900238428677513  
    5.783830793303734 5.669798155449845 5.558021776828119  
    5.448317362523176 5.340500617619632 5.2343872472021085  
    5.129783804146357 5.026487263166572 4.924298962105032  
    4.823020238804021 4.7224524311058165 4.622264627638425  
    4.522267425149763 4.422474423661982 4.322899223197232  
    4.223555423777661 4.12537985861366 4.0288345162820685  
    3.9332207298547104 3.837839832403411 3.7419931569999942 3.221569572  
    2.406970787 1.42627287 0.5996588162 0.09664111306 
  TI = 21.115807266683117 21.10690183366112 21.08020806305657  
    21.035793445295123 20.973770148450786 20.894294546249263  
    20.797566561170296 20.68382882651119 20.553365672327  
    20.40650194117892 20.24360164059403 20.06506644005943  
    19.871334021235178 19.662876290867526 19.44019746661082  
    19.20383204661857 18.954342674337056 18.692317910425007  
    18.418369924127703 18.133132116751014 17.837256690109378  
    17.531412172960717 17.216280918491265 16.89255658587513  
    16.560941618808684 16.222144733711193 15.876878429993328  
    15.525856534427957 15.169791791217532 14.809393508843574  
    14.445365274212149 14.086080292944683 13.739071606249384  
    13.403776929638369 13.079633978623757 12.76608046871767  
    12.46383139182807 12.173313456320187 11.893531952392049  
    11.623492170241683 11.362199400067116 11.107419440251833  
    10.857694414455263 10.613194100789347 10.374088277366024  
    10.140546722297238 9.91444117068967 9.697216375286045  
    9.488401640652363 9.28752627135462 9.09411957195882  
    8.90684743250179 8.724517191862796 8.54687032787149  
    8.37364831835753 8.204592641150569 8.03998169155423  
    7.88014792653993 7.724913916439036 7.574102231582904  
    7.427535442302897 7.284755725443056 7.145420556495636  
    7.009525453764307 6.877065935552746 6.748037520164632  
    6.622797138545677 6.501524789989644 6.383950595322277  
    6.269804675369323 6.158817150956524 6.050449066155081  
    5.944183523546124 5.839783731720294 5.737012899268235  
    5.6356342347805874 5.535540490485954 5.436698704171399  
    5.33898351276526 5.242269553195868 5.146431462391565  
    5.051314195976414 4.9567503465654825 4.862596006573599  
    4.768707268415594 4.674940224506295 4.581052129552446  
    4.486930074617851 4.392624906652929 4.298187472608104  
    4.203668619433797 4.1099066180389965 4.017358902538731  
    3.925505064692485 3.8338246962597444 3.741797388999994 3.2217276  
    2.407293842 1.426164137 0.5993649464 0.0968572034 
  OMEGA = 4992.501875 4992.501875 4978.801804 4961.079526 4940.12016  
    4916.382264 4890.178959 4861.74318 4831.258024 4798.873089  
    4764.714177 4728.889466 4691.493659 4652.610886 4612.316799  
    4570.680145 4527.763951 4483.626454 4438.321832 4391.900796  
    4344.411068 4295.897774 4246.403778 4195.969955 4144.635428  
    4092.437767 4039.413164 3985.596584 3931.021896 3875.721988  
    3819.72887 3763.073767 3705.787199 3647.899055 3589.43866  
    3530.4348369999993 3470.91596 3410.910006 3350.444605 3289.54708  
    3228.244492 3166.5636739999995 3104.531273 3042.173783 2979.517575  
    2916.588934 2853.414088 2790.0192379999994 2726.430588 2662.674375  
    2598.776897 2534.764544 2470.663824 2406.501396 2342.304099  
    2278.098979 2213.913327 2149.7747069999996 2085.710992 2021.750397  
    1957.921519 1894.253376 1830.775447 1767.517715 1704.510722  
    1641.785608 1579.374179 1517.308956 1455.623246 1394.3512129999992  
    1333.5279519999992 1273.18958 1213.373329 1154.117653 1095.462349  
    1037.448686 980.1195629 923.5196753 867.6957162 812.6966008  
    758.5737302 705.3812976 653.1766491999995 602.0207127999994  
    551.9785103 503.1197796 455.5197357 409.2600162 364.4298727  
    321.1276991 279.4630303 239.55922 201.557126 165.620359  
    131.94307479999964 100.76217029999968 72.37775876 47.19105135  
    25.78549737 9.151104569 -2.128075494e-12 
  ZEFF = 1.08103 1.08103 1.08103 1.0810300000000002 1.08103 1.08103  
    1.08103 1.08103 1.08103 1.08103 1.08103 1.08103 1.08103 1.08103  
    1.08103 1.08103 1.0810300000000002 1.08103 1.08103 1.08103  
    1.0810300000000002 1.08103 1.08103 1.08103 1.08103 1.08103  
    1.0810300000000002 1.0810300000000002 1.08103 1.08103  
    1.0810300000000002 1.0810300000000002 1.08103 1.08103  
    1.0810300000000002 1.08103 1.08103 1.08103 1.08103 1.08103 1.08103  
    1.08103 1.08103 1.0810300000000002 1.08103 1.08103 1.08103 1.08103  
    1.08103 1.0810300000000002 1.08103 1.0810300000000002 1.08103  
    1.0810300000000002 1.08103 1.0810300000000002 1.0810300000000002  
    1.08103 1.08103 1.08103 1.0810300000000002 1.08103 1.08103  
    1.0810300000000002 1.08103 1.08103 1.08103 1.0810300000000002  
    1.0810300000000002 1.08103 1.08103 1.08103 1.08103  
    1.0810300000000002 1.08103 1.08103 1.08103 1.08103 1.08103 1.08103  
    1.0810300000000002 1.08103 1.0810300000000002 1.08103 1.08103  
    1.08103 1.08103 1.08103 1.08103 1.08103 1.08103 1.08103  
    1.0810300000000002 1.08103 1.08103 1.0810300000000002 1.08103  
    1.08103 1.08103 1.08103 1.0810300000000002 
  J_OH = 0.0 0.0 0.0 0.0 0.0 0.0 0.0 0.0 0.0 0.0 0.0 0.0 0.0 0.0 0.0  
    0.0 0.0 0.0 0.0 0.0 0.0 0.0 0.0 0.0 0.0 0.0 0.0 0.0 0.0 0.0 0.0 0.0  
    0.0 0.0 0.0 0.0 0.0 0.0 0.0 0.0 0.0 0.0 0.0 0.0 0.0 0.0 0.0 0.0 0.0  
    0.0 0.0 0.0 0.0 0.0 0.0 0.0 0.0 0.0 0.0 0.0 0.0 0.0 0.0 0.0 0.0 0.0  
    0.0 0.0 0.0 0.0 0.0 0.0 0.0 0.0 0.0 0.0 0.0 0.0 0.0 0.0 0.0 0.0 0.0  
    0.0 0.0 0.0 0.0 0.0 0.0 0.0 0.0 0.0 0.0 0.0 0.0 0.0 0.0 0.0 0.0 0.0  
    0.0 
  J_BS = 63793.0979808925 95689.64697133875 159587.2894028434  
    215524.63517857378 258959.77746244648 295271.54827939835  
    327099.87101513107 355820.93598957756 382209.7524491744  
    406736.99925522 429706.3535430507 451307.1687746131  
    471644.42308622546 490773.7090499009 508717.96615529666  
    525481.0996223891 541076.3190779729 555532.3387676936  
    568875.4807938596 581126.3161161776 592308.4609184673  
    602445.7536301864 611553.3762872159 619638.2069270842  
    626702.6668976936 632740.9976912508 637739.1781256797  
    641690.3588099594 644605.6052888244 646507.8495792398  
    642300.0865609716 627022.3015567901 606061.0754916065  
    584714.9082760736 563100.1822211335 540955.2405172704  
    519046.9347925827 499263.72753782646 482302.40793361573  
    467955.9039311482 457086.1644537662 449437.4119740915  
    442200.5264083704 433832.35051043145 424429.6181088266  
    412601.681992377 397978.54341225233 383557.86517945287  
    371186.1258653189 360702.8955795183 352771.85619999707  
    348026.70248776604 345474.6759208352 344178.9589566544  
    344041.9258773335 344157.19246128184 343163.0852384089  
    341148.2555407984 338725.48744222196 335936.9486120006  
    333074.8125411911 330255.64183656976 327012.2978802511  
    323062.8489057185 318465.1760608687 312763.78736270993  
    305732.2353321562 298263.63492384634 290998.7177171222  
    283946.06963927124 277456.64657123305 271942.5953380129  
    267153.00818628917 262767.25019373366 258775.89456708028  
    255049.2187922287 251402.88896155648 247868.7021398825  
    244536.60294051154 241404.12311375426 238495.39908527108  
    235859.39973059585 233503.06546831297 231406.8783075554  
    229564.4796971391 228067.28306114775 226902.5392068676  
    225810.14183510555 224641.60079693713 223412.19626147804  
    221608.25582847645 218946.28155488195 216320.42302837654  
    214346.5394668921 212935.69853561494 558441.4515018546  
    1064596.3937908718 1219758.3804843007 1003362.3551811279  
    543509.2953167859 46776.19557755619 
  J_NB = 0.0 0.0 0.0 0.0 0.0 0.0 0.0 0.0 0.0 0.0 0.0 0.0 0.0 0.0 0.0  
    0.0 0.0 0.0 0.0 0.0 0.0 0.0 0.0 0.0 0.0 0.0 0.0 0.0 0.0 0.0 0.0 0.0  
    0.0 0.0 0.0 0.0 0.0 0.0 0.0 0.0 0.0 0.0 0.0 0.0 0.0 0.0 0.0 0.0 0.0  
    0.0 0.0 0.0 0.0 0.0 0.0 0.0 0.0 0.0 0.0 0.0 0.0 0.0 0.0 0.0 0.0 0.0  
    0.0 0.0 0.0 0.0 0.0 0.0 0.0 0.0 0.0 0.0 0.0 0.0 0.0 0.0 0.0 0.0 0.0  
    0.0 0.0 0.0 0.0 0.0 0.0 0.0 0.0 0.0 0.0 0.0 0.0 0.0 0.0 0.0 0.0 0.0  
    0.0 
  J_EC = 0.0 0.0 0.0 0.0 0.0 0.0 0.0 0.0 0.0 0.0 0.0 0.0 0.0 0.0 0.0  
    0.0 0.0 0.0 0.0 0.0 0.0 0.0 0.0 0.0 0.0 0.0 0.0 0.0 0.0 0.0 0.0 0.0  
    0.0 0.0 0.0 0.0 0.0 0.0 0.0 0.0 0.0 0.0 0.0 0.0 0.0 0.0 0.0 0.0 0.0  
    0.0 0.0 0.0 0.0 0.0 0.0 0.0 0.0 0.0 0.0 0.0 0.0 0.0 0.0 0.0 0.0 0.0  
    0.0 0.0 0.0 0.0 0.0 0.0 0.0 0.0 0.0 0.0 0.0 0.0 0.0 0.0 0.0 0.0 0.0  
    0.0 0.0 0.0 0.0 0.0 0.0 0.0 0.0 0.0 0.0 0.0 0.0 0.0 0.0 0.0 0.0 0.0  
    0.0 
  J_IC = 0.0 0.0 0.0 0.0 0.0 0.0 0.0 0.0 0.0 0.0 0.0 0.0 0.0 0.0 0.0  
    0.0 0.0 0.0 0.0 0.0 0.0 0.0 0.0 0.0 0.0 0.0 0.0 0.0 0.0 0.0 0.0 0.0  
    0.0 0.0 0.0 0.0 0.0 0.0 0.0 0.0 0.0 0.0 0.0 0.0 0.0 0.0 0.0 0.0 0.0  
    0.0 0.0 0.0 0.0 0.0 0.0 0.0 0.0 0.0 0.0 0.0 0.0 0.0 0.0 0.0 0.0 0.0  
    0.0 0.0 0.0 0.0 0.0 0.0 0.0 0.0 0.0 0.0 0.0 0.0 0.0 0.0 0.0 0.0 0.0  
    0.0 0.0 0.0 0.0 0.0 0.0 0.0 0.0 0.0 0.0 0.0 0.0 0.0 0.0 0.0 0.0 0.0  
    0.0 
  J_LH = 0.0 0.0 0.0 0.0 0.0 0.0 0.0 0.0 0.0 0.0 0.0 0.0 0.0 0.0 0.0  
    0.0 0.0 0.0 0.0 0.0 0.0 0.0 0.0 0.0 0.0 0.0 0.0 0.0 0.0 0.0 0.0 0.0  
    0.0 0.0 0.0 0.0 0.0 0.0 0.0 0.0 0.0 0.0 0.0 0.0 0.0 0.0 0.0 0.0 0.0  
    0.0 0.0 0.0 0.0 0.0 0.0 0.0 0.0 0.0 0.0 0.0 0.0 0.0 0.0 0.0 0.0 0.0  
    0.0 0.0 0.0 0.0 0.0 0.0 0.0 0.0 0.0 0.0 0.0 0.0 0.0 0.0 0.0 0.0 0.0  
    0.0 0.0 0.0 0.0 0.0 0.0 0.0 0.0 0.0 0.0 0.0 0.0 0.0 0.0 0.0 0.0 0.0  
    0.0 
  PE_NB = 0.0 0.0 0.0 0.0 0.0 0.0 0.0 0.0 0.0 0.0 0.0 0.0 0.0 0.0 0.0  
    0.0 0.0 0.0 0.0 0.0 0.0 0.0 0.0 0.0 0.0 0.0 0.0 0.0 0.0 0.0 0.0 0.0  
    0.0 0.0 0.0 0.0 0.0 0.0 0.0 0.0 0.0 0.0 0.0 0.0 0.0 0.0 0.0 0.0 0.0  
    0.0 0.0 0.0 0.0 0.0 0.0 0.0 0.0 0.0 0.0 0.0 0.0 0.0 0.0 0.0 0.0 0.0  
    0.0 0.0 0.0 0.0 0.0 0.0 0.0 0.0 0.0 0.0 0.0 0.0 0.0 0.0 0.0 0.0 0.0  
    0.0 0.0 0.0 0.0 0.0 0.0 0.0 0.0 0.0 0.0 0.0 0.0 0.0 0.0 0.0 0.0 0.0  
    0.0 
  PE_EC = 0.0 0.0 0.0 0.0 0.0 0.0 0.0 0.0 0.0 0.0 0.0 0.0 0.0 0.0 0.0  
    0.0 0.0 0.0 0.0 0.0 0.0 0.0 0.0 0.0 0.0 0.0 0.0 0.0 0.0 0.0 0.0 0.0  
    0.0 0.0 0.0 0.0 0.0 0.0 0.0 0.0 0.0 0.0 0.0 0.0 0.0 0.0 0.0 0.0 0.0  
    0.0 0.0 0.0 0.0 0.0 0.0 0.0 0.0 0.0 0.0 0.0 0.0 0.0 0.0 0.0 0.0 0.0  
    0.0 0.0 0.0 0.0 0.0 0.0 0.0 0.0 0.0 0.0 0.0 0.0 0.0 0.0 0.0 0.0 0.0  
    0.0 0.0 0.0 0.0 0.0 0.0 0.0 0.0 0.0 0.0 0.0 0.0 0.0 0.0 0.0 0.0 0.0  
    0.0 
  PE_IC = 0.0 0.0 0.0 0.0 0.0 0.0 0.0 0.0 0.0 0.0 0.0 0.0 0.0 0.0 0.0  
    0.0 0.0 0.0 0.0 0.0 0.0 0.0 0.0 0.0 0.0 0.0 0.0 0.0 0.0 0.0 0.0 0.0  
    0.0 0.0 0.0 0.0 0.0 0.0 0.0 0.0 0.0 0.0 0.0 0.0 0.0 0.0 0.0 0.0 0.0  
    0.0 0.0 0.0 0.0 0.0 0.0 0.0 0.0 0.0 0.0 0.0 0.0 0.0 0.0 0.0 0.0 0.0  
    0.0 0.0 0.0 0.0 0.0 0.0 0.0 0.0 0.0 0.0 0.0 0.0 0.0 0.0 0.0 0.0 0.0  
    0.0 0.0 0.0 0.0 0.0 0.0 0.0 0.0 0.0 0.0 0.0 0.0 0.0 0.0 0.0 0.0 0.0  
    0.0 
  PE_LH = 0.0 0.0 0.0 0.0 0.0 0.0 0.0 0.0 0.0 0.0 0.0 0.0 0.0 0.0 0.0  
    0.0 0.0 0.0 0.0 0.0 0.0 0.0 0.0 0.0 0.0 0.0 0.0 0.0 0.0 0.0 0.0 0.0  
    0.0 0.0 0.0 0.0 0.0 0.0 0.0 0.0 0.0 0.0 0.0 0.0 0.0 0.0 0.0 0.0 0.0  
    0.0 0.0 0.0 0.0 0.0 0.0 0.0 0.0 0.0 0.0 0.0 0.0 0.0 0.0 0.0 0.0 0.0  
    0.0 0.0 0.0 0.0 0.0 0.0 0.0 0.0 0.0 0.0 0.0 0.0 0.0 0.0 0.0 0.0 0.0  
    0.0 0.0 0.0 0.0 0.0 0.0 0.0 0.0 0.0 0.0 0.0 0.0 0.0 0.0 0.0 0.0 0.0  
    0.0 
  PE_FUS = 2145443.39746282 2146058.87687172 2147679.5709418575  
    2149961.2046680255 2152553.8318208526 2155104.4309298694  
    2157075.8573393165 2157165.9956755587 2153787.6067742803  
    2145191.078879242 2129377.721904693 2105611.0436766325  
    2075449.5453967757 2040275.997407313 2001830.6419844488  
    1962304.1948355143 1922659.8929692123 1882046.8038660896  
    1840303.284800051 1797262.0496640059 1752749.950380105  
    1706144.7861123036 1657196.2520196454 1606322.3391393432  
    1553990.4992367816 1500715.0225293285 1447653.403724716  
    1395677.4555637094 1344877.74412659 1295308.488056734  
    1246988.791346115 1199675.4683052953 1153148.4674752566  
    1107429.4183814605 1062531.0064652623 1018457.3690474597  
    975343.2360540752 933326.0669469602 892400.0688336485  
    852549.6230148806 813750.3100844972 775833.8549118905  
    738730.9393941542 702552.9028305461 667401.5088374302  
    633368.3163578131 600726.1005154451 569624.9693967442  
    539968.5633499592 511665.71605712175 484630.24321739003  
    458677.5305401233 433650.12642901234 409508.67505993886  
    386216.98938132083 363741.9449653435 342122.67632897646  
    321417.4659706055 301619.98012322886 282718.9216634943  
    264698.7636459748 247512.1186442124 231134.47520784382  
    215575.93914759788 200839.28828087362 186920.7145084971  
    173853.1648459552 161639.56367424148 150227.58203890634  
    139566.51765552987 129607.58816773766 120279.20349928626  
    111515.81989830062 103281.16875211144 95541.44536103515  
    88265.26258420556 81431.59257031074 75023.94664079916  
    69020.2304691183 63399.30311608057 58140.98129929635  
    53224.56530766318 48629.830293385974 44338.93475322755  
    40335.202875339775 36603.05720909967 33124.9219313008  
    29888.437343702746 26886.073645621032 24109.630396069235  
    21550.330513523328 19212.93888755057 17091.56387157805  
    15163.569707347488 13409.370265719286 11812.093801880636  
    5817.6425308340295 1399.4625203842224 83.88974804603457  
    0.2788538513481725 1.783532985341951e-09 
  PE_IONIZATION = 0.0 0.0 0.0 0.0 0.0 0.0 0.0 0.0 0.0 0.0 0.0 0.0 0.0  
    0.0 0.0 0.0 0.0 0.0 0.0 0.0 0.0 0.0 0.0 0.0 0.0 0.0 0.0 0.0 0.0 0.0  
    0.0 0.0 0.0 0.0 0.0 0.0 0.0 0.0 0.0 0.0 0.0 0.0 0.0 0.0 0.0 0.0 0.0  
    0.0 0.0 0.0 0.0 0.0 0.0 0.0 0.0 0.0 0.0 0.0 0.0 0.0 0.0 0.0 0.0 0.0  
    0.0 0.0 0.0 0.0 0.0 0.0 0.0 0.0 0.0 0.0 0.0 0.0 0.0 0.0 0.0 0.0 0.0  
    0.0 0.0 0.0 0.0 0.0 0.0 0.0 0.0 0.0 0.0 0.0 0.0 0.0 0.0 0.0 0.0 0.0  
    0.0 0.0 0.0 
  P_RAD = 0.0 0.0 0.0 0.0 0.0 0.0 0.0 0.0 0.0 0.0 0.0 0.0 0.0 0.0 0.0  
    0.0 0.0 0.0 0.0 0.0 0.0 0.0 0.0 0.0 0.0 0.0 0.0 0.0 0.0 0.0 0.0 0.0  
    0.0 0.0 0.0 0.0 0.0 0.0 0.0 0.0 0.0 0.0 0.0 0.0 0.0 0.0 0.0 0.0 0.0  
    0.0 0.0 0.0 0.0 0.0 0.0 0.0 0.0 0.0 0.0 0.0 0.0 0.0 0.0 0.0 0.0 0.0  
    0.0 0.0 0.0 0.0 0.0 0.0 0.0 0.0 0.0 0.0 0.0 0.0 0.0 0.0 0.0 0.0 0.0  
    0.0 0.0 0.0 0.0 0.0 0.0 0.0 0.0 0.0 0.0 0.0 0.0 0.0 0.0 0.0 0.0 0.0  
    0.0 
  PI_NB = 0.0 0.0 0.0 0.0 0.0 0.0 0.0 0.0 0.0 0.0 0.0 0.0 0.0 0.0 0.0  
    0.0 0.0 0.0 0.0 0.0 0.0 0.0 0.0 0.0 0.0 0.0 0.0 0.0 0.0 0.0 0.0 0.0  
    0.0 0.0 0.0 0.0 0.0 0.0 0.0 0.0 0.0 0.0 0.0 0.0 0.0 0.0 0.0 0.0 0.0  
    0.0 0.0 0.0 0.0 0.0 0.0 0.0 0.0 0.0 0.0 0.0 0.0 0.0 0.0 0.0 0.0 0.0  
    0.0 0.0 0.0 0.0 0.0 0.0 0.0 0.0 0.0 0.0 0.0 0.0 0.0 0.0 0.0 0.0 0.0  
    0.0 0.0 0.0 0.0 0.0 0.0 0.0 0.0 0.0 0.0 0.0 0.0 0.0 0.0 0.0 0.0 0.0  
    0.0 
  PI_IC = 0.0 0.0 0.0 0.0 0.0 0.0 0.0 0.0 0.0 0.0 0.0 0.0 0.0 0.0 0.0  
    0.0 0.0 0.0 0.0 0.0 0.0 0.0 0.0 0.0 0.0 0.0 0.0 0.0 0.0 0.0 0.0 0.0  
    0.0 0.0 0.0 0.0 0.0 0.0 0.0 0.0 0.0 0.0 0.0 0.0 0.0 0.0 0.0 0.0 0.0  
    0.0 0.0 0.0 0.0 0.0 0.0 0.0 0.0 0.0 0.0 0.0 0.0 0.0 0.0 0.0 0.0 0.0  
    0.0 0.0 0.0 0.0 0.0 0.0 0.0 0.0 0.0 0.0 0.0 0.0 0.0 0.0 0.0 0.0 0.0  
    0.0 0.0 0.0 0.0 0.0 0.0 0.0 0.0 0.0 0.0 0.0 0.0 0.0 0.0 0.0 0.0 0.0  
    0.0 
  PI_LH = 0.0 0.0 0.0 0.0 0.0 0.0 0.0 0.0 0.0 0.0 0.0 0.0 0.0 0.0 0.0  
    0.0 0.0 0.0 0.0 0.0 0.0 0.0 0.0 0.0 0.0 0.0 0.0 0.0 0.0 0.0 0.0 0.0  
    0.0 0.0 0.0 0.0 0.0 0.0 0.0 0.0 0.0 0.0 0.0 0.0 0.0 0.0 0.0 0.0 0.0  
    0.0 0.0 0.0 0.0 0.0 0.0 0.0 0.0 0.0 0.0 0.0 0.0 0.0 0.0 0.0 0.0 0.0  
    0.0 0.0 0.0 0.0 0.0 0.0 0.0 0.0 0.0 0.0 0.0 0.0 0.0 0.0 0.0 0.0 0.0  
    0.0 0.0 0.0 0.0 0.0 0.0 0.0 0.0 0.0 0.0 0.0 0.0 0.0 0.0 0.0 0.0 0.0  
    0.0 
  PI_FUS = 1172253.9434510276 1170190.9988742245 1164505.3874254893  
    1155946.5778020418 1145263.3235866367 1133209.9384085762  
    1120352.4227621302 1106469.4046175235 1091126.6230411376  
    1073849.4851035483 1054082.7212165482 1031552.9920070701  
    1006713.7483820012 980073.30450873 952271.5452770315  
    924118.2315565466 895837.2223409021 866959.7251716866  
    837402.177372453 807089.391122448 775955.5558435167  
    743925.9619478191 711210.0263800974 678175.9309353199  
    645188.7898900394 612606.5218004023 581015.0709119525  
    550766.6061838381 521849.3974114854 494237.9762659201  
    467894.473177434 442649.1882603589 418349.63283704116  
    394973.5875672899 372496.7213297305 350892.89424698654  
    330192.6592478675 310426.8506486978 291566.3991038045  
    273579.738795902 256433.35609359934 240034.77449385216  
    224332.01728864122 209346.7005282549 195094.50456857972  
    181585.29865239913 168889.7271234385 157034.05332339485  
    145960.3049408791 135614.29424694405 125945.40334556684  
    116873.82640394496 108330.4449125758 100284.92481704829  
    92709.07247622708 85576.69535282819 78882.32855179878  
    72624.70855685939 66784.75919085309 61342.829065043086  
    56278.96095365021 51566.35079131734 47184.773181567856  
    43122.793665956524 39367.56929884163 35905.17150903276  
    32730.411145409693 29831.103000542156 27183.535774420216  
    24765.75524058724 22557.506272368722 20535.28004584236  
    18678.148286389813 16971.98804112308 15403.967330448835  
    13962.447245273534 12638.325785331404 11423.80375558087  
    10310.522450519662 9290.742350820921 8357.304218636129  
    7503.370287641517 6722.550842552891 6009.158305487486  
    5357.985948748707 4764.265614411799 4223.127854070014  
    3730.7826035686357 3284.3704109686087 2881.029154925272  
    2517.9148907752624 2194.2804147177553 1907.730697564831  
    1653.5947411269694 1427.9292065671118 1227.409447916961  
    524.2214680734937 95.74886279389801 3.518626750042039  
    0.005252427180624607 6.406518625348955e-12 
  PI_IONIZATION = 0.0 0.0 0.0 0.0 0.0 0.0 0.0 0.0 0.0 0.0 0.0 0.0 0.0  
    0.0 0.0 0.0 0.0 0.0 0.0 0.0 0.0 0.0 0.0 0.0 0.0 0.0 0.0 0.0 0.0 0.0  
    0.0 0.0 0.0 0.0 0.0 0.0 0.0 0.0 0.0 0.0 0.0 0.0 0.0 0.0 0.0 0.0 0.0  
    0.0 0.0 0.0 0.0 0.0 0.0 0.0 0.0 0.0 0.0 0.0 0.0 0.0 0.0 0.0 0.0 0.0  
    0.0 0.0 0.0 0.0 0.0 0.0 0.0 0.0 0.0 0.0 0.0 0.0 0.0 0.0 0.0 0.0 0.0  
    0.0 0.0 0.0 0.0 0.0 0.0 0.0 0.0 0.0 0.0 0.0 0.0 0.0 0.0 0.0 0.0 0.0  
    0.0 0.0 0.0 
  PI_CX = 0.0 0.0 0.0 0.0 0.0 0.0 0.0 0.0 0.0 0.0 0.0 0.0 0.0 0.0 0.0  
    0.0 0.0 0.0 0.0 0.0 0.0 0.0 0.0 0.0 0.0 0.0 0.0 0.0 0.0 0.0 0.0 0.0  
    0.0 0.0 0.0 0.0 0.0 0.0 0.0 0.0 0.0 0.0 0.0 0.0 0.0 0.0 0.0 0.0 0.0  
    0.0 0.0 0.0 0.0 0.0 0.0 0.0 0.0 0.0 0.0 0.0 0.0 0.0 0.0 0.0 0.0 0.0  
    0.0 0.0 0.0 0.0 0.0 0.0 0.0 0.0 0.0 0.0 0.0 0.0 0.0 0.0 0.0 0.0 0.0  
    0.0 0.0 0.0 0.0 0.0 0.0 0.0 0.0 0.0 0.0 0.0 0.0 0.0 0.0 0.0 0.0 0.0  
    0.0 
  P_OHM = 0.0 0.0 0.0 0.0 0.0 0.0 0.0 0.0 0.0 0.0 0.0 0.0 0.0 0.0 0.0  
    0.0 0.0 0.0 0.0 0.0 0.0 0.0 0.0 0.0 0.0 0.0 0.0 0.0 0.0 0.0 0.0 0.0  
    0.0 0.0 0.0 0.0 0.0 0.0 0.0 0.0 0.0 0.0 0.0 0.0 0.0 0.0 0.0 0.0 0.0  
    0.0 0.0 0.0 0.0 0.0 0.0 0.0 0.0 0.0 0.0 0.0 0.0 0.0 0.0 0.0 0.0 0.0  
    0.0 0.0 0.0 0.0 0.0 0.0 0.0 0.0 0.0 0.0 0.0 0.0 0.0 0.0 0.0 0.0 0.0  
    0.0 0.0 0.0 0.0 0.0 0.0 0.0 0.0 0.0 0.0 0.0 0.0 0.0 0.0 0.0 0.0 0.0  
    0.0 
  P_EI = 0.0 0.0 0.0 0.0 0.0 0.0 0.0 0.0 0.0 0.0 0.0 0.0 0.0 0.0 0.0  
    0.0 0.0 0.0 0.0 0.0 0.0 0.0 0.0 0.0 0.0 0.0 0.0 0.0 0.0 0.0 0.0 0.0  
    0.0 0.0 0.0 0.0 0.0 0.0 0.0 0.0 0.0 0.0 0.0 0.0 0.0 0.0 0.0 0.0 0.0  
    0.0 0.0 0.0 0.0 0.0 0.0 0.0 0.0 0.0 0.0 0.0 0.0 0.0 0.0 0.0 0.0 0.0  
    0.0 0.0 0.0 0.0 0.0 0.0 0.0 0.0 0.0 0.0 0.0 0.0 0.0 0.0 0.0 0.0 0.0  
    0.0 0.0 0.0 0.0 0.0 0.0 0.0 0.0 0.0 0.0 0.0 0.0 0.0 0.0 0.0 0.0 0.0  
    0.0 
  TORQUE_NB = 0.0 0.0 0.0 0.0 0.0 0.0 0.0 0.0 0.0 0.0 0.0 0.0 0.0 0.0  
    0.0 0.0 0.0 0.0 0.0 0.0 0.0 0.0 0.0 0.0 0.0 0.0 0.0 0.0 0.0 0.0 0.0  
    0.0 0.0 0.0 0.0 0.0 0.0 0.0 0.0 0.0 0.0 0.0 0.0 0.0 0.0 0.0 0.0 0.0  
    0.0 0.0 0.0 0.0 0.0 0.0 0.0 0.0 0.0 0.0 0.0 0.0 0.0 0.0 0.0 0.0 0.0  
    0.0 0.0 0.0 0.0 0.0 0.0 0.0 0.0 0.0 0.0 0.0 0.0 0.0 0.0 0.0 0.0 0.0  
    0.0 0.0 0.0 0.0 0.0 0.0 0.0 0.0 0.0 0.0 0.0 0.0 0.0 0.0 0.0 0.0 0.0  
    0.0 0.0 
  TORQUE_IN = 0.0 0.0 0.0 0.0 0.0 0.0 0.0 0.0 0.0 0.0 0.0 0.0 0.0 0.0  
    0.0 0.0 0.0 0.0 0.0 0.0 0.0 0.0 0.0 0.0 0.0 0.0 0.0 0.0 0.0 0.0 0.0  
    0.0 0.0 0.0 0.0 0.0 0.0 0.0 0.0 0.0 0.0 0.0 0.0 0.0 0.0 0.0 0.0 0.0  
    0.0 0.0 0.0 0.0 0.0 0.0 0.0 0.0 0.0 0.0 0.0 0.0 0.0 0.0 0.0 0.0 0.0  
    0.0 0.0 0.0 0.0 0.0 0.0 0.0 0.0 0.0 0.0 0.0 0.0 0.0 0.0 0.0 0.0 0.0  
    0.0 0.0 0.0 0.0 0.0 0.0 0.0 0.0 0.0 0.0 0.0 0.0 0.0 0.0 0.0 0.0 0.0  
    0.0 0.0 
  SE_NB = 0.0 0.0 0.0 0.0 0.0 0.0 0.0 0.0 0.0 0.0 0.0 0.0 0.0 0.0 0.0  
    0.0 0.0 0.0 0.0 0.0 0.0 0.0 0.0 0.0 0.0 0.0 0.0 0.0 0.0 0.0 0.0 0.0  
    0.0 0.0 0.0 0.0 0.0 0.0 0.0 0.0 0.0 0.0 0.0 0.0 0.0 0.0 0.0 0.0 0.0  
    0.0 0.0 0.0 0.0 0.0 0.0 0.0 0.0 0.0 0.0 0.0 0.0 0.0 0.0 0.0 0.0 0.0  
    0.0 0.0 0.0 0.0 0.0 0.0 0.0 0.0 0.0 0.0 0.0 0.0 0.0 0.0 0.0 0.0 0.0  
    0.0 0.0 0.0 0.0 0.0 0.0 0.0 0.0 0.0 0.0 0.0 0.0 0.0 0.0 0.0 0.0 0.0  
    0.0 
  SE_IONIZATION = 0.0 0.0 0.0 0.0 0.0 0.0 0.0 0.0 0.0 0.0 0.0 0.0 0.0  
    0.0 0.0 0.0 0.0 0.0 0.0 0.0 0.0 0.0 0.0 0.0 0.0 0.0 0.0 0.0 0.0 0.0  
    0.0 0.0 0.0 0.0 0.0 0.0 0.0 0.0 0.0 0.0 0.0 0.0 0.0 0.0 0.0 0.0 0.0  
    0.0 0.0 0.0 0.0 0.0 0.0 0.0 0.0 0.0 0.0 0.0 0.0 0.0 0.0 0.0 0.0 0.0  
    0.0 0.0 0.0 0.0 0.0 0.0 0.0 0.0 0.0 0.0 0.0 0.0 0.0 0.0 0.0 0.0 0.0  
    0.0 0.0 0.0 0.0 0.0 0.0 0.0 0.0 0.0 0.0 0.0 0.0 0.0 0.0 0.0 0.0 0.0  
    0.0 0.0 0.0 
  SI_NB = 0.0 0.0 0.0 0.0 0.0 0.0 0.0 0.0 0.0 0.0 0.0 0.0 0.0 0.0 0.0  
    0.0 0.0 0.0 0.0 0.0 0.0 0.0 0.0 0.0 0.0 0.0 0.0 0.0 0.0 0.0 0.0 0.0  
    0.0 0.0 0.0 0.0 0.0 0.0 0.0 0.0 0.0 0.0 0.0 0.0 0.0 0.0 0.0 0.0 0.0  
    0.0 0.0 0.0 0.0 0.0 0.0 0.0 0.0 0.0 0.0 0.0 0.0 0.0 0.0 0.0 0.0 0.0  
    0.0 0.0 0.0 0.0 0.0 0.0 0.0 0.0 0.0 0.0 0.0 0.0 0.0 0.0 0.0 0.0 0.0  
    0.0 0.0 0.0 0.0 0.0 0.0 0.0 0.0 0.0 0.0 0.0 0.0 0.0 0.0 0.0 0.0 0.0  
    0.0 
  SI_IONIZATION = 0.0 0.0 0.0 0.0 0.0 0.0 0.0 0.0 0.0 0.0 0.0 0.0 0.0  
    0.0 0.0 0.0 0.0 0.0 0.0 0.0 0.0 0.0 0.0 0.0 0.0 0.0 0.0 0.0 0.0 0.0  
    0.0 0.0 0.0 0.0 0.0 0.0 0.0 0.0 0.0 0.0 0.0 0.0 0.0 0.0 0.0 0.0 0.0  
    0.0 0.0 0.0 0.0 0.0 0.0 0.0 0.0 0.0 0.0 0.0 0.0 0.0 0.0 0.0 0.0 0.0  
    0.0 0.0 0.0 0.0 0.0 0.0 0.0 0.0 0.0 0.0 0.0 0.0 0.0 0.0 0.0 0.0 0.0  
    0.0 0.0 0.0 0.0 0.0 0.0 0.0 0.0 0.0 0.0 0.0 0.0 0.0 0.0 0.0 0.0 0.0  
    0.0 0.0 0.0 
  SE_PELLET = 0.0 0.0 0.0 0.0 0.0 0.0 0.0 0.0 0.0 0.0 0.0 0.0 0.0 0.0  
    0.0 0.0 0.0 0.0 0.0 0.0 0.0 0.0 0.0 0.0 0.0 0.0 0.0 0.0 0.0 0.0 0.0  
    0.0 0.0 0.0 0.0 0.0 0.0 0.0 0.0 0.0 0.0 0.0 0.0 0.0 0.0 0.0 0.0 0.0  
    0.0 0.0 0.0 0.0 0.0 0.0 0.0 0.0 0.0 0.0 0.0 0.0 0.0 0.0 0.0 0.0 0.0  
    0.0 0.0 0.0 0.0 0.0 0.0 0.0 0.0 0.0 0.0 0.0 0.0 0.0 0.0 0.0 0.0 0.0  
    0.0 0.0 0.0 0.0 0.0 0.0 0.0 0.0 0.0 0.0 0.0 0.0 0.0 0.0 0.0 0.0 0.0  
    0.0 0.0 
  Q = 0.0 0.0 0.0 0.0 0.0 0.0 0.0 0.0 0.0 0.0 0.0 0.0 0.0 0.0 0.0 0.0  
    0.0 0.0 0.0 0.0 0.0 0.0 0.0 0.0 0.0 0.0 0.0 0.0 0.0 0.0 0.0 0.0 0.0  
    0.0 0.0 0.0 0.0 0.0 0.0 0.0 0.0 0.0 0.0 0.0 0.0 0.0 0.0 0.0 0.0 0.0  
    0.0 0.0 0.0 0.0 0.0 0.0 0.0 0.0 0.0 0.0 0.0 0.0 0.0 0.0 0.0 0.0 0.0  
    0.0 0.0 0.0 0.0 0.0 0.0 0.0 0.0 0.0 0.0 0.0 0.0 0.0 0.0 0.0 0.0 0.0  
    0.0 0.0 0.0 0.0 0.0 0.0 0.0 0.0 0.0 0.0 0.0 0.0 0.0 0.0 0.0 0.0 0.0 
  PSIPOL = 0.0 0.0008952589599294128 0.0035807225941263737  
    0.008055428336464063 0.014317762584460202 0.02236542342020538  
    0.032195399470688536 0.04380393668671531 0.057186565526812075  
    0.07233799727094417 0.08925224535375986 0.10792271280986933  
    0.12834232388316816 0.1505029465385958 0.17439692710185234  
    0.2000143073276181 0.22734971998991446 0.2563875991242273  
    0.2871207503934481 0.3195315362002263 0.353612836911829  
    0.38935146550009864 0.4267303912320525 0.4657381174968715  
    0.506361269945389 0.5485848445962715 0.5923915312944854  
    0.637765632627918 0.6846910400709001 0.7331506916918341  
    0.7831267596623032 0.83460092920277 0.8875546594684984  
    0.9419690258542294 0.9978243697854385 1.055100213404105  
    1.1137773883060846 1.1738354728273346 1.2352523087376044  
    1.298004269155864 1.3620676801649594 1.4274238025500945  
    1.4940466243556498 1.5619082778639228 1.630989815673502  
    1.70126209656281 1.7726980714558034 1.8452759592127346  
    1.9189621931511012 1.9937366512035082 2.0695634995073986  
    2.1464215615359516 2.224274135367237 2.3030977212332506  
    2.382857165081831 2.4635224223262675 2.5450650378893354  
    2.6274466194991586 2.7106390898812314 2.794609051780854  
    2.8793183288746786 2.9647360173471116 3.0508284618792945  
    3.137555518925886 3.2248827802672375 3.3127756937116972  
    3.401196937763806 3.49010570458121 3.5794651817128353  
    3.6692379652419196 3.75938580302513 3.8498669048676435  
    3.9406401818350116 4.031665665004994 4.122902645296778  
    4.214309764063027 4.305844081189107 4.397460582221621  
    4.489116118756353 4.580767094613965 4.672369371498776  
    4.763878149741334 4.855246021738673 4.946424267995603  
    5.03736515902039 5.128020309641168 5.218342010368675  
    5.308282842480178 5.397793054226798 5.486824082492978  
    5.575320998025064 5.663220424361891 5.750453259267958  
    5.836957336910402 5.922683577563089 6.007595001930864  
    6.091649457345899 6.174806193441333 6.257009953748665  
    6.338172468942627 6.418186058424583 
  PSI = 0.0 0.00013948784777815623 0.0005579025851745568  
    0.0012550942373960035 0.0022308113934569637 0.0034846953978294654  
    0.005016277056728278 0.0068249714620251265 0.00891008222669836  
    0.01127078532975723 0.013906148020842488 0.016815142444835916  
    0.019996666147548744 0.023449452098859607 0.027172307800727744  
    0.03116368168621056 0.03542273750252108 0.03994704995934016  
    0.044735498126697366 0.049785333938832395 0.05509544810525909  
    0.060663785991219674 0.06648769408482968 0.07256538113062934  
    0.07889476330788721 0.08547350288734508 0.09229890282113365  
    0.09936851733844326 0.10667983661398643 0.11423020227490792  
    0.12201683661606572 0.13003688606179675 0.13828746181383822  
    0.14676561528125073 0.1554682835153529 0.16439227591714464  
    0.1735346059100496 0.18289209165049758 0.19246128072529128  
    0.20223849189477594 0.21222003659072708 0.22240299510738584  
    0.2327833145931548 0.2433566530552265 0.2541200583508555  
    0.26506899006608176 0.2761992337584137 0.2875073957680932  
    0.2989882461622081 0.31063864977652167 0.3224530234350041  
    0.33442806768098204 0.3465580640884709 0.3588393512229485  
    0.37126645182778173 0.3838346847381622 0.396539616446403  
    0.40937526515772205 0.42233725622883994 0.43542038612492684  
    0.4486187066975494 0.46192740290779916 0.475341231012576  
    0.4888539363559733 0.5024601578874798 0.5161545121247009  
    0.5299311841075963 0.5437838156779606 0.5577066711885657  
    0.571693922837534 0.5857396106631277 0.5998372234494924  
    0.6139803592422322 0.6281627905929875 0.6423781747313183  
    0.6566200676796019 0.6708817790561257 0.6851562952821327  
    0.6994368935228809 0.7137167811770118 0.7279890811775037  
    0.7422468134104985 0.7564825914271561 0.7706888243763004  
    0.7848580756564837 0.7989828065065318 0.8130555834415272  
    0.8270690182800897 0.8410153593384215 0.8548870401304293  
    0.8686755022794697 0.8823708712726215 0.8959623804797382  
    0.9094403440125807 0.9227971148933752 0.9360269314793745  
    0.9491232260787972 0.9620796494885363 0.9748875923494994  
    0.9875333016597534 1.0 
  DENSITY_BEAM = 0.0 0.0 0.0 0.0 0.0 0.0 0.0 0.0 0.0 0.0 0.0 0.0 0.0  
    0.0 0.0 0.0 0.0 0.0 0.0 0.0 0.0 0.0 0.0 0.0 0.0 0.0 0.0 0.0 0.0 0.0  
    0.0 0.0 0.0 0.0 0.0 0.0 0.0 0.0 0.0 0.0 0.0 0.0 0.0 0.0 0.0 0.0 0.0  
    0.0 0.0 0.0 0.0 0.0 0.0 0.0 0.0 0.0 0.0 0.0 0.0 0.0 0.0 0.0 0.0 0.0  
    0.0 0.0 0.0 0.0 0.0 0.0 0.0 0.0 0.0 0.0 0.0 0.0 0.0 0.0 0.0 0.0 0.0  
    0.0 0.0 0.0 0.0 0.0 0.0 0.0 0.0 0.0 0.0 0.0 0.0 0.0 0.0 0.0 0.0 0.0  
    0.0 0.0 0.0 
  WBEAM = 0.0 0.0 0.0 0.0 0.0 0.0 0.0 0.0 0.0 0.0 0.0 0.0 0.0 0.0 0.0  
    0.0 0.0 0.0 0.0 0.0 0.0 0.0 0.0 0.0 0.0 0.0 0.0 0.0 0.0 0.0 0.0 0.0  
    0.0 0.0 0.0 0.0 0.0 0.0 0.0 0.0 0.0 0.0 0.0 0.0 0.0 0.0 0.0 0.0 0.0  
    0.0 0.0 0.0 0.0 0.0 0.0 0.0 0.0 0.0 0.0 0.0 0.0 0.0 0.0 0.0 0.0 0.0  
    0.0 0.0 0.0 0.0 0.0 0.0 0.0 0.0 0.0 0.0 0.0 0.0 0.0 0.0 0.0 0.0 0.0  
    0.0 0.0 0.0 0.0 0.0 0.0 0.0 0.0 0.0 0.0 0.0 0.0 0.0 0.0 0.0 0.0 0.0  
    0.0 
  TBEAM = 0.0 0.0 0.0 0.0 0.0 0.0 0.0 0.0 0.0 0.0 0.0 0.0 0.0 0.0 0.0  
    0.0 0.0 0.0 0.0 0.0 0.0 0.0 0.0 0.0 0.0 0.0 0.0 0.0 0.0 0.0 0.0 0.0  
    0.0 0.0 0.0 0.0 0.0 0.0 0.0 0.0 0.0 0.0 0.0 0.0 0.0 0.0 0.0 0.0 0.0  
    0.0 0.0 0.0 0.0 0.0 0.0 0.0 0.0 0.0 0.0 0.0 0.0 0.0 0.0 0.0 0.0 0.0  
    0.0 0.0 0.0 0.0 0.0 0.0 0.0 0.0 0.0 0.0 0.0 0.0 0.0 0.0 0.0 0.0 0.0  
    0.0 0.0 0.0 0.0 0.0 0.0 0.0 0.0 0.0 0.0 0.0 0.0 0.0 0.0 0.0 0.0 0.0  
    0.0 
  DENSITY_ALPHA = 0.0 0.0 0.0 0.0 0.0 0.0 0.0 0.0 0.0 0.0 0.0 0.0 0.0  
    0.0 0.0 0.0 0.0 0.0 0.0 0.0 0.0 0.0 0.0 0.0 0.0 0.0 0.0 0.0 0.0 0.0  
    0.0 0.0 0.0 0.0 0.0 0.0 0.0 0.0 0.0 0.0 0.0 0.0 0.0 0.0 0.0 0.0 0.0  
    0.0 0.0 0.0 0.0 0.0 0.0 0.0 0.0 0.0 0.0 0.0 0.0 0.0 0.0 0.0 0.0 0.0  
    0.0 0.0 0.0 0.0 0.0 0.0 0.0 0.0 0.0 0.0 0.0 0.0 0.0 0.0 0.0 0.0 0.0  
    0.0 0.0 0.0 0.0 0.0 0.0 0.0 0.0 0.0 0.0 0.0 0.0 0.0 0.0 0.0 0.0 0.0  
    0.0 0.0 0.0 
  WALPHA = 0.0 0.0 0.0 0.0 0.0 0.0 0.0 0.0 0.0 0.0 0.0 0.0 0.0 0.0 0.0  
    0.0 0.0 0.0 0.0 0.0 0.0 0.0 0.0 0.0 0.0 0.0 0.0 0.0 0.0 0.0 0.0 0.0  
    0.0 0.0 0.0 0.0 0.0 0.0 0.0 0.0 0.0 0.0 0.0 0.0 0.0 0.0 0.0 0.0 0.0  
    0.0 0.0 0.0 0.0 0.0 0.0 0.0 0.0 0.0 0.0 0.0 0.0 0.0 0.0 0.0 0.0 0.0  
    0.0 0.0 0.0 0.0 0.0 0.0 0.0 0.0 0.0 0.0 0.0 0.0 0.0 0.0 0.0 0.0 0.0  
    0.0 0.0 0.0 0.0 0.0 0.0 0.0 0.0 0.0 0.0 0.0 0.0 0.0 0.0 0.0 0.0 0.0  
    0.0 
  TALPHA = 0.0 0.0 0.0 0.0 0.0 0.0 0.0 0.0 0.0 0.0 0.0 0.0 0.0 0.0 0.0  
    0.0 0.0 0.0 0.0 0.0 0.0 0.0 0.0 0.0 0.0 0.0 0.0 0.0 0.0 0.0 0.0 0.0  
    0.0 0.0 0.0 0.0 0.0 0.0 0.0 0.0 0.0 0.0 0.0 0.0 0.0 0.0 0.0 0.0 0.0  
    0.0 0.0 0.0 0.0 0.0 0.0 0.0 0.0 0.0 0.0 0.0 0.0 0.0 0.0 0.0 0.0 0.0  
    0.0 0.0 0.0 0.0 0.0 0.0 0.0 0.0 0.0 0.0 0.0 0.0 0.0 0.0 0.0 0.0 0.0  
    0.0 0.0 0.0 0.0 0.0 0.0 0.0 0.0 0.0 0.0 0.0 0.0 0.0 0.0 0.0 0.0 0.0  
    0.0 
  CHIE = 0.0 0.0 0.0 0.0 0.0 0.0 0.0 0.0 0.0 0.0 0.0 0.0 0.0 0.0 0.0  
    0.0 0.0 0.0 0.0 0.0 0.0 0.0 0.0 0.0 0.0 0.0 0.0 0.0 0.0 0.0 0.0 0.0  
    0.0 0.0 0.0 0.0 0.0 0.0 0.0 0.0 0.0 0.0 0.0 0.0 0.0 0.0 0.0 0.0 0.0  
    0.0 0.0 0.0 0.0 0.0 0.0 0.0 0.0 0.0 0.0 0.0 0.0 0.0 0.0 0.0 0.0 0.0  
    0.0 0.0 0.0 0.0 0.0 0.0 0.0 0.0 0.0 0.0 0.0 0.0 0.0 0.0 0.0 0.0 0.0  
    0.0 0.0 0.0 0.0 0.0 0.0 0.0 0.0 0.0 0.0 0.0 0.0 0.0 0.0 0.0 0.0 0.0  
    0.0 
  CHII = 0.0 0.0 0.0 0.0 0.0 0.0 0.0 0.0 0.0 0.0 0.0 0.0 0.0 0.0 0.0  
    0.0 0.0 0.0 0.0 0.0 0.0 0.0 0.0 0.0 0.0 0.0 0.0 0.0 0.0 0.0 0.0 0.0  
    0.0 0.0 0.0 0.0 0.0 0.0 0.0 0.0 0.0 0.0 0.0 0.0 0.0 0.0 0.0 0.0 0.0  
    0.0 0.0 0.0 0.0 0.0 0.0 0.0 0.0 0.0 0.0 0.0 0.0 0.0 0.0 0.0 0.0 0.0  
    0.0 0.0 0.0 0.0 0.0 0.0 0.0 0.0 0.0 0.0 0.0 0.0 0.0 0.0 0.0 0.0 0.0  
    0.0 0.0 0.0 0.0 0.0 0.0 0.0 0.0 0.0 0.0 0.0 0.0 0.0 0.0 0.0 0.0 0.0  
    0.0 
  P_EQ = 0.0 0.0 0.0 0.0 0.0 0.0 0.0 0.0 0.0 0.0 0.0 0.0 0.0 0.0 0.0  
    0.0 0.0 0.0 0.0 0.0 0.0 0.0 0.0 0.0 0.0 0.0 0.0 0.0 0.0 0.0 0.0 0.0  
    0.0 0.0 0.0 0.0 0.0 0.0 0.0 0.0 0.0 0.0 0.0 0.0 0.0 0.0 0.0 0.0 0.0  
    0.0 0.0 0.0 0.0 0.0 0.0 0.0 0.0 0.0 0.0 0.0 0.0 0.0 0.0 0.0 0.0 0.0  
    0.0 0.0 0.0 0.0 0.0 0.0 0.0 0.0 0.0 0.0 0.0 0.0 0.0 0.0 0.0 0.0 0.0  
    0.0 0.0 0.0 0.0 0.0 0.0 0.0 0.0 0.0 0.0 0.0 0.0 0.0 0.0 0.0 0.0 0.0  
    0.0 
  J_TOT = 3652561.407199587 3652561.407199587 3651996.1531328657  
    3650475.6441496955 3648172.894038799 3645105.807716081  
    3641308.243865525 3636800.683909192 3631592.8755786074  
    3625688.782228886 3619089.645567821 3611795.778900154  
    3603807.2455374855 3595124.0557397637 3585746.2107582614  
    3575673.71034267 3564906.5544930063 3553444.743459541  
    3541288.2769919997 3528437.155340626 3514891.3787557064  
    3500650.9469870557 3485715.860034549 3470086.117647946  
    3453761.720077508 3436742.667573518 3419028.9596354626  
    3400620.596513501 3381517.578457981 3361719.904968428  
    3341227.5762951938 3320040.5926883947 3298158.9536474613  
    3275582.6591724125 3252311.7095134654 3228346.104670851  
    3203685.8448945563 3178330.929934569 3152281.359290394  
    3125537.1334621767 3098098.2527002646 3069964.7167546614  
    3041136.52562544 3011613.6793124177 2981396.1778150476  
    2950484.0211339463 2918877.2092699427 2886575.7419714215  
    2853579.619238503 2819888.8415719676 2785503.408972021  
    2750423.320938215 2714648.577470149 2678179.178818472  
    2641015.124982465 2603156.415962748 2564603.0517600556  
    2525355.032372624 2485412.357801101 2444775.028046357  
    2403443.043108231 2361416.402986708 2318695.107680405  
    2275279.1571898465 2231168.551515817 2186363.290657936  
    2140863.3743663714 2094668.802640852 2047779.57598131  
    2000195.694387831 1951917.1573612927 1902943.9649003805  
    1853276.117505894 1802913.6149275745 1751856.4569142796  
    1700104.6437179456 1647658.1753385866 1594517.0517751775  
    1540681.2730275528 1486150.839096338 1430925.7499809528  
    1375006.0056816407 1318391.6061983062 1261082.5515317598  
    1203078.8414306527 1144380.4761449802 1084987.4559265457  
    1024899.7803501342 964117.451491449 902640.5213248153  
    840469.608830274 777609.3525927061 714084.252992602  
    649992.2844334457 585640.9088504076 521805.98230988637  
    460114.0904781982 403280.18400873657 355196.052352236  
    321565.1370863907 296883.8073142922 
  RHO = 0.0 0.01 0.02 0.03 0.04 0.05 0.06 0.07 0.08 0.09 0.1 0.11 0.12  
    0.13 0.14 0.15 0.16 0.17 0.18 0.19 0.2 0.21 0.22 0.23 0.24 0.25  
    0.26 0.27 0.28 0.29 0.3 0.31 0.32 0.33 0.34 0.35 0.36 0.37 0.38  
    0.39 0.4 0.41 0.42 0.43 0.44 0.45 0.46 0.47 0.48 0.49 0.5 0.51 0.52  
    0.53 0.54 0.55 0.56 0.57 0.58 0.59 0.6 0.61 0.62 0.63 0.64 0.65  
    0.66 0.67 0.68 0.69 0.7 0.71 0.72 0.73 0.74 0.75 0.76 0.77 0.78  
    0.79 0.8 0.81 0.82 0.83 0.84 0.85 0.86 0.87 0.88 0.89 0.9 0.91 0.92  
    0.93 0.94 0.95 0.96 0.97 0.98 0.99 1.0 
  MODEL_PROFILE_NE = 'ped' 
  MODEL_PROFILE_TE = 'ped' 
  MODEL_PROFILE_TI = 'ped' 
  MODEL_PROFILE_DENSITY_BEAM = 'parab' 
  MODEL_PROFILE_J_TOT = 'parab' 
  MODEL_PROFILE_OMEGA = 'parab' 
  MODEL_PROFILE_ZEFF = 'const' 
  MODEL_PROFILE_TBEAMI = 'const' 
  MODEL_PROFILE_DENSITY_ALPHA = 'zero' 
  MODEL_PROFILE_WALPHA = 'zero' 
  MODEL_PROFILE_WBEAM = 'derived' 
  J_TOT_AXIS = 1.0 
  J_TOT_SEP = 0.05 
  J_TOT_ALPHA = 2.0 
  J_TOT_BETA = 1.0 
  DENSITY_BEAM_AXIS = 0.0 
  DENSITY_BEAM_SEP = 0.0 
  DENSITY_BEAM_ALPHA = 1.5 
  DENSITY_BEAM_BETA = 1.5 
  TBEAMI_AXIS = 20.0 
  DENSITY_ION_0 = 13.299440082847502 13.29860785657249  
    13.296111490198966 13.29195192088594 13.286130709913591  
    13.278650041706616 13.269512722468079 13.258722178425032  
    13.246282453687373 13.232198207721847 13.216474712443404  
    13.199117848926434 13.180134103738766 13.159530564901626  
    13.137314917479088 13.113495438800832 13.088080993322398  
    13.061081027127377 13.032505562076345 13.002365189607564  
    12.970671064194885 12.93743489646843 12.90266894600407  
    12.866386013787865 12.82859943436195 12.789323067658648  
    12.748571290529767 12.706358987978357 12.662701544100392  
    12.61761483274411 12.571115207894925 12.523843408967261  
    12.476745918061 12.430298057389852 12.384975149167522  
    12.341252515607724 12.29944992357968 12.25920618721737  
    12.219975199631653 12.181210853933388 12.142367043233426  
    12.102683093610112 12.06202309113761 12.02077806892052  
    11.979339060063438 11.938097097670969 11.897957980762625  
    11.859083101646974 11.8207468833622 11.782223748946487  
    11.74278812143802 11.701405372975453 11.657067131815786  
    11.609087205174719 11.556779400267953 11.499457524311186  
    11.43703889651427 11.369999249293164 11.298490009672731  
    11.222662604677824 11.142668461333312 11.058499124070952  
    10.970296844929651 10.87843911234498 10.783303414752512  
    10.685267240587825 10.585157134883364 10.483670075324802  
    10.380989199327544 10.277297644307009 10.1727785476786  
    10.06726534442409 9.960462358186065 9.852359059371185  
    9.742944918386094 9.632209405637441 9.520246654346385  
    9.407195055339008 9.29311046542935 9.178048741431464  
    9.062065740159388 8.94518441761378 8.82738854015047  
    8.708675180116268 8.589041409857986 8.468484301722434  
    8.346933575037758 8.224361131433657 8.10082731670926  
    7.976392476663702 7.851116957096115 7.72516839282265  
    7.598795441553926 7.472179983430765 7.345503898593997  
    7.218949067184446 6.7969031037845 6.1957088209930005  
    5.5020216194285 4.896951871683365 4.49267918951845 
  DENSITY_ION_1 = 13.299440082847502 13.29860785657249  
    13.296111490198966 13.29195192088594 13.286130709913591  
    13.278650041706616 13.269512722468079 13.258722178425032  
    13.246282453687373 13.232198207721847 13.216474712443404  
    13.199117848926434 13.180134103738766 13.159530564901626  
    13.137314917479088 13.113495438800832 13.088080993322398  
    13.061081027127377 13.032505562076345 13.002365189607564  
    12.970671064194885 12.93743489646843 12.90266894600407  
    12.866386013787865 12.82859943436195 12.789323067658648  
    12.748571290529767 12.706358987978357 12.662701544100392  
    12.61761483274411 12.571115207894925 12.523843408967261  
    12.476745918061 12.430298057389852 12.384975149167522  
    12.341252515607724 12.29944992357968 12.25920618721737  
    12.219975199631653 12.181210853933388 12.142367043233426  
    12.102683093610112 12.06202309113761 12.02077806892052  
    11.979339060063438 11.938097097670969 11.897957980762625  
    11.859083101646974 11.8207468833622 11.782223748946487  
    11.74278812143802 11.701405372975453 11.657067131815786  
    11.609087205174719 11.556779400267953 11.499457524311186  
    11.43703889651427 11.369999249293164 11.298490009672731  
    11.222662604677824 11.142668461333312 11.058499124070952  
    10.970296844929651 10.87843911234498 10.783303414752512  
    10.685267240587825 10.585157134883364 10.483670075324802  
    10.380989199327544 10.277297644307009 10.1727785476786  
    10.06726534442409 9.960462358186065 9.852359059371185  
    9.742944918386094 9.632209405637441 9.520246654346385  
    9.407195055339008 9.29311046542935 9.178048741431464  
    9.062065740159388 8.94518441761378 8.82738854015047  
    8.708675180116268 8.589041409857986 8.468484301722434  
    8.346933575037758 8.224361131433657 8.10082731670926  
    7.976392476663702 7.851116957096115 7.72516839282265  
    7.598795441553926 7.472179983430765 7.345503898593997  
    7.218949067184446 6.7969031037845 6.1957088209930005  
    5.5020216194285 4.896951871683365 4.49267918951845 
  DENSITY_IMP_0 = 0.00039942656597365583 0.0003994015714414747  
    0.00039932659722889305 0.00039920167148192314 0.0003990268410910188  
    0.000398802171661743 0.0003985277474737382 0.00039820367142803613  
    0.0003978300649827521 0.00039740706807722117 0.0003969348390446417  
    0.0003964135545133028 0.00039584340929648207 0.00039522461627110973  
    0.00039455740624530494 0.0003938420278148995 0.000393078747209074  
    0.00039226784812524036 0.00039140963155331453  
    0.00039050441558953134 0.0003895525352399629 0.00038855434221391036  
    0.0003875102047073473 0.000386420507176602 0.00038528565010247226  
    0.00038410604974497637 0.00038288213788894974 0.0003816143615807053  
    0.0003803031828559819 0.0003789490784594133 0.00037755253955575464  
    0.00037613280968777125 0.0003747183148713372 0.0003733233306186823  
    0.00037196213244203633 0.0003706489958536293 0.0003693935245196072  
    0.00036818487082313476 0.00036700663335197033 0.0003658424106938718  
    0.00036467580143659744 0.0003634839600039077 0.00036226280444706454  
    0.00036102407879507815 0.0003597795270769586 0.0003585408933217162  
    0.0003573353816965619 0.0003561678393510889 0.00035501647478788055  
    0.0003538594965095202 0.0003526751130185912 0.0003514322509878601  
    0.0003501006256489439 0.00034865962834270195 0.0003470886504099937  
    0.00034536708319167833 0.0003434924435077217 0.00034147901919009597  
    0.0003393313580976704 0.0003370540080893139 0.00033465151702389586  
    0.0003321236309524858 0.00032947462217850767 0.0003267158279393621  
    0.00032385858547244977 0.0003209142320151716 0.000317907591473036  
    0.00031485959641176114 0.0003117757470590619 0.00030866154364265363  
    0.00030552248639025123 0.0003023535727985291 0.00029914592271980097  
    0.0002958992199152415 0.0002926131481460249 0.00028928739117332566  
    0.00028592477613189796 0.0002825294593600599 0.00027910311842433154  
    0.0002756474308912332 0.0002721640743272849 0.00026865373817779075  
    0.00026511593489224447 0.0002615505765434513 0.00025795757520421625  
    0.0002543368429473446 0.00025068626900973356 0.00024700500950355865  
    0.00024329487681454194 0.0002395576833284056 0.0002357952414308717  
    0.0002320125857548674 0.0002282171843212143 0.00022441449959747616  
    0.00022060999405121678 0.00021680913014999987 0.0002041336815  
    0.00018607781100000003 0.0001652440695 0.000147071805855  
    0.00013493014815 
  DENSITY_TH = 26.599279592260977 26.597615114716422 26.59262230699516  
    26.58430304344336 26.572660446668273 26.557698885584895  
    26.539423972683633 26.51784256052149 26.49296273743973  
    26.464793822511773 26.433346359725853 26.39863211140738  
    26.36066405088683 26.319456354419522 26.275024392364422  
    26.22738471962948 26.176555065392005 26.12255432210288  
    26.065402533784244 26.005120883630717 25.94173168092501  
    25.875258347279072 25.805725402212847 25.733158448082907  
    25.657584154374003 25.57903024136704 25.497525463197423  
    25.413099590318293 25.325783391383638 25.23560861456668  
    25.142607968329408 25.04806295074421 24.95386655443687  
    24.86096943811032 24.770322260467484 24.682875680211303  
    24.599269240683878 24.51878055930556 24.440317405896657  
    24.36278755027747 24.285098762268287 24.20572967118023  
    24.124408445079666 24.041917161919837 23.959037899653953  
    23.87655273623526 23.796273296906946 23.718522371133297  
    23.641848783199187 23.564801357389484 23.485928917989057  
    23.403162178201892 23.314484364257222 23.21852306997778  
    23.113905889186317 22.999260415705564 22.87442128547205  
    22.74033997760552 22.59731935070356 22.445662263363737  
    22.285671574183645 22.117330371772855 21.94092316448148  
    21.757204940517898 21.566930688090494 21.370855395407666  
    21.1706321773582 20.967655010246016 20.762290174402146  
    20.55490395015766 20.34586261784359 20.13483304242098  
    19.921223862294852 19.705014017962284 19.486182449920335  
    19.264708098666055 19.040779233468903 18.814672640137374  
    18.586500033977124 18.356373130293818 18.124403644393105  
    17.890637488965737 17.65504219623583 17.41761191080908  
    17.178340777291176 16.937222940287814 16.694117836344525  
    16.448969267876816 16.201897928295335 15.953024511010732  
    15.70246970943366 15.450568798231055 15.197819100292174  
    14.944584381361127 14.691228407182045 14.438114943499041  
    13.594010341250499 12.391603719797 11.004208482926499  
    9.794050815172586 8.985493309185049 
  NI = 26.598880165695004 26.59721571314498 26.59222298039793  
    26.58390384177188 26.572261419827182 26.55730008341323  
    26.539025444936158 26.517444356850064 26.492564907374746  
    26.464396415443694 26.432949424886807 26.39823569785287  
    26.36026820747753 26.319061129803252 26.274629834958176  
    26.226990877601665 26.176161986644797 26.122162054254755  
    26.06501112415269 26.00473037921513 25.94134212838977  
    25.87486979293686 25.80533789200814 25.73277202757573  
    25.6571988687239 25.578646135317296 25.497142581059535  
    25.412717975956713 25.325403088200783 25.23522966548822  
    25.14223041578985 25.047686817934522 24.953491836122  
    24.860596114779703 24.769950298335043 24.68250503121545  
    24.59889984715936 24.51841237443474 24.439950399263306  
    24.362421707866776 24.28473408646685 24.205366187220225  
    24.12404618227522 24.04155613784104 23.958678120126876  
    23.876194195341938 23.79591596152525 23.718166203293947  
    23.6414937667244 23.564447497892974 23.48557624287604  
    23.402810745950905 23.314134263631573 23.218174410349437  
    23.113558800535905 22.998915048622372 22.87407779302854  
    22.739998498586328 22.596980019345462 22.445325209355648  
    22.285336922666623 22.116998248141904 21.940593689859302  
    21.75687822468996 21.566606829505023 21.37053448117565  
    21.170314269766727 20.967340150649605 20.76197839865509  
    20.554595288614017 20.3455570953572 20.13453068884818  
    19.92092471637213 19.70471811874237 19.485889836772188  
    19.264418811274883 19.04049330869277 18.814390110678016  
    18.5862209308587 18.35609748286293 18.124131480318777  
    17.89036883522756 17.65477708030094 17.417350360232536  
    17.17808281971597 16.936968603444868 16.693867150075516  
    16.448722262867314 16.20165463341852 15.952784953327404  
    15.70223391419223 15.4503367856453 15.197590883107852  
    14.94435996686153 14.691007797187995 14.437898134368892  
    13.593806207569 12.391417641986001 11.004043238857 9.79390374336673  
    8.9853583790369 
  NZ = 0.00039942656597365583 0.0003994015714414747  
    0.00039932659722889305 0.00039920167148192314 0.0003990268410910188  
    0.000398802171661743 0.0003985277474737382 0.00039820367142803613  
    0.0003978300649827521 0.00039740706807722117 0.0003969348390446417  
    0.0003964135545133028 0.00039584340929648207 0.00039522461627110973  
    0.00039455740624530494 0.0003938420278148995 0.000393078747209074  
    0.00039226784812524036 0.00039140963155331453  
    0.00039050441558953134 0.0003895525352399629 0.00038855434221391036  
    0.0003875102047073473 0.000386420507176602 0.00038528565010247226  
    0.00038410604974497637 0.00038288213788894974 0.0003816143615807053  
    0.0003803031828559819 0.0003789490784594133 0.00037755253955575464  
    0.00037613280968777125 0.0003747183148713372 0.0003733233306186823  
    0.00037196213244203633 0.0003706489958536293 0.0003693935245196072  
    0.00036818487082313476 0.00036700663335197033 0.0003658424106938718  
    0.00036467580143659744 0.0003634839600039077 0.00036226280444706454  
    0.00036102407879507815 0.0003597795270769586 0.0003585408933217162  
    0.0003573353816965619 0.0003561678393510889 0.00035501647478788055  
    0.0003538594965095202 0.0003526751130185912 0.0003514322509878601  
    0.0003501006256489439 0.00034865962834270195 0.0003470886504099937  
    0.00034536708319167833 0.0003434924435077217 0.00034147901919009597  
    0.0003393313580976704 0.0003370540080893139 0.00033465151702389586  
    0.0003321236309524858 0.00032947462217850767 0.0003267158279393621  
    0.00032385858547244977 0.0003209142320151716 0.000317907591473036  
    0.00031485959641176114 0.0003117757470590619 0.00030866154364265363  
    0.00030552248639025123 0.0003023535727985291 0.00029914592271980097  
    0.0002958992199152415 0.0002926131481460249 0.00028928739117332566  
    0.00028592477613189796 0.0002825294593600599 0.00027910311842433154  
    0.0002756474308912332 0.0002721640743272849 0.00026865373817779075  
    0.00026511593489224447 0.0002615505765434513 0.00025795757520421625  
    0.0002543368429473446 0.00025068626900973356 0.00024700500950355865  
    0.00024329487681454194 0.0002395576833284056 0.0002357952414308717  
    0.0002320125857548674 0.0002282171843212143 0.00022441449959747616  
    0.00022060999405121678 0.00021680913014999987 0.0002041336815  
    0.00018607781100000003 0.0001652440695 0.000147071805855  
    0.00013493014815 
  DENSITY_HE = 2.945380838218006 2.9440951826518997 2.940484697378401  
    2.9349093334293523 2.9277233811169663 2.9192833334098225  
    2.909614891113378 2.8973650949154712 2.880738864408829  
    2.85776139230298 2.826165452897702 2.7850554212265983  
    2.7362188518035104 2.6813354255200386 2.622518473509545  
    2.562431623151075 2.502128295211084 2.4404364650064045  
    2.377138202787954 2.3120180607609924 2.244863755751731  
    2.1750560543715083 2.1025586086963766 2.028069911864627  
    1.952329542398009 1.8761121623236967 1.8009666773102484  
    1.727979728473871 1.65722008413347 1.5887122732806467  
    1.5224388441628744 1.4580327903017496 1.3951629598687347  
    1.333828367301642 1.2740183755511243 1.2157132933493768  
    1.159059899323473 1.1042082346008446 1.0511280464058745  
    0.9997779975425375 0.9501070829161306 0.9018842213100481  
    0.8550018693490442 0.8095780047289557 0.7657168383506318  
    0.7235083662631807 0.683257327390048 0.6451201847371036  
    0.6089599174413509 0.5746474753594812 0.5420614008330572  
    0.5109669519088705 0.4811629864302921 0.4525876242012989  
    0.42518369889128693 0.3988985402308451 0.3737620245093036  
    0.34982475817386566 0.32706417616684913 0.3054527977578791  
    0.2849591166952305 0.26551726494449224 0.24708752506770318  
    0.22966871626691196 0.2132519017924099 0.19782133436824673  
    0.1834016562437698 0.1699846451318185 0.15750279307153017  
    0.14589159625603382 0.13508976389385122 0.1250128683536682  
    0.1155841408938015 0.10675884449903261 0.0984955757174548  
    0.09075613658548655 0.08351377820805839 0.07674693812543613  
    0.07042858055884836 0.06453306584746384 0.059036119697708694  
    0.05391329474429973 0.04914096297808049 0.044698235637447  
    0.040565685738399755 0.0367252507632143 0.033157004149714245  
    0.02984660839064314 0.026784840069021813 0.02396187801559166  
    0.021367405266819742 0.019004988659346418 0.016867271414144566  
    0.014930011027844647 0.013172318413848248 0.011576263538527698  
    0.005630205964939208 0.0013274248785317118 7.759976455617595e-05  
    2.5222503420525314e-07 1.5890798153118787e-15 
  _NZ_0 = 0.0034226901928255727 0.0034224760144322  
    0.0034218335596633426 0.003420763069702458 0.003419264946354309  
    0.003417339751793613 0.0034149882082134594 0.0034122111973738066  
    0.003409009760050445 0.0034053850953849212 0.003401338560135977  
    0.0033968716678331673 0.003391986087833395 0.003386683644281179  
    0.0033809663149735746 0.0033748362301307226 0.003368295671073103  
    0.0033613470688066433 0.00335399300251691 0.003346236197973683  
    0.0033380795258473074 0.0033295259999382614 0.003320578775321483  
    0.0033112411464070505 0.0033015165449188787 0.003291408537793181  
    0.0032809208249984807 0.0032700572372790517 0.0032588217338237104  
    0.003247218399861935 0.0032352514441893695 0.0032230857649142236  
    0.0032109649448475615 0.0031990113109948174 0.0031873471903614255  
    0.003176094909952822 0.0031653367636791598 0.0031549797982045316  
    0.003144883469665282 0.003134907234197755 0.0031249105479382935  
    0.0031146976469182365 0.0031042335528784896 0.0030936189005197506  
    0.0030829543245427158 0.003072340459648085 0.0030620104186136463  
    0.003052005736712186 0.003042139682386896 0.0030322255240809674  
    0.0030220765302375924 0.0030114264332084945 0.003000015722513986  
    0.002987667802350139 0.0029742060769130264 0.002959453950398721  
    0.0029433901444129587 0.002926137091529169 0.002907733762394965  
    0.002888219127657957 0.002867632157965762 0.002845970677227482  
    0.002823271294853397 0.0027996311597428794 0.002775147420795304  
    0.002749917226910046 0.0027241532943788334 0.0026980349945642575  
    0.0026716094589719873 0.002644923819107694 0.002618025206477045  
    0.0025908707545795853 0.0025633843693419972 0.0025355633409106584  
    0.0025074049594319458 0.002478906515052235 0.0024500922335171874  
    0.0024209977305309415 0.0023916373811775945 0.002362025560541244  
    0.002332176643705986 0.002302096538535447 0.0022717810672045194  
    0.002241229476264201 0.0022104410122654895 0.002179414921759383  
    0.0021481331175959868 0.002116588368492188 0.002084796204799159  
    0.00205277215686807 0.0020205317550500935 0.0019881181411645567  
    0.0019555953087557146 0.001923010065762126 0.0018904092201223511  
    0.0018578395797749492 0.0017492235349751645 0.0015945026021482915  
    0.0014159780652585338 0.0012602597584214156 0.001156217773506748 
  PNBE = 0.0 
  PNBI = 0.0 
  PRFE = 9.061969613058505 
  PRFI = 18.976109194666897 
  PFUSE = 56.080771400604924 
  PFUSI = 19.416906584034415 
  PEI = -12.538492814615996 
  PRAD = -16.420453253404535 
  AREA = 242.9736372 
/





