@R IP 1 []
  9.999999995e+06
@R BCENTR 1 []
  1.100000000e+01
@R RMAJOR 1 []
  4.550000000e+00
@R AMINOR 1 []
  1.108386922e+00
@R KAPPA 1 []
  1.348294224e+00
@R DELTA 1 []
 -3.199954267e-01
@I NRHO 1 []
              101
@R RHOB 1 []
  1.264955953e+00
@R RHO 101 []
  0.000000000e+00  1.000000000e-02  2.000000000e-02  3.000000000e-02
  4.000000000e-02  5.000000000e-02  6.000000000e-02  7.000000000e-02
  8.000000000e-02  9.000000000e-02  1.000000000e-01  1.100000000e-01
  1.200000000e-01  1.300000000e-01  1.400000000e-01  1.500000000e-01
  1.600000000e-01  1.700000000e-01  1.800000000e-01  1.900000000e-01
  2.000000000e-01  2.100000000e-01  2.200000000e-01  2.300000000e-01
  2.400000000e-01  2.500000000e-01  2.600000000e-01  2.700000000e-01
  2.800000000e-01  2.900000000e-01  3.000000000e-01  3.100000000e-01
  3.200000000e-01  3.300000000e-01  3.400000000e-01  3.500000000e-01
  3.600000000e-01  3.700000000e-01  3.800000000e-01  3.900000000e-01
  4.000000000e-01  4.100000000e-01  4.200000000e-01  4.300000000e-01
  4.400000000e-01  4.500000000e-01  4.600000000e-01  4.700000000e-01
  4.800000000e-01  4.900000000e-01  5.000000000e-01  5.100000000e-01
  5.200000000e-01  5.300000000e-01  5.400000000e-01  5.500000000e-01
  5.600000000e-01  5.700000000e-01  5.800000000e-01  5.900000000e-01
  6.000000000e-01  6.100000000e-01  6.200000000e-01  6.300000000e-01
  6.400000000e-01  6.500000000e-01  6.600000000e-01  6.700000000e-01
  6.800000000e-01  6.900000000e-01  7.000000000e-01  7.100000000e-01
  7.200000000e-01  7.300000000e-01  7.400000000e-01  7.500000000e-01
  7.600000000e-01  7.700000000e-01  7.800000000e-01  7.900000000e-01
  8.000000000e-01  8.100000000e-01  8.200000000e-01  8.300000000e-01
  8.400000000e-01  8.500000000e-01  8.600000000e-01  8.700000000e-01
  8.800000000e-01  8.900000000e-01  9.000000000e-01  9.100000000e-01
  9.200000000e-01  9.300000000e-01  9.400000000e-01  9.500000000e-01
  9.600000000e-01  9.700000000e-01  9.800000000e-01  9.900000000e-01
  1.000000000e+00
@R VOLP 101 []
  0.000000000e+00  2.444801982e+00  4.889383832e+00  7.333526445e+00
  9.777013559e+00  1.221962928e+01  1.466116078e+01  1.710140253e+01
  1.954015124e+01  2.197720846e+01  2.441238626e+01  2.684550024e+01
  2.927637205e+01  3.170483863e+01  3.413074379e+01  3.655393359e+01
  3.897427324e+01  4.139164454e+01  4.380592782e+01  4.621702409e+01
  4.862484885e+01  5.102931990e+01  5.343037482e+01  5.582798646e+01
  5.822215559e+01  6.061288292e+01  6.300014605e+01  6.538385445e+01
  6.776380227e+01  7.013984451e+01  7.251217069e+01  7.488124764e+01
  7.724755805e+01  7.961142974e+01  8.197297344e+01  8.433217516e+01
  8.668904949e+01  8.904371752e+01  9.139638398e+01  9.374726836e+01
  9.609655250e+01  9.844428125e+01  1.007903407e+02  1.031345332e+02
  1.054765807e+02  1.078162059e+02  1.101531809e+02  1.124872992e+02
  1.148183819e+02  1.171462525e+02  1.194707252e+02  1.217916240e+02
  1.241088005e+02  1.264221131e+02  1.287314652e+02  1.310368208e+02
  1.333381777e+02  1.356355510e+02  1.379289625e+02  1.402184068e+02
  1.425038303e+02  1.447851481e+02  1.470622991e+02  1.493352946e+02
  1.516041841e+02  1.538690661e+02  1.561300856e+02  1.583873320e+02
  1.606407869e+02  1.628903577e+02  1.651358918e+02  1.673772138e+02
  1.696141256e+02  1.718464493e+02  1.740740696e+02  1.762969151e+02
  1.785149990e+02  1.807284534e+02  1.829374346e+02  1.851420457e+02
  1.873423782e+02  1.895382695e+02  1.917291980e+02  1.939145584e+02
  1.960942953e+02  1.982712764e+02  2.004523725e+02  2.026438699e+02
  2.048426549e+02  2.070280036e+02  2.091554914e+02  2.111817799e+02
  2.131017991e+02  2.149363190e+02  2.167158082e+02  2.184717673e+02
  2.202326809e+02  2.220456699e+02  2.239931992e+02  2.261453794e+02
  2.285343216e+02
@R IPOL 101 []
  1.014057209e+00  1.014057338e+00  1.014057712e+00  1.014058284e+00
  1.014058982e+00  1.014059703e+00  1.014060314e+00  1.014060656e+00
  1.014060542e+00  1.014059760e+00  1.014058073e+00  1.014055219e+00
  1.014050911e+00  1.014044836e+00  1.014036654e+00  1.014026011e+00
  1.014012527e+00  1.013995805e+00  1.013975425e+00  1.013950959e+00
  1.013921954e+00  1.013887947e+00  1.013848459e+00  1.013803000e+00
  1.013751072e+00  1.013692162e+00  1.013625756e+00  1.013551473e+00
  1.013470116e+00  1.013382739e+00  1.013288229e+00  1.013183440e+00
  1.013065519e+00  1.012933587e+00  1.012788020e+00  1.012629242e+00
  1.012457393e+00  1.012272344e+00  1.012073857e+00  1.011861755e+00
  1.011636031e+00  1.011397158e+00  1.011146250e+00  1.010884689e+00
  1.010613808e+00  1.010334909e+00  1.010049174e+00  1.009757597e+00
  1.009461033e+00  1.009160215e+00  1.008855955e+00  1.008548915e+00
  1.008239705e+00  1.007928752e+00  1.007616494e+00  1.007303282e+00
  1.006989270e+00  1.006674596e+00  1.006359455e+00  1.006044144e+00
  1.005729056e+00  1.005414614e+00  1.005101212e+00  1.004789147e+00
  1.004478664e+00  1.004169939e+00  1.003863105e+00  1.003558473e+00
  1.003256575e+00  1.002958046e+00  1.002663562e+00  1.002373902e+00
  1.002089845e+00  1.001812066e+00  1.001541168e+00  1.001277712e+00
  1.001022200e+00  1.000775115e+00  1.000536939e+00  1.000308157e+00
  1.000089253e+00  9.998807286e-01  9.996830043e-01  9.994963752e-01
  9.993210677e-01  9.991572104e-01  9.990047599e-01  9.988640129e-01
  9.987348827e-01  9.986199284e-01  9.985651711e-01  9.986214804e-01
  9.987642990e-01  9.989557819e-01  9.991810448e-01  9.994167574e-01
  9.996343062e-01  9.998102097e-01  9.999343473e-01  1.000006375e+00
  1.000000000e+00
@R G11 101 []
  0.000000000e+00  2.451770070e+00  4.903797857e+00  7.356028250e+00
  9.808865719e+00  1.226262736e+01  1.471691953e+01  1.717136929e+01
  1.962664565e+01  2.208347356e+01  2.454171350e+01  2.700078405e+01
  2.946208736e+01  3.192294652e+01  3.438787576e+01  3.684597976e+01
  3.930963214e+01  4.177734817e+01  4.424834132e+01  4.672845760e+01
  4.919518909e+01  5.167543514e+01  5.416088844e+01  5.664062894e+01
  5.912092326e+01  6.160593176e+01  6.409666014e+01  6.658836582e+01
  6.908165304e+01  7.157731570e+01  7.407518404e+01  7.657492017e+01
  7.907630407e+01  8.157927001e+01  8.408469868e+01  8.658850469e+01
  8.909021499e+01  9.159462237e+01  9.410407248e+01  9.661929866e+01
  9.912628836e+01  1.016308275e+02  1.041532117e+02  1.066660267e+02
  1.091788550e+02  1.117082081e+02  1.142266115e+02  1.167612223e+02
  1.192935509e+02  1.218336237e+02  1.243797982e+02  1.269283595e+02
  1.294911163e+02  1.320482122e+02  1.346277743e+02  1.372002627e+02
  1.397854502e+02  1.423887487e+02  1.449802145e+02  1.475930227e+02
  1.502209484e+02  1.528401886e+02  1.554778526e+02  1.581356155e+02
  1.607948709e+02  1.634584442e+02  1.661422514e+02  1.688450996e+02
  1.715541416e+02  1.742722286e+02  1.770061812e+02  1.797650471e+02
  1.825423876e+02  1.853344870e+02  1.881447432e+02  1.909746142e+02
  1.938347832e+02  1.967251478e+02  1.996386913e+02  2.025792067e+02
  2.055475882e+02  2.085502289e+02  2.115994563e+02  2.146938504e+02
  2.178294668e+02  2.210065552e+02  2.242189487e+02  2.274811513e+02
  2.308034943e+02  2.342058059e+02  2.377404048e+02  2.414669854e+02
  2.454017987e+02  2.495062418e+02  2.537450648e+02  2.581257780e+02
  2.626221244e+02  2.671709755e+02  2.717896854e+02  2.764831366e+02
  2.812686509e+02
@R G22 101 []
  0.000000000e+00  1.250959374e-02  2.502062779e-02  3.753294897e-02
  5.004875299e-02  6.256978094e-02  7.509415793e-02  8.762013317e-02
  1.001512563e-01  1.126913720e-01  1.252399456e-01  1.377941660e-01
  1.503613478e-01  1.629280409e-01  1.755174874e-01  1.880742395e-01
  2.006617090e-01  2.132725715e-01  2.259030357e-01  2.385832020e-01
  2.511984739e-01  2.638864326e-01  2.766049426e-01  2.892986918e-01
  3.020001950e-01  3.147311124e-01  3.274968006e-01  3.402728951e-01
  3.530621539e-01  3.658688436e-01  3.786933430e-01  3.915356214e-01
  4.043960794e-01  4.172756303e-01  4.301792302e-01  4.430857264e-01
  4.559925606e-01  4.689246215e-01  4.818946374e-01  4.949070974e-01
  5.078907881e-01  5.208753806e-01  5.339643909e-01  5.470165811e-01
  5.600800486e-01  5.732385610e-01  5.863506095e-01  5.995551324e-01
  6.127568508e-01  6.260069852e-01  6.392967436e-01  6.526068334e-01
  6.659977774e-01  6.793672944e-01  6.928601235e-01  7.063246110e-01
  7.198628993e-01  7.335031710e-01  7.470916325e-01  7.607994962e-01
  7.745946611e-01  7.883542352e-01  8.022179709e-01  8.161947065e-01
  8.301886921e-01  8.442149131e-01  8.583561725e-01  8.726065815e-01
  8.868994728e-01  9.012488851e-01  9.156890711e-01  9.302656954e-01
  9.449441078e-01  9.597036555e-01  9.745606607e-01  9.895215110e-01
  1.004640634e+00  1.019917152e+00  1.035314300e+00  1.050850439e+00
  1.066528352e+00  1.082377053e+00  1.098453868e+00  1.114745024e+00
  1.131227064e+00  1.147915636e+00  1.164813799e+00  1.182021986e+00
  1.199561575e+00  1.217404867e+00  1.235619111e+00  1.254342733e+00
  1.273617661e+00  1.293326998e+00  1.313446614e+00  1.334159475e+00
  1.355447720e+00  1.377184394e+00  1.399801271e+00  1.423542537e+00
  1.448501537e+00
@R G33 101 []
  9.165029595e-01  9.165166002e-01  9.165575267e-01  9.166256620e-01
  9.167208186e-01  9.168430255e-01  9.169922058e-01  9.171680434e-01
  9.173703905e-01  9.175990788e-01  9.178537291e-01  9.181340966e-01
  9.184399479e-01  9.187708000e-01  9.191262422e-01  9.195060304e-01
  9.199096477e-01  9.203364402e-01  9.207860460e-01  9.212578671e-01
  9.217512623e-01  9.222657722e-01  9.228007767e-01  9.233552779e-01
  9.239280908e-01  9.245183088e-01  9.251255832e-01  9.257505364e-01
  9.263942574e-01  9.270565640e-01  9.277348850e-01  9.284255330e-01
  9.291251624e-01  9.298311283e-01  9.305424917e-01  9.312597105e-01
  9.319831069e-01  9.327120886e-01  9.334453849e-01  9.341816671e-01
  9.349199596e-01  9.356602332e-01  9.364033063e-01  9.371503384e-01
  9.379030382e-01  9.386628862e-01  9.394308278e-01  9.402076400e-01
  9.409938668e-01  9.417900461e-01  9.425966216e-01  9.434140167e-01
  9.442424168e-01  9.450820769e-01  9.459328683e-01  9.467942881e-01
  9.476657945e-01  9.485467655e-01  9.494365132e-01  9.503344708e-01
  9.512403235e-01  9.521539277e-01  9.530750013e-01  9.540028840e-01
  9.549367495e-01  9.558755636e-01  9.568180984e-01  9.577633498e-01
  9.587107827e-01  9.596602003e-01  9.606116909e-01  9.615653392e-01
  9.625213117e-01  9.634797148e-01  9.644403413e-01  9.654027645e-01
  9.663661480e-01  9.673290535e-01  9.682899576e-01  9.692476564e-01
  9.702010360e-01  9.711502947e-01  9.720974964e-01  9.730451446e-01
  9.739929643e-01  9.749264050e-01  9.758121684e-01  9.766207603e-01
  9.773690767e-01  9.781539670e-01  9.791367704e-01  9.804615785e-01
  9.821645114e-01  9.841774576e-01  9.863694478e-01  9.886172702e-01
  9.908201998e-01  9.927922888e-01  9.941829099e-01  9.946979979e-01
  9.942488663e-01
@R GRADRHO 101 []
  1.005393859e+00  9.974210499e-01  9.974606798e-01  9.975083473e-01
  9.975877892e-01  9.976964725e-01  9.978116123e-01  9.979240701e-01
  9.980547077e-01  9.982175702e-01  9.984030522e-01  9.985960009e-01
  9.988200080e-01  9.990286639e-01  9.992925670e-01  9.994537549e-01
  9.996901336e-01  9.999719397e-01  1.000283620e+00  1.000683761e+00
  1.000930929e+00  1.001307699e+00  1.001719935e+00  1.002067241e+00
  1.002411033e+00  1.002785273e+00  1.003194184e+00  1.003598449e+00
  1.004003551e+00  1.004415813e+00  1.004833021e+00  1.005250505e+00
  1.005664563e+00  1.006073871e+00  1.006483636e+00  1.006869397e+00
  1.007229929e+00  1.007592938e+00  1.007969748e+00  1.008361899e+00
  1.008695991e+00  1.009004507e+00  1.009387403e+00  1.009709690e+00
  1.010019995e+00  1.010394141e+00  1.010706677e+00  1.011079345e+00
  1.011430140e+00  1.011802148e+00  1.012187512e+00  1.012570742e+00
  1.012998126e+00  1.013390807e+00  1.013856427e+00  1.014281466e+00
  1.014739286e+00  1.015246712e+00  1.015695595e+00  1.016202537e+00
  1.016742787e+00  1.017234776e+00  1.017768952e+00  1.018347683e+00
  1.018908575e+00  1.019459839e+00  1.020049386e+00  1.020670335e+00
  1.021281473e+00  1.021890161e+00  1.022514866e+00  1.023179194e+00
  1.023861812e+00  1.024549838e+00  1.025250127e+00  1.025963655e+00
  1.026715228e+00  1.027499775e+00  1.028294446e+00  1.029104321e+00
  1.029926369e+00  1.030770730e+00  1.031661839e+00  1.032591155e+00
  1.033543398e+00  1.034507363e+00  1.035446061e+00  1.036365987e+00
  1.037283234e+00  1.038273216e+00  1.039549044e+00  1.041344049e+00
  1.043683367e+00  1.046407804e+00  1.049340780e+00  1.052387838e+00
  1.055407347e+00  1.058124485e+00  1.060280941e+00  1.061550042e+00
  1.061763020e+00
@R AREA 101 []
  0.000000000e+00  2.438673059e+00  4.877229558e+00  7.315653425e+00
  9.753848267e+00  1.219169819e+01  1.462915069e+01  1.706617982e+01
  1.950276068e+01  2.193879777e+01  2.437420464e+01  2.680891919e+01
  2.924290173e+01  3.167606785e+01  3.410844593e+01  3.653988901e+01
  3.897074437e+01  4.140044404e+01  4.382930110e+01  4.625677709e+01
  4.868320744e+01  5.110856334e+01  5.353254501e+01  5.595528417e+01
  5.837683218e+01  6.079718201e+01  6.321623080e+01  6.563396505e+01
  6.805039657e+01  7.046551794e+01  7.287932106e+01  7.529181713e+01
  7.770303774e+01  8.011303002e+01  8.252184138e+01  8.492952709e+01
  8.733620954e+01  8.974194440e+01  9.214676014e+01  9.455065996e+01
  9.695372483e+01  9.935616890e+01  1.017579491e+02  1.041590419e+02
  1.065597122e+02  1.089598250e+02  1.113594615e+02  1.137587262e+02
  1.161574793e+02  1.185559557e+02  1.209539526e+02  1.233517106e+02
  1.257490492e+02  1.281461418e+02  1.305429409e+02  1.329394391e+02
  1.353358133e+02  1.377319119e+02  1.401278974e+02  1.425238650e+02
  1.449197262e+02  1.473156382e+02  1.497117289e+02  1.521079459e+02
  1.545044025e+02  1.569012520e+02  1.592986134e+02  1.616965087e+02
  1.640950941e+02  1.664945419e+02  1.688950243e+02  1.712966523e+02
  1.736995486e+02  1.761039067e+02  1.785099284e+02  1.809178270e+02
  1.833278124e+02  1.857400665e+02  1.881548627e+02  1.905725080e+02
  1.929933394e+02  1.954177240e+02  1.978460122e+02  2.002785502e+02
  2.027157699e+02  2.051581897e+02  2.076065263e+02  2.100617359e+02
  2.125248296e+02  2.149966400e+02  2.174772588e+02  2.199656262e+02
  2.224599262e+02  2.249587026e+02  2.274612902e+02  2.299680731e+02
  2.324802219e+02  2.350001928e+02  2.375325160e+02  2.400848157e+02
  2.426676631e+02
@R A 101 []
  0.000000000e+00  1.130917221e-02  2.261789807e-02  3.392644443e-02
  4.523506292e-02  5.654337155e-02  6.785130242e-02  7.915924662e-02
  9.046714746e-02  1.017747154e-01  1.130819662e-01  1.243888399e-01
  1.356952153e-01  1.470009727e-01  1.583065558e-01  1.696113898e-01
  1.809172523e-01  1.922217296e-01  2.035263722e-01  2.148287228e-01
  2.261305316e-01  2.374317286e-01  2.487308503e-01  2.600286330e-01
  2.713253548e-01  2.826208064e-01  2.939143340e-01  3.052058922e-01
  3.164956108e-01  3.277834507e-01  3.390693514e-01  3.503531279e-01
  3.616345555e-01  3.729133193e-01  3.841891206e-01  3.954616385e-01
  4.067310077e-01  4.179971473e-01  4.292597621e-01  4.405182405e-01
  4.517723233e-01  4.630224906e-01  4.742681121e-01  4.855086016e-01
  4.967447175e-01  5.079754974e-01  5.192009703e-01  5.304213097e-01
  5.416356051e-01  5.528446485e-01  5.640472040e-01  5.752441287e-01
  5.864342794e-01  5.976181535e-01  6.087951847e-01  6.199650038e-01
  6.311280275e-01  6.422830581e-01  6.534303280e-01  6.645697456e-01
  6.757002879e-01  6.868220210e-01  6.979348789e-01  7.090379101e-01
  7.201308291e-01  7.312134372e-01  7.422853643e-01  7.533457180e-01
  7.643941102e-01  7.754301479e-01  7.864534435e-01  7.974632529e-01
  8.084588290e-01  8.194397214e-01  8.304053960e-01  8.413552812e-01
  8.522886809e-01  8.632046596e-01  8.741026775e-01  8.849821477e-01
  8.958423811e-01  9.066825325e-01  9.175012907e-01  9.282973605e-01
  9.390698056e-01  9.498178352e-01  9.605410836e-01  9.712386870e-01
  9.819097070e-01  9.925555866e-01  1.003174537e+00  1.013765425e+00
  1.024333327e+00  1.034886613e+00  1.045432769e+00  1.055974207e+00
  1.066511364e+00  1.077036441e+00  1.087535634e+00  1.097992476e+00
  1.108386922e+00
@R RTOR 101 []
  4.752744422e+00  4.752725398e+00  4.752668296e+00  4.752573114e+00
  4.752440094e+00  4.752269283e+00  4.752060634e+00  4.751814414e+00
  4.751530786e+00  4.751209824e+00  4.750851856e+00  4.750457161e+00
  4.750025880e+00  4.749558358e+00  4.749054964e+00  4.748515970e+00
  4.747941629e+00  4.747332562e+00  4.746689059e+00  4.746011627e+00
  4.745300718e+00  4.744556810e+00  4.743780398e+00  4.742972031e+00
  4.742132393e+00  4.741262145e+00  4.740361921e+00  4.739432199e+00
  4.738473223e+00  4.737485229e+00  4.736468901e+00  4.735425075e+00
  4.734354486e+00  4.733258302e+00  4.732138043e+00  4.730995047e+00
  4.729830276e+00  4.728644586e+00  4.727438792e+00  4.726213760e+00
  4.724970359e+00  4.723709376e+00  4.722431498e+00  4.721137288e+00
  4.719826878e+00  4.718500305e+00  4.717157441e+00  4.715798053e+00
  4.714421949e+00  4.713028713e+00  4.711618105e+00  4.710189595e+00
  4.708742911e+00  4.707277525e+00  4.705793042e+00  4.704289130e+00
  4.702765365e+00  4.701221523e+00  4.699657233e+00  4.698072252e+00
  4.696466455e+00  4.694839521e+00  4.693191146e+00  4.691521177e+00
  4.689829342e+00  4.688115346e+00  4.686379009e+00  4.684620259e+00
  4.682838915e+00  4.681034752e+00  4.679207475e+00  4.677356810e+00
  4.675482416e+00  4.673583796e+00  4.671660415e+00  4.669711684e+00
  4.667736969e+00  4.665735723e+00  4.663707417e+00  4.661651495e+00
  4.659567366e+00  4.657454244e+00  4.655310979e+00  4.653136244e+00
  4.650928464e+00  4.648686488e+00  4.646411129e+00  4.644103881e+00
  4.641765877e+00  4.639394660e+00  4.636982581e+00  4.634518511e+00
  4.631985622e+00  4.629365288e+00  4.626644862e+00  4.623820844e+00
  4.620890864e+00  4.617861448e+00  4.614745503e+00  4.611561026e+00
  4.608327889e+00
@R SHIFT 101 []
  2.027444220e-01  2.027253975e-01  2.026682964e-01  2.025731137e-01
  2.024400943e-01  2.022692825e-01  2.020606341e-01  2.018144141e-01
  2.015307857e-01  2.012098240e-01  2.008518564e-01  2.004571608e-01
  2.000258803e-01  1.995583578e-01  1.990549645e-01  1.985159695e-01
  1.979416293e-01  1.973325622e-01  1.966890591e-01  1.960116270e-01
  1.953007178e-01  1.945568099e-01  1.937803979e-01  1.929720306e-01
  1.921323933e-01  1.912621451e-01  1.903619211e-01  1.894321994e-01
  1.884732226e-01  1.874852288e-01  1.864689010e-01  1.854250746e-01
  1.843544864e-01  1.832583016e-01  1.821380432e-01  1.809950470e-01
  1.798302762e-01  1.786445863e-01  1.774387920e-01  1.762137597e-01
  1.749703590e-01  1.737093764e-01  1.724314976e-01  1.711372880e-01
  1.698268784e-01  1.685003047e-01  1.671574406e-01  1.657980526e-01
  1.644219491e-01  1.630287131e-01  1.616181053e-01  1.601895950e-01
  1.587429113e-01  1.572775252e-01  1.557930418e-01  1.542891305e-01
  1.527653649e-01  1.512215233e-01  1.496572332e-01  1.480722516e-01
  1.464664548e-01  1.448395209e-01  1.431911459e-01  1.415211771e-01
  1.398293422e-01  1.381153460e-01  1.363790088e-01  1.346202590e-01
  1.328389152e-01  1.310347518e-01  1.292074746e-01  1.273568098e-01
  1.254824157e-01  1.235837956e-01  1.216604155e-01  1.197116836e-01
  1.177369694e-01  1.157357226e-01  1.137074174e-01  1.116514949e-01
  1.095673661e-01  1.074542442e-01  1.053109791e-01  1.031362437e-01
  1.009284641e-01  9.868648836e-02  9.641112934e-02  9.410388110e-02
  9.176587733e-02  8.939466008e-02  8.698258147e-02  8.451851065e-02
  8.198562159e-02  7.936528772e-02  7.664486172e-02  7.382084356e-02
  7.089086369e-02  6.786144754e-02  6.474550250e-02  6.156102577e-02
  5.832788864e-02
@R ELONG 101 []
  1.289506263e+00  1.289511037e+00  1.289525360e+00  1.289536818e+00
  1.289516952e+00  1.289485056e+00  1.289450900e+00  1.289412125e+00
  1.289372875e+00  1.289331160e+00  1.289285328e+00  1.289236131e+00
  1.289186937e+00  1.289136365e+00  1.289082532e+00  1.289026917e+00
  1.288970318e+00  1.288913057e+00  1.288855111e+00  1.288797333e+00
  1.288739677e+00  1.288683257e+00  1.288629400e+00  1.288577690e+00
  1.288528634e+00  1.288483533e+00  1.288443752e+00  1.288409238e+00
  1.288379752e+00  1.288355474e+00  1.288336805e+00  1.288325048e+00
  1.288321444e+00  1.288328054e+00  1.288346475e+00  1.288378388e+00
  1.288424712e+00  1.288485912e+00  1.288562751e+00  1.288656428e+00
  1.288768143e+00  1.288898481e+00  1.289047767e+00  1.289216403e+00
  1.289404786e+00  1.289612829e+00  1.289840501e+00  1.290087770e+00
  1.290354364e+00  1.290640253e+00  1.290945277e+00  1.291269337e+00
  1.291612363e+00  1.291974362e+00  1.292355435e+00  1.292755640e+00
  1.293175295e+00  1.293614731e+00  1.294074451e+00  1.294554945e+00
  1.295056825e+00  1.295580814e+00  1.296127548e+00  1.296697749e+00
  1.297292332e+00  1.297912409e+00  1.298558974e+00  1.299233091e+00
  1.299936077e+00  1.300669351e+00  1.301434257e+00  1.302232180e+00
  1.303064518e+00  1.303932673e+00  1.304838160e+00  1.305782573e+00
  1.306767703e+00  1.307795658e+00  1.308868627e+00  1.309988999e+00
  1.311159399e+00  1.312382379e+00  1.313660468e+00  1.314996105e+00
  1.316391719e+00  1.317850416e+00  1.319378829e+00  1.320986397e+00
  1.322683452e+00  1.324477836e+00  1.326367892e+00  1.328339685e+00
  1.330370218e+00  1.332432426e+00  1.334508543e+00  1.336599461e+00
  1.338708401e+00  1.340857427e+00  1.343108785e+00  1.345552237e+00
  1.348294224e+00
@R TRIAG 101 []
  0.000000000e+00  3.088173388e-02  2.918427986e-02  2.747952027e-02
  2.577329333e-02  2.406261049e-02  2.234289834e-02  2.061524097e-02
  1.887895179e-02  1.713252259e-02  1.537624899e-02  1.360932303e-02
  1.183010396e-02  1.003869839e-02  8.235068412e-03  6.417619518e-03
  4.584959152e-03  2.737464899e-03  8.742087054e-04 -1.005468147e-03
 -2.902330305e-03 -4.817164308e-03 -6.750797044e-03 -8.703655219e-03
 -1.067609048e-02 -1.266872930e-02 -1.468232330e-02 -1.671807520e-02
 -1.877773436e-02 -2.086269688e-02 -2.297302364e-02 -2.510839241e-02
 -2.726911921e-02 -2.945623458e-02 -3.167042274e-02 -3.391304897e-02
 -3.618638558e-02 -3.849226480e-02 -4.083147244e-02 -4.320465155e-02
 -4.561257749e-02 -4.805613573e-02 -5.053504751e-02 -5.304875454e-02
 -5.559763335e-02 -5.818244135e-02 -6.080392470e-02 -6.346223408e-02
 -6.615740921e-02 -6.889007452e-02 -7.166061033e-02 -7.446992269e-02
 -7.731857933e-02 -8.020765039e-02 -8.313809051e-02 -8.611098682e-02
 -8.912796158e-02 -9.219053214e-02 -9.530057406e-02 -9.845993255e-02
 -1.016702075e-01 -1.049334278e-01 -1.082518334e-01 -1.116277374e-01
 -1.150645746e-01 -1.185651477e-01 -1.221323187e-01 -1.257689558e-01
 -1.294783449e-01 -1.332636666e-01 -1.371282101e-01 -1.410754995e-01
 -1.451093950e-01 -1.492338660e-01 -1.534527705e-01 -1.577705066e-01
 -1.621920134e-01 -1.667227797e-01 -1.713688538e-01 -1.761370318e-01
 -1.810346352e-01 -1.860695647e-01 -1.912485106e-01 -1.965786652e-01
 -2.020696520e-01 -2.077325366e-01 -2.135844312e-01 -2.196474473e-01
 -2.259430191e-01 -2.324940282e-01 -2.393054736e-01 -2.463650140e-01
 -2.536530260e-01 -2.611381620e-01 -2.687953019e-01 -2.766401109e-01
 -2.847097781e-01 -2.930117762e-01 -3.015349859e-01 -3.104259198e-01
 -3.199954267e-01
@R PMHD 101 []
  1.705602502e+06  1.704877569e+06  1.702704726e+06  1.699089848e+06
  1.694042731e+06  1.687577104e+06  1.679710626e+06  1.670464884e+06
  1.659865334e+06  1.647941330e+06  1.634725963e+06  1.620255906e+06
  1.604571268e+06  1.587715920e+06  1.569736253e+06  1.550683236e+06
  1.530607015e+06  1.509568399e+06  1.487623789e+06  1.464839997e+06
  1.441278640e+06  1.417007183e+06  1.392098389e+06  1.366622956e+06
  1.340654623e+06  1.314269588e+06  1.287546852e+06  1.260553383e+06
  1.233248964e+06  1.205571960e+06  1.177658186e+06  1.149830727e+06
  1.122386490e+06  1.095444419e+06  1.069009320e+06  1.043082576e+06
  1.017689959e+06  9.928828492e+05  9.687231979e+05  9.452693073e+05
  9.225621545e+05  9.005971928e+05  8.793171441e+05  8.586396976e+05
  8.384823922e+05  8.187722978e+05  7.994451243e+05  7.804520806e+05
  7.617624375e+05  7.433485493e+05  7.251844713e+05  7.072488448e+05
  6.895333756e+05  6.720404880e+05  6.547754774e+05  6.377516277e+05
  6.209969452e+05  6.045477311e+05  5.884284040e+05  5.726549719e+05
  5.572381880e+05  5.421803405e+05  5.274876276e+05  5.131772362e+05
  4.992690427e+05  4.857875074e+05  4.727616126e+05  4.602053185e+05
  4.481078655e+05  4.364486962e+05  4.252022459e+05  4.143335307e+05
  4.038062219e+05  3.935922527e+05  3.836691172e+05  3.740171610e+05
  3.646213236e+05  3.554680840e+05  3.465414497e+05  3.378243705e+05
  3.292976537e+05  3.209395579e+05  3.127344147e+05  3.046764929e+05
  2.967646861e+05  2.890057243e+05  2.814210820e+05  2.739974056e+05
  2.667585392e+05  2.594667746e+05  2.477150792e+05  2.266198847e+05
  1.985184243e+05  1.670242817e+05  1.335437681e+05  1.002912697e+05
  6.998465698e+04  4.481888107e+04  2.564431168e+04  1.231954806e+04
  7.126397154e+03
@R QMHD 101 []
  9.790033767e-01  9.790602539e-01  9.792317788e-01  9.795205475e-01
  9.799306099e-01  9.804670541e-01  9.811354302e-01  9.819410121e-01
  9.828879097e-01  9.839780199e-01  9.852098517e-01  9.865773806e-01
  9.880754430e-01  9.897048068e-01  9.914671237e-01  9.933635414e-01
  9.953953522e-01  9.975618632e-01  9.998628170e-01  1.002297806e+00
  1.004868789e+00  1.007577832e+00  1.010423947e+00  1.013410704e+00
  1.016540062e+00  1.019808239e+00  1.023214169e+00  1.026758989e+00
  1.030448692e+00  1.034289981e+00  1.038285581e+00  1.042430549e+00
  1.046719313e+00  1.051154503e+00  1.055741714e+00  1.060485814e+00
  1.065389003e+00  1.070452083e+00  1.075674825e+00  1.081056841e+00
  1.086601027e+00  1.092312446e+00  1.098197590e+00  1.104261698e+00
  1.110511772e+00  1.116955023e+00  1.123597937e+00  1.130448486e+00
  1.137512983e+00  1.144798597e+00  1.152311579e+00  1.160059419e+00
  1.168047952e+00  1.176285616e+00  1.184780558e+00  1.193541795e+00
  1.202579302e+00  1.211900733e+00  1.221517033e+00  1.231439323e+00
  1.241678368e+00  1.252245817e+00  1.263154667e+00  1.274417553e+00
  1.286048362e+00  1.298061786e+00  1.310473575e+00  1.323299542e+00
  1.336557546e+00  1.350266867e+00  1.364448321e+00  1.379122796e+00
  1.394312809e+00  1.410042975e+00  1.426338357e+00  1.443226086e+00
  1.460735698e+00  1.478901452e+00  1.497763942e+00  1.517365253e+00
  1.537746127e+00  1.558936966e+00  1.580962458e+00  1.603863196e+00
  1.627711143e+00  1.652608757e+00  1.678668216e+00  1.705952318e+00
  1.734514927e+00  1.764511873e+00  1.796018264e+00  1.829058343e+00
  1.863628805e+00  1.899708946e+00  1.937446484e+00  1.977116151e+00
  2.018921355e+00  2.062858240e+00  2.109342372e+00  2.159391164e+00
  2.214723768e+00
@R ER 101 []
  0.000000000e+00  0.000000000e+00  0.000000000e+00  0.000000000e+00
  0.000000000e+00  0.000000000e+00  0.000000000e+00  0.000000000e+00
  0.000000000e+00  0.000000000e+00  0.000000000e+00  0.000000000e+00
  0.000000000e+00  0.000000000e+00  0.000000000e+00  0.000000000e+00
  0.000000000e+00  0.000000000e+00  0.000000000e+00  0.000000000e+00
  0.000000000e+00  0.000000000e+00  0.000000000e+00  0.000000000e+00
  0.000000000e+00  0.000000000e+00  0.000000000e+00  0.000000000e+00
  0.000000000e+00  0.000000000e+00  0.000000000e+00  0.000000000e+00
  0.000000000e+00  0.000000000e+00  0.000000000e+00  0.000000000e+00
  0.000000000e+00  0.000000000e+00  0.000000000e+00  0.000000000e+00
  0.000000000e+00  0.000000000e+00  0.000000000e+00  0.000000000e+00
  0.000000000e+00  0.000000000e+00  0.000000000e+00  0.000000000e+00
  0.000000000e+00  0.000000000e+00  0.000000000e+00  0.000000000e+00
  0.000000000e+00  0.000000000e+00  0.000000000e+00  0.000000000e+00
  0.000000000e+00  0.000000000e+00  0.000000000e+00  0.000000000e+00
  0.000000000e+00  0.000000000e+00  0.000000000e+00  0.000000000e+00
  0.000000000e+00  0.000000000e+00  0.000000000e+00  0.000000000e+00
  0.000000000e+00  0.000000000e+00  0.000000000e+00  0.000000000e+00
  0.000000000e+00  0.000000000e+00  0.000000000e+00  0.000000000e+00
  0.000000000e+00  0.000000000e+00  0.000000000e+00  0.000000000e+00
  0.000000000e+00  0.000000000e+00  0.000000000e+00  0.000000000e+00
  0.000000000e+00  0.000000000e+00  0.000000000e+00  0.000000000e+00
  0.000000000e+00  0.000000000e+00  0.000000000e+00  0.000000000e+00
  0.000000000e+00  0.000000000e+00  0.000000000e+00  0.000000000e+00
  0.000000000e+00  0.000000000e+00  0.000000000e+00  0.000000000e+00
  0.000000000e+00
@R NC1 101 []
  9.985000475e-01  9.385430535e-01  9.154341107e-01  8.985226851e-01
  8.847824082e-01  8.730481299e-01  8.627249578e-01  8.534603609e-01
  8.450262759e-01  8.372653426e-01  8.300629714e-01  8.233331631e-01
  8.170094110e-01  8.110380479e-01  8.053767522e-01  7.999909926e-01
  7.948504307e-01  7.899313826e-01  7.852122099e-01  7.806757366e-01
  7.763052291e-01  7.720868879e-01  7.680092674e-01  7.640608265e-01
  7.602310842e-01  7.565112478e-01  7.528945022e-01  7.493755776e-01
  7.459497531e-01  7.426110361e-01  7.393517740e-01  7.361647209e-01
  7.330428911e-01  7.299800646e-01  7.269728533e-01  7.240200492e-01
  7.211202672e-01  7.182709739e-01  7.154688698e-01  7.127109814e-01
  7.099951249e-01  7.073201588e-01  7.046855188e-01  7.020906887e-01
  6.995359561e-01  6.970212582e-01  6.945455367e-01  6.921081293e-01
  6.897081063e-01  6.873441438e-01  6.850156721e-01  6.827212695e-01
  6.804600222e-01  6.782307405e-01  6.760322044e-01  6.738629950e-01
  6.717215647e-01  6.696067926e-01  6.675172186e-01  6.654515783e-01
  6.634091010e-01  6.613890124e-01  6.593904222e-01  6.574123915e-01
  6.554538359e-01  6.535136244e-01  6.515906260e-01  6.496839423e-01
  6.477928329e-01  6.459170488e-01  6.440563240e-01  6.422102298e-01
  6.403788997e-01  6.385620384e-01  6.367591509e-01  6.349698588e-01
  6.331934429e-01  6.314291101e-01  6.296760247e-01  6.279332790e-01
  6.262002576e-01  6.244769333e-01  6.227642216e-01  6.210632662e-01
  6.193739354e-01  6.176892043e-01  6.159966528e-01  6.142865131e-01
  6.125710097e-01  6.108835309e-01  6.092734049e-01  6.078035764e-01
  6.064971673e-01  6.053174075e-01  6.041906867e-01  6.030684907e-01
  6.019052647e-01  6.006253234e-01  5.991228951e-01  5.973097055e-01
  5.951723609e-01
@R HFAC1 101 []
  1.000000000e+00  9.976215670e-01  9.952454474e-01  9.928716632e-01
  9.905002255e-01  9.881313499e-01  9.857651111e-01  9.834014068e-01
  9.810402914e-01  9.786818426e-01  9.763259961e-01  9.739727571e-01
  9.716221212e-01  9.692739795e-01  9.669281396e-01  9.645846835e-01
  9.622430328e-01  9.599034975e-01  9.575656247e-01  9.552297291e-01
  9.528951822e-01  9.505618328e-01  9.482297580e-01  9.458983381e-01
  9.435669335e-01  9.412351894e-01  9.389032265e-01  9.365715559e-01
  9.342407690e-01  9.319106475e-01  9.295797468e-01  9.272463188e-01
  9.249086778e-01  9.225654047e-01  9.202162279e-01  9.178618194e-01
  9.155026604e-01  9.131386337e-01  9.107691638e-01  9.083937224e-01
  9.060120131e-01  9.036242071e-01  9.012310678e-01  8.988334063e-01
  8.964322208e-01  8.940285983e-01  8.916229202e-01  8.892156111e-01
  8.868070950e-01  8.843973304e-01  8.819868310e-01  8.795754371e-01
  8.771633976e-01  8.747505928e-01  8.723369071e-01  8.699219966e-01
  8.675053070e-01  8.650866690e-01  8.626655059e-01  8.602413922e-01
  8.578143095e-01  8.553840925e-01  8.529504970e-01  8.505132817e-01
  8.480719684e-01  8.456259695e-01  8.431746659e-01  8.407176911e-01
  8.382547766e-01  8.357859540e-01  8.333113404e-01  8.308310439e-01
  8.283453625e-01  8.258543774e-01  8.233579666e-01  8.208560017e-01
  8.183481044e-01  8.158337223e-01  8.133122069e-01  8.107829645e-01
  8.082455575e-01  8.057002459e-01  8.031482807e-01  8.005911062e-01
  7.980285353e-01  7.954530260e-01  7.928495329e-01  7.902063355e-01
  7.875359627e-01  7.848817462e-01  7.823076582e-01  7.798770846e-01
  7.776064011e-01  7.754562221e-01  7.733525904e-01  7.712372528e-01
  7.690611369e-01  7.667427616e-01  7.641553693e-01  7.611976015e-01
  7.578494994e-01
@R HFAC2 101 []
  1.000000000e+00  9.952516084e-01  9.905247163e-01  9.858192531e-01
  9.811351281e-01  9.764726524e-01  9.718318554e-01  9.672124192e-01
  9.626143338e-01  9.580376352e-01  9.534820812e-01  9.489475644e-01
  9.444339593e-01  9.399409418e-01  9.354680306e-01  9.310152695e-01
  9.265814488e-01  9.221670471e-01  9.177711053e-01  9.133941090e-01
  9.090347738e-01  9.046927186e-01  9.003679895e-01  8.960593382e-01
  8.917654834e-01  8.874856851e-01  8.832200996e-01  8.789696209e-01
  8.747352833e-01  8.705166043e-01  8.663108288e-01  8.621146674e-01
  8.579249778e-01  8.537391413e-01  8.495566773e-01  8.453788364e-01
  8.412065154e-01  8.370395084e-01  8.328767730e-01  8.287173588e-01
  8.245607544e-01  8.204073124e-01  8.162584247e-01  8.121155488e-01
  8.079804885e-01  8.038551623e-01  7.997402227e-01  7.956364005e-01
  7.915443993e-01  7.874641187e-01  7.833964077e-01  7.793409563e-01
  7.752981396e-01  7.712677119e-01  7.672494201e-01  7.632426215e-01
  7.592463261e-01  7.552601914e-01  7.512832031e-01  7.473146118e-01
  7.433543520e-01  7.394021313e-01  7.354575261e-01  7.315200997e-01
  7.275890274e-01  7.236633112e-01  7.197419133e-01  7.158242155e-01
  7.119097733e-01  7.079986571e-01  7.040910802e-01  7.001872250e-01
  6.962875932e-01  6.923923248e-01  6.885012173e-01  6.846140635e-01
  6.807302347e-01  6.768488202e-01  6.729687790e-01  6.690891538e-01
  6.652092344e-01  6.613294203e-01  6.574517056e-01  6.535784852e-01
  6.497096350e-01  6.458331565e-01  6.419248133e-01  6.379655022e-01
  6.339751686e-01  6.300235593e-01  6.262135457e-01  6.226464228e-01
  6.193474066e-01  6.162527939e-01  6.132441642e-01  6.102289400e-01
  6.071295823e-01  6.038151631e-01  6.000813462e-01  5.957683596e-01
  5.908492825e-01
