  5-Nov-25 07/09/2014
     1               1
  0.500000000E+01
*   5.000             1               0 MAR   3   2 CLC    40   41
  0.000000000E+00 0.170000000E+03 0.200000000E+01 0.679320679E+06
  0.679320679E+06 0.172207756E+03 0.749742826E+00 0.414385255E+02
  0.135020363E+01-0.371296845E+00-0.307195868E+00 0.780015869E+07
  0.177034756E+03 0.180980051E+01 0.233616716E+01 0.121861753E+01
  0.618120303E+00 0.857644225E+00 0.100000000E+11 0.105295453E+02
  0.100000000E+11 0.100000000E+11 0.202728848E+01-0.120956545E+01
  0.770166838E+02 0.108350810E+03 0.536029848E+02
  0.000000000E+00 0.000000000E+00 0.000000000E+00
  0.826975507E+02 0.797147003E+02
  0.000000000E+00 0.000000000E+00
  0.162651330E+01 0.277219269E+00 0.204845698E+01 0.108713513E+01
  0.773991650E+00 0.221970719E+01-0.500000000E+02-0.500000000E+02
 -0.500000000E+02 0.302581537E+00 0.709874162E+04 0.221143744E+06
  0.996555496E-04 0.129313049E+01 0.970839643E+00 0.552868885E-02
  0.128130441E+01 0.172685604E+03 0.000000000E+00 0.000000000E+00
 -0.999000000E+03-0.999000000E+03-0.999000000E+03-0.999000000E+03
 -0.100000000E+03-0.500000000E+02 0.194248553E+01 0.191502913E+01
  0.629748299E+01 0.396474515E+02 0.100000000E+03 0.105295453E+02
  0.177542992E+03 0.202104487E+01 0.465533208E+00 0.000000000E+00
  0.101564140E+01 0.200232609E+01 0.363364123E+06 0.000000000E+00
  0.000000000E+00 0.000000000E+00 0.870268231E+00 0.100000000E+02
    44   60   18    6
  0.177323216E+00 0.141119994E+00 0.189704901E+00 0.151553254E+00
  0.646194639E-01-0.231239267E-01 0.544332784E+00-0.743149660E-01
 -0.479253437E+00 0.244366812E+00 0.146451742E+00 0.233571531E-01
 -0.399732942E-01-0.726058703E-01-0.893180663E-01 0.559253322E+00
 -0.848738489E-01-0.182528169E-01 0.218550058E+00 0.160125142E+00
  0.167527129E+00 0.168658306E+00 0.100289586E+00 0.179855030E-01
 -0.341340190E+00 0.402867139E+00 0.432422775E+00 0.230146629E-01
  0.749293701E-01 0.204359719E+00 0.875189280E-01-0.678735304E-02
 -0.476295189E-01-0.658443975E-01 0.990032657E-01 0.479598528E+00
  0.469543202E+00-0.480301576E-01 0.234972740E-01-0.340194681E-01
 -0.697124000E-02 0.135491583E-01 0.591821445E-01 0.121822764E+00
  0.107052095E+00 0.235845207E+00 0.225820773E+00-0.159171893E+00
 -0.260968102E+00-0.370722844E-01 0.298591163E+00 0.648031249E+00
  0.297713877E+00-0.158526915E+00-0.334598767E+00-0.864940658E-01
  0.238669766E+00 0.323643774E+00 0.256327139E+00-0.358438043E-01
  0.115371294E+00 0.241235222E+00 0.172211704E+00 0.202065640E+00
  0.222486196E+00 0.214853125E+00 0.288506941E+00-0.103137443E+00
 -0.316274008E+00-0.290786165E+00-0.620094766E-01 0.301890479E+00
  0.361364513E+00 0.277399031E+00 0.401615712E+00 0.776087986E+00
  0.310190089E+00 0.426788421E-01-0.195300648E+00-0.270387527E+00
 -0.681969597E-01 0.915897629E-01 0.322286230E+00 0.254039664E+00
  0.363284501E+00 0.108666088E+00-0.606757530E-01-0.253110764E+00
 -0.308638553E+00-0.103785798E+00 0.284614118E+00 0.216271599E+00
  0.221464909E+00 0.202312100E+00 0.169125993E+00 0.238411264E+00
  0.117349001E+00-0.323308201E-01 0.109730168E+00 0.235746205E+00
  0.228090314E+00-0.144814097E+00-0.266355731E+00-0.349334194E-01
  0.309485132E+05-0.437990355E+05 0.258866421E+06 0.244443964E+06
  0.102519388E+06-0.317240309E+06 0.621902649E+06-0.500392413E+05
 -0.782994278E+06 0.337978365E+06 0.917362866E+05-0.108092763E+06
 -0.111934061E+06-0.105935483E+06-0.414687870E+06 0.570032552E+06
 -0.132489823E+06-0.164618591E+06
  0.000000000E+00 0.000000000E+00 0.000000000E+00 0.000000000E+00
  0.000000000E+00 0.000000000E+00
  0.000000000E+00 0.000000000E+00 0.000000000E+00 0.000000000E+00
  0.000000000E+00 0.000000000E+00 0.000000000E+00 0.000000000E+00
  0.000000000E+00 0.000000000E+00 0.558994193E+02 0.000000000E+00
  0.251100072E+00 0.181804147E+01 0.400000006E+02-0.152608892E+00
 -0.116630935E+01 0.000000000E+00 0.999000000E+03 0.190918236E+01
 -0.100000000E+02 0.970839643E+00 0.000000000E+00 0.424060981E-01
 -0.100000000E+02 0.000000000E+00 0.217105900E+01 0.000000000E+00
  0.147881377E+00 0.277883836E+01 0.130769231E+01 0.213429956E+01
  0.339307598E+02 0.293134971E+01-0.890000000E+02-0.890000000E+02
 -0.890000000E+02-0.890000000E+02-0.890000000E+02-0.890000000E+02
 -0.890000000E+02-0.890000000E+02-0.890000000E+02-0.890000000E+02
 -0.890000000E+02-0.890000000E+02-0.890000000E+02-0.890000000E+02
 -0.890000000E+02 0.000000000E+00 0.699400729E+00 0.941544293E+00
  0.141644170E+03 0.186265625E+03 0.000000000E+00 0.819342136E+00
  0.100000000E+01 0.000000000E+00 0.000000000E+00 0.000000000E+00
                                            EQG
