@R INFLAG 1 []
1.000000e+00 
@R IP 1 []
1.000000e+01 
@R BCENTR 1 []
1.100000e+01 
@R RMAJOR 1 []
4.550000e+00 
@R AMINOR 1 []
1.108180e+00 
@R ELONGB 1 []
1.345564e+00 
@R TRIANB 1 []
-3.153436e-01 
@R AMAIN 1 []
2.500000e+00 
@R ZMAIN 1 []
1.000000e+00 
@R AIMP 3 []
1.820000e+02 8.300000e+01 3.000000e+00 
@R ZIMP 3 []
7.400000e+01 3.600000e+01 2.000000e+00 
@R RHO 101 []
0.000000e+00 1.000000e-02 2.000000e-02 3.000000e-02 4.000000e-02 
5.000000e-02 6.000000e-02 7.000000e-02 8.000000e-02 9.000000e-02 
1.000000e-01 1.100000e-01 1.200000e-01 1.300000e-01 1.400000e-01 
1.500000e-01 1.600000e-01 1.700000e-01 1.800000e-01 1.900000e-01 
2.000000e-01 2.100000e-01 2.200000e-01 2.300000e-01 2.400000e-01 
2.500000e-01 2.600000e-01 2.700000e-01 2.800000e-01 2.900000e-01 
3.000000e-01 3.100000e-01 3.200000e-01 3.300000e-01 3.400000e-01 
3.500000e-01 3.600000e-01 3.700000e-01 3.800000e-01 3.900000e-01 
4.000000e-01 4.100000e-01 4.200000e-01 4.300000e-01 4.400000e-01 
4.500000e-01 4.600000e-01 4.700000e-01 4.800000e-01 4.900000e-01 
5.000000e-01 5.100000e-01 5.200000e-01 5.300000e-01 5.400000e-01 
5.500000e-01 5.600000e-01 5.700000e-01 5.800000e-01 5.900000e-01 
6.000000e-01 6.100000e-01 6.200000e-01 6.300000e-01 6.400000e-01 
6.500000e-01 6.600000e-01 6.700000e-01 6.800000e-01 6.900000e-01 
7.000000e-01 7.100000e-01 7.200000e-01 7.300000e-01 7.400000e-01 
7.500000e-01 7.600000e-01 7.700000e-01 7.800000e-01 7.900000e-01 
8.000000e-01 8.100000e-01 8.200000e-01 8.300000e-01 8.400000e-01 
8.500000e-01 8.600000e-01 8.700000e-01 8.800000e-01 8.900000e-01 
9.000000e-01 9.100000e-01 9.200000e-01 9.300000e-01 9.400000e-01 
9.500000e-01 9.600000e-01 9.700000e-01 9.800000e-01 9.900000e-01 
1.000000e+00 
@R ENE 101 []
2.762307e+01 2.762307e+01 2.757546e+01 2.752447e+01 2.747012e+01 
2.741246e+01 2.735155e+01 2.728741e+01 2.722011e+01 2.714968e+01 
2.707616e+01 2.699961e+01 2.692007e+01 2.683757e+01 2.675218e+01 
2.666392e+01 2.657285e+01 2.647901e+01 2.638245e+01 2.628320e+01 
2.618132e+01 2.607685e+01 2.596984e+01 2.586032e+01 2.574835e+01 
2.563396e+01 2.551721e+01 2.539814e+01 2.527679e+01 2.515320e+01 
2.502743e+01 2.489951e+01 2.476950e+01 2.463743e+01 2.450335e+01 
2.436731e+01 2.422934e+01 2.408951e+01 2.394784e+01 2.380438e+01 
2.365919e+01 2.351230e+01 2.336375e+01 2.321360e+01 2.306189e+01 
2.290866e+01 2.275396e+01 2.259783e+01 2.244031e+01 2.228146e+01 
2.212132e+01 2.195992e+01 2.179732e+01 2.163356e+01 2.146868e+01 
2.130274e+01 2.113577e+01 2.096781e+01 2.079892e+01 2.062914e+01 
2.045851e+01 2.028708e+01 2.011488e+01 1.994197e+01 1.976839e+01 
1.959418e+01 1.941937e+01 1.924402e+01 1.906815e+01 1.889181e+01 
1.871501e+01 1.853780e+01 1.836017e+01 1.818213e+01 1.800366e+01 
1.782472e+01 1.764521e+01 1.746499e+01 1.728385e+01 1.710142e+01 
1.691722e+01 1.673048e+01 1.654013e+01 1.634462e+01 1.614177e+01 
1.592848e+01 1.570050e+01 1.545207e+01 1.517559e+01 1.486152e+01 
1.449866e+01 1.407535e+01 1.358208e+01 1.301563e+01 1.238413e+01 
1.171056e+01 1.103139e+01 1.038888e+01 9.819731e+00 9.346060e+00 
8.972966e+00 
@R TE 101 []
1.881676e+01 1.881676e+01 1.874542e+01 1.866825e+01 1.858537e+01 
1.849692e+01 1.840301e+01 1.830379e+01 1.819937e+01 1.808987e+01 
1.797544e+01 1.785620e+01 1.773226e+01 1.760377e+01 1.747084e+01 
1.733360e+01 1.719219e+01 1.704672e+01 1.689733e+01 1.674414e+01 
1.658728e+01 1.642688e+01 1.626305e+01 1.609594e+01 1.592567e+01 
1.575236e+01 1.557614e+01 1.539714e+01 1.521549e+01 1.503131e+01 
1.484473e+01 1.465587e+01 1.446487e+01 1.427185e+01 1.407694e+01 
1.388026e+01 1.368195e+01 1.348213e+01 1.328092e+01 1.307845e+01 
1.287486e+01 1.267026e+01 1.246479e+01 1.225857e+01 1.205173e+01 
1.184439e+01 1.163669e+01 1.142874e+01 1.122069e+01 1.101265e+01 
1.080475e+01 1.059712e+01 1.038988e+01 1.018317e+01 9.977101e+00 
9.771813e+00 9.567429e+00 9.364075e+00 9.161880e+00 8.960969e+00 
8.761470e+00 8.563510e+00 8.367216e+00 8.172715e+00 7.980134e+00 
7.789599e+00 7.601238e+00 7.415176e+00 7.231539e+00 7.050454e+00 
6.872044e+00 6.696433e+00 6.523741e+00 6.354087e+00 6.187582e+00 
6.024333e+00 5.864432e+00 5.707953e+00 5.554943e+00 5.405404e+00 
5.259271e+00 5.116376e+00 4.976390e+00 4.838742e+00 4.702489e+00 
4.566127e+00 4.427311e+00 4.282468e+00 4.126293e+00 3.951178e+00 
3.746797e+00 3.500332e+00 3.198285e+00 2.830948e+00 2.399574e+00 
1.923139e+00 1.438300e+00 9.885116e-01 6.078189e-01 3.107985e-01 
9.381087e-02 
@R TI 101 []
1.901697e+01 1.901697e+01 1.894464e+01 1.886641e+01 1.878239e+01 
1.869272e+01 1.859753e+01 1.849693e+01 1.839107e+01 1.828007e+01 
1.816406e+01 1.804317e+01 1.791752e+01 1.778726e+01 1.765249e+01 
1.751336e+01 1.737000e+01 1.722252e+01 1.707107e+01 1.691576e+01 
1.675673e+01 1.659411e+01 1.642803e+01 1.625861e+01 1.608598e+01 
1.591028e+01 1.573163e+01 1.555015e+01 1.536599e+01 1.517927e+01 
1.499011e+01 1.479864e+01 1.460500e+01 1.440931e+01 1.421171e+01 
1.401232e+01 1.381126e+01 1.360868e+01 1.340469e+01 1.319942e+01 
1.299302e+01 1.278559e+01 1.257728e+01 1.236821e+01 1.215851e+01 
1.194831e+01 1.173774e+01 1.152692e+01 1.131599e+01 1.110508e+01 
1.089430e+01 1.068380e+01 1.047370e+01 1.026413e+01 1.005522e+01 
9.847101e+00 9.639895e+00 9.433733e+00 9.228746e+00 9.025061e+00 
8.822808e+00 8.622115e+00 8.423112e+00 8.225927e+00 8.030688e+00 
7.837524e+00 7.646564e+00 7.457935e+00 7.271766e+00 7.088184e+00 
6.907315e+00 6.729283e+00 6.554213e+00 6.382223e+00 6.213429e+00 
6.047937e+00 5.885843e+00 5.727224e+00 5.572129e+00 5.420564e+00 
5.272469e+00 5.127681e+00 4.985879e+00 4.846503e+00 4.708622e+00 
4.570751e+00 4.430568e+00 4.284534e+00 4.127378e+00 3.951537e+00 
3.746714e+00 3.500099e+00 3.198145e+00 2.831023e+00 2.399813e+00 
1.923358e+00 1.438326e+00 9.883266e-01 6.075778e-01 3.107215e-01 
9.406899e-02 
@R OMEGA 101 []
4.992502e+03 4.992502e+03 4.978802e+03 4.961080e+03 4.940120e+03 
4.916382e+03 4.890179e+03 4.861743e+03 4.831258e+03 4.798873e+03 
4.764714e+03 4.728889e+03 4.691494e+03 4.652611e+03 4.612317e+03 
4.570680e+03 4.527764e+03 4.483626e+03 4.438322e+03 4.391901e+03 
4.344411e+03 4.295898e+03 4.246404e+03 4.195970e+03 4.144635e+03 
4.092438e+03 4.039413e+03 3.985597e+03 3.931022e+03 3.875722e+03 
3.819729e+03 3.763074e+03 3.705787e+03 3.647899e+03 3.589439e+03 
3.530435e+03 3.470916e+03 3.410910e+03 3.350445e+03 3.289547e+03 
3.228244e+03 3.166564e+03 3.104531e+03 3.042174e+03 2.979518e+03 
2.916589e+03 2.853414e+03 2.790019e+03 2.726431e+03 2.662674e+03 
2.598777e+03 2.534765e+03 2.470664e+03 2.406501e+03 2.342304e+03 
2.278099e+03 2.213913e+03 2.149775e+03 2.085711e+03 2.021750e+03 
1.957922e+03 1.894253e+03 1.830775e+03 1.767518e+03 1.704511e+03 
1.641786e+03 1.579374e+03 1.517309e+03 1.455623e+03 1.394351e+03 
1.333528e+03 1.273190e+03 1.213373e+03 1.154118e+03 1.095462e+03 
1.037449e+03 9.801196e+02 9.235197e+02 8.676957e+02 8.126966e+02 
7.585737e+02 7.053813e+02 6.531766e+02 6.020207e+02 5.519785e+02 
5.031198e+02 4.555197e+02 4.092600e+02 3.644299e+02 3.211277e+02 
2.794630e+02 2.395592e+02 2.015571e+02 1.656204e+02 1.319431e+02 
1.007622e+02 7.237776e+01 4.719105e+01 2.578550e+01 9.151105e+00 
-3.154810e-12 
@R ZEFF 101 []
2.182522e+00 2.182522e+00 2.181637e+00 2.180678e+00 2.179646e+00 
2.178541e+00 2.177365e+00 2.176117e+00 2.174797e+00 2.173407e+00 
2.171947e+00 2.170418e+00 2.168819e+00 2.167151e+00 2.165415e+00 
2.163612e+00 2.161741e+00 2.159804e+00 2.157801e+00 2.155733e+00 
2.153601e+00 2.151405e+00 2.149146e+00 2.146825e+00 2.144445e+00 
2.142004e+00 2.139506e+00 2.136951e+00 2.134341e+00 2.131677e+00 
2.128962e+00 2.126197e+00 2.123385e+00 2.120527e+00 2.117628e+00 
2.114688e+00 2.111712e+00 2.108702e+00 2.105662e+00 2.102595e+00 
2.099505e+00 2.096396e+00 2.093273e+00 2.090139e+00 2.087000e+00 
2.083861e+00 2.080726e+00 2.077600e+00 2.074490e+00 2.071400e+00 
2.068337e+00 2.065305e+00 2.062311e+00 2.059360e+00 2.056458e+00 
2.053611e+00 2.050823e+00 2.048101e+00 2.045448e+00 2.042870e+00 
2.040371e+00 2.037956e+00 2.035627e+00 2.033388e+00 2.031241e+00 
2.029189e+00 2.027233e+00 2.025375e+00 2.023614e+00 2.021950e+00 
2.020384e+00 2.018914e+00 2.017538e+00 2.016254e+00 2.015060e+00 
2.013953e+00 2.012929e+00 2.011985e+00 2.011117e+00 2.010320e+00 
2.009590e+00 2.008922e+00 2.008311e+00 2.007750e+00 2.007234e+00 
2.006756e+00 2.006306e+00 2.005878e+00 2.005461e+00 2.005047e+00 
2.004631e+00 2.004218e+00 2.003824e+00 2.003486e+00 2.003239e+00 
2.003100e+00 2.003045e+00 2.003032e+00 2.003030e+00 2.003030e+00 
2.003030e+00 
@R CURPAR 101 []
3.673599e+00 3.673599e+00 3.672919e+00 3.671201e+00 3.668767e+00 
3.665626e+00 3.661785e+00 3.657247e+00 3.652010e+00 3.646075e+00 
3.639441e+00 3.632109e+00 3.624079e+00 3.615351e+00 3.605925e+00 
3.595800e+00 3.584977e+00 3.573456e+00 3.561236e+00 3.548318e+00 
3.534702e+00 3.520388e+00 3.505375e+00 3.489664e+00 3.473255e+00 
3.456148e+00 3.438342e+00 3.419838e+00 3.400636e+00 3.380736e+00 
3.360137e+00 3.338840e+00 3.316845e+00 3.294152e+00 3.270760e+00 
3.246670e+00 3.221882e+00 3.196395e+00 3.170210e+00 3.143327e+00 
3.115746e+00 3.087467e+00 3.058489e+00 3.028813e+00 2.998438e+00 
2.967366e+00 2.935595e+00 2.903126e+00 2.869959e+00 2.836093e+00 
2.801529e+00 2.766267e+00 2.730307e+00 2.693648e+00 2.656291e+00 
2.618236e+00 2.579482e+00 2.540031e+00 2.499881e+00 2.459033e+00 
2.417486e+00 2.375241e+00 2.332298e+00 2.288657e+00 2.244318e+00 
2.199280e+00 2.153544e+00 2.107110e+00 2.059977e+00 2.012146e+00 
1.963617e+00 1.914390e+00 1.864464e+00 1.813840e+00 1.762518e+00 
1.710498e+00 1.657779e+00 1.604362e+00 1.550247e+00 1.495434e+00 
1.439922e+00 1.383712e+00 1.326804e+00 1.269198e+00 1.210893e+00 
1.151890e+00 1.092189e+00 1.031789e+00 9.706916e-01 9.088956e-01 
8.464013e-01 7.832088e-01 7.193180e-01 6.547289e-01 5.894416e-01 
5.234561e-01 4.567723e-01 3.899357e-01 3.267650e-01 2.781705e-01 
2.594265e-01 
@R CURBEAM 101 []
0.000000e+00 0.000000e+00 0.000000e+00 0.000000e+00 0.000000e+00 
0.000000e+00 0.000000e+00 0.000000e+00 0.000000e+00 0.000000e+00 
0.000000e+00 0.000000e+00 0.000000e+00 0.000000e+00 0.000000e+00 
0.000000e+00 0.000000e+00 0.000000e+00 0.000000e+00 0.000000e+00 
0.000000e+00 0.000000e+00 0.000000e+00 0.000000e+00 0.000000e+00 
0.000000e+00 0.000000e+00 0.000000e+00 0.000000e+00 0.000000e+00 
0.000000e+00 0.000000e+00 0.000000e+00 0.000000e+00 0.000000e+00 
0.000000e+00 0.000000e+00 0.000000e+00 0.000000e+00 0.000000e+00 
0.000000e+00 0.000000e+00 0.000000e+00 0.000000e+00 0.000000e+00 
0.000000e+00 0.000000e+00 0.000000e+00 0.000000e+00 0.000000e+00 
0.000000e+00 0.000000e+00 0.000000e+00 0.000000e+00 0.000000e+00 
0.000000e+00 0.000000e+00 0.000000e+00 0.000000e+00 0.000000e+00 
0.000000e+00 0.000000e+00 0.000000e+00 0.000000e+00 0.000000e+00 
0.000000e+00 0.000000e+00 0.000000e+00 0.000000e+00 0.000000e+00 
0.000000e+00 0.000000e+00 0.000000e+00 0.000000e+00 0.000000e+00 
0.000000e+00 0.000000e+00 0.000000e+00 0.000000e+00 0.000000e+00 
0.000000e+00 0.000000e+00 0.000000e+00 0.000000e+00 0.000000e+00 
0.000000e+00 0.000000e+00 0.000000e+00 0.000000e+00 0.000000e+00 
0.000000e+00 0.000000e+00 0.000000e+00 0.000000e+00 0.000000e+00 
0.000000e+00 0.000000e+00 0.000000e+00 0.000000e+00 0.000000e+00 
0.000000e+00 
@R CURRF 101 []
0.000000e+00 0.000000e+00 0.000000e+00 0.000000e+00 0.000000e+00 
0.000000e+00 0.000000e+00 0.000000e+00 0.000000e+00 0.000000e+00 
0.000000e+00 0.000000e+00 0.000000e+00 0.000000e+00 0.000000e+00 
0.000000e+00 0.000000e+00 0.000000e+00 0.000000e+00 0.000000e+00 
0.000000e+00 0.000000e+00 0.000000e+00 0.000000e+00 0.000000e+00 
0.000000e+00 0.000000e+00 0.000000e+00 0.000000e+00 0.000000e+00 
0.000000e+00 0.000000e+00 0.000000e+00 0.000000e+00 0.000000e+00 
0.000000e+00 0.000000e+00 0.000000e+00 0.000000e+00 0.000000e+00 
0.000000e+00 0.000000e+00 0.000000e+00 0.000000e+00 0.000000e+00 
0.000000e+00 0.000000e+00 0.000000e+00 0.000000e+00 0.000000e+00 
0.000000e+00 0.000000e+00 0.000000e+00 0.000000e+00 0.000000e+00 
0.000000e+00 0.000000e+00 0.000000e+00 0.000000e+00 0.000000e+00 
0.000000e+00 0.000000e+00 0.000000e+00 0.000000e+00 0.000000e+00 
0.000000e+00 0.000000e+00 0.000000e+00 0.000000e+00 0.000000e+00 
0.000000e+00 0.000000e+00 0.000000e+00 0.000000e+00 0.000000e+00 
0.000000e+00 0.000000e+00 0.000000e+00 0.000000e+00 0.000000e+00 
0.000000e+00 0.000000e+00 0.000000e+00 0.000000e+00 0.000000e+00 
0.000000e+00 0.000000e+00 0.000000e+00 0.000000e+00 0.000000e+00 
0.000000e+00 0.000000e+00 0.000000e+00 0.000000e+00 0.000000e+00 
0.000000e+00 0.000000e+00 0.000000e+00 0.000000e+00 0.000000e+00 
0.000000e+00 
@R Q 101 []
9.811817e-01 9.812410e-01 9.814188e-01 9.817157e-01 9.821321e-01 
9.826688e-01 9.833266e-01 9.841064e-01 9.850091e-01 9.860352e-01 
9.871854e-01 9.884595e-01 9.898574e-01 9.913783e-01 9.930217e-01 
9.947890e-01 9.966830e-01 9.987036e-01 1.000851e+00 1.003124e+00 
1.005526e+00 1.008060e+00 1.010723e+00 1.013518e+00 1.016446e+00 
1.019510e+00 1.022710e+00 1.026049e+00 1.029528e+00 1.033148e+00 
1.036913e+00 1.040826e+00 1.044886e+00 1.049100e+00 1.053468e+00 
1.057996e+00 1.062684e+00 1.067539e+00 1.072562e+00 1.077758e+00 
1.083130e+00 1.088685e+00 1.094425e+00 1.100355e+00 1.106481e+00 
1.112807e+00 1.119340e+00 1.126084e+00 1.133046e+00 1.140233e+00 
1.147651e+00 1.155307e+00 1.163207e+00 1.171361e+00 1.179776e+00 
1.188461e+00 1.197425e+00 1.206677e+00 1.216227e+00 1.226086e+00 
1.236265e+00 1.246775e+00 1.257629e+00 1.268840e+00 1.280422e+00 
1.292389e+00 1.304757e+00 1.317543e+00 1.330762e+00 1.344435e+00 
1.358581e+00 1.373221e+00 1.388376e+00 1.404071e+00 1.420331e+00 
1.437183e+00 1.454656e+00 1.472782e+00 1.491596e+00 1.511135e+00 
1.531436e+00 1.552542e+00 1.574496e+00 1.597348e+00 1.621152e+00 
1.645971e+00 1.671879e+00 1.698950e+00 1.727273e+00 1.756948e+00 
1.788042e+00 1.820620e+00 1.854788e+00 1.890627e+00 1.928230e+00 
1.967783e+00 2.009597e+00 2.053925e+00 2.101336e+00 2.152758e+00 
2.209404e+00 
@R QBEAME 101 []
0.000000e+00 0.000000e+00 0.000000e+00 0.000000e+00 0.000000e+00 
0.000000e+00 0.000000e+00 0.000000e+00 0.000000e+00 0.000000e+00 
0.000000e+00 0.000000e+00 0.000000e+00 0.000000e+00 0.000000e+00 
0.000000e+00 0.000000e+00 0.000000e+00 0.000000e+00 0.000000e+00 
0.000000e+00 0.000000e+00 0.000000e+00 0.000000e+00 0.000000e+00 
0.000000e+00 0.000000e+00 0.000000e+00 0.000000e+00 0.000000e+00 
0.000000e+00 0.000000e+00 0.000000e+00 0.000000e+00 0.000000e+00 
0.000000e+00 0.000000e+00 0.000000e+00 0.000000e+00 0.000000e+00 
0.000000e+00 0.000000e+00 0.000000e+00 0.000000e+00 0.000000e+00 
0.000000e+00 0.000000e+00 0.000000e+00 0.000000e+00 0.000000e+00 
0.000000e+00 0.000000e+00 0.000000e+00 0.000000e+00 0.000000e+00 
0.000000e+00 0.000000e+00 0.000000e+00 0.000000e+00 0.000000e+00 
0.000000e+00 0.000000e+00 0.000000e+00 0.000000e+00 0.000000e+00 
0.000000e+00 0.000000e+00 0.000000e+00 0.000000e+00 0.000000e+00 
0.000000e+00 0.000000e+00 0.000000e+00 0.000000e+00 0.000000e+00 
0.000000e+00 0.000000e+00 0.000000e+00 0.000000e+00 0.000000e+00 
0.000000e+00 0.000000e+00 0.000000e+00 0.000000e+00 0.000000e+00 
0.000000e+00 0.000000e+00 0.000000e+00 0.000000e+00 0.000000e+00 
0.000000e+00 0.000000e+00 0.000000e+00 0.000000e+00 0.000000e+00 
0.000000e+00 0.000000e+00 0.000000e+00 0.000000e+00 0.000000e+00 
0.000000e+00 
@R QBEAMI 101 []
0.000000e+00 0.000000e+00 0.000000e+00 0.000000e+00 0.000000e+00 
0.000000e+00 0.000000e+00 0.000000e+00 0.000000e+00 0.000000e+00 
0.000000e+00 0.000000e+00 0.000000e+00 0.000000e+00 0.000000e+00 
0.000000e+00 0.000000e+00 0.000000e+00 0.000000e+00 0.000000e+00 
0.000000e+00 0.000000e+00 0.000000e+00 0.000000e+00 0.000000e+00 
0.000000e+00 0.000000e+00 0.000000e+00 0.000000e+00 0.000000e+00 
0.000000e+00 0.000000e+00 0.000000e+00 0.000000e+00 0.000000e+00 
0.000000e+00 0.000000e+00 0.000000e+00 0.000000e+00 0.000000e+00 
0.000000e+00 0.000000e+00 0.000000e+00 0.000000e+00 0.000000e+00 
0.000000e+00 0.000000e+00 0.000000e+00 0.000000e+00 0.000000e+00 
0.000000e+00 0.000000e+00 0.000000e+00 0.000000e+00 0.000000e+00 
0.000000e+00 0.000000e+00 0.000000e+00 0.000000e+00 0.000000e+00 
0.000000e+00 0.000000e+00 0.000000e+00 0.000000e+00 0.000000e+00 
0.000000e+00 0.000000e+00 0.000000e+00 0.000000e+00 0.000000e+00 
0.000000e+00 0.000000e+00 0.000000e+00 0.000000e+00 0.000000e+00 
0.000000e+00 0.000000e+00 0.000000e+00 0.000000e+00 0.000000e+00 
0.000000e+00 0.000000e+00 0.000000e+00 0.000000e+00 0.000000e+00 
0.000000e+00 0.000000e+00 0.000000e+00 0.000000e+00 0.000000e+00 
0.000000e+00 0.000000e+00 0.000000e+00 0.000000e+00 0.000000e+00 
0.000000e+00 0.000000e+00 0.000000e+00 0.000000e+00 0.000000e+00 
0.000000e+00 
@R QRFE 101 []
0.000000e+00 0.000000e+00 0.000000e+00 0.000000e+00 0.000000e+00 
0.000000e+00 0.000000e+00 0.000000e+00 0.000000e+00 0.000000e+00 
0.000000e+00 0.000000e+00 0.000000e+00 0.000000e+00 0.000000e+00 
0.000000e+00 0.000000e+00 0.000000e+00 0.000000e+00 0.000000e+00 
0.000000e+00 0.000000e+00 0.000000e+00 0.000000e+00 0.000000e+00 
0.000000e+00 0.000000e+00 0.000000e+00 0.000000e+00 0.000000e+00 
0.000000e+00 0.000000e+00 0.000000e+00 0.000000e+00 0.000000e+00 
0.000000e+00 0.000000e+00 0.000000e+00 0.000000e+00 0.000000e+00 
0.000000e+00 0.000000e+00 0.000000e+00 0.000000e+00 0.000000e+00 
0.000000e+00 0.000000e+00 0.000000e+00 0.000000e+00 0.000000e+00 
0.000000e+00 0.000000e+00 0.000000e+00 0.000000e+00 0.000000e+00 
0.000000e+00 0.000000e+00 0.000000e+00 0.000000e+00 0.000000e+00 
0.000000e+00 0.000000e+00 0.000000e+00 0.000000e+00 0.000000e+00 
0.000000e+00 0.000000e+00 0.000000e+00 0.000000e+00 0.000000e+00 
0.000000e+00 0.000000e+00 0.000000e+00 0.000000e+00 0.000000e+00 
0.000000e+00 0.000000e+00 0.000000e+00 0.000000e+00 0.000000e+00 
0.000000e+00 0.000000e+00 0.000000e+00 0.000000e+00 0.000000e+00 
0.000000e+00 0.000000e+00 0.000000e+00 0.000000e+00 0.000000e+00 
0.000000e+00 0.000000e+00 0.000000e+00 0.000000e+00 0.000000e+00 
0.000000e+00 0.000000e+00 0.000000e+00 0.000000e+00 0.000000e+00 
0.000000e+00 
@R QRFI 101 []
0.000000e+00 0.000000e+00 0.000000e+00 0.000000e+00 0.000000e+00 
0.000000e+00 0.000000e+00 0.000000e+00 0.000000e+00 0.000000e+00 
0.000000e+00 0.000000e+00 0.000000e+00 0.000000e+00 0.000000e+00 
0.000000e+00 0.000000e+00 0.000000e+00 0.000000e+00 0.000000e+00 
0.000000e+00 0.000000e+00 0.000000e+00 0.000000e+00 0.000000e+00 
0.000000e+00 0.000000e+00 0.000000e+00 0.000000e+00 0.000000e+00 
0.000000e+00 0.000000e+00 0.000000e+00 0.000000e+00 0.000000e+00 
0.000000e+00 0.000000e+00 0.000000e+00 0.000000e+00 0.000000e+00 
0.000000e+00 0.000000e+00 0.000000e+00 0.000000e+00 0.000000e+00 
0.000000e+00 0.000000e+00 0.000000e+00 0.000000e+00 0.000000e+00 
0.000000e+00 0.000000e+00 0.000000e+00 0.000000e+00 0.000000e+00 
0.000000e+00 0.000000e+00 0.000000e+00 0.000000e+00 0.000000e+00 
0.000000e+00 0.000000e+00 0.000000e+00 0.000000e+00 0.000000e+00 
0.000000e+00 0.000000e+00 0.000000e+00 0.000000e+00 0.000000e+00 
0.000000e+00 0.000000e+00 0.000000e+00 0.000000e+00 0.000000e+00 
0.000000e+00 0.000000e+00 0.000000e+00 0.000000e+00 0.000000e+00 
0.000000e+00 0.000000e+00 0.000000e+00 0.000000e+00 0.000000e+00 
0.000000e+00 0.000000e+00 0.000000e+00 0.000000e+00 0.000000e+00 
0.000000e+00 0.000000e+00 0.000000e+00 0.000000e+00 0.000000e+00 
0.000000e+00 0.000000e+00 0.000000e+00 0.000000e+00 0.000000e+00 
0.000000e+00 
@R QRAD 101 []
-3.655320e-01 -3.655320e-01 -3.634346e-01 -3.611866e-01 -3.587923e-01 
-3.562559e-01 -3.535818e-01 -3.507744e-01 -3.478381e-01 -3.447774e-01 
-3.415968e-01 -3.383010e-01 -3.348945e-01 -3.313820e-01 -3.277682e-01 
-3.240576e-01 -3.202551e-01 -3.163653e-01 -3.123929e-01 -3.083426e-01 
-3.042191e-01 -3.000271e-01 -2.957713e-01 -2.914562e-01 -2.870866e-01 
-2.826671e-01 -2.782021e-01 -2.736963e-01 -2.691540e-01 -2.645799e-01 
-2.599782e-01 -2.553533e-01 -2.507096e-01 -2.460511e-01 -2.413822e-01 
-2.367068e-01 -2.320291e-01 -2.273530e-01 -2.226823e-01 -2.180209e-01 
-2.133724e-01 -2.087405e-01 -2.041287e-01 -1.995403e-01 -1.949788e-01 
-1.904474e-01 -1.859491e-01 -1.814869e-01 -1.770637e-01 -1.726823e-01 
-1.683453e-01 -1.640552e-01 -1.598145e-01 -1.556253e-01 -1.514898e-01 
-1.474101e-01 -1.433879e-01 -1.394250e-01 -1.355230e-01 -1.316834e-01 
-1.279076e-01 -1.241967e-01 -1.205520e-01 -1.169742e-01 -1.134644e-01 
-1.100233e-01 -1.066514e-01 -1.033494e-01 -1.001176e-01 -9.695641e-02 
-9.386587e-02 -9.084610e-02 -8.789697e-02 -8.501820e-02 -8.220926e-02 
-7.946935e-02 -7.679725e-02 -7.419121e-02 -7.164873e-02 -6.916628e-02 
-6.673883e-02 -6.435933e-02 -6.201781e-02 -5.970027e-02 -5.738716e-02 
-5.505132e-02 -5.265565e-02 -5.015052e-02 -4.747182e-02 -4.454149e-02 
-4.127344e-02 -3.758968e-02 -3.345039e-02 -2.889568e-02 -2.408139e-02 
-1.927587e-02 -1.479198e-02 -1.087593e-02 -7.619461e-03 -4.935539e-03 
-2.499405e-03 
@R QIONE 101 []
0.000000e+00 0.000000e+00 0.000000e+00 0.000000e+00 0.000000e+00 
0.000000e+00 0.000000e+00 0.000000e+00 0.000000e+00 0.000000e+00 
0.000000e+00 0.000000e+00 0.000000e+00 0.000000e+00 0.000000e+00 
0.000000e+00 0.000000e+00 0.000000e+00 0.000000e+00 0.000000e+00 
0.000000e+00 0.000000e+00 0.000000e+00 0.000000e+00 0.000000e+00 
0.000000e+00 0.000000e+00 0.000000e+00 0.000000e+00 0.000000e+00 
0.000000e+00 0.000000e+00 0.000000e+00 0.000000e+00 0.000000e+00 
0.000000e+00 0.000000e+00 0.000000e+00 0.000000e+00 0.000000e+00 
0.000000e+00 0.000000e+00 0.000000e+00 0.000000e+00 0.000000e+00 
0.000000e+00 0.000000e+00 0.000000e+00 0.000000e+00 0.000000e+00 
0.000000e+00 0.000000e+00 0.000000e+00 0.000000e+00 0.000000e+00 
0.000000e+00 0.000000e+00 0.000000e+00 0.000000e+00 0.000000e+00 
0.000000e+00 0.000000e+00 0.000000e+00 0.000000e+00 0.000000e+00 
0.000000e+00 0.000000e+00 0.000000e+00 0.000000e+00 0.000000e+00 
0.000000e+00 0.000000e+00 0.000000e+00 0.000000e+00 0.000000e+00 
0.000000e+00 0.000000e+00 0.000000e+00 0.000000e+00 0.000000e+00 
0.000000e+00 0.000000e+00 0.000000e+00 0.000000e+00 0.000000e+00 
0.000000e+00 0.000000e+00 0.000000e+00 0.000000e+00 0.000000e+00 
0.000000e+00 0.000000e+00 0.000000e+00 0.000000e+00 0.000000e+00 
0.000000e+00 0.000000e+00 0.000000e+00 0.000000e+00 0.000000e+00 
0.000000e+00 
@R QIONI 101 []
0.000000e+00 0.000000e+00 0.000000e+00 0.000000e+00 0.000000e+00 
0.000000e+00 0.000000e+00 0.000000e+00 0.000000e+00 0.000000e+00 
0.000000e+00 0.000000e+00 0.000000e+00 0.000000e+00 0.000000e+00 
0.000000e+00 0.000000e+00 0.000000e+00 0.000000e+00 0.000000e+00 
0.000000e+00 0.000000e+00 0.000000e+00 0.000000e+00 0.000000e+00 
0.000000e+00 0.000000e+00 0.000000e+00 0.000000e+00 0.000000e+00 
0.000000e+00 0.000000e+00 0.000000e+00 0.000000e+00 0.000000e+00 
0.000000e+00 0.000000e+00 0.000000e+00 0.000000e+00 0.000000e+00 
0.000000e+00 0.000000e+00 0.000000e+00 0.000000e+00 0.000000e+00 
0.000000e+00 0.000000e+00 0.000000e+00 0.000000e+00 0.000000e+00 
0.000000e+00 0.000000e+00 0.000000e+00 0.000000e+00 0.000000e+00 
0.000000e+00 0.000000e+00 0.000000e+00 0.000000e+00 0.000000e+00 
0.000000e+00 0.000000e+00 0.000000e+00 0.000000e+00 0.000000e+00 
0.000000e+00 0.000000e+00 0.000000e+00 0.000000e+00 0.000000e+00 
0.000000e+00 0.000000e+00 0.000000e+00 0.000000e+00 0.000000e+00 
0.000000e+00 0.000000e+00 0.000000e+00 0.000000e+00 0.000000e+00 
0.000000e+00 0.000000e+00 0.000000e+00 0.000000e+00 0.000000e+00 
0.000000e+00 0.000000e+00 0.000000e+00 0.000000e+00 0.000000e+00 
0.000000e+00 0.000000e+00 0.000000e+00 0.000000e+00 0.000000e+00 
0.000000e+00 0.000000e+00 0.000000e+00 0.000000e+00 0.000000e+00 
0.000000e+00 
@R QCX 101 []
0.000000e+00 0.000000e+00 0.000000e+00 0.000000e+00 0.000000e+00 
0.000000e+00 0.000000e+00 0.000000e+00 0.000000e+00 0.000000e+00 
0.000000e+00 0.000000e+00 0.000000e+00 0.000000e+00 0.000000e+00 
0.000000e+00 0.000000e+00 0.000000e+00 0.000000e+00 0.000000e+00 
0.000000e+00 0.000000e+00 0.000000e+00 0.000000e+00 0.000000e+00 
0.000000e+00 0.000000e+00 0.000000e+00 0.000000e+00 0.000000e+00 
0.000000e+00 0.000000e+00 0.000000e+00 0.000000e+00 0.000000e+00 
0.000000e+00 0.000000e+00 0.000000e+00 0.000000e+00 0.000000e+00 
0.000000e+00 0.000000e+00 0.000000e+00 0.000000e+00 0.000000e+00 
0.000000e+00 0.000000e+00 0.000000e+00 0.000000e+00 0.000000e+00 
0.000000e+00 0.000000e+00 0.000000e+00 0.000000e+00 0.000000e+00 
0.000000e+00 0.000000e+00 0.000000e+00 0.000000e+00 0.000000e+00 
0.000000e+00 0.000000e+00 0.000000e+00 0.000000e+00 0.000000e+00 
0.000000e+00 0.000000e+00 0.000000e+00 0.000000e+00 0.000000e+00 
0.000000e+00 0.000000e+00 0.000000e+00 0.000000e+00 0.000000e+00 
0.000000e+00 0.000000e+00 0.000000e+00 0.000000e+00 0.000000e+00 
0.000000e+00 0.000000e+00 0.000000e+00 0.000000e+00 0.000000e+00 
0.000000e+00 0.000000e+00 0.000000e+00 0.000000e+00 0.000000e+00 
0.000000e+00 0.000000e+00 0.000000e+00 0.000000e+00 0.000000e+00 
0.000000e+00 0.000000e+00 0.000000e+00 0.000000e+00 0.000000e+00 
0.000000e+00 
@R QTFUSE 101 []
1.701661e+00 1.701661e+00 1.692211e+00 1.682018e+00 1.671089e+00 
1.659432e+00 1.647053e+00 1.633959e+00 1.620156e+00 1.605652e+00 
1.590453e+00 1.574566e+00 1.557998e+00 1.540757e+00 1.522850e+00 
1.504285e+00 1.485071e+00 1.465216e+00 1.444730e+00 1.423623e+00 
1.401906e+00 1.379590e+00 1.356688e+00 1.333213e+00 1.309179e+00 
1.284603e+00 1.259501e+00 1.233890e+00 1.207791e+00 1.181223e+00 
1.154209e+00 1.126772e+00 1.098938e+00 1.070735e+00 1.042190e+00 
1.013335e+00 9.842018e-01 9.548248e-01 9.252403e-01 8.954863e-01 
8.656029e-01 8.356319e-01 8.056168e-01 7.756028e-01 7.456369e-01 
7.157672e-01 6.860434e-01 6.565162e-01 6.272369e-01 5.982578e-01 
5.696312e-01 5.414096e-01 5.136450e-01 4.863887e-01 4.596908e-01 
4.336001e-01 4.081633e-01 3.834246e-01 3.594255e-01 3.362043e-01 
3.137956e-01 2.922301e-01 2.715342e-01 2.517296e-01 2.328334e-01 
2.148574e-01 1.978087e-01 1.816890e-01 1.664950e-01 1.522186e-01 
1.388466e-01 1.263616e-01 1.147416e-01 1.039610e-01 9.399017e-02 
8.479670e-02 7.634513e-02 6.859751e-02 6.151370e-02 5.505154e-02 
4.916696e-02 4.381393e-02 3.894421e-02 3.450690e-02 3.044780e-02 
2.670874e-02 2.322726e-02 1.993762e-02 1.677498e-02 1.368612e-02 
1.065055e-02 7.712893e-03 5.013704e-03 2.779710e-03 1.225111e-03 
3.900283e-04 7.836751e-05 8.023334e-06 2.747439e-07 1.001407e-09 
1.049907e-15 
@R QTFUSI 101 []
7.245538e-01 7.245538e-01 7.182929e-01 7.115582e-01 7.043630e-01 
6.967207e-01 6.886448e-01 6.801492e-01 6.712479e-01 6.619552e-01 
6.522857e-01 6.422540e-01 6.318753e-01 6.211646e-01 6.101375e-01 
5.988097e-01 5.871972e-01 5.753163e-01 5.631834e-01 5.508153e-01 
5.382290e-01 5.254418e-01 5.124713e-01 4.993353e-01 4.860520e-01 
4.726396e-01 4.591168e-01 4.455024e-01 4.318157e-01 4.180758e-01 
4.043023e-01 3.905150e-01 3.767338e-01 3.629787e-01 3.492698e-01 
3.356276e-01 3.220721e-01 3.086237e-01 2.953026e-01 2.821290e-01 
2.691227e-01 2.563034e-01 2.436906e-01 2.313031e-01 2.191595e-01 
2.072777e-01 1.956749e-01 1.843675e-01 1.733711e-01 1.627003e-01 
1.523687e-01 1.423884e-01 1.327705e-01 1.235246e-01 1.146588e-01 
1.061797e-01 9.809208e-02 9.039924e-02 8.310263e-02 7.620197e-02 
6.969522e-02 6.357858e-02 5.784657e-02 5.249203e-02 4.750628e-02 
4.287913e-02 3.859908e-02 3.465342e-02 3.102835e-02 2.770922e-02 
2.468063e-02 2.192663e-02 1.943088e-02 1.717684e-02 1.514791e-02 
1.332758e-02 1.169957e-02 1.024793e-02 8.957145e-03 7.812191e-03 
6.798579e-03 5.902356e-03 5.110088e-03 4.408802e-03 3.785920e-03 
3.229206e-03 2.726789e-03 2.267420e-03 1.841206e-03 1.441195e-03 
1.066082e-03 7.235593e-04 4.316900e-04 2.132298e-04 8.041734e-05 
2.080310e-05 3.187935e-06 2.305190e-07 5.041970e-09 9.946188e-12 
3.531777e-18 
@R ENBEAM 101 []
0.000000e+00 0.000000e+00 0.000000e+00 0.000000e+00 0.000000e+00 
0.000000e+00 0.000000e+00 0.000000e+00 0.000000e+00 0.000000e+00 
0.000000e+00 0.000000e+00 0.000000e+00 0.000000e+00 0.000000e+00 
0.000000e+00 0.000000e+00 0.000000e+00 0.000000e+00 0.000000e+00 
0.000000e+00 0.000000e+00 0.000000e+00 0.000000e+00 0.000000e+00 
0.000000e+00 0.000000e+00 0.000000e+00 0.000000e+00 0.000000e+00 
0.000000e+00 0.000000e+00 0.000000e+00 0.000000e+00 0.000000e+00 
0.000000e+00 0.000000e+00 0.000000e+00 0.000000e+00 0.000000e+00 
0.000000e+00 0.000000e+00 0.000000e+00 0.000000e+00 0.000000e+00 
0.000000e+00 0.000000e+00 0.000000e+00 0.000000e+00 0.000000e+00 
0.000000e+00 0.000000e+00 0.000000e+00 0.000000e+00 0.000000e+00 
0.000000e+00 0.000000e+00 0.000000e+00 0.000000e+00 0.000000e+00 
0.000000e+00 0.000000e+00 0.000000e+00 0.000000e+00 0.000000e+00 
0.000000e+00 0.000000e+00 0.000000e+00 0.000000e+00 0.000000e+00 
0.000000e+00 0.000000e+00 0.000000e+00 0.000000e+00 0.000000e+00 
0.000000e+00 0.000000e+00 0.000000e+00 0.000000e+00 0.000000e+00 
0.000000e+00 0.000000e+00 0.000000e+00 0.000000e+00 0.000000e+00 
0.000000e+00 0.000000e+00 0.000000e+00 0.000000e+00 0.000000e+00 
0.000000e+00 0.000000e+00 0.000000e+00 0.000000e+00 0.000000e+00 
0.000000e+00 0.000000e+00 0.000000e+00 0.000000e+00 0.000000e+00 
0.000000e+00 
@R WBEAM 101 []
0.000000e+00 0.000000e+00 0.000000e+00 0.000000e+00 0.000000e+00 
0.000000e+00 0.000000e+00 0.000000e+00 0.000000e+00 0.000000e+00 
0.000000e+00 0.000000e+00 0.000000e+00 0.000000e+00 0.000000e+00 
0.000000e+00 0.000000e+00 0.000000e+00 0.000000e+00 0.000000e+00 
0.000000e+00 0.000000e+00 0.000000e+00 0.000000e+00 0.000000e+00 
0.000000e+00 0.000000e+00 0.000000e+00 0.000000e+00 0.000000e+00 
0.000000e+00 0.000000e+00 0.000000e+00 0.000000e+00 0.000000e+00 
0.000000e+00 0.000000e+00 0.000000e+00 0.000000e+00 0.000000e+00 
0.000000e+00 0.000000e+00 0.000000e+00 0.000000e+00 0.000000e+00 
0.000000e+00 0.000000e+00 0.000000e+00 0.000000e+00 0.000000e+00 
0.000000e+00 0.000000e+00 0.000000e+00 0.000000e+00 0.000000e+00 
0.000000e+00 0.000000e+00 0.000000e+00 0.000000e+00 0.000000e+00 
0.000000e+00 0.000000e+00 0.000000e+00 0.000000e+00 0.000000e+00 
0.000000e+00 0.000000e+00 0.000000e+00 0.000000e+00 0.000000e+00 
0.000000e+00 0.000000e+00 0.000000e+00 0.000000e+00 0.000000e+00 
0.000000e+00 0.000000e+00 0.000000e+00 0.000000e+00 0.000000e+00 
0.000000e+00 0.000000e+00 0.000000e+00 0.000000e+00 0.000000e+00 
0.000000e+00 0.000000e+00 0.000000e+00 0.000000e+00 0.000000e+00 
0.000000e+00 0.000000e+00 0.000000e+00 0.000000e+00 0.000000e+00 
0.000000e+00 0.000000e+00 0.000000e+00 0.000000e+00 0.000000e+00 
0.000000e+00 
@R ENALP 101 []
0.000000e+00 0.000000e+00 0.000000e+00 0.000000e+00 0.000000e+00 
0.000000e+00 0.000000e+00 0.000000e+00 0.000000e+00 0.000000e+00 
0.000000e+00 0.000000e+00 0.000000e+00 0.000000e+00 0.000000e+00 
0.000000e+00 0.000000e+00 0.000000e+00 0.000000e+00 0.000000e+00 
0.000000e+00 0.000000e+00 0.000000e+00 0.000000e+00 0.000000e+00 
0.000000e+00 0.000000e+00 0.000000e+00 0.000000e+00 0.000000e+00 
0.000000e+00 0.000000e+00 0.000000e+00 0.000000e+00 0.000000e+00 
0.000000e+00 0.000000e+00 0.000000e+00 0.000000e+00 0.000000e+00 
0.000000e+00 0.000000e+00 0.000000e+00 0.000000e+00 0.000000e+00 
0.000000e+00 0.000000e+00 0.000000e+00 0.000000e+00 0.000000e+00 
0.000000e+00 0.000000e+00 0.000000e+00 0.000000e+00 0.000000e+00 
0.000000e+00 0.000000e+00 0.000000e+00 0.000000e+00 0.000000e+00 
0.000000e+00 0.000000e+00 0.000000e+00 0.000000e+00 0.000000e+00 
0.000000e+00 0.000000e+00 0.000000e+00 0.000000e+00 0.000000e+00 
0.000000e+00 0.000000e+00 0.000000e+00 0.000000e+00 0.000000e+00 
0.000000e+00 0.000000e+00 0.000000e+00 0.000000e+00 0.000000e+00 
0.000000e+00 0.000000e+00 0.000000e+00 0.000000e+00 0.000000e+00 
0.000000e+00 0.000000e+00 0.000000e+00 0.000000e+00 0.000000e+00 
0.000000e+00 0.000000e+00 0.000000e+00 0.000000e+00 0.000000e+00 
0.000000e+00 0.000000e+00 0.000000e+00 0.000000e+00 0.000000e+00 
0.000000e+00 
@R WALP 101 []
0.000000e+00 0.000000e+00 0.000000e+00 0.000000e+00 0.000000e+00 
0.000000e+00 0.000000e+00 0.000000e+00 0.000000e+00 0.000000e+00 
0.000000e+00 0.000000e+00 0.000000e+00 0.000000e+00 0.000000e+00 
0.000000e+00 0.000000e+00 0.000000e+00 0.000000e+00 0.000000e+00 
0.000000e+00 0.000000e+00 0.000000e+00 0.000000e+00 0.000000e+00 
0.000000e+00 0.000000e+00 0.000000e+00 0.000000e+00 0.000000e+00 
0.000000e+00 0.000000e+00 0.000000e+00 0.000000e+00 0.000000e+00 
0.000000e+00 0.000000e+00 0.000000e+00 0.000000e+00 0.000000e+00 
0.000000e+00 0.000000e+00 0.000000e+00 0.000000e+00 0.000000e+00 
0.000000e+00 0.000000e+00 0.000000e+00 0.000000e+00 0.000000e+00 
0.000000e+00 0.000000e+00 0.000000e+00 0.000000e+00 0.000000e+00 
0.000000e+00 0.000000e+00 0.000000e+00 0.000000e+00 0.000000e+00 
0.000000e+00 0.000000e+00 0.000000e+00 0.000000e+00 0.000000e+00 
0.000000e+00 0.000000e+00 0.000000e+00 0.000000e+00 0.000000e+00 
0.000000e+00 0.000000e+00 0.000000e+00 0.000000e+00 0.000000e+00 
0.000000e+00 0.000000e+00 0.000000e+00 0.000000e+00 0.000000e+00 
0.000000e+00 0.000000e+00 0.000000e+00 0.000000e+00 0.000000e+00 
0.000000e+00 0.000000e+00 0.000000e+00 0.000000e+00 0.000000e+00 
0.000000e+00 0.000000e+00 0.000000e+00 0.000000e+00 0.000000e+00 
0.000000e+00 0.000000e+00 0.000000e+00 0.000000e+00 0.000000e+00 
0.000000e+00 
@R SION 101 []
0.000000e+00 0.000000e+00 0.000000e+00 0.000000e+00 0.000000e+00 
0.000000e+00 0.000000e+00 0.000000e+00 0.000000e+00 0.000000e+00 
0.000000e+00 0.000000e+00 0.000000e+00 0.000000e+00 0.000000e+00 
0.000000e+00 0.000000e+00 0.000000e+00 0.000000e+00 0.000000e+00 
0.000000e+00 0.000000e+00 0.000000e+00 0.000000e+00 0.000000e+00 
0.000000e+00 0.000000e+00 0.000000e+00 0.000000e+00 0.000000e+00 
0.000000e+00 0.000000e+00 0.000000e+00 0.000000e+00 0.000000e+00 
0.000000e+00 0.000000e+00 0.000000e+00 0.000000e+00 0.000000e+00 
0.000000e+00 0.000000e+00 0.000000e+00 0.000000e+00 0.000000e+00 
0.000000e+00 0.000000e+00 0.000000e+00 0.000000e+00 0.000000e+00 
0.000000e+00 0.000000e+00 0.000000e+00 0.000000e+00 0.000000e+00 
0.000000e+00 0.000000e+00 0.000000e+00 0.000000e+00 0.000000e+00 
0.000000e+00 0.000000e+00 0.000000e+00 0.000000e+00 0.000000e+00 
0.000000e+00 0.000000e+00 0.000000e+00 0.000000e+00 0.000000e+00 
0.000000e+00 0.000000e+00 0.000000e+00 0.000000e+00 0.000000e+00 
0.000000e+00 0.000000e+00 0.000000e+00 0.000000e+00 0.000000e+00 
0.000000e+00 0.000000e+00 0.000000e+00 0.000000e+00 0.000000e+00 
0.000000e+00 0.000000e+00 0.000000e+00 0.000000e+00 0.000000e+00 
0.000000e+00 0.000000e+00 0.000000e+00 0.000000e+00 0.000000e+00 
0.000000e+00 0.000000e+00 0.000000e+00 0.000000e+00 0.000000e+00 
0.000000e+00 
@R CHIE 101 []
0.000000e+00 6.856843e-02 6.585309e-02 9.150340e-02 1.137394e-01 
1.332790e-01 1.506546e-01 1.662694e-01 1.804271e-01 1.933627e-01 
2.052679e-01 2.163017e-01 2.265760e-01 2.362109e-01 2.452620e-01 
2.538683e-01 2.620156e-01 2.697573e-01 2.771313e-01 2.841674e-01 
2.910044e-01 2.975142e-01 3.037908e-01 3.098998e-01 3.158200e-01 
3.215403e-01 3.270825e-01 3.324858e-01 3.377506e-01 3.428850e-01 
3.478957e-01 3.527897e-01 3.575722e-01 3.622486e-01 3.668174e-01 
3.712953e-01 3.757024e-01 3.800255e-01 3.842546e-01 3.883768e-01 
3.924539e-01 3.964948e-01 4.004043e-01 4.042787e-01 4.081305e-01 
4.118641e-01 4.156036e-01 4.192701e-01 4.229131e-01 4.265225e-01 
4.301064e-01 4.336817e-01 4.372330e-01 4.408181e-01 4.443646e-01 
4.479957e-01 4.516258e-01 4.552942e-01 4.590796e-01 4.628979e-01 
4.668143e-01 4.708978e-01 4.750862e-01 4.794163e-01 4.839697e-01 
4.887494e-01 4.937448e-01 4.990054e-01 5.045984e-01 5.105541e-01 
5.168870e-01 5.236247e-01 5.308397e-01 5.385784e-01 5.468796e-01 
5.557691e-01 5.652397e-01 5.752894e-01 5.858722e-01 5.968243e-01 
6.078413e-01 6.183476e-01 6.273745e-01 6.334149e-01 6.341761e-01 
6.264884e-01 6.066231e-01 5.713278e-01 5.198264e-01 4.556332e-01 
3.864768e-01 3.215988e-01 2.683355e-01 2.305513e-01 2.094383e-01 
2.054728e-01 2.203825e-01 2.587561e-01 3.296005e-01 4.486069e-01 
0.000000e+00 
@R CHII 101 []
0.000000e+00 4.620324e-02 4.426398e-02 6.128920e-02 7.588996e-02 
8.856261e-02 9.967458e-02 1.095037e-01 1.182597e-01 1.261048e-01 
1.331717e-01 1.395699e-01 1.453777e-01 1.506777e-01 1.555103e-01 
1.599682e-01 1.640466e-01 1.677833e-01 1.712061e-01 1.743375e-01 
1.772663e-01 1.799176e-01 1.823525e-01 1.846137e-01 1.866916e-01 
1.885832e-01 1.903048e-01 1.918828e-01 1.933208e-01 1.946266e-01 
1.958077e-01 1.968714e-01 1.978241e-01 1.986726e-01 1.994196e-01 
2.000780e-01 2.006622e-01 2.011688e-01 2.015963e-01 2.019420e-01 
2.022421e-01 2.025047e-01 2.026851e-01 2.028365e-01 2.029687e-01 
2.030380e-01 2.031100e-01 2.031495e-01 2.031846e-01 2.032142e-01 
2.032458e-01 2.032911e-01 2.033462e-01 2.034416e-01 2.035469e-01 
2.037217e-01 2.039300e-01 2.041922e-01 2.045463e-01 2.049569e-01 
2.054553e-01 2.060736e-01 2.067862e-01 2.076107e-01 2.085839e-01 
2.097077e-01 2.109787e-01 2.124189e-01 2.140573e-01 2.159073e-01 
2.179752e-01 2.202733e-01 2.228325e-01 2.256726e-01 2.288107e-01 
2.322585e-01 2.360145e-01 2.400801e-01 2.444391e-01 2.490275e-01 
2.537244e-01 2.582974e-01 2.623523e-01 2.652702e-01 2.661006e-01 
2.635136e-01 2.559156e-01 2.418650e-01 2.209093e-01 1.943895e-01 
1.654849e-01 1.381241e-01 1.155150e-01 9.941339e-02 9.041653e-02 
8.878964e-02 9.532233e-02 1.120408e-01 1.429006e-01 1.947760e-01 
0.000000e+00 
@R STORQUE 101 []
0.000000e+00 0.000000e+00 0.000000e+00 0.000000e+00 0.000000e+00 
0.000000e+00 0.000000e+00 0.000000e+00 0.000000e+00 0.000000e+00 
0.000000e+00 0.000000e+00 0.000000e+00 0.000000e+00 0.000000e+00 
0.000000e+00 0.000000e+00 0.000000e+00 0.000000e+00 0.000000e+00 
0.000000e+00 0.000000e+00 0.000000e+00 0.000000e+00 0.000000e+00 
0.000000e+00 0.000000e+00 0.000000e+00 0.000000e+00 0.000000e+00 
0.000000e+00 0.000000e+00 0.000000e+00 0.000000e+00 0.000000e+00 
0.000000e+00 0.000000e+00 0.000000e+00 0.000000e+00 0.000000e+00 
0.000000e+00 0.000000e+00 0.000000e+00 0.000000e+00 0.000000e+00 
0.000000e+00 0.000000e+00 0.000000e+00 0.000000e+00 0.000000e+00 
0.000000e+00 0.000000e+00 0.000000e+00 0.000000e+00 0.000000e+00 
0.000000e+00 0.000000e+00 0.000000e+00 0.000000e+00 0.000000e+00 
0.000000e+00 0.000000e+00 0.000000e+00 0.000000e+00 0.000000e+00 
0.000000e+00 0.000000e+00 0.000000e+00 0.000000e+00 0.000000e+00 
0.000000e+00 0.000000e+00 0.000000e+00 0.000000e+00 0.000000e+00 
0.000000e+00 0.000000e+00 0.000000e+00 0.000000e+00 0.000000e+00 
0.000000e+00 0.000000e+00 0.000000e+00 0.000000e+00 0.000000e+00 
0.000000e+00 0.000000e+00 0.000000e+00 0.000000e+00 0.000000e+00 
0.000000e+00 0.000000e+00 0.000000e+00 0.000000e+00 0.000000e+00 
0.000000e+00 0.000000e+00 0.000000e+00 0.000000e+00 0.000000e+00 
0.000000e+00 
@R QOHM 101 []
0.000000e+00 0.000000e+00 0.000000e+00 0.000000e+00 0.000000e+00 
0.000000e+00 0.000000e+00 0.000000e+00 0.000000e+00 0.000000e+00 
0.000000e+00 0.000000e+00 0.000000e+00 0.000000e+00 0.000000e+00 
0.000000e+00 0.000000e+00 0.000000e+00 0.000000e+00 0.000000e+00 
0.000000e+00 0.000000e+00 0.000000e+00 0.000000e+00 0.000000e+00 
0.000000e+00 0.000000e+00 0.000000e+00 0.000000e+00 0.000000e+00 
0.000000e+00 0.000000e+00 0.000000e+00 0.000000e+00 0.000000e+00 
0.000000e+00 0.000000e+00 0.000000e+00 0.000000e+00 0.000000e+00 
0.000000e+00 0.000000e+00 0.000000e+00 0.000000e+00 0.000000e+00 
0.000000e+00 0.000000e+00 0.000000e+00 0.000000e+00 0.000000e+00 
0.000000e+00 0.000000e+00 0.000000e+00 0.000000e+00 0.000000e+00 
0.000000e+00 0.000000e+00 0.000000e+00 0.000000e+00 0.000000e+00 
0.000000e+00 0.000000e+00 0.000000e+00 0.000000e+00 0.000000e+00 
0.000000e+00 0.000000e+00 0.000000e+00 0.000000e+00 0.000000e+00 
0.000000e+00 0.000000e+00 0.000000e+00 0.000000e+00 0.000000e+00 
0.000000e+00 0.000000e+00 0.000000e+00 0.000000e+00 0.000000e+00 
0.000000e+00 0.000000e+00 0.000000e+00 0.000000e+00 0.000000e+00 
0.000000e+00 0.000000e+00 0.000000e+00 0.000000e+00 0.000000e+00 
0.000000e+00 0.000000e+00 0.000000e+00 0.000000e+00 0.000000e+00 
0.000000e+00 0.000000e+00 0.000000e+00 0.000000e+00 0.000000e+00 
0.000000e+00 
@R ENHE 101 []
2.479063e+00 2.479063e+00 2.462586e+00 2.444834e+00 2.425832e+00 
2.405600e+00 2.384162e+00 2.361541e+00 2.337761e+00 2.312844e+00 
2.286815e+00 2.259699e+00 2.231520e+00 2.202304e+00 2.172078e+00 
2.140869e+00 2.108703e+00 2.075611e+00 2.041620e+00 2.006762e+00 
1.971068e+00 1.934570e+00 1.897302e+00 1.859299e+00 1.820596e+00 
1.781230e+00 1.741241e+00 1.700669e+00 1.659554e+00 1.617941e+00 
1.575873e+00 1.533398e+00 1.490562e+00 1.447417e+00 1.404014e+00 
1.360405e+00 1.316645e+00 1.272791e+00 1.228902e+00 1.185037e+00 
1.141257e+00 1.097624e+00 1.054203e+00 1.011059e+00 9.682558e-01 
9.258613e-01 8.839416e-01 8.425633e-01 8.017929e-01 7.616959e-01 
7.223373e-01 6.837801e-01 6.460857e-01 6.093133e-01 5.735190e-01 
5.387558e-01 5.050730e-01 4.725156e-01 4.411240e-01 4.109337e-01 
3.819744e-01 3.542707e-01 3.278406e-01 3.026963e-01 2.788437e-01 
2.562821e-01 2.350049e-01 2.149990e-01 1.962455e-01 1.787198e-01 
1.623919e-01 1.472268e-01 1.331853e-01 1.202239e-01 1.082959e-01 
9.735142e-02 8.733825e-02 7.820211e-02 6.988708e-02 6.233582e-02 
5.548972e-02 4.928887e-02 4.367172e-02 3.857465e-02 3.393119e-02 
2.967134e-02 2.572128e-02 2.200454e-02 1.844700e-02 1.498895e-02 
1.160877e-02 8.358298e-03 5.394646e-03 2.964905e-03 1.293254e-03 
4.069608e-04 8.078645e-05 8.176011e-06 2.771471e-07 1.001815e-09 
1.043504e-15 
