 # generated by zfastran.py Ver+Oct2009
@R INFLAG 1 []
  1.000000000e+00
@R TIME0 1 [s]
  0.000000000e+00
@R IP 1 []
  9.999999995e+00
@R BCENTR 1 []
  1.100000000e+01
@R RMAJOR 1 []
  4.550000000e+00
@R AMINOR 1 []
  1.109136011e+00
@R ELONGB 1 []
  1.349701336e+00
@R TRIANB 1 []
 -3.218736148e-01
@R RHO 101 []
  0.000000000e+00  1.000000000e-02  2.000000000e-02  3.000000000e-02
  4.000000000e-02  5.000000000e-02  6.000000000e-02  7.000000000e-02
  8.000000000e-02  9.000000000e-02  1.000000000e-01  1.100000000e-01
  1.200000000e-01  1.300000000e-01  1.400000000e-01  1.500000000e-01
  1.600000000e-01  1.700000000e-01  1.800000000e-01  1.900000000e-01
  2.000000000e-01  2.100000000e-01  2.200000000e-01  2.300000000e-01
  2.400000000e-01  2.500000000e-01  2.600000000e-01  2.700000000e-01
  2.800000000e-01  2.900000000e-01  3.000000000e-01  3.100000000e-01
  3.200000000e-01  3.300000000e-01  3.400000000e-01  3.500000000e-01
  3.600000000e-01  3.700000000e-01  3.800000000e-01  3.900000000e-01
  4.000000000e-01  4.100000000e-01  4.200000000e-01  4.300000000e-01
  4.400000000e-01  4.500000000e-01  4.600000000e-01  4.700000000e-01
  4.800000000e-01  4.900000000e-01  5.000000000e-01  5.100000000e-01
  5.200000000e-01  5.300000000e-01  5.400000000e-01  5.500000000e-01
  5.600000000e-01  5.700000000e-01  5.800000000e-01  5.900000000e-01
  6.000000000e-01  6.100000000e-01  6.200000000e-01  6.300000000e-01
  6.400000000e-01  6.500000000e-01  6.600000000e-01  6.700000000e-01
  6.800000000e-01  6.900000000e-01  7.000000000e-01  7.100000000e-01
  7.200000000e-01  7.300000000e-01  7.400000000e-01  7.500000000e-01
  7.600000000e-01  7.700000000e-01  7.800000000e-01  7.900000000e-01
  8.000000000e-01  8.100000000e-01  8.200000000e-01  8.300000000e-01
  8.400000000e-01  8.500000000e-01  8.600000000e-01  8.700000000e-01
  8.800000000e-01  8.900000000e-01  9.000000000e-01  9.100000000e-01
  9.200000000e-01  9.300000000e-01  9.400000000e-01  9.500000000e-01
  9.600000000e-01  9.700000000e-01  9.800000000e-01  9.900000000e-01
  1.000000000e+00
@R AMAIN 1 []
  2.500000000e+00
@R ZMAIN 1 []
  1.000000000e+00
@I NIMP 1 []
                2
@R AIMP 2 []
  1.820000000e+02  8.300000000e+01
@R ZIMP 2 []
  7.400000000e+01  3.600000000e+01
@R FIMP 2 []
  2.336025972e-05  1.713085712e-03
@R ENE 101 []
  2.764856194e+01  2.764856194e+01  2.764353126e+01  2.763514883e+01
  2.762341770e+01  2.760834214e+01  2.758992762e+01  2.756818085e+01
  2.754310971e+01  2.751472332e+01  2.748303197e+01  2.744804716e+01
  2.740978155e+01  2.736824901e+01  2.732346455e+01  2.727544434e+01
  2.722420571e+01  2.716976713e+01  2.711214820e+01  2.705136961e+01
  2.698745319e+01  2.692042183e+01  2.685029951e+01  2.677711127e+01
  2.670088321e+01  2.662164245e+01  2.653941711e+01  2.645423635e+01
  2.636613026e+01  2.627512995e+01  2.618126743e+01  2.608707785e+01
  2.599482284e+01  2.590412486e+01  2.581460637e+01  2.572588983e+01
  2.563746923e+01  2.554899773e+01  2.546033659e+01  2.537134703e+01
  2.528189030e+01  2.519144552e+01  2.510025997e+01  2.500934713e+01
  2.491972048e+01  2.483239351e+01  2.474892406e+01  2.466904728e+01
  2.459104255e+01  2.451318923e+01  2.443376673e+01  2.435060468e+01
  2.426161550e+01  2.416520268e+01  2.405976970e+01  2.394372008e+01
  2.381627522e+01  2.367769582e+01  2.352794432e+01  2.336698312e+01
  2.319477467e+01  2.301143907e+01  2.281779443e+01  2.261485018e+01
  2.240361574e+01  2.218510052e+01  2.196116275e+01  2.173335715e+01
  2.150223790e+01  2.126835914e+01  2.103227504e+01  2.079380783e+01
  2.055244966e+01  2.030825963e+01  2.006129681e+01  1.981162030e+01
  1.955945543e+01  1.930510321e+01  1.904873622e+01  1.879052703e+01
  1.853064824e+01  1.826926400e+01  1.800641905e+01  1.774210677e+01
  1.747632058e+01  1.720905387e+01  1.694007840e+01  1.666921854e+01
  1.639654659e+01  1.612213486e+01  1.584605566e+01  1.556861463e+01
  1.529031461e+01  1.501152374e+01  1.473261016e+01  1.445394201e+01
  1.360891210e+01  1.240518740e+01  1.101627130e+01  9.804787057e+00
  8.995343210e+00
@R TE 101 []
  1.996303931e+01  1.996303931e+01  1.992270109e+01  1.987175382e+01
  1.981028795e+01  1.973841120e+01  1.965624837e+01  1.956394105e+01
  1.946164730e+01  1.934954124e+01  1.922781266e+01  1.909666651e+01
  1.895632233e+01  1.880701369e+01  1.864898758e+01  1.848250368e+01
  1.830783372e+01  1.812526066e+01  1.793507798e+01  1.773758882e+01
  1.753310521e+01  1.732194717e+01  1.710444186e+01  1.688092271e+01
  1.665172854e+01  1.641720264e+01  1.617769190e+01  1.593354593e+01
  1.568511612e+01  1.543275483e+01  1.517681448e+01  1.492017886e+01
  1.466557406e+01  1.441311561e+01  1.416291902e+01  1.391509983e+01
  1.366977876e+01  1.342696645e+01  1.318661327e+01  1.294866956e+01
  1.271308568e+01  1.247956837e+01  1.224795234e+01  1.201837993e+01
  1.179099346e+01  1.156593527e+01  1.134358848e+01  1.112425799e+01
  1.090796881e+01  1.069474595e+01  1.048461442e+01  1.027735712e+01
  1.007271229e+01  9.870637958e+00  9.671092136e+00  9.474032837e+00
  9.279509198e+00  9.087611371e+00  8.898358926e+00  8.711771426e+00
  8.527868434e+00  8.346607994e+00  8.168020507e+00  7.992234078e+00
  7.819376812e+00  7.649576815e+00  7.483150947e+00  7.320304084e+00
  7.160996343e+00  7.005187842e+00  6.852838701e+00  6.703783657e+00
  6.557820852e+00  6.414855509e+00  6.274792850e+00  6.137538098e+00
  6.003038376e+00  5.871260633e+00  5.742139816e+00  5.615610861e+00
  5.491608664e+00  5.370057645e+00  5.250878326e+00  5.133999246e+00
  5.019347689e+00  4.906847901e+00  4.796347054e+00  4.687751902e+00
  4.581034930e+00  4.476065717e+00  4.372465778e+00  4.269797278e+00
  4.165901320e+00  4.054616952e+00  3.922463361e+00  3.741993157e+00
  3.221569572e+00  2.406970787e+00  1.426272870e+00  5.996588162e-01
  9.664111306e-02
@R TI 101 []
  2.122368690e+01  2.122368690e+01  2.117794252e+01  2.111823146e+01
  2.104467918e+01  2.095744187e+01  2.085670602e+01  2.074268771e+01
  2.061563198e+01  2.047581186e+01  2.032352746e+01  2.015910479e+01
  1.998289463e+01  1.979527115e+01  1.959663057e+01  1.938738963e+01
  1.916798409e+01  1.893886705e+01  1.870050732e+01  1.845338767e+01
  1.819800308e+01  1.793485898e+01  1.766446943e+01  1.738735530e+01
  1.710404251e+01  1.681506021e+01  1.652093901e+01  1.622220928e+01
  1.591939943e+01  1.561303424e+01  1.530363332e+01  1.499611932e+01
  1.469498892e+01  1.440011803e+01  1.411138252e+01  1.382865826e+01
  1.355202216e+01  1.328145173e+01  1.301667376e+01  1.275741505e+01
  1.250340240e+01  1.225426286e+01  1.200979182e+01  1.176996863e+01
  1.153477263e+01  1.130418315e+01  1.107839797e+01  1.085752124e+01
  1.064139195e+01  1.042984905e+01  1.022273152e+01  1.001975008e+01
  9.820634632e+00  9.625252851e+00  9.433472435e+00  9.245161070e+00
  9.060263620e+00  8.878739009e+00  8.700476027e+00  8.525363463e+00
  8.353290105e+00  8.184046767e+00  8.017530610e+00  7.853789945e+00
  7.692873084e+00  7.534828339e+00  7.379901909e+00  7.228227885e+00
  7.079686419e+00  6.934157659e+00  6.791521754e+00  6.651505002e+00
  6.513847421e+00  6.378449739e+00  6.245212686e+00  6.114036988e+00
  5.984893885e+00  5.857804605e+00  5.732744858e+00  5.609690339e+00
  5.488616704e+00  5.369500181e+00  5.252307211e+00  5.136998283e+00
  5.023532647e+00  4.911866568e+00  4.801877163e+00  4.693492413e+00
  4.586704265e+00  4.481402889e+00  4.377232800e+00  4.273707330e+00
  4.168705816e+00  4.056238382e+00  3.923018738e+00  3.741797389e+00
  3.221727600e+00  2.407293842e+00  1.426164137e+00  5.993649464e-01
  9.685720340e-02
@R ZEFF 101 []
  3.284680121e+00  3.284680121e+00  3.284616931e+00  3.284502619e+00
  3.284329411e+00  3.284089062e+00  3.283764618e+00  3.283305332e+00
  3.282649265e+00  3.281729621e+00  3.280472415e+00  3.278838630e+00
  3.276860754e+00  3.274566212e+00  3.271985968e+00  3.269156688e+00
  3.266088322e+00  3.262769022e+00  3.259212916e+00  3.255441263e+00
  3.251483510e+00  3.247316740e+00  3.242896028e+00  3.238229141e+00
  3.233330429e+00  3.228221154e+00  3.223010418e+00  3.217805894e+00
  3.212631609e+00  3.207510975e+00  3.202466622e+00  3.197483312e+00
  3.192541100e+00  3.187654787e+00  3.182838946e+00  3.178107778e+00
  3.173477316e+00  3.168956901e+00  3.164549653e+00  3.160257811e+00
  3.156082753e+00  3.152020928e+00  3.148075933e+00  3.144258236e+00
  3.140576910e+00  3.137039603e+00  3.133657547e+00  3.130432593e+00
  3.127357260e+00  3.124424106e+00  3.121625776e+00  3.118952459e+00
  3.116395970e+00  3.113951498e+00  3.111614279e+00  3.109379615e+00
  3.107245151e+00  3.105209916e+00  3.103271141e+00  3.101425803e+00
  3.099670690e+00  3.098001390e+00  3.096415791e+00  3.094913584e+00
  3.093493940e+00  3.092155562e+00  3.090899852e+00  3.089725662e+00
  3.088627692e+00  3.087600837e+00  3.086640211e+00  3.085739059e+00
  3.084891200e+00  3.084092977e+00  3.083340982e+00  3.082632047e+00
  3.081963941e+00  3.081335000e+00  3.080743166e+00  3.080186475e+00
  3.079663064e+00  3.079171202e+00  3.078709121e+00  3.078275062e+00
  3.077867403e+00  3.077484642e+00  3.077124921e+00  3.076786955e+00
  3.076470168e+00  3.076173946e+00  3.075897640e+00  3.075642422e+00
  3.075408155e+00  3.075192494e+00  3.074993437e+00  3.074809300e+00
  3.074064101e+00  3.073473833e+00  3.073281460e+00  3.073267954e+00
  3.073267904e+00
@R OMEGA 101 []
  4.992501875e+03  4.992501875e+03  4.978801804e+03  4.961079526e+03
  4.940120160e+03  4.916382264e+03  4.890178959e+03  4.861743180e+03
  4.831258024e+03  4.798873089e+03  4.764714177e+03  4.728889466e+03
  4.691493659e+03  4.652610886e+03  4.612316799e+03  4.570680145e+03
  4.527763951e+03  4.483626454e+03  4.438321832e+03  4.391900796e+03
  4.344411068e+03  4.295897774e+03  4.246403778e+03  4.195969955e+03
  4.144635428e+03  4.092437767e+03  4.039413164e+03  3.985596584e+03
  3.931021896e+03  3.875721988e+03  3.819728870e+03  3.763073767e+03
  3.705787199e+03  3.647899055e+03  3.589438660e+03  3.530434837e+03
  3.470915960e+03  3.410910006e+03  3.350444605e+03  3.289547080e+03
  3.228244492e+03  3.166563674e+03  3.104531273e+03  3.042173783e+03
  2.979517575e+03  2.916588934e+03  2.853414088e+03  2.790019238e+03
  2.726430588e+03  2.662674375e+03  2.598776897e+03  2.534764544e+03
  2.470663824e+03  2.406501396e+03  2.342304099e+03  2.278098979e+03
  2.213913327e+03  2.149774707e+03  2.085710992e+03  2.021750397e+03
  1.957921519e+03  1.894253376e+03  1.830775447e+03  1.767517715e+03
  1.704510722e+03  1.641785608e+03  1.579374179e+03  1.517308956e+03
  1.455623246e+03  1.394351213e+03  1.333527952e+03  1.273189580e+03
  1.213373329e+03  1.154117653e+03  1.095462349e+03  1.037448686e+03
  9.801195629e+02  9.235196753e+02  8.676957162e+02  8.126966008e+02
  7.585737302e+02  7.053812976e+02  6.531766492e+02  6.020207128e+02
  5.519785103e+02  5.031197796e+02  4.555197357e+02  4.092600162e+02
  3.644298727e+02  3.211276991e+02  2.794630303e+02  2.395592200e+02
  2.015571260e+02  1.656203590e+02  1.319430748e+02  1.007621703e+02
  7.237775876e+01  4.719105135e+01  2.578549737e+01  9.151104569e+00
 -1.957545237e-12
@R Q 101 []
  0.000000000e+00  0.000000000e+00  0.000000000e+00  0.000000000e+00
  0.000000000e+00  0.000000000e+00  0.000000000e+00  0.000000000e+00
  0.000000000e+00  0.000000000e+00  0.000000000e+00  0.000000000e+00
  0.000000000e+00  0.000000000e+00  0.000000000e+00  0.000000000e+00
  0.000000000e+00  0.000000000e+00  0.000000000e+00  0.000000000e+00
  0.000000000e+00  0.000000000e+00  0.000000000e+00  0.000000000e+00
  0.000000000e+00  0.000000000e+00  0.000000000e+00  0.000000000e+00
  0.000000000e+00  0.000000000e+00  0.000000000e+00  0.000000000e+00
  0.000000000e+00  0.000000000e+00  0.000000000e+00  0.000000000e+00
  0.000000000e+00  0.000000000e+00  0.000000000e+00  0.000000000e+00
  0.000000000e+00  0.000000000e+00  0.000000000e+00  0.000000000e+00
  0.000000000e+00  0.000000000e+00  0.000000000e+00  0.000000000e+00
  0.000000000e+00  0.000000000e+00  0.000000000e+00  0.000000000e+00
  0.000000000e+00  0.000000000e+00  0.000000000e+00  0.000000000e+00
  0.000000000e+00  0.000000000e+00  0.000000000e+00  0.000000000e+00
  0.000000000e+00  0.000000000e+00  0.000000000e+00  0.000000000e+00
  0.000000000e+00  0.000000000e+00  0.000000000e+00  0.000000000e+00
  0.000000000e+00  0.000000000e+00  0.000000000e+00  0.000000000e+00
  0.000000000e+00  0.000000000e+00  0.000000000e+00  0.000000000e+00
  0.000000000e+00  0.000000000e+00  0.000000000e+00  0.000000000e+00
  0.000000000e+00  0.000000000e+00  0.000000000e+00  0.000000000e+00
  0.000000000e+00  0.000000000e+00  0.000000000e+00  0.000000000e+00
  0.000000000e+00  0.000000000e+00  0.000000000e+00  0.000000000e+00
  0.000000000e+00  0.000000000e+00  0.000000000e+00  0.000000000e+00
  0.000000000e+00  0.000000000e+00  0.000000000e+00  0.000000000e+00
  0.000000000e+00
@R FP 101 []
  0.000000000e+00  0.000000000e+00  0.000000000e+00  0.000000000e+00
  0.000000000e+00  0.000000000e+00  0.000000000e+00  0.000000000e+00
  0.000000000e+00  0.000000000e+00  0.000000000e+00  0.000000000e+00
  0.000000000e+00  0.000000000e+00  0.000000000e+00  0.000000000e+00
  0.000000000e+00  0.000000000e+00  0.000000000e+00  0.000000000e+00
  0.000000000e+00  0.000000000e+00  0.000000000e+00  0.000000000e+00
  0.000000000e+00  0.000000000e+00  0.000000000e+00  0.000000000e+00
  0.000000000e+00  0.000000000e+00  0.000000000e+00  0.000000000e+00
  0.000000000e+00  0.000000000e+00  0.000000000e+00  0.000000000e+00
  0.000000000e+00  0.000000000e+00  0.000000000e+00  0.000000000e+00
  0.000000000e+00  0.000000000e+00  0.000000000e+00  0.000000000e+00
  0.000000000e+00  0.000000000e+00  0.000000000e+00  0.000000000e+00
  0.000000000e+00  0.000000000e+00  0.000000000e+00  0.000000000e+00
  0.000000000e+00  0.000000000e+00  0.000000000e+00  0.000000000e+00
  0.000000000e+00  0.000000000e+00  0.000000000e+00  0.000000000e+00
  0.000000000e+00  0.000000000e+00  0.000000000e+00  0.000000000e+00
  0.000000000e+00  0.000000000e+00  0.000000000e+00  0.000000000e+00
  0.000000000e+00  0.000000000e+00  0.000000000e+00  0.000000000e+00
  0.000000000e+00  0.000000000e+00  0.000000000e+00  0.000000000e+00
  0.000000000e+00  0.000000000e+00  0.000000000e+00  0.000000000e+00
  0.000000000e+00  0.000000000e+00  0.000000000e+00  0.000000000e+00
  0.000000000e+00  0.000000000e+00  0.000000000e+00  0.000000000e+00
  0.000000000e+00  0.000000000e+00  0.000000000e+00  0.000000000e+00
  0.000000000e+00  0.000000000e+00  0.000000000e+00  0.000000000e+00
  0.000000000e+00  0.000000000e+00  0.000000000e+00  0.000000000e+00
  0.000000000e+00
@R CURPAR 101 []
  3.651253080e+00  3.651052132e+00  3.650316362e+00  3.648837978e+00
  3.646555646e+00  3.643504690e+00  3.639718815e+00  3.635217964e+00
  3.630014093e+00  3.624112733e+00  3.617516032e+00  3.610224681e+00
  3.602238862e+00  3.593558616e+00  3.584183948e+00  3.574114861e+00
  3.563351353e+00  3.551893426e+00  3.539741079e+00  3.526894313e+00
  3.513353126e+00  3.499117520e+00  3.484187493e+00  3.468563048e+00
  3.452244182e+00  3.435230896e+00  3.417523191e+00  3.399121065e+00
  3.380024520e+00  3.360233556e+00  3.339748171e+00  3.318568367e+00
  3.296694142e+00  3.274125498e+00  3.250862434e+00  3.226904950e+00
  3.202253046e+00  3.176906722e+00  3.150865979e+00  3.124130816e+00
  3.096701233e+00  3.068577230e+00  3.039758808e+00  3.010245965e+00
  2.980038703e+00  2.949137021e+00  2.917540920e+00  2.885250398e+00
  2.852265457e+00  2.818586095e+00  2.784212314e+00  2.749144113e+00
  2.713381492e+00  2.676924451e+00  2.639772991e+00  2.601927111e+00
  2.563386811e+00  2.524152091e+00  2.484222951e+00  2.443599392e+00
  2.402281412e+00  2.360269013e+00  2.317562194e+00  2.274160955e+00
  2.230065296e+00  2.185275218e+00  2.139790720e+00  2.093611801e+00
  2.046738464e+00  1.999170706e+00  1.950908528e+00  1.901951931e+00
  1.852300914e+00  1.801955477e+00  1.750915620e+00  1.699181343e+00
  1.646752647e+00  1.593629530e+00  1.539811994e+00  1.485300038e+00
  1.430093662e+00  1.374192867e+00  1.317597651e+00  1.260308016e+00
  1.202323961e+00  1.143645486e+00  1.084272591e+00  1.024205281e+00
  9.634436068e-01  9.019880336e-01  8.398414964e-01  7.770181364e-01
  7.135720312e-01  6.496716357e-01  5.857537504e-01  5.227683191e-01
  4.624598751e-01  4.076301249e-01  3.615996467e-01  3.287982708e-01
  3.164062503e-01
@R CURBEAM 101 []
  0.000000000e+00  0.000000000e+00  0.000000000e+00  0.000000000e+00
  0.000000000e+00  0.000000000e+00  0.000000000e+00  0.000000000e+00
  0.000000000e+00  0.000000000e+00  0.000000000e+00  0.000000000e+00
  0.000000000e+00  0.000000000e+00  0.000000000e+00  0.000000000e+00
  0.000000000e+00  0.000000000e+00  0.000000000e+00  0.000000000e+00
  0.000000000e+00  0.000000000e+00  0.000000000e+00  0.000000000e+00
  0.000000000e+00  0.000000000e+00  0.000000000e+00  0.000000000e+00
  0.000000000e+00  0.000000000e+00  0.000000000e+00  0.000000000e+00
  0.000000000e+00  0.000000000e+00  0.000000000e+00  0.000000000e+00
  0.000000000e+00  0.000000000e+00  0.000000000e+00  0.000000000e+00
  0.000000000e+00  0.000000000e+00  0.000000000e+00  0.000000000e+00
  0.000000000e+00  0.000000000e+00  0.000000000e+00  0.000000000e+00
  0.000000000e+00  0.000000000e+00  0.000000000e+00  0.000000000e+00
  0.000000000e+00  0.000000000e+00  0.000000000e+00  0.000000000e+00
  0.000000000e+00  0.000000000e+00  0.000000000e+00  0.000000000e+00
  0.000000000e+00  0.000000000e+00  0.000000000e+00  0.000000000e+00
  0.000000000e+00  0.000000000e+00  0.000000000e+00  0.000000000e+00
  0.000000000e+00  0.000000000e+00  0.000000000e+00  0.000000000e+00
  0.000000000e+00  0.000000000e+00  0.000000000e+00  0.000000000e+00
  0.000000000e+00  0.000000000e+00  0.000000000e+00  0.000000000e+00
  0.000000000e+00  0.000000000e+00  0.000000000e+00  0.000000000e+00
  0.000000000e+00  0.000000000e+00  0.000000000e+00  0.000000000e+00
  0.000000000e+00  0.000000000e+00  0.000000000e+00  0.000000000e+00
  0.000000000e+00  0.000000000e+00  0.000000000e+00  0.000000000e+00
  0.000000000e+00  0.000000000e+00  0.000000000e+00  0.000000000e+00
  0.000000000e+00
@R CURRF 101 []
  1.159734405e-01  2.678136830e-01  5.227930340e-01  5.797083167e-01
  5.005115145e-01  5.501637447e-01  6.950930043e-01  6.941827828e-01
  5.576265892e-01  4.928790262e-01  5.014389713e-01  4.326831751e-01
  3.280073506e-01  3.159153040e-01  3.327489106e-01  2.777111151e-01
  2.134937703e-01  2.138173193e-01  2.223764241e-01  1.885711890e-01
  1.655934123e-01  1.873693544e-01  1.959356121e-01  1.569124617e-01
  1.209806004e-01  1.236940957e-01  1.291040815e-01  1.078745928e-01
  8.637629610e-02  8.823558017e-02  9.206894337e-02  7.870958035e-02
  6.506698870e-02  6.362212575e-02  6.143939819e-02  5.116793874e-02
  4.258739460e-02  3.969228222e-02  3.536467055e-02  2.803117497e-02
  2.476759960e-02  2.661027438e-02  2.678221065e-02  2.355785217e-02
  2.165797747e-02  2.208959824e-02  2.074173644e-02  1.723422317e-02
  1.544736157e-02  1.601815952e-02  1.578390980e-02  1.364180405e-02
  1.172367980e-02  1.138805592e-02  1.124513902e-02  9.798259149e-03
  7.932250972e-03  7.269434904e-03  7.470094642e-03  6.939569963e-03
  5.608487896e-03  4.926260904e-03  5.278461730e-03  5.472383356e-03
  4.877833555e-03  4.135561124e-03  4.054776299e-03  4.541507932e-03
  4.681562637e-03  4.094606285e-03  3.435068831e-03  3.312027832e-03
  3.421320334e-03  3.420410198e-03  3.221405625e-03  2.964565391e-03
  2.933945552e-03  3.061120381e-03  3.026711955e-03  2.640553119e-03
  2.266538289e-03  2.325345611e-03  2.631560863e-03  2.685524845e-03
  2.342179459e-03  1.924751698e-03  1.849926795e-03  2.203720208e-03
  2.628205428e-03  2.570126160e-03  2.034785665e-03  1.641863330e-03
  1.835374553e-03  2.453038529e-03  2.292791549e-03  1.344156839e-03
  4.619079769e-04 -1.600898635e-04 -1.967332200e-04  1.816487059e-04
  4.187964026e-04
@R CURBOOT 101 []
  0.000000000e+00  0.000000000e+00  0.000000000e+00  0.000000000e+00
  0.000000000e+00  0.000000000e+00  0.000000000e+00  0.000000000e+00
  0.000000000e+00  0.000000000e+00  0.000000000e+00  0.000000000e+00
  0.000000000e+00  0.000000000e+00  0.000000000e+00  0.000000000e+00
  0.000000000e+00  0.000000000e+00  0.000000000e+00  0.000000000e+00
  0.000000000e+00  0.000000000e+00  0.000000000e+00  0.000000000e+00
  0.000000000e+00  0.000000000e+00  0.000000000e+00  0.000000000e+00
  0.000000000e+00  0.000000000e+00  0.000000000e+00  0.000000000e+00
  0.000000000e+00  0.000000000e+00  0.000000000e+00  0.000000000e+00
  0.000000000e+00  0.000000000e+00  0.000000000e+00  0.000000000e+00
  0.000000000e+00  0.000000000e+00  0.000000000e+00  0.000000000e+00
  0.000000000e+00  0.000000000e+00  0.000000000e+00  0.000000000e+00
  0.000000000e+00  0.000000000e+00  0.000000000e+00  0.000000000e+00
  0.000000000e+00  0.000000000e+00  0.000000000e+00  0.000000000e+00
  0.000000000e+00  0.000000000e+00  0.000000000e+00  0.000000000e+00
  0.000000000e+00  0.000000000e+00  0.000000000e+00  0.000000000e+00
  0.000000000e+00  0.000000000e+00  0.000000000e+00  0.000000000e+00
  0.000000000e+00  0.000000000e+00  0.000000000e+00  0.000000000e+00
  0.000000000e+00  0.000000000e+00  0.000000000e+00  0.000000000e+00
  0.000000000e+00  0.000000000e+00  0.000000000e+00  0.000000000e+00
  0.000000000e+00  0.000000000e+00  0.000000000e+00  0.000000000e+00
  0.000000000e+00  0.000000000e+00  0.000000000e+00  0.000000000e+00
  0.000000000e+00  0.000000000e+00  0.000000000e+00  0.000000000e+00
  0.000000000e+00  0.000000000e+00  0.000000000e+00  0.000000000e+00
  0.000000000e+00  0.000000000e+00  0.000000000e+00  0.000000000e+00
  0.000000000e+00
@R ENBEAM 101 []
  0.000000000e+00  0.000000000e+00  0.000000000e+00  0.000000000e+00
  0.000000000e+00  0.000000000e+00  0.000000000e+00  0.000000000e+00
  0.000000000e+00  0.000000000e+00  0.000000000e+00  0.000000000e+00
  0.000000000e+00  0.000000000e+00  0.000000000e+00  0.000000000e+00
  0.000000000e+00  0.000000000e+00  0.000000000e+00  0.000000000e+00
  0.000000000e+00  0.000000000e+00  0.000000000e+00  0.000000000e+00
  0.000000000e+00  0.000000000e+00  0.000000000e+00  0.000000000e+00
  0.000000000e+00  0.000000000e+00  0.000000000e+00  0.000000000e+00
  0.000000000e+00  0.000000000e+00  0.000000000e+00  0.000000000e+00
  0.000000000e+00  0.000000000e+00  0.000000000e+00  0.000000000e+00
  0.000000000e+00  0.000000000e+00  0.000000000e+00  0.000000000e+00
  0.000000000e+00  0.000000000e+00  0.000000000e+00  0.000000000e+00
  0.000000000e+00  0.000000000e+00  0.000000000e+00  0.000000000e+00
  0.000000000e+00  0.000000000e+00  0.000000000e+00  0.000000000e+00
  0.000000000e+00  0.000000000e+00  0.000000000e+00  0.000000000e+00
  0.000000000e+00  0.000000000e+00  0.000000000e+00  0.000000000e+00
  0.000000000e+00  0.000000000e+00  0.000000000e+00  0.000000000e+00
  0.000000000e+00  0.000000000e+00  0.000000000e+00  0.000000000e+00
  0.000000000e+00  0.000000000e+00  0.000000000e+00  0.000000000e+00
  0.000000000e+00  0.000000000e+00  0.000000000e+00  0.000000000e+00
  0.000000000e+00  0.000000000e+00  0.000000000e+00  0.000000000e+00
  0.000000000e+00  0.000000000e+00  0.000000000e+00  0.000000000e+00
  0.000000000e+00  0.000000000e+00  0.000000000e+00  0.000000000e+00
  0.000000000e+00  0.000000000e+00  0.000000000e+00  0.000000000e+00
  0.000000000e+00  0.000000000e+00  0.000000000e+00  0.000000000e+00
  0.000000000e+00
@R WBEAM 101 []
  0.000000000e+00  0.000000000e+00  0.000000000e+00  0.000000000e+00
  0.000000000e+00  0.000000000e+00  0.000000000e+00  0.000000000e+00
  0.000000000e+00  0.000000000e+00  0.000000000e+00  0.000000000e+00
  0.000000000e+00  0.000000000e+00  0.000000000e+00  0.000000000e+00
  0.000000000e+00  0.000000000e+00  0.000000000e+00  0.000000000e+00
  0.000000000e+00  0.000000000e+00  0.000000000e+00  0.000000000e+00
  0.000000000e+00  0.000000000e+00  0.000000000e+00  0.000000000e+00
  0.000000000e+00  0.000000000e+00  0.000000000e+00  0.000000000e+00
  0.000000000e+00  0.000000000e+00  0.000000000e+00  0.000000000e+00
  0.000000000e+00  0.000000000e+00  0.000000000e+00  0.000000000e+00
  0.000000000e+00  0.000000000e+00  0.000000000e+00  0.000000000e+00
  0.000000000e+00  0.000000000e+00  0.000000000e+00  0.000000000e+00
  0.000000000e+00  0.000000000e+00  0.000000000e+00  0.000000000e+00
  0.000000000e+00  0.000000000e+00  0.000000000e+00  0.000000000e+00
  0.000000000e+00  0.000000000e+00  0.000000000e+00  0.000000000e+00
  0.000000000e+00  0.000000000e+00  0.000000000e+00  0.000000000e+00
  0.000000000e+00  0.000000000e+00  0.000000000e+00  0.000000000e+00
  0.000000000e+00  0.000000000e+00  0.000000000e+00  0.000000000e+00
  0.000000000e+00  0.000000000e+00  0.000000000e+00  0.000000000e+00
  0.000000000e+00  0.000000000e+00  0.000000000e+00  0.000000000e+00
  0.000000000e+00  0.000000000e+00  0.000000000e+00  0.000000000e+00
  0.000000000e+00  0.000000000e+00  0.000000000e+00  0.000000000e+00
  0.000000000e+00  0.000000000e+00  0.000000000e+00  0.000000000e+00
  0.000000000e+00  0.000000000e+00  0.000000000e+00  0.000000000e+00
  0.000000000e+00  0.000000000e+00  0.000000000e+00  0.000000000e+00
  0.000000000e+00
@R QBEAME 101 []
  0.000000000e+00  0.000000000e+00  0.000000000e+00  0.000000000e+00
  0.000000000e+00  0.000000000e+00  0.000000000e+00  0.000000000e+00
  0.000000000e+00  0.000000000e+00  0.000000000e+00  0.000000000e+00
  0.000000000e+00  0.000000000e+00  0.000000000e+00  0.000000000e+00
  0.000000000e+00  0.000000000e+00  0.000000000e+00  0.000000000e+00
  0.000000000e+00  0.000000000e+00  0.000000000e+00  0.000000000e+00
  0.000000000e+00  0.000000000e+00  0.000000000e+00  0.000000000e+00
  0.000000000e+00  0.000000000e+00  0.000000000e+00  0.000000000e+00
  0.000000000e+00  0.000000000e+00  0.000000000e+00  0.000000000e+00
  0.000000000e+00  0.000000000e+00  0.000000000e+00  0.000000000e+00
  0.000000000e+00  0.000000000e+00  0.000000000e+00  0.000000000e+00
  0.000000000e+00  0.000000000e+00  0.000000000e+00  0.000000000e+00
  0.000000000e+00  0.000000000e+00  0.000000000e+00  0.000000000e+00
  0.000000000e+00  0.000000000e+00  0.000000000e+00  0.000000000e+00
  0.000000000e+00  0.000000000e+00  0.000000000e+00  0.000000000e+00
  0.000000000e+00  0.000000000e+00  0.000000000e+00  0.000000000e+00
  0.000000000e+00  0.000000000e+00  0.000000000e+00  0.000000000e+00
  0.000000000e+00  0.000000000e+00  0.000000000e+00  0.000000000e+00
  0.000000000e+00  0.000000000e+00  0.000000000e+00  0.000000000e+00
  0.000000000e+00  0.000000000e+00  0.000000000e+00  0.000000000e+00
  0.000000000e+00  0.000000000e+00  0.000000000e+00  0.000000000e+00
  0.000000000e+00  0.000000000e+00  0.000000000e+00  0.000000000e+00
  0.000000000e+00  0.000000000e+00  0.000000000e+00  0.000000000e+00
  0.000000000e+00  0.000000000e+00  0.000000000e+00  0.000000000e+00
  0.000000000e+00  0.000000000e+00  0.000000000e+00  0.000000000e+00
  0.000000000e+00
@R QBEAMI 101 []
  0.000000000e+00  0.000000000e+00  0.000000000e+00  0.000000000e+00
  0.000000000e+00  0.000000000e+00  0.000000000e+00  0.000000000e+00
  0.000000000e+00  0.000000000e+00  0.000000000e+00  0.000000000e+00
  0.000000000e+00  0.000000000e+00  0.000000000e+00  0.000000000e+00
  0.000000000e+00  0.000000000e+00  0.000000000e+00  0.000000000e+00
  0.000000000e+00  0.000000000e+00  0.000000000e+00  0.000000000e+00
  0.000000000e+00  0.000000000e+00  0.000000000e+00  0.000000000e+00
  0.000000000e+00  0.000000000e+00  0.000000000e+00  0.000000000e+00
  0.000000000e+00  0.000000000e+00  0.000000000e+00  0.000000000e+00
  0.000000000e+00  0.000000000e+00  0.000000000e+00  0.000000000e+00
  0.000000000e+00  0.000000000e+00  0.000000000e+00  0.000000000e+00
  0.000000000e+00  0.000000000e+00  0.000000000e+00  0.000000000e+00
  0.000000000e+00  0.000000000e+00  0.000000000e+00  0.000000000e+00
  0.000000000e+00  0.000000000e+00  0.000000000e+00  0.000000000e+00
  0.000000000e+00  0.000000000e+00  0.000000000e+00  0.000000000e+00
  0.000000000e+00  0.000000000e+00  0.000000000e+00  0.000000000e+00
  0.000000000e+00  0.000000000e+00  0.000000000e+00  0.000000000e+00
  0.000000000e+00  0.000000000e+00  0.000000000e+00  0.000000000e+00
  0.000000000e+00  0.000000000e+00  0.000000000e+00  0.000000000e+00
  0.000000000e+00  0.000000000e+00  0.000000000e+00  0.000000000e+00
  0.000000000e+00  0.000000000e+00  0.000000000e+00  0.000000000e+00
  0.000000000e+00  0.000000000e+00  0.000000000e+00  0.000000000e+00
  0.000000000e+00  0.000000000e+00  0.000000000e+00  0.000000000e+00
  0.000000000e+00  0.000000000e+00  0.000000000e+00  0.000000000e+00
  0.000000000e+00  0.000000000e+00  0.000000000e+00  0.000000000e+00
  0.000000000e+00
@R ENALP 101 []
  0.000000000e+00  0.000000000e+00  0.000000000e+00  0.000000000e+00
  0.000000000e+00  0.000000000e+00  0.000000000e+00  0.000000000e+00
  0.000000000e+00  0.000000000e+00  0.000000000e+00  0.000000000e+00
  0.000000000e+00  0.000000000e+00  0.000000000e+00  0.000000000e+00
  0.000000000e+00  0.000000000e+00  0.000000000e+00  0.000000000e+00
  0.000000000e+00  0.000000000e+00  0.000000000e+00  0.000000000e+00
  0.000000000e+00  0.000000000e+00  0.000000000e+00  0.000000000e+00
  0.000000000e+00  0.000000000e+00  0.000000000e+00  0.000000000e+00
  0.000000000e+00  0.000000000e+00  0.000000000e+00  0.000000000e+00
  0.000000000e+00  0.000000000e+00  0.000000000e+00  0.000000000e+00
  0.000000000e+00  0.000000000e+00  0.000000000e+00  0.000000000e+00
  0.000000000e+00  0.000000000e+00  0.000000000e+00  0.000000000e+00
  0.000000000e+00  0.000000000e+00  0.000000000e+00  0.000000000e+00
  0.000000000e+00  0.000000000e+00  0.000000000e+00  0.000000000e+00
  0.000000000e+00  0.000000000e+00  0.000000000e+00  0.000000000e+00
  0.000000000e+00  0.000000000e+00  0.000000000e+00  0.000000000e+00
  0.000000000e+00  0.000000000e+00  0.000000000e+00  0.000000000e+00
  0.000000000e+00  0.000000000e+00  0.000000000e+00  0.000000000e+00
  0.000000000e+00  0.000000000e+00  0.000000000e+00  0.000000000e+00
  0.000000000e+00  0.000000000e+00  0.000000000e+00  0.000000000e+00
  0.000000000e+00  0.000000000e+00  0.000000000e+00  0.000000000e+00
  0.000000000e+00  0.000000000e+00  0.000000000e+00  0.000000000e+00
  0.000000000e+00  0.000000000e+00  0.000000000e+00  0.000000000e+00
  0.000000000e+00  0.000000000e+00  0.000000000e+00  0.000000000e+00
  0.000000000e+00  0.000000000e+00  0.000000000e+00  0.000000000e+00
  0.000000000e+00
@R WALP 101 []
  0.000000000e+00  0.000000000e+00  0.000000000e+00  0.000000000e+00
  0.000000000e+00  0.000000000e+00  0.000000000e+00  0.000000000e+00
  0.000000000e+00  0.000000000e+00  0.000000000e+00  0.000000000e+00
  0.000000000e+00  0.000000000e+00  0.000000000e+00  0.000000000e+00
  0.000000000e+00  0.000000000e+00  0.000000000e+00  0.000000000e+00
  0.000000000e+00  0.000000000e+00  0.000000000e+00  0.000000000e+00
  0.000000000e+00  0.000000000e+00  0.000000000e+00  0.000000000e+00
  0.000000000e+00  0.000000000e+00  0.000000000e+00  0.000000000e+00
  0.000000000e+00  0.000000000e+00  0.000000000e+00  0.000000000e+00
  0.000000000e+00  0.000000000e+00  0.000000000e+00  0.000000000e+00
  0.000000000e+00  0.000000000e+00  0.000000000e+00  0.000000000e+00
  0.000000000e+00  0.000000000e+00  0.000000000e+00  0.000000000e+00
  0.000000000e+00  0.000000000e+00  0.000000000e+00  0.000000000e+00
  0.000000000e+00  0.000000000e+00  0.000000000e+00  0.000000000e+00
  0.000000000e+00  0.000000000e+00  0.000000000e+00  0.000000000e+00
  0.000000000e+00  0.000000000e+00  0.000000000e+00  0.000000000e+00
  0.000000000e+00  0.000000000e+00  0.000000000e+00  0.000000000e+00
  0.000000000e+00  0.000000000e+00  0.000000000e+00  0.000000000e+00
  0.000000000e+00  0.000000000e+00  0.000000000e+00  0.000000000e+00
  0.000000000e+00  0.000000000e+00  0.000000000e+00  0.000000000e+00
  0.000000000e+00  0.000000000e+00  0.000000000e+00  0.000000000e+00
  0.000000000e+00  0.000000000e+00  0.000000000e+00  0.000000000e+00
  0.000000000e+00  0.000000000e+00  0.000000000e+00  0.000000000e+00
  0.000000000e+00  0.000000000e+00  0.000000000e+00  0.000000000e+00
  0.000000000e+00  0.000000000e+00  0.000000000e+00  0.000000000e+00
  0.000000000e+00
@R QTFUSE 101 []
  2.007419397e+00  2.007875321e+00  2.009143578e+00  2.011000843e+00
  2.013191295e+00  2.015426215e+00  2.017296315e+00  2.018195449e+00
  2.017370255e+00  2.013985843e+00  2.007247933e+00  1.996737019e+00
  1.982525540e+00  1.964886148e+00  1.944127093e+00  1.920541469e+00
  1.894324985e+00  1.865543339e+00  1.834321337e+00  1.800925649e+00
  1.765481842e+00  1.727807637e+00  1.687595471e+00  1.644735483e+00
  1.599318340e+00  1.551710095e+00  1.502747498e+00  1.453280213e+00
  1.403744445e+00  1.354379771e+00  1.305358168e+00  1.256708440e+00
  1.208417766e+00  1.160565786e+00  1.113283292e+00  1.066708453e+00
  1.020981218e+00  9.761951294e-01  9.323949491e-01  8.895999010e-01
  8.478228357e-01  8.070778365e-01  7.674093291e-01  7.289338060e-01
  6.917914407e-01  6.560912204e-01  6.219413367e-01  5.893567762e-01
  5.582448184e-01  5.284999127e-01  5.000111165e-01  4.726652876e-01
  4.463710481e-01  4.210615547e-01  3.966900000e-01  3.732245630e-01
  3.506502867e-01  3.289825219e-01  3.082193664e-01  2.883523821e-01
  2.693716289e-01  2.512594458e-01  2.340145557e-01  2.176519744e-01
  2.021808250e-01  1.876078938e-01  1.739468393e-01  1.611910461e-01
  1.492991768e-01  1.382179269e-01  1.278895289e-01  1.182484416e-01
  1.092331158e-01  1.007962363e-01  9.290004476e-02  8.551086452e-02
  7.860192339e-02  7.215063366e-02  6.613340138e-02  6.052623544e-02
  5.530636512e-02  5.045167292e-02  4.594049838e-02  4.175164282e-02
  3.786480076e-02  3.426016313e-02  3.091815964e-02  2.782275165e-02
  2.496229216e-02  2.232638213e-02  1.990781206e-02  1.770358952e-02
  1.570524729e-02  1.389473403e-02  1.225226498e-02  9.737376687e-03
  5.639663334e-03  1.974074456e-03  3.554841167e-04  1.913807554e-05
  1.263060167e-07
@R QTFUSI 101 []
  1.024581826e+00  1.023663215e+00  1.020974248e+00  1.016659377e+00
  1.010870203e+00  1.003743693e+00  9.953590293e-01  9.857021742e-01
  9.746979850e-01  9.622495476e-01  9.482764890e-01  9.327932306e-01
  9.159171627e-01  8.977923746e-01  8.785666318e-01  8.583483107e-01
  8.371450114e-01  8.148996696e-01  7.916260667e-01  7.674223585e-01
  7.423526162e-01  7.164268975e-01  6.896557428e-01  6.621182393e-01
  6.339551031e-01  6.054117584e-01  5.769074650e-01  5.488353798e-01
  5.213937003e-01  4.946877746e-01  4.687883235e-01  4.437002896e-01
  4.194026090e-01  3.959043512e-01  3.732317940e-01  3.514112232e-01
  3.304668189e-01  3.104048959e-01  2.912144271e-01  2.728760774e-01
  2.553674620e-01  2.386651513e-01  2.227568928e-01  2.076548205e-01
  1.933770672e-01  1.799310293e-01  1.673228421e-01  1.555307157e-01
  1.445012531e-01  1.341786718e-01  1.245070355e-01  1.154300061e-01
  1.068988975e-01  9.887560779e-02  9.132960601e-02  8.423539601e-02
  7.757268245e-02  7.132900081e-02  6.548833851e-02  6.003346107e-02
  5.494718104e-02  5.021119244e-02  4.581135068e-02  4.173734413e-02
  3.797776758e-02  3.452100688e-02  3.135710147e-02  2.847191200e-02
  2.584458193e-02  2.345288174e-02  2.127502848e-02  1.928896686e-02
  1.747460012e-02  1.581562833e-02  1.429843029e-02  1.291088768e-02
  1.164273196e-02  1.048497206e-02  9.428978081e-03  8.466547291e-03
  7.590125344e-03  6.792680946e-03  6.067647275e-03  5.408904960e-03
  4.810813126e-03  4.268101716e-03  3.775814638e-03  3.329778085e-03
  2.926667360e-03  2.563485063e-03  2.237803094e-03  1.947857516e-03
  1.691148878e-03  1.463965383e-03  1.262583091e-03  9.688459258e-04
  5.210728996e-04  1.579817170e-04  2.256889047e-05  7.743639493e-07
  2.303261886e-09
@R QRFE 101 []
  2.177321531e-01  4.227399918e-01  7.451908676e-01  7.914712596e-01
  6.944591546e-01  7.978422341e-01  1.004977780e+00  9.858778858e-01
  7.967542083e-01  7.274489352e-01  7.435002086e-01  6.353437399e-01
  4.942605610e-01  4.949550638e-01  5.185312542e-01  4.291907634e-01
  3.410914496e-01  3.539665524e-01  3.665015054e-01  3.129216787e-01
  2.886548576e-01  3.348419049e-01  3.462011283e-01  2.771624362e-01
  2.230521332e-01  2.364356464e-01  2.470163796e-01  2.090739993e-01
  1.754515075e-01  1.865286141e-01  1.969745491e-01  1.773463718e-01
  1.642408352e-01  1.709179639e-01  1.714242536e-01  1.580840054e-01
  1.502640726e-01  1.502779990e-01  1.418219132e-01  1.262936450e-01
  1.199385308e-01  1.219148477e-01  1.175246526e-01  1.063862374e-01
  9.970271645e-02  9.674505170e-02  8.788368450e-02  7.528947303e-02
  6.865700801e-02  6.698543277e-02  6.190398276e-02  5.293587580e-02
  4.656019549e-02  4.457996598e-02  4.198596187e-02  3.570580598e-02
  2.958968592e-02  2.796671995e-02  2.846666131e-02  2.630812381e-02
  2.265140653e-02  2.159653148e-02  2.274326261e-02  2.245041649e-02
  1.942812945e-02  1.619930918e-02  1.543838535e-02  1.659136275e-02
  1.665575613e-02  1.430189848e-02  1.190516608e-02  1.172470854e-02
  1.305163351e-02  1.304125481e-02  1.123900137e-02  9.890133118e-03
  9.691846933e-03  1.002438943e-02  9.734722270e-03  8.495122841e-03
  7.595737819e-03  8.033662836e-03  8.933775958e-03  8.772253732e-03
  7.377093845e-03  6.013546580e-03  5.952820856e-03  7.164707879e-03
  8.234347283e-03  7.760115658e-03  6.155286316e-03  5.252885661e-03
  6.149917042e-03  7.791196921e-03  7.128762419e-03  4.546824874e-03
  2.286518445e-03  8.199869881e-04  6.070419117e-04  8.845776981e-04
  9.694464433e-04
@R QRFI 101 []
  1.103701181e+00  1.687967142e+00  2.568803226e+00  2.746135964e+00
  3.056608118e+00  4.609995814e+00  6.369357485e+00  6.651194721e+00
  5.948719167e+00  5.597168252e+00  5.146292145e+00  3.895739313e+00
  2.696340128e+00  2.096561624e+00  1.682979885e+00  1.263957212e+00
  8.893277999e-01  6.167521648e-01  4.472319130e-01  3.572485633e-01
  3.433770890e-01  4.057570856e-01  5.043497259e-01  5.539020688e-01
  5.092151314e-01  4.125692335e-01  3.332609375e-01  2.950723404e-01
  2.800833098e-01  2.551447576e-01  2.061803701e-01  1.790631181e-01
  2.036723088e-01  2.262571545e-01  1.987960158e-01  1.498712388e-01
  1.202361796e-01  1.086108666e-01  1.028641161e-01  9.961464797e-02
  8.767429597e-02  6.512646887e-02  4.569461880e-02  3.683556901e-02
  3.773175615e-02  4.665554781e-02  5.781857639e-02  5.677668544e-02
  3.772516972e-02  1.956463551e-02  2.291784463e-02  3.866992152e-02
  4.465786232e-02  3.865077174e-02  3.026129910e-02  2.039403496e-02
  9.867539923e-03  6.269391416e-03  9.472749370e-03  1.101360607e-02
  9.160401578e-03  7.898281260e-03  7.481412279e-03  6.725684971e-03
  6.543053108e-03  6.914501317e-03  7.552417612e-03  9.862997564e-03
  1.296935951e-02  1.302070254e-02  9.631995970e-03  6.574372761e-03
  5.308892199e-03  4.443438710e-03  3.878695589e-03  4.129740895e-03
  3.923400567e-03  2.907471428e-03  3.172076177e-03  4.914904833e-03
  5.264700563e-03  3.238165474e-03  1.709858580e-03  2.700121665e-03
  4.198343840e-03  3.728513112e-03  1.974088746e-03  1.017694769e-03
  1.351246204e-03  2.076708120e-03  2.711827163e-03  3.185238227e-03
  3.105082127e-03  2.254210667e-03  1.170703930e-03  5.521210120e-04
  4.227167081e-04  3.743621354e-04  2.550974500e-04  1.949169556e-04
  2.026746721e-04
@R QRAD 101 []
 -0.000000000e+00 -0.000000000e+00 -0.000000000e+00 -0.000000000e+00
 -0.000000000e+00 -0.000000000e+00 -0.000000000e+00 -0.000000000e+00
 -0.000000000e+00 -0.000000000e+00 -0.000000000e+00 -0.000000000e+00
 -0.000000000e+00 -0.000000000e+00 -0.000000000e+00 -0.000000000e+00
 -0.000000000e+00 -0.000000000e+00 -0.000000000e+00 -0.000000000e+00
 -0.000000000e+00 -0.000000000e+00 -0.000000000e+00 -0.000000000e+00
 -0.000000000e+00 -0.000000000e+00 -0.000000000e+00 -0.000000000e+00
 -0.000000000e+00 -0.000000000e+00 -0.000000000e+00 -0.000000000e+00
 -0.000000000e+00 -0.000000000e+00 -0.000000000e+00 -0.000000000e+00
 -0.000000000e+00 -0.000000000e+00 -0.000000000e+00 -0.000000000e+00
 -0.000000000e+00 -0.000000000e+00 -0.000000000e+00 -0.000000000e+00
 -0.000000000e+00 -0.000000000e+00 -0.000000000e+00 -0.000000000e+00
 -0.000000000e+00 -0.000000000e+00 -0.000000000e+00 -0.000000000e+00
 -0.000000000e+00 -0.000000000e+00 -0.000000000e+00 -0.000000000e+00
 -0.000000000e+00 -0.000000000e+00 -0.000000000e+00 -0.000000000e+00
 -0.000000000e+00 -0.000000000e+00 -0.000000000e+00 -0.000000000e+00
 -0.000000000e+00 -0.000000000e+00 -0.000000000e+00 -0.000000000e+00
 -0.000000000e+00 -0.000000000e+00 -0.000000000e+00 -0.000000000e+00
 -0.000000000e+00 -0.000000000e+00 -0.000000000e+00 -0.000000000e+00
 -0.000000000e+00 -0.000000000e+00 -0.000000000e+00 -0.000000000e+00
 -0.000000000e+00 -0.000000000e+00 -0.000000000e+00 -0.000000000e+00
 -0.000000000e+00 -0.000000000e+00 -0.000000000e+00 -0.000000000e+00
 -0.000000000e+00 -0.000000000e+00 -0.000000000e+00 -0.000000000e+00
 -0.000000000e+00 -0.000000000e+00 -0.000000000e+00 -0.000000000e+00
 -0.000000000e+00 -0.000000000e+00 -0.000000000e+00 -0.000000000e+00
 -0.000000000e+00
@R QOHM 101 []
  0.000000000e+00  0.000000000e+00  0.000000000e+00  0.000000000e+00
  0.000000000e+00  0.000000000e+00  0.000000000e+00  0.000000000e+00
  0.000000000e+00  0.000000000e+00  0.000000000e+00  0.000000000e+00
  0.000000000e+00  0.000000000e+00  0.000000000e+00  0.000000000e+00
  0.000000000e+00  0.000000000e+00  0.000000000e+00  0.000000000e+00
  0.000000000e+00  0.000000000e+00  0.000000000e+00  0.000000000e+00
  0.000000000e+00  0.000000000e+00  0.000000000e+00  0.000000000e+00
  0.000000000e+00  0.000000000e+00  0.000000000e+00  0.000000000e+00
  0.000000000e+00  0.000000000e+00  0.000000000e+00  0.000000000e+00
  0.000000000e+00  0.000000000e+00  0.000000000e+00  0.000000000e+00
  0.000000000e+00  0.000000000e+00  0.000000000e+00  0.000000000e+00
  0.000000000e+00  0.000000000e+00  0.000000000e+00  0.000000000e+00
  0.000000000e+00  0.000000000e+00  0.000000000e+00  0.000000000e+00
  0.000000000e+00  0.000000000e+00  0.000000000e+00  0.000000000e+00
  0.000000000e+00  0.000000000e+00  0.000000000e+00  0.000000000e+00
  0.000000000e+00  0.000000000e+00  0.000000000e+00  0.000000000e+00
  0.000000000e+00  0.000000000e+00  0.000000000e+00  0.000000000e+00
  0.000000000e+00  0.000000000e+00  0.000000000e+00  0.000000000e+00
  0.000000000e+00  0.000000000e+00  0.000000000e+00  0.000000000e+00
  0.000000000e+00  0.000000000e+00  0.000000000e+00  0.000000000e+00
  0.000000000e+00  0.000000000e+00  0.000000000e+00  0.000000000e+00
  0.000000000e+00  0.000000000e+00  0.000000000e+00  0.000000000e+00
  0.000000000e+00  0.000000000e+00  0.000000000e+00  0.000000000e+00
  0.000000000e+00  0.000000000e+00  0.000000000e+00  0.000000000e+00
  0.000000000e+00  0.000000000e+00  0.000000000e+00  0.000000000e+00
  0.000000000e+00
@R QIONE 101 []
  0.000000000e+00  0.000000000e+00  0.000000000e+00  0.000000000e+00
  0.000000000e+00  0.000000000e+00  0.000000000e+00  0.000000000e+00
  0.000000000e+00  0.000000000e+00  0.000000000e+00  0.000000000e+00
  0.000000000e+00  0.000000000e+00  0.000000000e+00  0.000000000e+00
  0.000000000e+00  0.000000000e+00  0.000000000e+00  0.000000000e+00
  0.000000000e+00  0.000000000e+00  0.000000000e+00  0.000000000e+00
  0.000000000e+00  0.000000000e+00  0.000000000e+00  0.000000000e+00
  0.000000000e+00  0.000000000e+00  0.000000000e+00  0.000000000e+00
  0.000000000e+00  0.000000000e+00  0.000000000e+00  0.000000000e+00
  0.000000000e+00  0.000000000e+00  0.000000000e+00  0.000000000e+00
  0.000000000e+00  0.000000000e+00  0.000000000e+00  0.000000000e+00
  0.000000000e+00  0.000000000e+00  0.000000000e+00  0.000000000e+00
  0.000000000e+00  0.000000000e+00  0.000000000e+00  0.000000000e+00
  0.000000000e+00  0.000000000e+00  0.000000000e+00  0.000000000e+00
  0.000000000e+00  0.000000000e+00  0.000000000e+00  0.000000000e+00
  0.000000000e+00  0.000000000e+00  0.000000000e+00  0.000000000e+00
  0.000000000e+00  0.000000000e+00  0.000000000e+00  0.000000000e+00
  0.000000000e+00  0.000000000e+00  0.000000000e+00  0.000000000e+00
  0.000000000e+00  0.000000000e+00  0.000000000e+00  0.000000000e+00
  0.000000000e+00  0.000000000e+00  0.000000000e+00  0.000000000e+00
  0.000000000e+00  0.000000000e+00  0.000000000e+00  0.000000000e+00
  0.000000000e+00  0.000000000e+00  0.000000000e+00  0.000000000e+00
  0.000000000e+00  0.000000000e+00  0.000000000e+00  0.000000000e+00
  0.000000000e+00  0.000000000e+00  0.000000000e+00  0.000000000e+00
  0.000000000e+00  0.000000000e+00  0.000000000e+00  0.000000000e+00
  0.000000000e+00
@R QIONI 101 []
  0.000000000e+00  0.000000000e+00  0.000000000e+00  0.000000000e+00
  0.000000000e+00  0.000000000e+00  0.000000000e+00  0.000000000e+00
  0.000000000e+00  0.000000000e+00  0.000000000e+00  0.000000000e+00
  0.000000000e+00  0.000000000e+00  0.000000000e+00  0.000000000e+00
  0.000000000e+00  0.000000000e+00  0.000000000e+00  0.000000000e+00
  0.000000000e+00  0.000000000e+00  0.000000000e+00  0.000000000e+00
  0.000000000e+00  0.000000000e+00  0.000000000e+00  0.000000000e+00
  0.000000000e+00  0.000000000e+00  0.000000000e+00  0.000000000e+00
  0.000000000e+00  0.000000000e+00  0.000000000e+00  0.000000000e+00
  0.000000000e+00  0.000000000e+00  0.000000000e+00  0.000000000e+00
  0.000000000e+00  0.000000000e+00  0.000000000e+00  0.000000000e+00
  0.000000000e+00  0.000000000e+00  0.000000000e+00  0.000000000e+00
  0.000000000e+00  0.000000000e+00  0.000000000e+00  0.000000000e+00
  0.000000000e+00  0.000000000e+00  0.000000000e+00  0.000000000e+00
  0.000000000e+00  0.000000000e+00  0.000000000e+00  0.000000000e+00
  0.000000000e+00  0.000000000e+00  0.000000000e+00  0.000000000e+00
  0.000000000e+00  0.000000000e+00  0.000000000e+00  0.000000000e+00
  0.000000000e+00  0.000000000e+00  0.000000000e+00  0.000000000e+00
  0.000000000e+00  0.000000000e+00  0.000000000e+00  0.000000000e+00
  0.000000000e+00  0.000000000e+00  0.000000000e+00  0.000000000e+00
  0.000000000e+00  0.000000000e+00  0.000000000e+00  0.000000000e+00
  0.000000000e+00  0.000000000e+00  0.000000000e+00  0.000000000e+00
  0.000000000e+00  0.000000000e+00  0.000000000e+00  0.000000000e+00
  0.000000000e+00  0.000000000e+00  0.000000000e+00  0.000000000e+00
  0.000000000e+00  0.000000000e+00  0.000000000e+00  0.000000000e+00
  0.000000000e+00
@R QCX 101 []
  0.000000000e+00  0.000000000e+00  0.000000000e+00  0.000000000e+00
  0.000000000e+00  0.000000000e+00  0.000000000e+00  0.000000000e+00
  0.000000000e+00  0.000000000e+00  0.000000000e+00  0.000000000e+00
  0.000000000e+00  0.000000000e+00  0.000000000e+00  0.000000000e+00
  0.000000000e+00  0.000000000e+00  0.000000000e+00  0.000000000e+00
  0.000000000e+00  0.000000000e+00  0.000000000e+00  0.000000000e+00
  0.000000000e+00  0.000000000e+00  0.000000000e+00  0.000000000e+00
  0.000000000e+00  0.000000000e+00  0.000000000e+00  0.000000000e+00
  0.000000000e+00  0.000000000e+00  0.000000000e+00  0.000000000e+00
  0.000000000e+00  0.000000000e+00  0.000000000e+00  0.000000000e+00
  0.000000000e+00  0.000000000e+00  0.000000000e+00  0.000000000e+00
  0.000000000e+00  0.000000000e+00  0.000000000e+00  0.000000000e+00
  0.000000000e+00  0.000000000e+00  0.000000000e+00  0.000000000e+00
  0.000000000e+00  0.000000000e+00  0.000000000e+00  0.000000000e+00
  0.000000000e+00  0.000000000e+00  0.000000000e+00  0.000000000e+00
  0.000000000e+00  0.000000000e+00  0.000000000e+00  0.000000000e+00
  0.000000000e+00  0.000000000e+00  0.000000000e+00  0.000000000e+00
  0.000000000e+00  0.000000000e+00  0.000000000e+00  0.000000000e+00
  0.000000000e+00  0.000000000e+00  0.000000000e+00  0.000000000e+00
  0.000000000e+00  0.000000000e+00  0.000000000e+00  0.000000000e+00
  0.000000000e+00  0.000000000e+00  0.000000000e+00  0.000000000e+00
  0.000000000e+00  0.000000000e+00  0.000000000e+00  0.000000000e+00
  0.000000000e+00  0.000000000e+00  0.000000000e+00  0.000000000e+00
  0.000000000e+00  0.000000000e+00  0.000000000e+00  0.000000000e+00
  0.000000000e+00  0.000000000e+00  0.000000000e+00  0.000000000e+00
  0.000000000e+00
@R STORQUEB 101 []
  0.000000000e+00  0.000000000e+00  0.000000000e+00  0.000000000e+00
  0.000000000e+00  0.000000000e+00  0.000000000e+00  0.000000000e+00
  0.000000000e+00  0.000000000e+00  0.000000000e+00  0.000000000e+00
  0.000000000e+00  0.000000000e+00  0.000000000e+00  0.000000000e+00
  0.000000000e+00  0.000000000e+00  0.000000000e+00  0.000000000e+00
  0.000000000e+00  0.000000000e+00  0.000000000e+00  0.000000000e+00
  0.000000000e+00  0.000000000e+00  0.000000000e+00  0.000000000e+00
  0.000000000e+00  0.000000000e+00  0.000000000e+00  0.000000000e+00
  0.000000000e+00  0.000000000e+00  0.000000000e+00  0.000000000e+00
  0.000000000e+00  0.000000000e+00  0.000000000e+00  0.000000000e+00
  0.000000000e+00  0.000000000e+00  0.000000000e+00  0.000000000e+00
  0.000000000e+00  0.000000000e+00  0.000000000e+00  0.000000000e+00
  0.000000000e+00  0.000000000e+00  0.000000000e+00  0.000000000e+00
  0.000000000e+00  0.000000000e+00  0.000000000e+00  0.000000000e+00
  0.000000000e+00  0.000000000e+00  0.000000000e+00  0.000000000e+00
  0.000000000e+00  0.000000000e+00  0.000000000e+00  0.000000000e+00
  0.000000000e+00  0.000000000e+00  0.000000000e+00  0.000000000e+00
  0.000000000e+00  0.000000000e+00  0.000000000e+00  0.000000000e+00
  0.000000000e+00  0.000000000e+00  0.000000000e+00  0.000000000e+00
  0.000000000e+00  0.000000000e+00  0.000000000e+00  0.000000000e+00
  0.000000000e+00  0.000000000e+00  0.000000000e+00  0.000000000e+00
  0.000000000e+00  0.000000000e+00  0.000000000e+00  0.000000000e+00
  0.000000000e+00  0.000000000e+00  0.000000000e+00  0.000000000e+00
  0.000000000e+00  0.000000000e+00  0.000000000e+00  0.000000000e+00
  0.000000000e+00  0.000000000e+00  0.000000000e+00  0.000000000e+00
  0.000000000e+00
@R STORQUE 101 []
  0.000000000e+00  0.000000000e+00  0.000000000e+00  0.000000000e+00
  0.000000000e+00  0.000000000e+00  0.000000000e+00  0.000000000e+00
  0.000000000e+00  0.000000000e+00  0.000000000e+00  0.000000000e+00
  0.000000000e+00  0.000000000e+00  0.000000000e+00  0.000000000e+00
  0.000000000e+00  0.000000000e+00  0.000000000e+00  0.000000000e+00
  0.000000000e+00  0.000000000e+00  0.000000000e+00  0.000000000e+00
  0.000000000e+00  0.000000000e+00  0.000000000e+00  0.000000000e+00
  0.000000000e+00  0.000000000e+00  0.000000000e+00  0.000000000e+00
  0.000000000e+00  0.000000000e+00  0.000000000e+00  0.000000000e+00
  0.000000000e+00  0.000000000e+00  0.000000000e+00  0.000000000e+00
  0.000000000e+00  0.000000000e+00  0.000000000e+00  0.000000000e+00
  0.000000000e+00  0.000000000e+00  0.000000000e+00  0.000000000e+00
  0.000000000e+00  0.000000000e+00  0.000000000e+00  0.000000000e+00
  0.000000000e+00  0.000000000e+00  0.000000000e+00  0.000000000e+00
  0.000000000e+00  0.000000000e+00  0.000000000e+00  0.000000000e+00
  0.000000000e+00  0.000000000e+00  0.000000000e+00  0.000000000e+00
  0.000000000e+00  0.000000000e+00  0.000000000e+00  0.000000000e+00
  0.000000000e+00  0.000000000e+00  0.000000000e+00  0.000000000e+00
  0.000000000e+00  0.000000000e+00  0.000000000e+00  0.000000000e+00
  0.000000000e+00  0.000000000e+00  0.000000000e+00  0.000000000e+00
  0.000000000e+00  0.000000000e+00  0.000000000e+00  0.000000000e+00
  0.000000000e+00  0.000000000e+00  0.000000000e+00  0.000000000e+00
  0.000000000e+00  0.000000000e+00  0.000000000e+00  0.000000000e+00
  0.000000000e+00  0.000000000e+00  0.000000000e+00  0.000000000e+00
  0.000000000e+00  0.000000000e+00  0.000000000e+00  0.000000000e+00
  0.000000000e+00
@R SION 101 []
  4.395409959e-04  5.183135211e-04  7.022997664e-04  9.473946287e-04
  1.272383298e-03  1.701304687e-03  2.264759098e-03  3.001499361e-03
  3.960330239e-03  5.202367957e-03  6.803730709e-03  8.858695759e-03
  1.148334113e-02  1.481978362e-02  1.904106477e-02  2.435644487e-02
  3.101810464e-02  3.932697888e-02  4.964080945e-02  6.238284896e-02
  7.804808528e-02  9.721482028e-02  1.205535059e-01  1.488336355e-01
  1.829338788e-01  2.238503920e-01  2.727068015e-01  3.307572091e-01
  3.993891114e-01  4.801277966e-01  5.746332409e-01  6.846949466e-01
  8.122230716e-01  9.592361578e-01  1.127838444e+00  1.320201453e+00
  1.538542671e+00  1.785070423e+00  2.061939433e+00  2.371185773e+00
  2.714729818e+00  3.094313219e+00  3.511328895e+00  3.966865052e+00
  4.461700472e+00  4.995988713e+00  5.569505453e+00  6.181407096e+00
  6.830151450e+00  7.513590548e+00  8.228840405e+00  8.972267860e+00
  9.739614235e+00  1.052573214e+01  1.132497820e+01  1.213107737e+01
  1.293694442e+01  1.373540964e+01  1.451856116e+01  1.527837769e+01
  1.600694400e+01  1.669599355e+01  1.733749614e+01  1.792403267e+01
  1.844848646e+01  1.890411911e+01  1.928517754e+01  1.958692282e+01
  1.980539946e+01  1.993766170e+01  1.998185168e+01  1.993750422e+01
  1.980533014e+01  1.958696445e+01  1.928527528e+01  1.890415178e+01
  1.844852235e+01  1.792425402e+01  1.733785772e+01  1.669643473e+01
  1.600759301e+01  1.527921721e+01  1.451944392e+01  1.373644331e+01
  1.293817480e+01  1.213237898e+01  1.132641825e+01  1.052721194e+01
  9.741143626e+00  8.973921281e+00  8.230559314e+00  7.515347246e+00
  6.831869921e+00  6.183004145e+00  5.570898466e+00  4.997129953e+00
  4.462651376e+00  3.967728457e+00  3.512144697e+00  3.095179813e+00
  2.896222914e+00
@R CHIE 101 []
  0.000000000e+00  0.000000000e+00  0.000000000e+00  0.000000000e+00
  0.000000000e+00  0.000000000e+00  0.000000000e+00  0.000000000e+00
  0.000000000e+00  0.000000000e+00  0.000000000e+00  0.000000000e+00
  0.000000000e+00  0.000000000e+00  0.000000000e+00  0.000000000e+00
  0.000000000e+00  0.000000000e+00  0.000000000e+00  0.000000000e+00
  0.000000000e+00  0.000000000e+00  0.000000000e+00  0.000000000e+00
  0.000000000e+00  0.000000000e+00  0.000000000e+00  0.000000000e+00
  0.000000000e+00  0.000000000e+00  0.000000000e+00  0.000000000e+00
  0.000000000e+00  0.000000000e+00  0.000000000e+00  0.000000000e+00
  0.000000000e+00  0.000000000e+00  0.000000000e+00  0.000000000e+00
  0.000000000e+00  0.000000000e+00  0.000000000e+00  0.000000000e+00
  0.000000000e+00  0.000000000e+00  0.000000000e+00  0.000000000e+00
  0.000000000e+00  0.000000000e+00  0.000000000e+00  0.000000000e+00
  0.000000000e+00  0.000000000e+00  0.000000000e+00  0.000000000e+00
  0.000000000e+00  0.000000000e+00  0.000000000e+00  0.000000000e+00
  0.000000000e+00  0.000000000e+00  0.000000000e+00  0.000000000e+00
  0.000000000e+00  0.000000000e+00  0.000000000e+00  0.000000000e+00
  0.000000000e+00  0.000000000e+00  0.000000000e+00  0.000000000e+00
  0.000000000e+00  0.000000000e+00  0.000000000e+00  0.000000000e+00
  0.000000000e+00  0.000000000e+00  0.000000000e+00  0.000000000e+00
  0.000000000e+00  0.000000000e+00  0.000000000e+00  0.000000000e+00
  0.000000000e+00  0.000000000e+00  0.000000000e+00  0.000000000e+00
  0.000000000e+00  0.000000000e+00  0.000000000e+00  0.000000000e+00
  0.000000000e+00  0.000000000e+00  0.000000000e+00  0.000000000e+00
  0.000000000e+00  0.000000000e+00  0.000000000e+00  0.000000000e+00
  0.000000000e+00
@R CHII 101 []
  0.000000000e+00  0.000000000e+00  0.000000000e+00  0.000000000e+00
  0.000000000e+00  0.000000000e+00  0.000000000e+00  0.000000000e+00
  0.000000000e+00  0.000000000e+00  0.000000000e+00  0.000000000e+00
  0.000000000e+00  0.000000000e+00  0.000000000e+00  0.000000000e+00
  0.000000000e+00  0.000000000e+00  0.000000000e+00  0.000000000e+00
  0.000000000e+00  0.000000000e+00  0.000000000e+00  0.000000000e+00
  0.000000000e+00  0.000000000e+00  0.000000000e+00  0.000000000e+00
  0.000000000e+00  0.000000000e+00  0.000000000e+00  0.000000000e+00
  0.000000000e+00  0.000000000e+00  0.000000000e+00  0.000000000e+00
  0.000000000e+00  0.000000000e+00  0.000000000e+00  0.000000000e+00
  0.000000000e+00  0.000000000e+00  0.000000000e+00  0.000000000e+00
  0.000000000e+00  0.000000000e+00  0.000000000e+00  0.000000000e+00
  0.000000000e+00  0.000000000e+00  0.000000000e+00  0.000000000e+00
  0.000000000e+00  0.000000000e+00  0.000000000e+00  0.000000000e+00
  0.000000000e+00  0.000000000e+00  0.000000000e+00  0.000000000e+00
  0.000000000e+00  0.000000000e+00  0.000000000e+00  0.000000000e+00
  0.000000000e+00  0.000000000e+00  0.000000000e+00  0.000000000e+00
  0.000000000e+00  0.000000000e+00  0.000000000e+00  0.000000000e+00
  0.000000000e+00  0.000000000e+00  0.000000000e+00  0.000000000e+00
  0.000000000e+00  0.000000000e+00  0.000000000e+00  0.000000000e+00
  0.000000000e+00  0.000000000e+00  0.000000000e+00  0.000000000e+00
  0.000000000e+00  0.000000000e+00  0.000000000e+00  0.000000000e+00
  0.000000000e+00  0.000000000e+00  0.000000000e+00  0.000000000e+00
  0.000000000e+00  0.000000000e+00  0.000000000e+00  0.000000000e+00
  0.000000000e+00  0.000000000e+00  0.000000000e+00  0.000000000e+00
  0.000000000e+00
