@R INFLAG 1 []
1.000000e+00 
@R IP 1 []
1.000000e+01 
@R BCENTR 1 []
1.100000e+01 
@R RMAJOR 1 []
4.550000e+00 
@R AMINOR 1 []
1.107569e+00 
@R ELONGB 1 []
1.341362e+00 
@R TRIANB 1 []
-3.094528e-01 
@R AMAIN 1 []
2.500000e+00 
@R ZMAIN 1 []
1.000000e+00 
@R AIMP 1 []
1.820000e+02 
@R ZIMP 1 []
7.400000e+01 
@R RHO 101 []
0.000000e+00 1.000000e-02 2.000000e-02 3.000000e-02 4.000000e-02 
5.000000e-02 6.000000e-02 7.000000e-02 8.000000e-02 9.000000e-02 
1.000000e-01 1.100000e-01 1.200000e-01 1.300000e-01 1.400000e-01 
1.500000e-01 1.600000e-01 1.700000e-01 1.800000e-01 1.900000e-01 
2.000000e-01 2.100000e-01 2.200000e-01 2.300000e-01 2.400000e-01 
2.500000e-01 2.600000e-01 2.700000e-01 2.800000e-01 2.900000e-01 
3.000000e-01 3.100000e-01 3.200000e-01 3.300000e-01 3.400000e-01 
3.500000e-01 3.600000e-01 3.700000e-01 3.800000e-01 3.900000e-01 
4.000000e-01 4.100000e-01 4.200000e-01 4.300000e-01 4.400000e-01 
4.500000e-01 4.600000e-01 4.700000e-01 4.800000e-01 4.900000e-01 
5.000000e-01 5.100000e-01 5.200000e-01 5.300000e-01 5.400000e-01 
5.500000e-01 5.600000e-01 5.700000e-01 5.800000e-01 5.900000e-01 
6.000000e-01 6.100000e-01 6.200000e-01 6.300000e-01 6.400000e-01 
6.500000e-01 6.600000e-01 6.700000e-01 6.800000e-01 6.900000e-01 
7.000000e-01 7.100000e-01 7.200000e-01 7.300000e-01 7.400000e-01 
7.500000e-01 7.600000e-01 7.700000e-01 7.800000e-01 7.900000e-01 
8.000000e-01 8.100000e-01 8.200000e-01 8.300000e-01 8.400000e-01 
8.500000e-01 8.600000e-01 8.700000e-01 8.800000e-01 8.900000e-01 
9.000000e-01 9.100000e-01 9.200000e-01 9.300000e-01 9.400000e-01 
9.500000e-01 9.600000e-01 9.700000e-01 9.800000e-01 9.900000e-01 
1.000000e+00 
@R ENE 101 []
2.762176e+01 2.762176e+01 2.757675e+01 2.752851e+01 2.747711e+01 
2.742258e+01 2.736497e+01 2.730431e+01 2.724065e+01 2.717403e+01 
2.710449e+01 2.703208e+01 2.695684e+01 2.687881e+01 2.679803e+01 
2.671454e+01 2.662840e+01 2.653963e+01 2.644828e+01 2.635440e+01 
2.625803e+01 2.615920e+01 2.605797e+01 2.595437e+01 2.584844e+01 
2.574024e+01 2.562979e+01 2.551715e+01 2.540235e+01 2.528544e+01 
2.516646e+01 2.504545e+01 2.492246e+01 2.479753e+01 2.467069e+01 
2.454199e+01 2.441148e+01 2.427920e+01 2.414518e+01 2.400947e+01 
2.387212e+01 2.373316e+01 2.359264e+01 2.345061e+01 2.330709e+01 
2.316214e+01 2.301579e+01 2.286810e+01 2.271909e+01 2.256882e+01 
2.241733e+01 2.226466e+01 2.211084e+01 2.195593e+01 2.179997e+01 
2.164299e+01 2.148505e+01 2.132617e+01 2.116641e+01 2.100581e+01 
2.084441e+01 2.068224e+01 2.051936e+01 2.035580e+01 2.019160e+01 
2.002681e+01 1.986146e+01 1.969559e+01 1.952923e+01 1.936242e+01 
1.919517e+01 1.902752e+01 1.885947e+01 1.869101e+01 1.852212e+01 
1.835274e+01 1.818276e+01 1.801201e+01 1.784025e+01 1.766706e+01 
1.749187e+01 1.731382e+01 1.713166e+01 1.694360e+01 1.674709e+01 
1.653852e+01 1.631290e+01 1.606339e+01 1.578101e+01 1.545437e+01 
1.507010e+01 1.461429e+01 1.407566e+01 1.345063e+01 1.274932e+01 
1.199937e+01 1.124379e+01 1.053130e+01 9.903025e+00 9.382649e+00 
8.974498e+00 
@R TE 101 []
1.881521e+01 1.881521e+01 1.873469e+01 1.864747e+01 1.855369e+01 
1.845350e+01 1.834706e+01 1.823450e+01 1.811597e+01 1.799161e+01 
1.786159e+01 1.772603e+01 1.758509e+01 1.743891e+01 1.728764e+01 
1.713143e+01 1.697042e+01 1.680476e+01 1.663460e+01 1.646008e+01 
1.628134e+01 1.609854e+01 1.591183e+01 1.572134e+01 1.552722e+01 
1.532962e+01 1.512869e+01 1.492458e+01 1.471742e+01 1.450737e+01 
1.429457e+01 1.407917e+01 1.386132e+01 1.364116e+01 1.341883e+01 
1.319449e+01 1.296828e+01 1.274035e+01 1.251084e+01 1.227991e+01 
1.204769e+01 1.181433e+01 1.157998e+01 1.134479e+01 1.110890e+01 
1.087245e+01 1.063561e+01 1.039850e+01 1.016129e+01 9.924102e+00 
9.687100e+00 9.450425e+00 9.214223e+00 8.978641e+00 8.743826e+00 
8.509923e+00 8.277080e+00 8.045442e+00 7.815156e+00 7.586369e+00 
7.359227e+00 7.133875e+00 6.910462e+00 6.689133e+00 6.470034e+00 
6.253312e+00 6.039113e+00 5.827584e+00 5.618872e+00 5.413121e+00 
5.210480e+00 5.011094e+00 4.815109e+00 4.622671e+00 4.433927e+00 
4.249022e+00 4.068099e+00 3.891303e+00 3.718774e+00 3.550650e+00 
3.387060e+00 3.228124e+00 3.073939e+00 2.924569e+00 2.780019e+00 
2.640190e+00 2.504812e+00 2.373317e+00 2.244640e+00 2.116895e+00 
1.986885e+00 1.849455e+00 1.696936e+00 1.519482e+00 1.308081e+00 
1.061947e+00 7.973585e-01 5.467929e-01 3.418835e-01 1.956468e-01 
1.018046e-01 
@R TI 101 []
1.901526e+01 1.901526e+01 1.893379e+01 1.884553e+01 1.875064e+01 
1.864926e+01 1.854154e+01 1.842764e+01 1.830768e+01 1.818184e+01 
1.805025e+01 1.791306e+01 1.777042e+01 1.762248e+01 1.746938e+01 
1.731128e+01 1.714833e+01 1.698066e+01 1.680844e+01 1.663180e+01 
1.645090e+01 1.626588e+01 1.607690e+01 1.588410e+01 1.568763e+01 
1.548763e+01 1.528426e+01 1.507767e+01 1.486799e+01 1.465539e+01 
1.444000e+01 1.422199e+01 1.400148e+01 1.377865e+01 1.355362e+01 
1.332655e+01 1.309759e+01 1.286689e+01 1.263459e+01 1.240084e+01 
1.216580e+01 1.192961e+01 1.169241e+01 1.145436e+01 1.121560e+01 
1.097628e+01 1.073656e+01 1.049657e+01 1.025648e+01 1.001641e+01 
9.776533e+00 9.536985e+00 9.297917e+00 9.059477e+00 8.821814e+00 
8.585076e+00 8.349411e+00 8.114967e+00 7.881892e+00 7.650335e+00 
7.420445e+00 7.192368e+00 6.966254e+00 6.742250e+00 6.520506e+00 
6.301169e+00 6.084387e+00 5.870309e+00 5.659082e+00 5.450856e+00 
5.245778e+00 5.043997e+00 4.845660e+00 4.650915e+00 4.459910e+00 
4.272793e+00 4.089710e+00 3.910806e+00 3.736224e+00 3.566104e+00 
3.400578e+00 3.239770e+00 3.083780e+00 2.932678e+00 2.786478e+00 
2.645091e+00 2.508264e+00 2.375454e+00 2.245631e+00 2.116959e+00 
1.986303e+00 1.848580e+00 1.696163e+00 1.519156e+00 1.308316e+00 
1.062476e+00 7.976781e-01 5.466371e-01 3.414920e-01 1.954801e-01 
1.021643e-01 
@R OMEGA 101 []
4.992502e+03 4.992502e+03 4.978802e+03 4.961080e+03 4.940120e+03 
4.916382e+03 4.890179e+03 4.861743e+03 4.831258e+03 4.798873e+03 
4.764714e+03 4.728889e+03 4.691494e+03 4.652611e+03 4.612317e+03 
4.570680e+03 4.527764e+03 4.483626e+03 4.438322e+03 4.391901e+03 
4.344411e+03 4.295898e+03 4.246404e+03 4.195970e+03 4.144635e+03 
4.092438e+03 4.039413e+03 3.985597e+03 3.931022e+03 3.875722e+03 
3.819729e+03 3.763074e+03 3.705787e+03 3.647899e+03 3.589439e+03 
3.530435e+03 3.470916e+03 3.410910e+03 3.350445e+03 3.289547e+03 
3.228244e+03 3.166564e+03 3.104531e+03 3.042174e+03 2.979518e+03 
2.916589e+03 2.853414e+03 2.790019e+03 2.726431e+03 2.662674e+03 
2.598777e+03 2.534765e+03 2.470664e+03 2.406501e+03 2.342304e+03 
2.278099e+03 2.213913e+03 2.149775e+03 2.085711e+03 2.021750e+03 
1.957922e+03 1.894253e+03 1.830775e+03 1.767518e+03 1.704511e+03 
1.641786e+03 1.579374e+03 1.517309e+03 1.455623e+03 1.394351e+03 
1.333528e+03 1.273190e+03 1.213373e+03 1.154118e+03 1.095462e+03 
1.037449e+03 9.801196e+02 9.235197e+02 8.676957e+02 8.126966e+02 
7.585737e+02 7.053813e+02 6.531766e+02 6.020207e+02 5.519785e+02 
5.031198e+02 4.555197e+02 4.092600e+02 3.644299e+02 3.211277e+02 
2.794630e+02 2.395592e+02 2.015571e+02 1.656204e+02 1.319431e+02 
1.007622e+02 7.237776e+01 4.719105e+01 2.578550e+01 9.151105e+00 
-3.154810e-12 
@R ZEFF 101 []
1.264391e+00 1.264391e+00 1.263416e+00 1.262357e+00 1.261215e+00 
1.259991e+00 1.258684e+00 1.257295e+00 1.255824e+00 1.254271e+00 
1.252638e+00 1.250923e+00 1.249128e+00 1.247253e+00 1.245297e+00 
1.243262e+00 1.241148e+00 1.238955e+00 1.236683e+00 1.234334e+00 
1.231907e+00 1.229404e+00 1.226826e+00 1.224174e+00 1.221448e+00 
1.218650e+00 1.215782e+00 1.212844e+00 1.209840e+00 1.206772e+00 
1.203640e+00 1.200449e+00 1.197201e+00 1.193899e+00 1.190547e+00 
1.187149e+00 1.183709e+00 1.180231e+00 1.176721e+00 1.173184e+00 
1.169625e+00 1.166052e+00 1.162469e+00 1.158885e+00 1.155307e+00 
1.151742e+00 1.148197e+00 1.144682e+00 1.141204e+00 1.137773e+00 
1.134396e+00 1.131082e+00 1.127839e+00 1.124677e+00 1.121603e+00 
1.118624e+00 1.115748e+00 1.112982e+00 1.110332e+00 1.107802e+00 
1.105397e+00 1.103121e+00 1.100976e+00 1.098964e+00 1.097085e+00 
1.095339e+00 1.093724e+00 1.092238e+00 1.090878e+00 1.089640e+00 
1.088519e+00 1.087509e+00 1.086605e+00 1.085800e+00 1.085087e+00 
1.084461e+00 1.083913e+00 1.083438e+00 1.083028e+00 1.082676e+00 
1.082377e+00 1.082125e+00 1.081913e+00 1.081737e+00 1.081591e+00 
1.081472e+00 1.081374e+00 1.081295e+00 1.081231e+00 1.081179e+00 
1.081137e+00 1.081103e+00 1.081076e+00 1.081055e+00 1.081040e+00 
1.081033e+00 1.081030e+00 1.081030e+00 1.081030e+00 1.081030e+00 
1.081030e+00 
@R CURPAR 101 []
3.693463e+00 3.693463e+00 3.692780e+00 3.691053e+00 3.688605e+00 
3.685447e+00 3.681586e+00 3.677023e+00 3.671758e+00 3.665790e+00 
3.659121e+00 3.651750e+00 3.643676e+00 3.634901e+00 3.625423e+00 
3.615244e+00 3.604362e+00 3.592779e+00 3.580493e+00 3.567505e+00 
3.553816e+00 3.539424e+00 3.524330e+00 3.508534e+00 3.492036e+00 
3.474837e+00 3.456935e+00 3.438331e+00 3.419025e+00 3.399017e+00 
3.378307e+00 3.356895e+00 3.334780e+00 3.311964e+00 3.288446e+00 
3.264226e+00 3.239304e+00 3.213679e+00 3.187353e+00 3.160325e+00 
3.132594e+00 3.104162e+00 3.075027e+00 3.045191e+00 3.014652e+00 
2.983412e+00 2.951469e+00 2.918824e+00 2.885478e+00 2.851429e+00 
2.816678e+00 2.781225e+00 2.745070e+00 2.708214e+00 2.670655e+00 
2.632394e+00 2.593431e+00 2.553766e+00 2.513399e+00 2.472330e+00 
2.430558e+00 2.388085e+00 2.344910e+00 2.301033e+00 2.256454e+00 
2.211172e+00 2.165189e+00 2.118504e+00 2.071116e+00 2.023027e+00 
1.974235e+00 1.924742e+00 1.874546e+00 1.823649e+00 1.772049e+00 
1.719747e+00 1.666744e+00 1.613038e+00 1.558630e+00 1.503520e+00 
1.447708e+00 1.391195e+00 1.333979e+00 1.276061e+00 1.217441e+00 
1.158119e+00 1.098095e+00 1.037369e+00 9.759405e-01 9.138103e-01 
8.509781e-01 7.874439e-01 7.232076e-01 6.582693e-01 5.926290e-01 
5.262866e-01 4.592422e-01 3.920442e-01 3.285319e-01 2.796746e-01 
2.608294e-01 
@R CURBEAM 101 []
0.000000e+00 0.000000e+00 0.000000e+00 0.000000e+00 0.000000e+00 
0.000000e+00 0.000000e+00 0.000000e+00 0.000000e+00 0.000000e+00 
0.000000e+00 0.000000e+00 0.000000e+00 0.000000e+00 0.000000e+00 
0.000000e+00 0.000000e+00 0.000000e+00 0.000000e+00 0.000000e+00 
0.000000e+00 0.000000e+00 0.000000e+00 0.000000e+00 0.000000e+00 
0.000000e+00 0.000000e+00 0.000000e+00 0.000000e+00 0.000000e+00 
0.000000e+00 0.000000e+00 0.000000e+00 0.000000e+00 0.000000e+00 
0.000000e+00 0.000000e+00 0.000000e+00 0.000000e+00 0.000000e+00 
0.000000e+00 0.000000e+00 0.000000e+00 0.000000e+00 0.000000e+00 
0.000000e+00 0.000000e+00 0.000000e+00 0.000000e+00 0.000000e+00 
0.000000e+00 0.000000e+00 0.000000e+00 0.000000e+00 0.000000e+00 
0.000000e+00 0.000000e+00 0.000000e+00 0.000000e+00 0.000000e+00 
0.000000e+00 0.000000e+00 0.000000e+00 0.000000e+00 0.000000e+00 
0.000000e+00 0.000000e+00 0.000000e+00 0.000000e+00 0.000000e+00 
0.000000e+00 0.000000e+00 0.000000e+00 0.000000e+00 0.000000e+00 
0.000000e+00 0.000000e+00 0.000000e+00 0.000000e+00 0.000000e+00 
0.000000e+00 0.000000e+00 0.000000e+00 0.000000e+00 0.000000e+00 
0.000000e+00 0.000000e+00 0.000000e+00 0.000000e+00 0.000000e+00 
0.000000e+00 0.000000e+00 0.000000e+00 0.000000e+00 0.000000e+00 
0.000000e+00 0.000000e+00 0.000000e+00 0.000000e+00 0.000000e+00 
0.000000e+00 
@R CURRF 101 []
0.000000e+00 0.000000e+00 0.000000e+00 0.000000e+00 0.000000e+00 
0.000000e+00 0.000000e+00 0.000000e+00 0.000000e+00 0.000000e+00 
0.000000e+00 0.000000e+00 0.000000e+00 0.000000e+00 0.000000e+00 
0.000000e+00 0.000000e+00 0.000000e+00 0.000000e+00 0.000000e+00 
0.000000e+00 0.000000e+00 0.000000e+00 0.000000e+00 0.000000e+00 
0.000000e+00 0.000000e+00 0.000000e+00 0.000000e+00 0.000000e+00 
0.000000e+00 0.000000e+00 0.000000e+00 0.000000e+00 0.000000e+00 
0.000000e+00 0.000000e+00 0.000000e+00 0.000000e+00 0.000000e+00 
0.000000e+00 0.000000e+00 0.000000e+00 0.000000e+00 0.000000e+00 
0.000000e+00 0.000000e+00 0.000000e+00 0.000000e+00 0.000000e+00 
0.000000e+00 0.000000e+00 0.000000e+00 0.000000e+00 0.000000e+00 
0.000000e+00 0.000000e+00 0.000000e+00 0.000000e+00 0.000000e+00 
0.000000e+00 0.000000e+00 0.000000e+00 0.000000e+00 0.000000e+00 
0.000000e+00 0.000000e+00 0.000000e+00 0.000000e+00 0.000000e+00 
0.000000e+00 0.000000e+00 0.000000e+00 0.000000e+00 0.000000e+00 
0.000000e+00 0.000000e+00 0.000000e+00 0.000000e+00 0.000000e+00 
0.000000e+00 0.000000e+00 0.000000e+00 0.000000e+00 0.000000e+00 
0.000000e+00 0.000000e+00 0.000000e+00 0.000000e+00 0.000000e+00 
0.000000e+00 0.000000e+00 0.000000e+00 0.000000e+00 0.000000e+00 
0.000000e+00 0.000000e+00 0.000000e+00 0.000000e+00 0.000000e+00 
0.000000e+00 
@R Q 101 []
9.739794e-01 9.740394e-01 9.742194e-01 9.745198e-01 9.749411e-01 
9.754841e-01 9.761495e-01 9.769382e-01 9.778510e-01 9.788887e-01 
9.800516e-01 9.813398e-01 9.827530e-01 9.842902e-01 9.859503e-01 
9.877354e-01 9.896486e-01 9.916895e-01 9.938573e-01 9.961517e-01 
9.985755e-01 1.001132e+00 1.003819e+00 1.006637e+00 1.009589e+00 
1.012676e+00 1.015901e+00 1.019265e+00 1.022769e+00 1.026413e+00 
1.030202e+00 1.034139e+00 1.038225e+00 1.042462e+00 1.046854e+00 
1.051406e+00 1.056118e+00 1.060996e+00 1.066042e+00 1.071260e+00 
1.076655e+00 1.082231e+00 1.087992e+00 1.093942e+00 1.100088e+00 
1.106434e+00 1.112985e+00 1.119747e+00 1.126726e+00 1.133929e+00 
1.141361e+00 1.149031e+00 1.156944e+00 1.165109e+00 1.173534e+00 
1.182228e+00 1.191199e+00 1.200456e+00 1.210010e+00 1.219870e+00 
1.230049e+00 1.240557e+00 1.251406e+00 1.262610e+00 1.274182e+00 
1.286136e+00 1.298488e+00 1.311254e+00 1.324451e+00 1.338097e+00 
1.352213e+00 1.366817e+00 1.381932e+00 1.397581e+00 1.413789e+00 
1.430584e+00 1.447993e+00 1.466047e+00 1.484780e+00 1.504229e+00 
1.524430e+00 1.545425e+00 1.567257e+00 1.589973e+00 1.613625e+00 
1.638272e+00 1.663985e+00 1.690839e+00 1.718917e+00 1.748313e+00 
1.779116e+00 1.811397e+00 1.845243e+00 1.880739e+00 1.918016e+00 
1.957291e+00 1.998858e+00 2.042976e+00 2.090082e+00 2.141178e+00 
2.197493e+00 
@R QBEAME 101 []
0.000000e+00 0.000000e+00 0.000000e+00 0.000000e+00 0.000000e+00 
0.000000e+00 0.000000e+00 0.000000e+00 0.000000e+00 0.000000e+00 
0.000000e+00 0.000000e+00 0.000000e+00 0.000000e+00 0.000000e+00 
0.000000e+00 0.000000e+00 0.000000e+00 0.000000e+00 0.000000e+00 
0.000000e+00 0.000000e+00 0.000000e+00 0.000000e+00 0.000000e+00 
0.000000e+00 0.000000e+00 0.000000e+00 0.000000e+00 0.000000e+00 
0.000000e+00 0.000000e+00 0.000000e+00 0.000000e+00 0.000000e+00 
0.000000e+00 0.000000e+00 0.000000e+00 0.000000e+00 0.000000e+00 
0.000000e+00 0.000000e+00 0.000000e+00 0.000000e+00 0.000000e+00 
0.000000e+00 0.000000e+00 0.000000e+00 0.000000e+00 0.000000e+00 
0.000000e+00 0.000000e+00 0.000000e+00 0.000000e+00 0.000000e+00 
0.000000e+00 0.000000e+00 0.000000e+00 0.000000e+00 0.000000e+00 
0.000000e+00 0.000000e+00 0.000000e+00 0.000000e+00 0.000000e+00 
0.000000e+00 0.000000e+00 0.000000e+00 0.000000e+00 0.000000e+00 
0.000000e+00 0.000000e+00 0.000000e+00 0.000000e+00 0.000000e+00 
0.000000e+00 0.000000e+00 0.000000e+00 0.000000e+00 0.000000e+00 
0.000000e+00 0.000000e+00 0.000000e+00 0.000000e+00 0.000000e+00 
0.000000e+00 0.000000e+00 0.000000e+00 0.000000e+00 0.000000e+00 
0.000000e+00 0.000000e+00 0.000000e+00 0.000000e+00 0.000000e+00 
0.000000e+00 0.000000e+00 0.000000e+00 0.000000e+00 0.000000e+00 
0.000000e+00 
@R QBEAMI 101 []
0.000000e+00 0.000000e+00 0.000000e+00 0.000000e+00 0.000000e+00 
0.000000e+00 0.000000e+00 0.000000e+00 0.000000e+00 0.000000e+00 
0.000000e+00 0.000000e+00 0.000000e+00 0.000000e+00 0.000000e+00 
0.000000e+00 0.000000e+00 0.000000e+00 0.000000e+00 0.000000e+00 
0.000000e+00 0.000000e+00 0.000000e+00 0.000000e+00 0.000000e+00 
0.000000e+00 0.000000e+00 0.000000e+00 0.000000e+00 0.000000e+00 
0.000000e+00 0.000000e+00 0.000000e+00 0.000000e+00 0.000000e+00 
0.000000e+00 0.000000e+00 0.000000e+00 0.000000e+00 0.000000e+00 
0.000000e+00 0.000000e+00 0.000000e+00 0.000000e+00 0.000000e+00 
0.000000e+00 0.000000e+00 0.000000e+00 0.000000e+00 0.000000e+00 
0.000000e+00 0.000000e+00 0.000000e+00 0.000000e+00 0.000000e+00 
0.000000e+00 0.000000e+00 0.000000e+00 0.000000e+00 0.000000e+00 
0.000000e+00 0.000000e+00 0.000000e+00 0.000000e+00 0.000000e+00 
0.000000e+00 0.000000e+00 0.000000e+00 0.000000e+00 0.000000e+00 
0.000000e+00 0.000000e+00 0.000000e+00 0.000000e+00 0.000000e+00 
0.000000e+00 0.000000e+00 0.000000e+00 0.000000e+00 0.000000e+00 
0.000000e+00 0.000000e+00 0.000000e+00 0.000000e+00 0.000000e+00 
0.000000e+00 0.000000e+00 0.000000e+00 0.000000e+00 0.000000e+00 
0.000000e+00 0.000000e+00 0.000000e+00 0.000000e+00 0.000000e+00 
0.000000e+00 0.000000e+00 0.000000e+00 0.000000e+00 0.000000e+00 
0.000000e+00 
@R QRFE 101 []
0.000000e+00 0.000000e+00 0.000000e+00 0.000000e+00 0.000000e+00 
0.000000e+00 0.000000e+00 0.000000e+00 0.000000e+00 0.000000e+00 
0.000000e+00 0.000000e+00 0.000000e+00 0.000000e+00 0.000000e+00 
0.000000e+00 0.000000e+00 0.000000e+00 0.000000e+00 0.000000e+00 
0.000000e+00 0.000000e+00 0.000000e+00 0.000000e+00 0.000000e+00 
0.000000e+00 0.000000e+00 0.000000e+00 0.000000e+00 0.000000e+00 
0.000000e+00 0.000000e+00 0.000000e+00 0.000000e+00 0.000000e+00 
0.000000e+00 0.000000e+00 0.000000e+00 0.000000e+00 0.000000e+00 
0.000000e+00 0.000000e+00 0.000000e+00 0.000000e+00 0.000000e+00 
0.000000e+00 0.000000e+00 0.000000e+00 0.000000e+00 0.000000e+00 
0.000000e+00 0.000000e+00 0.000000e+00 0.000000e+00 0.000000e+00 
0.000000e+00 0.000000e+00 0.000000e+00 0.000000e+00 0.000000e+00 
0.000000e+00 0.000000e+00 0.000000e+00 0.000000e+00 0.000000e+00 
0.000000e+00 0.000000e+00 0.000000e+00 0.000000e+00 0.000000e+00 
0.000000e+00 0.000000e+00 0.000000e+00 0.000000e+00 0.000000e+00 
0.000000e+00 0.000000e+00 0.000000e+00 0.000000e+00 0.000000e+00 
0.000000e+00 0.000000e+00 0.000000e+00 0.000000e+00 0.000000e+00 
0.000000e+00 0.000000e+00 0.000000e+00 0.000000e+00 0.000000e+00 
0.000000e+00 0.000000e+00 0.000000e+00 0.000000e+00 0.000000e+00 
0.000000e+00 0.000000e+00 0.000000e+00 0.000000e+00 0.000000e+00 
0.000000e+00 
@R QRFI 101 []
0.000000e+00 0.000000e+00 0.000000e+00 0.000000e+00 0.000000e+00 
0.000000e+00 0.000000e+00 0.000000e+00 0.000000e+00 0.000000e+00 
0.000000e+00 0.000000e+00 0.000000e+00 0.000000e+00 0.000000e+00 
0.000000e+00 0.000000e+00 0.000000e+00 0.000000e+00 0.000000e+00 
0.000000e+00 0.000000e+00 0.000000e+00 0.000000e+00 0.000000e+00 
0.000000e+00 0.000000e+00 0.000000e+00 0.000000e+00 0.000000e+00 
0.000000e+00 0.000000e+00 0.000000e+00 0.000000e+00 0.000000e+00 
0.000000e+00 0.000000e+00 0.000000e+00 0.000000e+00 0.000000e+00 
0.000000e+00 0.000000e+00 0.000000e+00 0.000000e+00 0.000000e+00 
0.000000e+00 0.000000e+00 0.000000e+00 0.000000e+00 0.000000e+00 
0.000000e+00 0.000000e+00 0.000000e+00 0.000000e+00 0.000000e+00 
0.000000e+00 0.000000e+00 0.000000e+00 0.000000e+00 0.000000e+00 
0.000000e+00 0.000000e+00 0.000000e+00 0.000000e+00 0.000000e+00 
0.000000e+00 0.000000e+00 0.000000e+00 0.000000e+00 0.000000e+00 
0.000000e+00 0.000000e+00 0.000000e+00 0.000000e+00 0.000000e+00 
0.000000e+00 0.000000e+00 0.000000e+00 0.000000e+00 0.000000e+00 
0.000000e+00 0.000000e+00 0.000000e+00 0.000000e+00 0.000000e+00 
0.000000e+00 0.000000e+00 0.000000e+00 0.000000e+00 0.000000e+00 
0.000000e+00 0.000000e+00 0.000000e+00 0.000000e+00 0.000000e+00 
0.000000e+00 0.000000e+00 0.000000e+00 0.000000e+00 0.000000e+00 
0.000000e+00 
@R QRAD 101 []
-2.117334e-01 -2.117334e-01 -2.104293e-01 -2.090298e-01 -2.075377e-01 
-2.059558e-01 -2.042867e-01 -2.025335e-01 -2.006988e-01 -1.987857e-01 
-1.967970e-01 -1.947358e-01 -1.926051e-01 -1.904077e-01 -1.881469e-01 
-1.858256e-01 -1.834469e-01 -1.810138e-01 -1.785295e-01 -1.759970e-01 
-1.734195e-01 -1.707999e-01 -1.681414e-01 -1.654471e-01 -1.627200e-01 
-1.599633e-01 -1.571799e-01 -1.543729e-01 -1.515452e-01 -1.487000e-01 
-1.458401e-01 -1.429686e-01 -1.400882e-01 -1.372020e-01 -1.343127e-01 
-1.314231e-01 -1.285360e-01 -1.256542e-01 -1.227802e-01 -1.199166e-01 
-1.170661e-01 -1.142310e-01 -1.114139e-01 -1.086169e-01 -1.058423e-01 
-1.030924e-01 -1.003691e-01 -9.767442e-02 -9.501020e-02 -9.237820e-02 
-8.978003e-02 -8.721720e-02 -8.469110e-02 -8.220297e-02 -7.975393e-02 
-7.734499e-02 -7.497699e-02 -7.265066e-02 -7.036661e-02 -6.812530e-02 
-6.592710e-02 -6.377223e-02 -6.166085e-02 -5.959298e-02 -5.756859e-02 
-5.558756e-02 -5.364968e-02 -5.175473e-02 -4.990242e-02 -4.809241e-02 
-4.632436e-02 -4.459787e-02 -4.291253e-02 -4.126791e-02 -3.966349e-02 
-3.809873e-02 -3.657297e-02 -3.508541e-02 -3.363501e-02 -3.222045e-02 
-3.083991e-02 -2.949094e-02 -2.817016e-02 -2.687290e-02 -2.559271e-02 
-2.432074e-02 -2.304498e-02 -2.174940e-02 -2.041324e-02 -1.901081e-02 
-1.751257e-02 -1.588894e-02 -1.411811e-02 -1.219920e-02 -1.016914e-02 
-8.116300e-03 -6.175056e-03 -4.486046e-03 -3.136629e-03 -2.129980e-03 
-1.405699e-03 
@R QIONE 101 []
0.000000e+00 0.000000e+00 0.000000e+00 0.000000e+00 0.000000e+00 
0.000000e+00 0.000000e+00 0.000000e+00 0.000000e+00 0.000000e+00 
0.000000e+00 0.000000e+00 0.000000e+00 0.000000e+00 0.000000e+00 
0.000000e+00 0.000000e+00 0.000000e+00 0.000000e+00 0.000000e+00 
0.000000e+00 0.000000e+00 0.000000e+00 0.000000e+00 0.000000e+00 
0.000000e+00 0.000000e+00 0.000000e+00 0.000000e+00 0.000000e+00 
0.000000e+00 0.000000e+00 0.000000e+00 0.000000e+00 0.000000e+00 
0.000000e+00 0.000000e+00 0.000000e+00 0.000000e+00 0.000000e+00 
0.000000e+00 0.000000e+00 0.000000e+00 0.000000e+00 0.000000e+00 
0.000000e+00 0.000000e+00 0.000000e+00 0.000000e+00 0.000000e+00 
0.000000e+00 0.000000e+00 0.000000e+00 0.000000e+00 0.000000e+00 
0.000000e+00 0.000000e+00 0.000000e+00 0.000000e+00 0.000000e+00 
0.000000e+00 0.000000e+00 0.000000e+00 0.000000e+00 0.000000e+00 
0.000000e+00 0.000000e+00 0.000000e+00 0.000000e+00 0.000000e+00 
0.000000e+00 0.000000e+00 0.000000e+00 0.000000e+00 0.000000e+00 
0.000000e+00 0.000000e+00 0.000000e+00 0.000000e+00 0.000000e+00 
0.000000e+00 0.000000e+00 0.000000e+00 0.000000e+00 0.000000e+00 
0.000000e+00 0.000000e+00 0.000000e+00 0.000000e+00 0.000000e+00 
0.000000e+00 0.000000e+00 0.000000e+00 0.000000e+00 0.000000e+00 
0.000000e+00 0.000000e+00 0.000000e+00 0.000000e+00 0.000000e+00 
0.000000e+00 
@R QIONI 101 []
0.000000e+00 0.000000e+00 0.000000e+00 0.000000e+00 0.000000e+00 
0.000000e+00 0.000000e+00 0.000000e+00 0.000000e+00 0.000000e+00 
0.000000e+00 0.000000e+00 0.000000e+00 0.000000e+00 0.000000e+00 
0.000000e+00 0.000000e+00 0.000000e+00 0.000000e+00 0.000000e+00 
0.000000e+00 0.000000e+00 0.000000e+00 0.000000e+00 0.000000e+00 
0.000000e+00 0.000000e+00 0.000000e+00 0.000000e+00 0.000000e+00 
0.000000e+00 0.000000e+00 0.000000e+00 0.000000e+00 0.000000e+00 
0.000000e+00 0.000000e+00 0.000000e+00 0.000000e+00 0.000000e+00 
0.000000e+00 0.000000e+00 0.000000e+00 0.000000e+00 0.000000e+00 
0.000000e+00 0.000000e+00 0.000000e+00 0.000000e+00 0.000000e+00 
0.000000e+00 0.000000e+00 0.000000e+00 0.000000e+00 0.000000e+00 
0.000000e+00 0.000000e+00 0.000000e+00 0.000000e+00 0.000000e+00 
0.000000e+00 0.000000e+00 0.000000e+00 0.000000e+00 0.000000e+00 
0.000000e+00 0.000000e+00 0.000000e+00 0.000000e+00 0.000000e+00 
0.000000e+00 0.000000e+00 0.000000e+00 0.000000e+00 0.000000e+00 
0.000000e+00 0.000000e+00 0.000000e+00 0.000000e+00 0.000000e+00 
0.000000e+00 0.000000e+00 0.000000e+00 0.000000e+00 0.000000e+00 
0.000000e+00 0.000000e+00 0.000000e+00 0.000000e+00 0.000000e+00 
0.000000e+00 0.000000e+00 0.000000e+00 0.000000e+00 0.000000e+00 
0.000000e+00 0.000000e+00 0.000000e+00 0.000000e+00 0.000000e+00 
0.000000e+00 
@R QCX 101 []
0.000000e+00 0.000000e+00 0.000000e+00 0.000000e+00 0.000000e+00 
0.000000e+00 0.000000e+00 0.000000e+00 0.000000e+00 0.000000e+00 
0.000000e+00 0.000000e+00 0.000000e+00 0.000000e+00 0.000000e+00 
0.000000e+00 0.000000e+00 0.000000e+00 0.000000e+00 0.000000e+00 
0.000000e+00 0.000000e+00 0.000000e+00 0.000000e+00 0.000000e+00 
0.000000e+00 0.000000e+00 0.000000e+00 0.000000e+00 0.000000e+00 
0.000000e+00 0.000000e+00 0.000000e+00 0.000000e+00 0.000000e+00 
0.000000e+00 0.000000e+00 0.000000e+00 0.000000e+00 0.000000e+00 
0.000000e+00 0.000000e+00 0.000000e+00 0.000000e+00 0.000000e+00 
0.000000e+00 0.000000e+00 0.000000e+00 0.000000e+00 0.000000e+00 
0.000000e+00 0.000000e+00 0.000000e+00 0.000000e+00 0.000000e+00 
0.000000e+00 0.000000e+00 0.000000e+00 0.000000e+00 0.000000e+00 
0.000000e+00 0.000000e+00 0.000000e+00 0.000000e+00 0.000000e+00 
0.000000e+00 0.000000e+00 0.000000e+00 0.000000e+00 0.000000e+00 
0.000000e+00 0.000000e+00 0.000000e+00 0.000000e+00 0.000000e+00 
0.000000e+00 0.000000e+00 0.000000e+00 0.000000e+00 0.000000e+00 
0.000000e+00 0.000000e+00 0.000000e+00 0.000000e+00 0.000000e+00 
0.000000e+00 0.000000e+00 0.000000e+00 0.000000e+00 0.000000e+00 
0.000000e+00 0.000000e+00 0.000000e+00 0.000000e+00 0.000000e+00 
0.000000e+00 0.000000e+00 0.000000e+00 0.000000e+00 0.000000e+00 
0.000000e+00 
@R QTFUSE 101 []
1.956114e+00 1.956114e+00 1.944732e+00 1.932428e+00 1.919210e+00 
1.905083e+00 1.890053e+00 1.874125e+00 1.857304e+00 1.839595e+00 
1.821003e+00 1.801533e+00 1.781191e+00 1.759982e+00 1.737911e+00 
1.714985e+00 1.691211e+00 1.666597e+00 1.641150e+00 1.614880e+00 
1.587798e+00 1.559916e+00 1.531245e+00 1.501801e+00 1.471600e+00 
1.440661e+00 1.409002e+00 1.376647e+00 1.343620e+00 1.309948e+00 
1.275662e+00 1.240793e+00 1.205377e+00 1.169454e+00 1.133066e+00 
1.096259e+00 1.059081e+00 1.021587e+00 9.838318e-01 9.458775e-01 
9.077881e-01 8.696315e-01 8.314794e-01 7.934070e-01 7.554924e-01 
7.178167e-01 6.804636e-01 6.435184e-01 6.070682e-01 5.712005e-01 
5.360031e-01 5.015629e-01 4.679651e-01 4.352923e-01 4.036236e-01 
3.730335e-01 3.435909e-01 3.153581e-01 2.883901e-01 2.627335e-01 
2.384259e-01 2.154953e-01 1.939598e-01 1.738270e-01 1.550945e-01 
1.377493e-01 1.217689e-01 1.071213e-01 9.376591e-02 8.165440e-02 
7.073160e-02 6.093662e-02 5.220399e-02 4.446482e-02 3.764791e-02 
3.168094e-02 2.649146e-02 2.200789e-02 1.816041e-02 1.488163e-02 
1.210731e-02 9.776800e-03 7.833460e-03 6.224888e-03 4.903084e-03 
3.824500e-03 2.950004e-03 2.244796e-03 1.678319e-03 1.224251e-03 
8.607392e-04 5.710559e-04 3.447057e-04 1.780207e-04 7.120372e-05 
1.897078e-05 2.735542e-06 1.647486e-07 3.031163e-09 1.110917e-11 
3.756375e-15 
@R QTFUSI 101 []
8.801163e-01 8.801163e-01 8.718492e-01 8.629446e-01 8.534205e-01 
8.432951e-01 8.325868e-01 8.213148e-01 8.094980e-01 7.971561e-01 
7.843090e-01 7.709770e-01 7.571806e-01 7.429409e-01 7.282794e-01 
7.132177e-01 6.977782e-01 6.819837e-01 6.658571e-01 6.494223e-01 
6.327032e-01 6.157244e-01 5.985112e-01 5.810891e-01 5.634842e-01 
5.457232e-01 5.278334e-01 5.098424e-01 4.917784e-01 4.736703e-01 
4.555472e-01 4.374388e-01 4.193752e-01 4.013869e-01 3.835047e-01 
3.657596e-01 3.481830e-01 3.308062e-01 3.136606e-01 2.967774e-01 
2.801876e-01 2.639219e-01 2.480101e-01 2.324817e-01 2.173650e-01 
2.026871e-01 1.884737e-01 1.747492e-01 1.615356e-01 1.488534e-01 
1.367202e-01 1.251514e-01 1.141595e-01 1.037539e-01 9.394082e-02 
8.472339e-02 7.610116e-02 6.807031e-02 6.062355e-02 5.375025e-02 
4.743653e-02 4.166543e-02 3.641717e-02 3.166943e-02 2.739768e-02 
2.357557e-02 2.017529e-02 1.716801e-02 1.452431e-02 1.221455e-02 
1.020928e-02 8.479641e-03 6.997616e-03 5.736376e-03 4.670488e-03 
3.776106e-03 3.031105e-03 2.415172e-03 1.909840e-03 1.498493e-03 
1.166327e-03 9.002818e-04 6.889537e-04 5.224805e-04 3.924210e-04 
2.916235e-04 2.140930e-04 1.548606e-04 1.098616e-04 7.582917e-05 
5.021302e-05 3.112820e-05 1.731977e-05 8.058694e-06 2.799845e-06 
6.138916e-07 6.782768e-08 2.882796e-09 3.445441e-11 7.587601e-14 
1.421159e-17 
@R ENBEAM 101 []
0.000000e+00 0.000000e+00 0.000000e+00 0.000000e+00 0.000000e+00 
0.000000e+00 0.000000e+00 0.000000e+00 0.000000e+00 0.000000e+00 
0.000000e+00 0.000000e+00 0.000000e+00 0.000000e+00 0.000000e+00 
0.000000e+00 0.000000e+00 0.000000e+00 0.000000e+00 0.000000e+00 
0.000000e+00 0.000000e+00 0.000000e+00 0.000000e+00 0.000000e+00 
0.000000e+00 0.000000e+00 0.000000e+00 0.000000e+00 0.000000e+00 
0.000000e+00 0.000000e+00 0.000000e+00 0.000000e+00 0.000000e+00 
0.000000e+00 0.000000e+00 0.000000e+00 0.000000e+00 0.000000e+00 
0.000000e+00 0.000000e+00 0.000000e+00 0.000000e+00 0.000000e+00 
0.000000e+00 0.000000e+00 0.000000e+00 0.000000e+00 0.000000e+00 
0.000000e+00 0.000000e+00 0.000000e+00 0.000000e+00 0.000000e+00 
0.000000e+00 0.000000e+00 0.000000e+00 0.000000e+00 0.000000e+00 
0.000000e+00 0.000000e+00 0.000000e+00 0.000000e+00 0.000000e+00 
0.000000e+00 0.000000e+00 0.000000e+00 0.000000e+00 0.000000e+00 
0.000000e+00 0.000000e+00 0.000000e+00 0.000000e+00 0.000000e+00 
0.000000e+00 0.000000e+00 0.000000e+00 0.000000e+00 0.000000e+00 
0.000000e+00 0.000000e+00 0.000000e+00 0.000000e+00 0.000000e+00 
0.000000e+00 0.000000e+00 0.000000e+00 0.000000e+00 0.000000e+00 
0.000000e+00 0.000000e+00 0.000000e+00 0.000000e+00 0.000000e+00 
0.000000e+00 0.000000e+00 0.000000e+00 0.000000e+00 0.000000e+00 
0.000000e+00 
@R WBEAM 101 []
0.000000e+00 0.000000e+00 0.000000e+00 0.000000e+00 0.000000e+00 
0.000000e+00 0.000000e+00 0.000000e+00 0.000000e+00 0.000000e+00 
0.000000e+00 0.000000e+00 0.000000e+00 0.000000e+00 0.000000e+00 
0.000000e+00 0.000000e+00 0.000000e+00 0.000000e+00 0.000000e+00 
0.000000e+00 0.000000e+00 0.000000e+00 0.000000e+00 0.000000e+00 
0.000000e+00 0.000000e+00 0.000000e+00 0.000000e+00 0.000000e+00 
0.000000e+00 0.000000e+00 0.000000e+00 0.000000e+00 0.000000e+00 
0.000000e+00 0.000000e+00 0.000000e+00 0.000000e+00 0.000000e+00 
0.000000e+00 0.000000e+00 0.000000e+00 0.000000e+00 0.000000e+00 
0.000000e+00 0.000000e+00 0.000000e+00 0.000000e+00 0.000000e+00 
0.000000e+00 0.000000e+00 0.000000e+00 0.000000e+00 0.000000e+00 
0.000000e+00 0.000000e+00 0.000000e+00 0.000000e+00 0.000000e+00 
0.000000e+00 0.000000e+00 0.000000e+00 0.000000e+00 0.000000e+00 
0.000000e+00 0.000000e+00 0.000000e+00 0.000000e+00 0.000000e+00 
0.000000e+00 0.000000e+00 0.000000e+00 0.000000e+00 0.000000e+00 
0.000000e+00 0.000000e+00 0.000000e+00 0.000000e+00 0.000000e+00 
0.000000e+00 0.000000e+00 0.000000e+00 0.000000e+00 0.000000e+00 
0.000000e+00 0.000000e+00 0.000000e+00 0.000000e+00 0.000000e+00 
0.000000e+00 0.000000e+00 0.000000e+00 0.000000e+00 0.000000e+00 
0.000000e+00 0.000000e+00 0.000000e+00 0.000000e+00 0.000000e+00 
0.000000e+00 
@R ENALP 101 []
0.000000e+00 0.000000e+00 0.000000e+00 0.000000e+00 0.000000e+00 
0.000000e+00 0.000000e+00 0.000000e+00 0.000000e+00 0.000000e+00 
0.000000e+00 0.000000e+00 0.000000e+00 0.000000e+00 0.000000e+00 
0.000000e+00 0.000000e+00 0.000000e+00 0.000000e+00 0.000000e+00 
0.000000e+00 0.000000e+00 0.000000e+00 0.000000e+00 0.000000e+00 
0.000000e+00 0.000000e+00 0.000000e+00 0.000000e+00 0.000000e+00 
0.000000e+00 0.000000e+00 0.000000e+00 0.000000e+00 0.000000e+00 
0.000000e+00 0.000000e+00 0.000000e+00 0.000000e+00 0.000000e+00 
0.000000e+00 0.000000e+00 0.000000e+00 0.000000e+00 0.000000e+00 
0.000000e+00 0.000000e+00 0.000000e+00 0.000000e+00 0.000000e+00 
0.000000e+00 0.000000e+00 0.000000e+00 0.000000e+00 0.000000e+00 
0.000000e+00 0.000000e+00 0.000000e+00 0.000000e+00 0.000000e+00 
0.000000e+00 0.000000e+00 0.000000e+00 0.000000e+00 0.000000e+00 
0.000000e+00 0.000000e+00 0.000000e+00 0.000000e+00 0.000000e+00 
0.000000e+00 0.000000e+00 0.000000e+00 0.000000e+00 0.000000e+00 
0.000000e+00 0.000000e+00 0.000000e+00 0.000000e+00 0.000000e+00 
0.000000e+00 0.000000e+00 0.000000e+00 0.000000e+00 0.000000e+00 
0.000000e+00 0.000000e+00 0.000000e+00 0.000000e+00 0.000000e+00 
0.000000e+00 0.000000e+00 0.000000e+00 0.000000e+00 0.000000e+00 
0.000000e+00 0.000000e+00 0.000000e+00 0.000000e+00 0.000000e+00 
0.000000e+00 
@R WALP 101 []
0.000000e+00 0.000000e+00 0.000000e+00 0.000000e+00 0.000000e+00 
0.000000e+00 0.000000e+00 0.000000e+00 0.000000e+00 0.000000e+00 
0.000000e+00 0.000000e+00 0.000000e+00 0.000000e+00 0.000000e+00 
0.000000e+00 0.000000e+00 0.000000e+00 0.000000e+00 0.000000e+00 
0.000000e+00 0.000000e+00 0.000000e+00 0.000000e+00 0.000000e+00 
0.000000e+00 0.000000e+00 0.000000e+00 0.000000e+00 0.000000e+00 
0.000000e+00 0.000000e+00 0.000000e+00 0.000000e+00 0.000000e+00 
0.000000e+00 0.000000e+00 0.000000e+00 0.000000e+00 0.000000e+00 
0.000000e+00 0.000000e+00 0.000000e+00 0.000000e+00 0.000000e+00 
0.000000e+00 0.000000e+00 0.000000e+00 0.000000e+00 0.000000e+00 
0.000000e+00 0.000000e+00 0.000000e+00 0.000000e+00 0.000000e+00 
0.000000e+00 0.000000e+00 0.000000e+00 0.000000e+00 0.000000e+00 
0.000000e+00 0.000000e+00 0.000000e+00 0.000000e+00 0.000000e+00 
0.000000e+00 0.000000e+00 0.000000e+00 0.000000e+00 0.000000e+00 
0.000000e+00 0.000000e+00 0.000000e+00 0.000000e+00 0.000000e+00 
0.000000e+00 0.000000e+00 0.000000e+00 0.000000e+00 0.000000e+00 
0.000000e+00 0.000000e+00 0.000000e+00 0.000000e+00 0.000000e+00 
0.000000e+00 0.000000e+00 0.000000e+00 0.000000e+00 0.000000e+00 
0.000000e+00 0.000000e+00 0.000000e+00 0.000000e+00 0.000000e+00 
0.000000e+00 0.000000e+00 0.000000e+00 0.000000e+00 0.000000e+00 
0.000000e+00 
@R SION 101 []
0.000000e+00 0.000000e+00 0.000000e+00 0.000000e+00 0.000000e+00 
0.000000e+00 0.000000e+00 0.000000e+00 0.000000e+00 0.000000e+00 
0.000000e+00 0.000000e+00 0.000000e+00 0.000000e+00 0.000000e+00 
0.000000e+00 0.000000e+00 0.000000e+00 0.000000e+00 0.000000e+00 
0.000000e+00 0.000000e+00 0.000000e+00 0.000000e+00 0.000000e+00 
0.000000e+00 0.000000e+00 0.000000e+00 0.000000e+00 0.000000e+00 
0.000000e+00 0.000000e+00 0.000000e+00 0.000000e+00 0.000000e+00 
0.000000e+00 0.000000e+00 0.000000e+00 0.000000e+00 0.000000e+00 
0.000000e+00 0.000000e+00 0.000000e+00 0.000000e+00 0.000000e+00 
0.000000e+00 0.000000e+00 0.000000e+00 0.000000e+00 0.000000e+00 
0.000000e+00 0.000000e+00 0.000000e+00 0.000000e+00 0.000000e+00 
0.000000e+00 0.000000e+00 0.000000e+00 0.000000e+00 0.000000e+00 
0.000000e+00 0.000000e+00 0.000000e+00 0.000000e+00 0.000000e+00 
0.000000e+00 0.000000e+00 0.000000e+00 0.000000e+00 0.000000e+00 
0.000000e+00 0.000000e+00 0.000000e+00 0.000000e+00 0.000000e+00 
0.000000e+00 0.000000e+00 0.000000e+00 0.000000e+00 0.000000e+00 
0.000000e+00 0.000000e+00 0.000000e+00 0.000000e+00 0.000000e+00 
0.000000e+00 0.000000e+00 0.000000e+00 0.000000e+00 0.000000e+00 
0.000000e+00 0.000000e+00 0.000000e+00 0.000000e+00 0.000000e+00 
0.000000e+00 0.000000e+00 0.000000e+00 0.000000e+00 0.000000e+00 
0.000000e+00 
@R CHIE 101 []
0.000000e+00 7.890287e-02 7.570948e-02 1.050385e-01 1.303857e-01 
1.525942e-01 1.722897e-01 1.899436e-01 2.059079e-01 2.204552e-01 
2.338080e-01 2.461488e-01 2.576062e-01 2.683194e-01 2.783500e-01 
2.878597e-01 2.968262e-01 3.053138e-01 3.133692e-01 3.210144e-01 
3.284194e-01 3.354341e-01 3.421570e-01 3.486682e-01 3.549438e-01 
3.609713e-01 3.667699e-01 3.723833e-01 3.778133e-01 3.830673e-01 
3.881523e-01 3.930745e-01 3.978387e-01 4.024500e-01 4.069056e-01 
4.112285e-01 4.154339e-01 4.195027e-01 4.234266e-01 4.271961e-01 
4.308803e-01 4.344744e-01 4.378806e-01 4.412170e-01 4.444742e-01 
4.475666e-01 4.506254e-01 4.535561e-01 4.564277e-01 4.592206e-01 
4.619481e-01 4.646344e-01 4.672553e-01 4.698887e-01 4.724517e-01 
4.750746e-01 4.776880e-01 4.803115e-01 4.830562e-01 4.858328e-01 
4.886984e-01 4.917493e-01 4.949245e-01 4.982568e-01 5.018388e-01 
5.056902e-01 5.098011e-01 5.142207e-01 5.190309e-01 5.242709e-01 
5.299693e-01 5.361589e-01 5.429242e-01 5.503402e-01 5.584733e-01 
5.673990e-01 5.771773e-01 5.879116e-01 5.997333e-01 6.127530e-01 
6.271000e-01 6.428836e-01 6.601821e-01 6.790527e-01 6.994024e-01 
7.208026e-01 7.422060e-01 7.613801e-01 7.742845e-01 7.744487e-01 
7.536078e-01 7.056216e-01 6.336351e-01 5.537947e-01 4.887086e-01 
4.577385e-01 4.764475e-01 5.659404e-01 7.676445e-01 1.164836e+00 
0.000000e+00 
@R CHII 101 []
0.000000e+00 4.614797e-02 4.416053e-02 6.102834e-02 7.543074e-02 
8.787518e-02 9.873736e-02 1.083000e-01 1.167746e-01 1.243251e-01 
1.310852e-01 1.371646e-01 1.426417e-01 1.475996e-01 1.520780e-01 
1.561703e-01 1.598689e-01 1.632137e-01 1.662342e-01 1.689469e-01 
1.714453e-01 1.736549e-01 1.756315e-01 1.774202e-01 1.790124e-01 
1.804059e-01 1.816148e-01 1.826647e-01 1.835608e-01 1.843107e-01 
1.849220e-01 1.854021e-01 1.857575e-01 1.859952e-01 1.861186e-01 
1.861427e-01 1.860790e-01 1.859237e-01 1.856778e-01 1.853424e-01 
1.849524e-01 1.845104e-01 1.839797e-01 1.834154e-01 1.828181e-01 
1.821573e-01 1.814917e-01 1.807875e-01 1.800769e-01 1.793565e-01 
1.786357e-01 1.779279e-01 1.772274e-01 1.765674e-01 1.759197e-01 
1.753358e-01 1.747923e-01 1.742986e-01 1.738966e-01 1.735554e-01 
1.732963e-01 1.731540e-01 1.731067e-01 1.731657e-01 1.733626e-01 
1.737028e-01 1.741815e-01 1.748140e-01 1.756262e-01 1.766291e-01 
1.778299e-01 1.792376e-01 1.808781e-01 1.827740e-01 1.849452e-01 
1.874150e-01 1.902015e-01 1.933379e-01 1.968670e-01 2.008255e-01 
2.052573e-01 2.102014e-01 2.156885e-01 2.217459e-01 2.283560e-01 
2.353982e-01 2.425586e-01 2.491447e-01 2.538753e-01 2.546486e-01 
2.486901e-01 2.337754e-01 2.106399e-01 1.844389e-01 1.627516e-01 
1.522347e-01 1.582532e-01 1.879914e-01 2.555435e-01 3.892919e-01 
0.000000e+00 
@R STORQUE 101 []
0.000000e+00 0.000000e+00 0.000000e+00 0.000000e+00 0.000000e+00 
0.000000e+00 0.000000e+00 0.000000e+00 0.000000e+00 0.000000e+00 
0.000000e+00 0.000000e+00 0.000000e+00 0.000000e+00 0.000000e+00 
0.000000e+00 0.000000e+00 0.000000e+00 0.000000e+00 0.000000e+00 
0.000000e+00 0.000000e+00 0.000000e+00 0.000000e+00 0.000000e+00 
0.000000e+00 0.000000e+00 0.000000e+00 0.000000e+00 0.000000e+00 
0.000000e+00 0.000000e+00 0.000000e+00 0.000000e+00 0.000000e+00 
0.000000e+00 0.000000e+00 0.000000e+00 0.000000e+00 0.000000e+00 
0.000000e+00 0.000000e+00 0.000000e+00 0.000000e+00 0.000000e+00 
0.000000e+00 0.000000e+00 0.000000e+00 0.000000e+00 0.000000e+00 
0.000000e+00 0.000000e+00 0.000000e+00 0.000000e+00 0.000000e+00 
0.000000e+00 0.000000e+00 0.000000e+00 0.000000e+00 0.000000e+00 
0.000000e+00 0.000000e+00 0.000000e+00 0.000000e+00 0.000000e+00 
0.000000e+00 0.000000e+00 0.000000e+00 0.000000e+00 0.000000e+00 
0.000000e+00 0.000000e+00 0.000000e+00 0.000000e+00 0.000000e+00 
0.000000e+00 0.000000e+00 0.000000e+00 0.000000e+00 0.000000e+00 
0.000000e+00 0.000000e+00 0.000000e+00 0.000000e+00 0.000000e+00 
0.000000e+00 0.000000e+00 0.000000e+00 0.000000e+00 0.000000e+00 
0.000000e+00 0.000000e+00 0.000000e+00 0.000000e+00 0.000000e+00 
0.000000e+00 0.000000e+00 0.000000e+00 0.000000e+00 0.000000e+00 
0.000000e+00 
@R QOHM 101 []
0.000000e+00 0.000000e+00 0.000000e+00 0.000000e+00 0.000000e+00 
0.000000e+00 0.000000e+00 0.000000e+00 0.000000e+00 0.000000e+00 
0.000000e+00 0.000000e+00 0.000000e+00 0.000000e+00 0.000000e+00 
0.000000e+00 0.000000e+00 0.000000e+00 0.000000e+00 0.000000e+00 
0.000000e+00 0.000000e+00 0.000000e+00 0.000000e+00 0.000000e+00 
0.000000e+00 0.000000e+00 0.000000e+00 0.000000e+00 0.000000e+00 
0.000000e+00 0.000000e+00 0.000000e+00 0.000000e+00 0.000000e+00 
0.000000e+00 0.000000e+00 0.000000e+00 0.000000e+00 0.000000e+00 
0.000000e+00 0.000000e+00 0.000000e+00 0.000000e+00 0.000000e+00 
0.000000e+00 0.000000e+00 0.000000e+00 0.000000e+00 0.000000e+00 
0.000000e+00 0.000000e+00 0.000000e+00 0.000000e+00 0.000000e+00 
0.000000e+00 0.000000e+00 0.000000e+00 0.000000e+00 0.000000e+00 
0.000000e+00 0.000000e+00 0.000000e+00 0.000000e+00 0.000000e+00 
0.000000e+00 0.000000e+00 0.000000e+00 0.000000e+00 0.000000e+00 
0.000000e+00 0.000000e+00 0.000000e+00 0.000000e+00 0.000000e+00 
0.000000e+00 0.000000e+00 0.000000e+00 0.000000e+00 0.000000e+00 
0.000000e+00 0.000000e+00 0.000000e+00 0.000000e+00 0.000000e+00 
0.000000e+00 0.000000e+00 0.000000e+00 0.000000e+00 0.000000e+00 
0.000000e+00 0.000000e+00 0.000000e+00 0.000000e+00 0.000000e+00 
0.000000e+00 0.000000e+00 0.000000e+00 0.000000e+00 0.000000e+00 
0.000000e+00 
@R ENHE 101 []
2.532378e+00 2.532378e+00 2.514805e+00 2.495835e+00 2.475486e+00 
2.453782e+00 2.430743e+00 2.406391e+00 2.380747e+00 2.353833e+00 
2.325671e+00 2.296285e+00 2.265699e+00 2.233935e+00 2.201020e+00 
2.166979e+00 2.131840e+00 2.095629e+00 2.058376e+00 2.020112e+00 
1.980868e+00 1.940678e+00 1.899577e+00 1.857602e+00 1.814791e+00 
1.771185e+00 1.726828e+00 1.681765e+00 1.636044e+00 1.589715e+00 
1.542832e+00 1.495451e+00 1.447632e+00 1.399438e+00 1.350932e+00 
1.302186e+00 1.253271e+00 1.204262e+00 1.155239e+00 1.106283e+00 
1.057480e+00 1.008917e+00 9.606857e-01 9.128781e-01 8.655892e-01 
8.189152e-01 7.729531e-01 7.278001e-01 6.835531e-01 6.403076e-01 
5.981569e-01 5.571914e-01 5.174973e-01 4.791559e-01 4.422423e-01 
4.068248e-01 3.729636e-01 3.407099e-01 3.101054e-01 2.811813e-01 
2.539580e-01 2.284447e-01 2.046392e-01 1.825279e-01 1.620861e-01 
1.432787e-01 1.260602e-01 1.103764e-01 9.616456e-02 8.335521e-02 
7.187290e-02 6.163767e-02 5.256633e-02 4.457368e-02 3.757380e-02 
3.148117e-02 2.621174e-02 2.168385e-02 1.781902e-02 1.454267e-02 
1.178456e-02 9.479228e-03 7.566247e-03 5.990322e-03 4.701337e-03 
3.654273e-03 2.809061e-03 2.130393e-03 1.587527e-03 1.154196e-03 
8.087312e-04 5.346105e-04 3.214008e-04 1.651984e-04 6.569921e-05 
1.738696e-05 2.488787e-06 1.488205e-07 2.721606e-09 9.929908e-12 
3.347467e-15 
