&IN1
  ICONVR = 3 
  MXITER = -1 
  NXITER = 51 
  ERROR = 0.0001 
  RELAX = 0.5 
  IOUT = 4 
  ICURRT = 2 
  KPPFNC = 6 
  KPPCUR = 3 
  KFFFNC = 6 
  KFFCUR = 3 
  ISHOT = 1 
  ITIME = 4 
  ITIMEU = 0 
  ITEK = 0 
  ITRACE = 1 
  PLASMA = 10000000.0 
  BTOR = 11.0 
  RCENTR = 4.55 
  RZERO = 4.55 
  LIMITR = 5 
  XLIM = 6.0 3.5 3.5 6.0 6.0 
  YLIM = 1.93 1.93 -1.93 -1.93 1.93 
  NBDRY = 15 
  RBDRY = 5.75 5.717889612279765 5.599231274196216 5.333894952548324  
    4.862048988436734 4.215741544340384 3.606248672667517  
    3.3499999999999996 3.606248672667517 4.215741544340384  
    4.862048988436735 5.333894952548324 5.599231274196216  
    5.717889612279765 5.75 
  ZBDRY = 0.0 0.7289246817174976 1.3134768905462901 1.6378788924654637  
    1.6378788924654637 1.3134768905462901 0.7289246817174978  
    2.0574066225675533e-16 -0.7289246817174975 -1.31347689054629  
    -1.6378788924654637 -1.6378788924654637 -1.3134768905462901  
    -0.728924681717498 0.0 
  IERCHK = 0 
  NEXTRA = 0 
  SCRAPE = 0.01 
  PSIBRY = 0.0 
  CFCOIL = -10.0 
  ENP = 1.0 
  EMP = 1.0 
  FCURBD = 0 
  PCURBD = 0 
  FCZERO = 1.0 1.0 1.0 1.0 1.0 1.0 1.0 1.0 1.0 1.0 1.0 1.0 1.0 1.0 1.0  
    1.0 
  FCSUM = 1.0 1.0 1.0 1.0 1.0 1.0 1.0 1.0 1.0 1.0 1.0 1.0 1.0 1.0 1.0  
    1.0 
  IFREF = 2 
  PRBDRY = 7090.251309019399 
  KBETAPR = 1 
  FWTBDRY = 1.0 1.0 1.0 1.0 1.0 1.0 1.0 1.0 1.0 1.0 1.0 1.0 1.0 1.0 1.0 
  FWTBDRY(2) = 10.0 
  FWTBDRY(3) = 10.0 
  FWTBDRY(4) = 10.0 
  FWTBDRY(5) = 10.0 
  FWTBDRY(9) = 10.0 
  FWTBDRY(10) = 10.0 
  FWTBDRY(11) = 10.0 
  FWTBDRY(12) = 10.0 
/

&PROFILE_EXT
  NPSI_EXT = 257 
  PSIN_EXT = 0.0 0.00390625 0.0078125 0.01171875 0.015625 0.01953125  
    0.0234375 0.02734375 0.03125 0.03515625 0.0390625 0.04296875  
    0.046875 0.05078125 0.0546875 0.05859375 0.0625 0.06640625  
    0.0703125 0.07421875 0.078125 0.08203125 0.0859375 0.08984375  
    0.09375 0.09765625 0.1015625 0.10546875 0.109375 0.11328125  
    0.1171875 0.12109375 0.125 0.12890625 0.1328125 0.13671875 0.140625  
    0.14453125 0.1484375 0.15234375 0.15625 0.16015625 0.1640625  
    0.16796875 0.171875 0.17578125 0.1796875 0.18359375 0.1875  
    0.19140625 0.1953125 0.19921875 0.203125 0.20703125 0.2109375  
    0.21484375 0.21875 0.22265625 0.2265625 0.23046875 0.234375  
    0.23828125 0.2421875 0.24609375 0.25 0.25390625 0.2578125  
    0.26171875 0.265625 0.26953125 0.2734375 0.27734375 0.28125  
    0.28515625 0.2890625 0.29296875 0.296875 0.30078125 0.3046875  
    0.30859375 0.3125 0.31640625 0.3203125 0.32421875 0.328125  
    0.33203125 0.3359375 0.33984375 0.34375 0.34765625 0.3515625  
    0.35546875 0.359375 0.36328125 0.3671875 0.37109375 0.375  
    0.37890625 0.3828125 0.38671875 0.390625 0.39453125 0.3984375  
    0.40234375 0.40625 0.41015625 0.4140625 0.41796875 0.421875  
    0.42578125 0.4296875 0.43359375 0.4375 0.44140625 0.4453125  
    0.44921875 0.453125 0.45703125 0.4609375 0.46484375 0.46875  
    0.47265625 0.4765625 0.48046875 0.484375 0.48828125 0.4921875  
    0.49609375 0.5 0.50390625 0.5078125 0.51171875 0.515625 0.51953125  
    0.5234375 0.52734375 0.53125 0.53515625 0.5390625 0.54296875  
    0.546875 0.55078125 0.5546875 0.55859375 0.5625 0.56640625  
    0.5703125 0.57421875 0.578125 0.58203125 0.5859375 0.58984375  
    0.59375 0.59765625 0.6015625 0.60546875 0.609375 0.61328125  
    0.6171875 0.62109375 0.625 0.62890625 0.6328125 0.63671875 0.640625  
    0.64453125 0.6484375 0.65234375 0.65625 0.66015625 0.6640625  
    0.66796875 0.671875 0.67578125 0.6796875 0.68359375 0.6875  
    0.69140625 0.6953125 0.69921875 0.703125 0.70703125 0.7109375  
    0.71484375 0.71875 0.72265625 0.7265625 0.73046875 0.734375  
    0.73828125 0.7421875 0.74609375 0.75 0.75390625 0.7578125  
    0.76171875 0.765625 0.76953125 0.7734375 0.77734375 0.78125  
    0.78515625 0.7890625 0.79296875 0.796875 0.80078125 0.8046875  
    0.80859375 0.8125 0.81640625 0.8203125 0.82421875 0.828125  
    0.83203125 0.8359375 0.83984375 0.84375 0.84765625 0.8515625  
    0.85546875 0.859375 0.86328125 0.8671875 0.87109375 0.875  
    0.87890625 0.8828125 0.88671875 0.890625 0.89453125 0.8984375  
    0.90234375 0.90625 0.91015625 0.9140625 0.91796875 0.921875  
    0.92578125 0.9296875 0.93359375 0.9375 0.94140625 0.9453125  
    0.94921875 0.953125 0.95703125 0.9609375 0.96484375 0.96875  
    0.97265625 0.9765625 0.98046875 0.984375 0.98828125 0.9921875  
    0.99609375 1.0 
  PPRIME_EXT = 1141920.979331718 1123238.8886511838 1104766.8873517506  
    1086504.975433419 1068453.1528961884 1050611.4197400594  
    1032979.7759650317 1015558.2215711052 998346.7565582801  
    981345.3809265564 964554.0946759338 947972.8978064128  
    931601.7903179929 915440.7722106745 899489.8434844573  
    883749.0041393416 868218.254175327 852897.5935924139  
    837787.022390602 822886.5405698916 808196.1481302824  
    793715.8450717744 779445.631394368 765385.5070980628  
    751535.472182859 737895.5266487563 726713.8229708637  
    719169.4851776713 711800.416461356 704173.0376154324  
    695568.5425002356 684817.1533272906 671701.8858444085  
    656665.5539994756 640333.1396861145 624077.0629561249  
    608613.7818877313 594060.8921860486 580536.8736440443  
    567916.762779963 556053.2410380044 544873.7434448693  
    534408.5278752358 524496.2194309498 515050.38398719643  
    506005.7920046904 497244.12322549836 488754.18602710246  
    480469.429732996 472425.73497789644 464567.40990297537  
    456901.36555059324 449393.34007854783 442019.10194883763  
    434726.51540618145 427511.68419110146 420394.9717013049  
    413365.60008281586 406466.44786126417 399709.67321273114  
    393141.6649416197 386709.78924939 380477.4900420101  
    374373.90347060026 368428.24314790475 362595.92959272297  
    356865.00097748416 351267.7286234757 345708.1917097867  
    340303.7371278762 335009.57250154443 329847.83642692585  
    324883.2032166999 320064.97580824303 315483.03470907244  
    311073.9647065315 306820.45878528093 302793.6656734927  
    298904.2885064713 295204.92328845104 291724.54272524343  
    288401.76885136217 285330.7170046508 282503.2836361101  
    279815.51322884776 277317.75589506084 274998.8282724284  
    272742.0772750849 270565.89231175237 268461.24490264815  
    266353.52838015533 264296.35582210514 262303.97700571886  
    260301.27800704015 258315.3597887153 256383.6753501239  
    254420.56227123318 252379.32498427774 250299.8015050448  
    248145.05951633508 245860.09703030513 243489.79892603878  
    241049.08111080664 238514.20019028056 235924.56809805386  
    233322.18273400076 230689.28085036672 228010.35104546163  
    225326.11499728603 222650.4966650094 219943.00341072463  
    217200.29461750982 214463.11311066395 211737.04468862148  
    208992.85360911346 206237.94879634568 203516.66626063213  
    200831.56386156622 198151.75369930064 195490.2008087245  
    192883.4574769257 190322.44532115204 187777.29454729398  
    185257.82018928532 182790.47464332863 180366.46362579358  
    177959.90677386706 175575.71696328616 173237.2526808764  
    170942.54841043282 168672.8809020389 166428.34280227975  
    164225.2284609545 162072.1395772424 159959.57324308794  
    157878.42677724152 155834.4491085102 153843.01746592874  
    151902.18246063928 149994.71871736587 148116.22603008137  
    146281.80645338554 144499.56292805215 142753.47879260522  
    141031.25443785067 139342.82767859293 137702.40024676928  
    136102.6283668963 134529.47490063956 132983.29333379786  
    131472.84746854554 130003.45378718493 128568.11063270469  
    127157.1895627846 125768.96041431453 124413.56395195096  
    123096.83839809513 121806.73447512214 120533.89788561882  
    119284.43848517425 118069.08769007266 116885.26512813859  
    115722.67602308933 114577.94236121493 113453.08348223075  
    112356.10504571351 111286.86154665396 110233.7474772891  
    109191.02612229603 108167.10168747843 107173.80618628243  
    106206.42752535353 105256.2880257619 104326.99546135774  
    103425.29918858309 102557.53629402848 101722.9532132993  
    100912.21376133178 100120.86441223818 99355.7098852417  
    98626.94268714555 97931.86269909135 97263.58340893638  
    96623.24520156623 96021.76716885979 95470.1532000411  
    94967.18191949898 94502.90535571484 94064.36680710742  
    93653.17471496665 93279.03521522644 92922.57827187647  
    92557.70128623635 92183.1988443883 91805.76026286592  
    91429.2746538328 91050.31352383812 90664.91734671174  
    90264.87045286651 89840.01458441114 89388.50247404282  
    88904.24306408118 88369.98192504802 87777.17694642776  
    87133.80337380574 86433.01999787922 85635.66491524878  
    84727.05506825875 83686.63154371217 82692.26280405527  
    82035.72159418766 81792.56344228763 81896.39615804727  
    81535.5067094397 80109.25627172264 77360.1332903429  
    74780.41750476329 75816.64993432828 81704.64480140952  
    92242.24200211442 108822.2882390279 132564.37512149214  
    164112.54203220573 200783.6928574823 235454.93287525768  
    265222.77955464524 290604.55478685175 311753.327819635  
    329042.26233222627 342177.22815546463 352159.40411783196  
    361422.7985224866 370857.4792803748 380152.8900589808  
    387985.86136370833 393200.29870505945 395830.0645652767  
    395688.9142322613 392626.37034336315 386598.14753340045  
    377627.3340946435 365971.8121236299 351818.1433915672  
    335123.0567157212 316355.06437476387 296064.1584912351  
    274103.07001079153 251565.9575879054 230286.88127906143  
    211001.9040380994 192626.20514301804 171704.9889472878  
    146431.71030932374 117002.51698816824 83215.11291908694  
    44916.916016603005 2107.926279589534 
  FFPRIM_EXT = -9.9902185552227 -9.504287038743744 -9.031867149383842  
    -8.566484560906389 -8.107861254214107 -7.655951614419841  
    -7.2107343777419635 -6.772184942157241 -6.3402866026845555  
    -5.915012740083503 -5.4963534965701 -5.084289057839392  
    -4.678803103747217 -4.279877283722864 -3.88749437388024  
    -3.501635439337113 -3.122284426411974 -2.749426295068016  
    -2.3830441065929753 -2.0231207835250156 -1.6696419586792073  
    -1.322589745516154 -0.9819509270635757 -0.6477090848592133  
    -0.31985124311542884 0.0017717853224587582 0.25393789245575277  
    0.40348896177221677 0.5480594701787527 0.6996178256000554  
    0.8781358245951698 1.1164119868052693 1.420390487395068  
    1.7776296107216976 2.17060267146946 2.5608852318188164  
    2.928549621732781 3.2703724293550307 3.5831120022310072  
    3.87029840189188 4.136071625635859 4.3824839188610225  
    4.608694554109437 4.819227397934322 5.016512040613056  
    5.202366594869625 5.380106229308813 5.550044417809309  
    5.714045790389207 5.871115352758088 6.0228095307605205  
    6.168944454128075 6.310469627600707 6.448068411229035  
    6.583181922785305 6.715929417650138 6.84573473011142  
    6.972914786701291 7.09627514032565 7.215495006272624  
    7.3292892121821644 7.439129242608264 7.543253283723199  
    7.643632483877003 7.739466472476781 7.831981046910214  
    7.921520037338756 8.007177866293706 8.091629356374995  
    8.17162395348177 8.248406591313415 8.321384154079006  
    8.388762720699184 8.45196270306037 8.508504193400249  
    8.560140183693607 8.607367349354496 8.64821100251515  
    8.685145871770638 8.716733098201143 8.742167624535211  
    8.7631574689937 8.777114434760513 8.784259616166125  
    8.78747705428444 8.785371042243781 8.778222840787599  
    8.769251248400145 8.757943286437602 8.744531874097714  
    8.731077604243945 8.71610211531158 8.699196194201402  
    8.682433505075451 8.665077147248518 8.646078325450755  
    8.627780952713724 8.611466918546824 8.596020633653438  
    8.58244270546935 8.572248409926088 8.564201685440437  
    8.55788013379787 8.55394328216497 8.551324534356862  
    8.548871310944001 8.54706656279821 8.546344211812777  
    8.545593928289671 8.544426139468573 8.54394800931561  
    8.544257171492802 8.544236044988907 8.543727116657557  
    8.54353598653876 8.543468363636702 8.542310001442235  
    8.539986752322644 8.53734945665325 8.534053277834419  
    8.529099041217142 8.522725711283101 8.515750538045843  
    8.507912810812332 8.498489538128648 8.487713345449862  
    8.476291147100675 8.464094196481764 8.45048394683944  
    8.435506723333322 8.419673055298006 8.40298741737796  
    8.385009892031055 8.36550039749962 8.344713304017889  
    8.322900097281405 8.299909294341937 8.275321665280464  
    8.24918360030992 8.221960857222946 8.193777092136202  
    8.164225156032929 8.133080064787315 8.100769710470455  
    8.067630275517956 8.033395869257028 7.9976775105373905  
    7.960668819089191 7.922751045718061 7.883916327285641  
    7.843925658436158 7.802632609708459 7.7602237237718015  
    7.716956985291162 7.6728805610884265 7.627721212282026  
    7.581315184073133 7.533980937354687 7.485972986149607  
    7.437129938502817 7.387159631085723 7.33612431085243  
    7.284299117985764 7.231775316981104 7.178498633497635  
    7.124252240721642 7.069033659541922 7.0131491537943  
    6.956754841230575 6.899627817619656 6.841446885355536  
    6.782331686667456 6.722515194822977 6.661902171980819  
    6.600311530248042 6.537571945607633 6.473698342654914  
    6.408935794558788 6.3434048384307085 6.276925156776008  
    6.209219017242562 6.140350738296581 6.070505119734916  
    5.99965447821607 5.9275066935151655 5.853765775346788  
    5.778458789548406 5.7018438547121875 5.624265536619423  
    5.545680359631419 5.465820849806715 5.385189543857414  
    5.304477506503266 5.223713350488056 5.142711656969584  
    5.061364271883571 4.979758383975222 4.897992325711083  
    4.816281351100934 4.73489053928644 4.653855331482532  
    4.573329557270114 4.493773436539726 4.41541405753096  
    4.338028924774175 4.261779115075611 4.187694898353547  
    4.116166796904704 4.0477551137931 3.977806177206201  
    3.8986416947193465 3.8082407241056737 3.708278976739665  
    3.620019063283908 3.5590524745615344 3.5326833540993743  
    3.5019073039751007 3.3759041666504572 3.122802866605662  
    2.7486917214730635 2.217058443423001 1.498528114241262  
    0.5761384489514518 -0.48043702077383743 -1.4841453102364817  
    -2.359169201705999 -3.1202407044427813 -3.7715599992434505  
    -4.322633209783852 -4.765418070356611 -5.126108523428352  
    -5.468406177526717 -5.815218473895724 -6.158504257518674  
    -6.463554285495832 -6.700233963472918 -6.869795273350068  
    -6.967353129369592 -6.988876986191544 -6.933093053259643  
    -6.800451249581293 -6.597501381882765 -6.328877112800498  
    -5.9931145739438 -5.602007568427155 -5.169227056706076  
    -4.689985147328765 -4.191654136168971 -3.7214237031718183  
    -3.2985265115148 -2.894680524869223 -2.4199912362257208  
    -1.826014216998566 -1.1175063833617518 -0.2868761983837984  
    0.6783283814748273 1.778107356217788 
/

