&IN1
  ICONVR = 3 
  MXITER = -1 
  NXITER = 51 
  ERROR = 0.0001 
  RELAX = 0.5 
  IOUT = 4 
  ICURRT = 2 
  KPPFNC = 6 
  KPPCUR = 3 
  KFFFNC = 6 
  KFFCUR = 3 
  ISHOT = 1 
  ITIME = 1 
  ITIMEU = 0 
  ITEK = 0 
  ITRACE = 1 
  PLASMA = 10000000.0 
  BTOR = 11.0 
  RCENTR = 4.55 
  RZERO = 4.55 
  LIMITR = 5 
  XLIM = 6.0 3.5 3.5 6.0 6.0 
  YLIM = 1.93 1.93 -1.93 -1.93 1.93 
  NBDRY = 15 
  RBDRY = 5.75 5.717889612279765 5.599231274196216 5.333894952548324  
    4.862048988436734 4.215741544340384 3.606248672667517  
    3.3499999999999996 3.606248672667517 4.215741544340384  
    4.862048988436735 5.333894952548324 5.599231274196216  
    5.717889612279765 5.75 
  ZBDRY = 0.0 0.7289246817174976 1.3134768905462901 1.6378788924654637  
    1.6378788924654637 1.3134768905462901 0.7289246817174978  
    2.0574066225675533e-16 -0.7289246817174975 -1.31347689054629  
    -1.6378788924654637 -1.6378788924654637 -1.3134768905462901  
    -0.728924681717498 0.0 
  IERCHK = 0 
  NEXTRA = 0 
  SCRAPE = 0.01 
  PSIBRY = 0.0 
  CFCOIL = -10.0 
  ENP = 1.0 
  EMP = 1.0 
  FCURBD = 0 
  PCURBD = 0 
  FCZERO = 1.0 1.0 1.0 1.0 1.0 1.0 1.0 1.0 1.0 1.0 1.0 1.0 1.0 1.0 1.0  
    1.0 
  FCSUM = 1.0 1.0 1.0 1.0 1.0 1.0 1.0 1.0 1.0 1.0 1.0 1.0 1.0 1.0 1.0  
    1.0 
  IFREF = 2 
  PRBDRY = 7072.144579360587 
  KBETAPR = 1 
  FWTBDRY = 1.0 1.0 1.0 1.0 1.0 1.0 1.0 1.0 1.0 1.0 1.0 1.0 1.0 1.0 1.0 
  FWTBDRY(2) = 10.0 
  FWTBDRY(3) = 10.0 
  FWTBDRY(4) = 10.0 
  FWTBDRY(5) = 10.0 
  FWTBDRY(9) = 10.0 
  FWTBDRY(10) = 10.0 
  FWTBDRY(11) = 10.0 
  FWTBDRY(12) = 10.0 
/

&PROFILE_EXT
  NPSI_EXT = 257 
  PSIN_EXT = 0.0 0.00390625 0.0078125 0.01171875 0.015625 0.01953125  
    0.0234375 0.02734375 0.03125 0.03515625 0.0390625 0.04296875  
    0.046875 0.05078125 0.0546875 0.05859375 0.0625 0.06640625  
    0.0703125 0.07421875 0.078125 0.08203125 0.0859375 0.08984375  
    0.09375 0.09765625 0.1015625 0.10546875 0.109375 0.11328125  
    0.1171875 0.12109375 0.125 0.12890625 0.1328125 0.13671875 0.140625  
    0.14453125 0.1484375 0.15234375 0.15625 0.16015625 0.1640625  
    0.16796875 0.171875 0.17578125 0.1796875 0.18359375 0.1875  
    0.19140625 0.1953125 0.19921875 0.203125 0.20703125 0.2109375  
    0.21484375 0.21875 0.22265625 0.2265625 0.23046875 0.234375  
    0.23828125 0.2421875 0.24609375 0.25 0.25390625 0.2578125  
    0.26171875 0.265625 0.26953125 0.2734375 0.27734375 0.28125  
    0.28515625 0.2890625 0.29296875 0.296875 0.30078125 0.3046875  
    0.30859375 0.3125 0.31640625 0.3203125 0.32421875 0.328125  
    0.33203125 0.3359375 0.33984375 0.34375 0.34765625 0.3515625  
    0.35546875 0.359375 0.36328125 0.3671875 0.37109375 0.375  
    0.37890625 0.3828125 0.38671875 0.390625 0.39453125 0.3984375  
    0.40234375 0.40625 0.41015625 0.4140625 0.41796875 0.421875  
    0.42578125 0.4296875 0.43359375 0.4375 0.44140625 0.4453125  
    0.44921875 0.453125 0.45703125 0.4609375 0.46484375 0.46875  
    0.47265625 0.4765625 0.48046875 0.484375 0.48828125 0.4921875  
    0.49609375 0.5 0.50390625 0.5078125 0.51171875 0.515625 0.51953125  
    0.5234375 0.52734375 0.53125 0.53515625 0.5390625 0.54296875  
    0.546875 0.55078125 0.5546875 0.55859375 0.5625 0.56640625  
    0.5703125 0.57421875 0.578125 0.58203125 0.5859375 0.58984375  
    0.59375 0.59765625 0.6015625 0.60546875 0.609375 0.61328125  
    0.6171875 0.62109375 0.625 0.62890625 0.6328125 0.63671875 0.640625  
    0.64453125 0.6484375 0.65234375 0.65625 0.66015625 0.6640625  
    0.66796875 0.671875 0.67578125 0.6796875 0.68359375 0.6875  
    0.69140625 0.6953125 0.69921875 0.703125 0.70703125 0.7109375  
    0.71484375 0.71875 0.72265625 0.7265625 0.73046875 0.734375  
    0.73828125 0.7421875 0.74609375 0.75 0.75390625 0.7578125  
    0.76171875 0.765625 0.76953125 0.7734375 0.77734375 0.78125  
    0.78515625 0.7890625 0.79296875 0.796875 0.80078125 0.8046875  
    0.80859375 0.8125 0.81640625 0.8203125 0.82421875 0.828125  
    0.83203125 0.8359375 0.83984375 0.84375 0.84765625 0.8515625  
    0.85546875 0.859375 0.86328125 0.8671875 0.87109375 0.875  
    0.87890625 0.8828125 0.88671875 0.890625 0.89453125 0.8984375  
    0.90234375 0.90625 0.91015625 0.9140625 0.91796875 0.921875  
    0.92578125 0.9296875 0.93359375 0.9375 0.94140625 0.9453125  
    0.94921875 0.953125 0.95703125 0.9609375 0.96484375 0.96875  
    0.97265625 0.9765625 0.98046875 0.984375 0.98828125 0.9921875  
    0.99609375 1.0 
  PPRIME_EXT = 887908.3392949965 876532.6246279249 865307.6201536898  
    854233.3258722913 843309.7417837293 832536.8678880039  
    821914.704185115 811443.2506750626 801122.507357847  
    790952.4742334676 780933.1513019248 771064.5385632187  
    761346.6360173491 751779.443664316 742362.9615041194  
    733097.1895367594 723982.1277622359 715017.776180549  
    706204.1347916985 697541.2035956847 689028.9825925074  
    680667.4717821666 672456.6711646623 664396.5807399948  
    656487.2005081635 648728.5304691689 640869.5772492238  
    632902.0187218906 625245.2518463647 617885.3890501447  
    610773.9396299231 603905.0035281028 597284.6407894534  
    590873.8853418094 584637.0744520178 578594.0884223382  
    572741.3598781163 567027.8262280513 561474.2953221513  
    556083.8079215667 550792.702932845 545655.2472894177  
    540637.3668966128 535711.1537288255 530933.1515336074  
    526221.0683126643 521635.3732316037 517128.3543409818  
    512714.9741828887 508390.1982514459 504141.0872192817  
    499976.64134822786 495882.81609842187 491862.0143848059  
    487912.66979234887 484023.43976422807 480207.0135703449  
    476441.06724921276 472744.5697691637 469097.8481910989  
    465505.7000856316 461978.516641336 458474.9195549216  
    455063.8018714731 451646.6388743503 448325.3138590612  
    445015.70545561844 441753.36040592403 438560.20487126  
    435355.46296440065 432251.20012167335 429138.0797894688  
    426073.1545980987 423079.9457814889 420053.05113643553  
    417118.11065966927 414201.95835684997 411279.23961819505  
    408454.52774820966 405612.4608091222 402794.0523106898  
    400061.0191893151 397292.76718083036 394561.63676440576  
    391906.87630853103 389218.17664308794 386569.5660108222  
    383991.3408197281 381376.86109609273 378790.24980284984  
    376280.1184602235 373747.2417833385 371221.4020529841  
    368770.4572703961 366312.9732971511 363840.4393414205  
    361438.6114130991 359061.95013841655 356650.1422091159  
    354277.09970550897 351962.3247874484 349628.4988184139  
    347291.21500337136 345013.3592282848 342752.46337956574  
    340465.9366770539 338211.67460498173 336007.40884481114  
    333790.3164921021 331560.7654054872 329379.39052233344  
    327231.9505272057 325061.0221166641 322889.21657901735  
    320768.19254269527 318670.18671883177 316546.98453740013  
    314428.1630911231 312357.798109105 310305.82541843795  
    308229.915355722 306158.02713861153 304130.6798233215  
    302122.05692364834 300092.19916509325 298062.1444818292  
    296071.14584196813 294102.3765006301 292117.4806338551  
    290126.3737285845 288165.4413383325 286231.0249222679  
    284289.8423544808 282337.90808689606 280401.59308206174  
    278493.8485501532 276593.7527450747 274682.4965793983  
    272769.64783804334 270881.12335596577 269015.6244657578  
    267144.64394472 265259.4175967955 263387.03113672184  
    261545.73112375138 259710.34217113536 257858.72313446092  
    256006.28080855124 254179.0177677003 252369.35860135348  
    250554.33593375213 248731.68342212352 246914.37773792757  
    245117.73195750662 243335.71246105322 241548.46941588898  
    239750.50821816648 237962.92854394342 236201.72777583613  
    234446.96759600868 232680.61681921483 230912.25058832945  
    229161.49884192846 227429.0325239267 225699.7420987634  
    223966.0007442873 222230.4313470992 220511.4070381485  
    218815.7097968171 217122.9943076276 215421.95717290085  
    213727.00459766632 212056.8285558884 210404.08571118585  
    208754.40613466108 207107.80877917015 205470.04794797325  
    203856.1777475046 202269.08243631473 200692.15713058435  
    199117.16930448008 197562.1493127027 196046.90548671415  
    194558.87916464364 193084.87261197402 191633.6567718297  
    190218.03201704938 188845.4952165171 187516.94123867044  
    186227.97095009495 184974.84928909887 183774.25222596584  
    182651.08341977786 181599.56852330948 180603.26857028075  
    179678.92730519286 178860.70198751037 178155.05319620157  
    177548.99370981273 177059.59160954127 176713.30294965114  
    176522.70767731895 176503.85317871795 176678.60759060117  
    177058.52601858546 177652.73928711 178515.1994220066  
    179685.24487746714 181151.9044735075 182932.11328688386  
    185109.27021718462 187733.1867861593 190782.6061307789  
    194299.1705003714 198369.1042646318 203029.3265007935  
    208286.61348584844 214189.26813184933 220787.29004330345  
    228108.31639439665 236179.1437333036 244991.86491550237  
    254545.20045087673 264861.2648619859 275856.29212818015  
    287413.3527668128 299550.0072555339 312085.053947333  
    324690.30014552403 337290.47398158663 349755.70601601957  
    361490.1493937931 372114.99051914667 381674.42938208464  
    389583.0385900924 395187.8989105238 398458.99416940997  
    399198.25123374816 396941.8265524807 391520.81251708453  
    382979.1743871564 371599.7547653564 357649.6471965118  
    341072.48953356605 322287.48130331945 301877.519790753  
    279727.0886257681 256732.56023140118 234852.67301404005  
    215002.1431186903 196295.13343635842 175234.41192412993  
    149647.2595980395 119718.69771013194 85240.18868903909  
    46046.940684721136 2138.9536957889795 
  FFPRIM_EXT = -3.182300340463936 -2.9087312741598765  
    -2.6434334309188485 -2.382886828915953 -2.1270810777224636  
    -1.876005325126792 -1.6296500409370054 -1.3880027778226502  
    -1.1510550323501594 -0.9187885367882715 -0.6912027060890136  
    -0.4682871444445335 -0.2500330462728927 -0.036430159567715586  
    0.17252970353061442 0.3768566210923905 0.5765592949188136  
    0.7716456296733187 0.9621256712824215 1.1480075731301254  
    1.3292993185730175 1.5060109473097438 1.6781486525486344  
    1.8457219672922514 2.0087360439389066 2.1671894249216503  
    2.3282205811001573 2.4920748194556563 2.646836397870005  
    2.792927091634409 2.9317538288771594 3.0634894487936686  
    3.1879626097088893 3.3062867300394796 3.4194832147596594  
    3.5269950405366406 3.6289271715802958 3.72673146829257  
    3.819823849487019 3.908121105539429 3.9934328081860615  
    4.0742278166886585 4.151468452182307 4.225952267774002  
    4.296080914631027 4.3641824005868886 4.4285548207669905  
    4.490541521116022 4.549730190267756 4.6062579609003045  
    4.66050098716287 4.712198451110602 4.761753794820576  
    4.809095128100539 4.85427561307546 4.897609225477538  
    4.938747555106811 4.978311645022069 5.015778952510944  
    5.051691744798678 5.085927221108143 5.1181845984952234  
    5.149640137659084 5.178349713902993 5.20708153970749  
    5.232981874217293 5.25840510449801 5.282363900234249  
    5.304229560340021 5.326275874035084 5.345364090800823  
    5.364551099895309 5.382251641750361 5.397795944514014  
    5.414139356281533 5.427772205360945 5.44072975562663  
    5.453728639996746 5.4638402378966235 5.47428508599363  
    5.483933514121697 5.491054503552002 5.4990099564723  
    5.5057894546031605 5.510286370384481 5.515577512048942  
    5.519612476879678 5.521539740729972 5.524328049029208  
    5.526198081506397 5.5257846789281295 5.525849077054903  
    5.52557762760442 5.523078476856066 5.520604796386187  
    5.518399733704111 5.514080471403363 5.508906214665135  
    5.504558374514972 5.498989219208119 5.491644061647292  
    5.484667524760168 5.477639895926166 5.468814261012969  
    5.459354364780717 5.4504461826358455 5.44049671794285  
    5.429005116422428 5.417701715874393 5.406584871433589  
    5.393982491510966 5.38027841092563 5.367056717860369  
    5.353700358382675 5.338782148071159 5.323059641582857  
    5.30786352161401 5.29238490400997 5.275406160865126  
    5.257748308900322 5.240578588842828 5.223132452092777  
    5.204290784512039 5.184757413306963 5.16563277581024  
    5.146343500068314 5.125807979331443 5.104481488985888  
    5.083417120738263 5.062347139439157 5.040272529115151  
    5.017288028110255 4.994304058074443 4.971431522668689  
    4.9479480742751765 4.923497058687113 4.898648059228339  
    4.8739133425055154 4.84903209691455 4.823298139862011  
    4.796743755464762 4.770139564501731 4.743725466809924  
    4.716768375435842 4.6887707248389585 4.660407637591133  
    4.632280888811232 4.603975162184653 4.574782398910285  
    4.544902841690826 4.51495929098227 4.485013726197817  
    4.454712699463025 4.4236394011245235 4.391954131551423  
    4.36019088288375 4.3284996933318345 4.296311327573571  
    4.263189013009376 4.229664861450493 4.196227097528991  
    4.162618934974301 4.128306936657708 4.0932694119530755  
    4.057912971302465 4.022441076787347 3.9867817173336535  
    3.950440400084699 3.9132310903075656 3.875694687028676  
    3.8381365273758856 3.800172207327991 3.7612970260259373  
    3.721700647062137 3.6817670439115213 3.641496107596847  
    3.6007330103155186 3.559074243774864 3.5164389163775454  
    3.4732647703011503 3.4297731864117047 3.3854856850396327  
    3.3398719441104676 3.293258851539494 3.24599826848208  
    3.1978587198750006 3.148498940666304 3.0977161973834217  
    3.045482900420839 2.991916620012004 2.937121619384301  
    2.880656407642878 2.8218525673371238 2.760859729216134  
    2.6981222248083214 2.6332019919794964 2.5651923628662656  
    2.4939200970090463 2.4197340037072745 2.3421865856280006  
    2.2605830038972337 2.1745985307066293 2.0838112716153896  
    1.9876455948289018 1.885810362046004 1.778081290102742  
    1.6630364144763443 1.539641455779298 1.408209647498698  
    1.268317898613027 1.1177759569589194 0.9552818159397144  
    0.7814245281672694 0.5951337257056073 0.3941608230507447  
    0.17756136322214383 -0.05481473146518022 -0.3042107716459319  
    -0.5719070125969448 -0.8585934363739597 -1.164947138512754  
    -1.490731063630997 -1.8358776764394902 -2.2009426863167123  
    -2.583711634378284 -2.981122028622361 -3.3936500388252173  
    -3.816540479664856 -4.241214307283552 -4.665827841909856  
    -5.087092325660954 -5.48948401003477 -5.863246206883373  
    -6.209798536874736 -6.514042797694911 -6.759149768214877  
    -6.944660489244971 -7.065692058802457 -7.1103656691737225  
    -7.07449444218596 -6.959433248654005 -6.7726518765762265  
    -6.521181787965562 -6.203579089784638 -5.830555527439113  
    -5.416581809882566 -4.957563181991457 -4.475259344949675  
    -4.019275689136189 -3.612948105761693 -3.2328372477369847  
    -2.7879383042219965 -2.219243392036751 -1.5295300112267256  
    -0.7097608910892317 0.25799207889498993 1.373728898733134 
/

