&INSTATE
  DENSITY_MODEL = 1 
  MODEL_SHAPE = 0 
  NBDRY = 15 
  USE_INPED = 0 
  R0 = 4.55 
  A0 = 1.2 
  KAPPA = 1.4 
  DELTA = -0.5 
  B0 = 11.0 
  IP = 10.0 
  N_ION = 2 
  Z_ION = 1 1 
  A_ION = 2 3 
  F_ION = 0.5 0.5 
  N_IMP = 2 
  Z_IMP = 74 36 
  A_IMP = 184 84 
  F_IMP = 1.5e-05 0.0011 
  N_MIN = 0 
  Z_MIN = 1 
  A_MIN = 1 
  N_BEAM = 1 
  Z_BEAM = 1 
  A_BEAM = 2 
  N_FUSION = 1 
  Z_FUSION = 2 
  A_FUSION = 4 
  NRHO = 101 
  NE_AXIS = 27.6 
  NE_PED = 14.424 
  NE_SEP = 9.0 
  NE_ALPHA = 1.5 
  NE_BETA = 1.1 
  NE_FIT = 1 
  NE_XMID = 0.975 
  NE_XWID = 0.05 
  TE_AXIS = 18.8 
  TE_PED = 3.7455 
  TE_SEP = 0.08 
  TE_ALPHA = 1.5 
  TE_BETA = 1.5 
  TE_FIT = 1 
  TE_XMID = 0.975 
  TE_XWID = 0.05 
  TI_AXIS = 19.0 
  TI_PED = 3.7455 
  TI_SEP = 0.08 
  TI_ALPHA = 1.5 
  TI_BETA = 1.5 
  TI_FIT = 1 
  TI_XMID = 0.975 
  TI_XWID = 0.05 
  ZEFF_AXIS = 2.0 
  OMEGA_AXIS = 5000.0 
  OMEGA_SEP = 0.0 
  OMEGA_ALPHA = 1.5 
  OMEGA_BETA = 1.5 
  JPAR_AXIS = 1.0 
  JPAR_SEP = 0.05 
  JPAR_ALPHA = 2.0 
  JPAR_BETA = 1.0 
  NBEAM_AXIS = 0.0 
  NBEAM_SEP = 0.0 
  NBEAM_ALPHA = 1.5 
  NBEAM_BETA = 1.5 
  TBEAMI = 20.0 20.0 20.0 20.0 20.0 20.0 20.0 20.0 20.0 20.0 20.0 20.0  
    20.0 20.0 20.0 20.0 20.0 20.0 20.0 20.0 20.0 20.0 20.0 20.0 20.0  
    20.0 20.0 20.0 20.0 20.0 20.0 20.0 20.0 20.0 20.0 20.0 20.0 20.0  
    20.0 20.0 20.0 20.0 20.0 20.0 20.0 20.0 20.0 20.0 20.0 20.0 20.0  
    20.0 20.0 20.0 20.0 20.0 20.0 20.0 20.0 20.0 20.0 20.0 20.0 20.0  
    20.0 20.0 20.0 20.0 20.0 20.0 20.0 20.0 20.0 20.0 20.0 20.0 20.0  
    20.0 20.0 20.0 20.0 20.0 20.0 20.0 20.0 20.0 20.0 20.0 20.0 20.0  
    20.0 20.0 20.0 20.0 20.0 20.0 20.0 20.0 20.0 20.0 20.0 
  BETAN_PED = -1.0 
  XMID = 0.975 
  XWID = 0.05 
  PRESSURE_MODEL = 'full' 
  H98_TARGET = 0.8 
  BETAN_TARGET = 1.25 
  BETAN_BEAM_TARGET = 0.0 
  CURRENT_MODEL = 'broad' 
  RHO_JBDRY = 0.85 
  RHO_JPEAK = 0.65 
  JAXIS = 0.6 
  JAXIS_PRIME = 1.0 
  JBDRY_PRIME = -1.0 
  RBDRY = 5.75 5.717889612279765 5.599231274196216 5.333894952548324  
    4.862048988436734 4.215741544340384 3.606248672667517  
    3.3499999999999996 3.606248672667517 4.215741544340384  
    4.862048988436735 5.333894952548324 5.599231274196216  
    5.717889612279765 5.75 
  ZBDRY = 0.0 0.7289246817174976 1.3134768905462901 1.6378788924654637  
    1.6378788924654637 1.3134768905462901 0.7289246817174978  
    2.0574066225675533e-16 -0.7289246817174975 -1.31347689054629  
    -1.6378788924654637 -1.6378788924654637 -1.3134768905462901  
    -0.728924681717498 0.0 
  NLIM = 5 
  RLIM = 6.0 3.5 3.5 6.0 6.0 
  ZLIM = 1.93 1.93 -1.93 -1.93 1.93 
  NE = 27.78996854002673 27.788408565428725 27.783729167024944  
    27.77593192069119 27.76501945190434 27.750995434269015  
    27.733864587456495 27.713632674557523 27.690306498851115  
    27.66389389999188 27.634403749618798 27.601845946389016  
    27.56623141044041 27.527572077287385 27.48588089115459  
    27.441171797753796 27.39345973650961 27.342760632240026  
    27.289091386298377 27.232469867183493 27.172914900625486  
    27.110446259154713 27.04508465116218 26.976851709459698  
    26.90576997934874 26.831862906207185 26.755154822603497  
    26.675670934948265 26.59343730969336 26.508480859089275  
    26.420829326511544 26.329972405362636 26.236304201394585  
    26.141209690836234 26.046073849916407 25.952281654863953  
    25.861459889297723 25.77353288531198 25.687331941848672  
    25.601688357849746 25.515433432257144 25.42661360431176  
    25.334974776862023 25.24189744426117 25.148762100862456  
    25.056949241019126 24.96903173511305 24.885417875276282  
    24.804241288487376 24.72363560172488 24.64173444196733  
    24.55632080687495 24.465407762621485 24.367474038955788  
    24.26099836562671 24.144459472383094 24.01691743055578  
    23.878278085673767 23.728288828783175 23.566697050930117  
    23.39325014316071 23.208043851138196 23.0120185623441  
    22.806188630551965 22.59156840953532 22.36917225306771  
    22.140807310587448 21.9080168542247 21.67141942179079  
    21.43163355109704 21.18927777995476 20.944279263682553  
    20.696224723375966 20.445222045511745 20.191379116566623  
    19.93480382301735 19.675741161462497 19.414493774815092  
    19.15125601902354 18.886222250036273 18.6195868238017  
    18.351550336862875 18.082182535212596 17.81148149897389  
    17.539445308269787 17.266072043223318 16.99112237252022  
    16.71439538184241 16.43594677680723 16.155832263032007  
    15.874107546134063 15.59104842758349 15.307137068941206  
    15.022738715960802 14.738218614395866 14.453942009999992 13.6089121  
    12.4051874 11.0162713 9.804787057 8.99534321 
  TE = 20.720481582279714 20.713240378453214 20.691531946973484  
    20.655401774814848 20.604925497110575 20.540208633322685  
    20.46138621968534 20.36862233971378 20.262109555063525  
    20.142068239502915 20.008745819223243 19.862415923151705  
    19.703377447350913 19.53195353798169 19.348490497671534  
    19.153356620467147 18.946940960853762 18.729652042595443  
    18.501916513387282 18.264177751511404 18.01689443085337  
    17.76053905076272 17.495596437331262 17.22256222271482  
    16.94194130913874 16.654246324205182 16.359996074061286  
    16.05971400089333 15.75392665108326 15.44316216020278  
    15.127948760827248 14.812518928325712 14.501022105505461  
    14.193861167431917 13.891438989170494 13.594158445786615  
    13.302690662488697 13.017330447066563 12.737916198457722  
    12.464286315599699 12.196279197430004 11.933234027909641  
    11.674599215117127 11.420376994166226 11.170569600170724  
    10.92517926824439 10.684623754024802 10.449322552804684  
    10.21928050918054 9.994502467748873 9.774993273106189  
    9.56053206323748 9.350777521074237 9.145553808632718  
    8.944685087929175 8.747995520979861 8.555349087604979  
    8.366680846258403 8.181921576906895 8.001002059517221  
    7.823853074056144 7.650400449430568 7.480722025975699  
    7.314976600800763 7.153322971014986 6.995919933727589  
    6.843200744929796 6.695407127974234 6.5524105810122455  
    6.414082602195169 6.280294689674347 6.150726991912196  
    6.024988938894143 5.902845951056051 5.784063448833775  
    5.668406852663176 5.555691260761209 5.445765016290667  
    5.338443407106161 5.233541721062302 5.130875246013698  
    5.03027448184955 4.931542043296034 4.834451390463228  
    4.738775983461211 4.644289282400058 4.550614392294643  
    4.4575072255784995 4.364940453489698 4.27288674726631  
    4.181318778146405 4.091233438924362 4.003090787820984  
    3.9160582442139877 3.829303227481086 3.7419931569999942 3.221569572  
    2.406970787 1.42627287 0.5996588162 0.09664111306 
  TI = 23.309213786767312 23.298707694575217 23.26721782173944  
    23.2148292515351 23.14168336373932 23.047977198925743  
    22.933962574086884 22.799944955139534 22.646282093378762  
    22.473382434398857 22.28170330938443 22.07174891998016  
    21.844068129164043 21.599252071666587 21.33793159848954  
    21.060774570974917 20.768483020652315 20.461790191744708  
    20.1414574837365 19.80827131179966 19.46303990313324  
    19.106590047397965 18.739763819422134 18.36341529221984  
    17.97840725810077 17.585607975266992 17.18588795679159  
    16.78011681826298 16.369160199664375 15.953876776248354  
    15.535115372269985 15.120831649683911 14.718486898500737  
    14.328179322059729 13.950007123700155 13.584068506761275  
    13.230587830723017 12.889419238778578 12.560105609837127  
    12.242189822807832 11.935214756599867 11.63846459578335  
    11.351366092215574 11.073675975736464 10.805150976185946  
    10.545547823403943 10.294935517740399 10.0533237105938  
    9.820380108376906 9.595772417502475 9.379168344383267  
    9.169924271975153 8.967413033662902 8.771327011502617  
    8.581358587550397 8.397200143862344 8.218682227078837  
    8.045666621064004 7.8778925637095645 7.715099292907243  
    7.557026046548759 7.40330146624638 7.253714857961306  
    7.10824645610866 6.966876495103559 6.829585209361129  
    6.696618512940766 6.5680401623150075 6.443557155518679  
    6.322876490586614 6.205705165553638 6.091525944577748  
    5.9798512826269405 5.87043271395105 5.763021772799917  
    5.657369993423371 5.553342115492082 5.4508836671682985  
    5.349867365439219 5.250165927292051 5.151652069713999  
    5.054224454021272 4.9577601480447155 4.862099478543499  
    4.767082772276787 4.6725503560037485 4.578208275794562  
    4.483876711279066 4.389567189555906 4.295291237723735  
    4.2010603828812 4.107702590373592 4.015661842380932  
    3.924373691253952 3.833273689343394 3.741797388999994 3.2217276  
    2.407293842 1.426164137 0.5993649464 0.0968572034 
  OMEGA = 4992.501875 4992.501875 4978.801804 4961.079526 4940.12016  
    4916.382264 4890.178959 4861.74318 4831.258024 4798.873089  
    4764.714177 4728.889466 4691.493659 4652.610886 4612.316799  
    4570.680145 4527.763951 4483.626454 4438.321832 4391.900796  
    4344.411068 4295.897774 4246.403778 4195.969955 4144.635428  
    4092.437767 4039.413164 3985.596584 3931.021896 3875.721988  
    3819.72887 3763.073767 3705.787199 3647.899055 3589.43866  
    3530.4348369999993 3470.91596 3410.910006 3350.444605 3289.54708  
    3228.244492 3166.5636739999995 3104.531273 3042.173783 2979.517575  
    2916.588934 2853.414088 2790.0192379999994 2726.430588 2662.674375  
    2598.776897 2534.764544 2470.663824 2406.501396 2342.304099  
    2278.098979 2213.913327 2149.7747069999996 2085.710992 2021.750397  
    1957.921519 1894.253376 1830.775447 1767.517715 1704.510722  
    1641.785608 1579.374179 1517.308956 1455.623246 1394.3512129999992  
    1333.5279519999992 1273.18958 1213.373329 1154.117653 1095.462349  
    1037.448686 980.1195629 923.5196753 867.6957162 812.6966008  
    758.5737302 705.3812976 653.1766491999995 602.0207127999994  
    551.9785103 503.1197796 455.5197357 409.2600162 364.4298727  
    321.1276991 279.4630303 239.55922 201.557126 165.620359  
    131.94307479999964 100.76217029999968 72.37775876 47.19105135  
    25.78549737 9.151104569 -1.78701498e-12 
  ZEFF = 2.4670300000000003 2.4670300000000003 2.4670300000000003  
    2.46703 2.4670300000000003 2.46703 2.4670300000000003  
    2.4670300000000003 2.46703 2.46703 2.46703 2.4670300000000003  
    2.4670300000000003 2.4670300000000003 2.4670300000000003  
    2.4670300000000003 2.46703 2.4670300000000003 2.46703  
    2.4670300000000003 2.4670300000000003 2.4670300000000003  
    2.4670300000000003 2.46703 2.4670300000000003 2.4670300000000007  
    2.46703 2.46703 2.46703 2.4670300000000003 2.4670300000000003  
    2.46703 2.46703 2.4670300000000003 2.4670300000000003 2.46703  
    2.4670300000000003 2.46703 2.4670300000000003 2.46703 2.46703  
    2.4670300000000003 2.46703 2.4670300000000003 2.46703  
    2.4670300000000003 2.46703 2.46703 2.46703 2.4670300000000003  
    2.46703 2.4670300000000003 2.46703 2.46703 2.46703  
    2.4670300000000003 2.4670300000000003 2.46703 2.46703 2.46703  
    2.4670300000000003 2.4670300000000003 2.4670300000000003  
    2.4670300000000003 2.4670300000000003 2.4670300000000003  
    2.4670300000000003 2.46703 2.4670300000000003 2.46703  
    2.4670300000000003 2.4670300000000003 2.46703 2.4670300000000003  
    2.4670300000000003 2.46703 2.4670300000000003 2.46703  
    2.4670300000000003 2.46703 2.46703 2.46703 2.4670300000000003  
    2.46703 2.46703 2.4670300000000003 2.46703 2.4670300000000003  
    2.4670300000000003 2.46703 2.4670300000000003 2.4670300000000003  
    2.4670300000000003 2.46703 2.46703 2.46703 2.46703  
    2.4670300000000003 2.46703 2.46703 2.4670300000000003 
  J_OH = 0.0 0.0 0.0 0.0 0.0 0.0 0.0 0.0 0.0 0.0 0.0 0.0 0.0 0.0 0.0  
    0.0 0.0 0.0 0.0 0.0 0.0 0.0 0.0 0.0 0.0 0.0 0.0 0.0 0.0 0.0 0.0 0.0  
    0.0 0.0 0.0 0.0 0.0 0.0 0.0 0.0 0.0 0.0 0.0 0.0 0.0 0.0 0.0 0.0 0.0  
    0.0 0.0 0.0 0.0 0.0 0.0 0.0 0.0 0.0 0.0 0.0 0.0 0.0 0.0 0.0 0.0 0.0  
    0.0 0.0 0.0 0.0 0.0 0.0 0.0 0.0 0.0 0.0 0.0 0.0 0.0 0.0 0.0 0.0 0.0  
    0.0 0.0 0.0 0.0 0.0 0.0 0.0 0.0 0.0 0.0 0.0 0.0 0.0 0.0 0.0 0.0 0.0  
    0.0 
  J_BS = 66000.62537423773 99000.9380613566 164812.91630235274  
    222099.03782797334 266504.9936188139 303643.5059466796  
    336245.58786462183 365716.06394904346 392831.2534437959  
    418050.48987347516 441668.79403777764 463887.6186735422  
    484831.7701838116 504562.2334727669 523100.4773631436  
    540450.8133498942 556622.9049178717 571636.3640344031  
    585507.8844168924 598248.5695968091 609870.9253225642  
    620392.2836548748 629834.0200310862 638218.6134964884  
    645566.9446996842 651892.3839266888 657194.0437070249  
    661466.569257317 664715.5629389953 666956.6332878498  
    665316.8675283643 656307.3688231136 642024.9651008941  
    625304.7650695503 606395.2289511927 585178.0156175044  
    563015.4404642805 542520.3931298049 524592.4079496242  
    509011.20615840465 496364.9381028741 486090.52691412106  
    475614.70701092907 463705.76480522816 450528.10578906664  
    435333.2136770242 418563.95554049656 402912.9204223122  
    389695.18320355134 378704.58546638355 370084.54181024834  
    363925.68955435185 359645.6439316137 356757.6469645636  
    355154.3754546428 354454.5267359087 353935.49461599026  
    353304.8510837865 352667.64786157623 352033.0545223291  
    351312.4910719939 350033.75353129534 347756.2337316194  
    344460.388780247 340227.62636020896 334712.4825619838  
    327790.34419763315 320276.0025320396 312737.0841928686  
    305198.4968029613 298003.77502131456 291591.9712264959  
    285797.81370805844 280346.43749039987 275232.6903687135  
    270371.8540151453 265637.78372897295 261043.92472767274  
    256647.18888532888 252446.10623696606 248426.61310078145  
    244621.24106854136 241108.43485185728 237916.6224716172  
    235036.77577653842 232592.7803897685 230620.1923538188  
    228844.2703525308 227085.66193346315 225356.57575129694  
    223108.2481045725 220038.1823324349 217092.0455791473  
    214917.40179128115 213414.37987239257 546800.4992550435  
    1036797.1906481936 1188183.1951092011 977473.5723957414  
    527099.4359074436 38517.47990774357 
  J_NB = 0.0 0.0 0.0 0.0 0.0 0.0 0.0 0.0 0.0 0.0 0.0 0.0 0.0 0.0 0.0  
    0.0 0.0 0.0 0.0 0.0 0.0 0.0 0.0 0.0 0.0 0.0 0.0 0.0 0.0 0.0 0.0 0.0  
    0.0 0.0 0.0 0.0 0.0 0.0 0.0 0.0 0.0 0.0 0.0 0.0 0.0 0.0 0.0 0.0 0.0  
    0.0 0.0 0.0 0.0 0.0 0.0 0.0 0.0 0.0 0.0 0.0 0.0 0.0 0.0 0.0 0.0 0.0  
    0.0 0.0 0.0 0.0 0.0 0.0 0.0 0.0 0.0 0.0 0.0 0.0 0.0 0.0 0.0 0.0 0.0  
    0.0 0.0 0.0 0.0 0.0 0.0 0.0 0.0 0.0 0.0 0.0 0.0 0.0 0.0 0.0 0.0 0.0  
    0.0 
  J_EC = 0.0 0.0 0.0 0.0 0.0 0.0 0.0 0.0 0.0 0.0 0.0 0.0 0.0 0.0 0.0  
    0.0 0.0 0.0 0.0 0.0 0.0 0.0 0.0 0.0 0.0 0.0 0.0 0.0 0.0 0.0 0.0 0.0  
    0.0 0.0 0.0 0.0 0.0 0.0 0.0 0.0 0.0 0.0 0.0 0.0 0.0 0.0 0.0 0.0 0.0  
    0.0 0.0 0.0 0.0 0.0 0.0 0.0 0.0 0.0 0.0 0.0 0.0 0.0 0.0 0.0 0.0 0.0  
    0.0 0.0 0.0 0.0 0.0 0.0 0.0 0.0 0.0 0.0 0.0 0.0 0.0 0.0 0.0 0.0 0.0  
    0.0 0.0 0.0 0.0 0.0 0.0 0.0 0.0 0.0 0.0 0.0 0.0 0.0 0.0 0.0 0.0 0.0  
    0.0 
  J_IC = 0.0 0.0 0.0 0.0 0.0 0.0 0.0 0.0 0.0 0.0 0.0 0.0 0.0 0.0 0.0  
    0.0 0.0 0.0 0.0 0.0 0.0 0.0 0.0 0.0 0.0 0.0 0.0 0.0 0.0 0.0 0.0 0.0  
    0.0 0.0 0.0 0.0 0.0 0.0 0.0 0.0 0.0 0.0 0.0 0.0 0.0 0.0 0.0 0.0 0.0  
    0.0 0.0 0.0 0.0 0.0 0.0 0.0 0.0 0.0 0.0 0.0 0.0 0.0 0.0 0.0 0.0 0.0  
    0.0 0.0 0.0 0.0 0.0 0.0 0.0 0.0 0.0 0.0 0.0 0.0 0.0 0.0 0.0 0.0 0.0  
    0.0 0.0 0.0 0.0 0.0 0.0 0.0 0.0 0.0 0.0 0.0 0.0 0.0 0.0 0.0 0.0 0.0  
    0.0 
  J_LH = 0.0 0.0 0.0 0.0 0.0 0.0 0.0 0.0 0.0 0.0 0.0 0.0 0.0 0.0 0.0  
    0.0 0.0 0.0 0.0 0.0 0.0 0.0 0.0 0.0 0.0 0.0 0.0 0.0 0.0 0.0 0.0 0.0  
    0.0 0.0 0.0 0.0 0.0 0.0 0.0 0.0 0.0 0.0 0.0 0.0 0.0 0.0 0.0 0.0 0.0  
    0.0 0.0 0.0 0.0 0.0 0.0 0.0 0.0 0.0 0.0 0.0 0.0 0.0 0.0 0.0 0.0 0.0  
    0.0 0.0 0.0 0.0 0.0 0.0 0.0 0.0 0.0 0.0 0.0 0.0 0.0 0.0 0.0 0.0 0.0  
    0.0 0.0 0.0 0.0 0.0 0.0 0.0 0.0 0.0 0.0 0.0 0.0 0.0 0.0 0.0 0.0 0.0  
    0.0 
  PE_NB = 0.0 0.0 0.0 0.0 0.0 0.0 0.0 0.0 0.0 0.0 0.0 0.0 0.0 0.0 0.0  
    0.0 0.0 0.0 0.0 0.0 0.0 0.0 0.0 0.0 0.0 0.0 0.0 0.0 0.0 0.0 0.0 0.0  
    0.0 0.0 0.0 0.0 0.0 0.0 0.0 0.0 0.0 0.0 0.0 0.0 0.0 0.0 0.0 0.0 0.0  
    0.0 0.0 0.0 0.0 0.0 0.0 0.0 0.0 0.0 0.0 0.0 0.0 0.0 0.0 0.0 0.0 0.0  
    0.0 0.0 0.0 0.0 0.0 0.0 0.0 0.0 0.0 0.0 0.0 0.0 0.0 0.0 0.0 0.0 0.0  
    0.0 0.0 0.0 0.0 0.0 0.0 0.0 0.0 0.0 0.0 0.0 0.0 0.0 0.0 0.0 0.0 0.0  
    0.0 
  PE_EC = 0.0 0.0 0.0 0.0 0.0 0.0 0.0 0.0 0.0 0.0 0.0 0.0 0.0 0.0 0.0  
    0.0 0.0 0.0 0.0 0.0 0.0 0.0 0.0 0.0 0.0 0.0 0.0 0.0 0.0 0.0 0.0 0.0  
    0.0 0.0 0.0 0.0 0.0 0.0 0.0 0.0 0.0 0.0 0.0 0.0 0.0 0.0 0.0 0.0 0.0  
    0.0 0.0 0.0 0.0 0.0 0.0 0.0 0.0 0.0 0.0 0.0 0.0 0.0 0.0 0.0 0.0 0.0  
    0.0 0.0 0.0 0.0 0.0 0.0 0.0 0.0 0.0 0.0 0.0 0.0 0.0 0.0 0.0 0.0 0.0  
    0.0 0.0 0.0 0.0 0.0 0.0 0.0 0.0 0.0 0.0 0.0 0.0 0.0 0.0 0.0 0.0 0.0  
    0.0 
  PE_IC = 0.0 0.0 0.0 0.0 0.0 0.0 0.0 0.0 0.0 0.0 0.0 0.0 0.0 0.0 0.0  
    0.0 0.0 0.0 0.0 0.0 0.0 0.0 0.0 0.0 0.0 0.0 0.0 0.0 0.0 0.0 0.0 0.0  
    0.0 0.0 0.0 0.0 0.0 0.0 0.0 0.0 0.0 0.0 0.0 0.0 0.0 0.0 0.0 0.0 0.0  
    0.0 0.0 0.0 0.0 0.0 0.0 0.0 0.0 0.0 0.0 0.0 0.0 0.0 0.0 0.0 0.0 0.0  
    0.0 0.0 0.0 0.0 0.0 0.0 0.0 0.0 0.0 0.0 0.0 0.0 0.0 0.0 0.0 0.0 0.0  
    0.0 0.0 0.0 0.0 0.0 0.0 0.0 0.0 0.0 0.0 0.0 0.0 0.0 0.0 0.0 0.0 0.0  
    0.0 
  PE_LH = 0.0 0.0 0.0 0.0 0.0 0.0 0.0 0.0 0.0 0.0 0.0 0.0 0.0 0.0 0.0  
    0.0 0.0 0.0 0.0 0.0 0.0 0.0 0.0 0.0 0.0 0.0 0.0 0.0 0.0 0.0 0.0 0.0  
    0.0 0.0 0.0 0.0 0.0 0.0 0.0 0.0 0.0 0.0 0.0 0.0 0.0 0.0 0.0 0.0 0.0  
    0.0 0.0 0.0 0.0 0.0 0.0 0.0 0.0 0.0 0.0 0.0 0.0 0.0 0.0 0.0 0.0 0.0  
    0.0 0.0 0.0 0.0 0.0 0.0 0.0 0.0 0.0 0.0 0.0 0.0 0.0 0.0 0.0 0.0 0.0  
    0.0 0.0 0.0 0.0 0.0 0.0 0.0 0.0 0.0 0.0 0.0 0.0 0.0 0.0 0.0 0.0 0.0  
    0.0 
  PE_FUS = 2032218.1333151078 2032273.5048412243 2032616.1546006745  
    2033511.1584024776 2035225.754380356 2038031.639102843  
    2041964.296448212 2046084.1031302782 2049176.2547117914  
    2049964.808801743 2047072.5413588027 2038090.744378433  
    2022371.8947991354 2001141.8010319667 1975820.6290655222  
    1948129.814933762 1918991.6703012425 1888064.4720646592  
    1855481.6300788024 1821424.938397092 1786128.5646041855  
    1749418.6070981678 1710793.4740241515 1670051.0400087717  
    1627010.090292759 1581513.3318442143 1534187.1292560142  
    1485900.314265645 1436886.8283979914 1387389.8092175291  
    1337660.140995017 1287815.2303805088 1237993.0033013988  
    1188472.5715243102 1139521.5549972095 1091394.0092139519  
    1044337.7619096461 998418.9410162504 953610.9125033083  
    909890.7949539302 867238.8477421919 825564.8429414794  
    784904.813703409 745412.8706157025 707219.8393043992  
    670433.700529175 635234.4168750481 601663.4853517981  
    569611.3818420556 538977.2286071028 509668.15132828226  
    481548.0763500674 454503.95428759913 428485.99124683265  
    403448.1014332389 379347.7505754734 356178.3154002914  
    333957.12475873367 312676.6026783674 292324.93601846584  
    272886.70717506885 254339.92380996607 236691.38485060312  
    219958.36841789362 204148.1007859223 189258.81817781145  
    175313.35774102417 162303.94918903895 150176.9698649219  
    138879.4933427685 128359.81003142646 118546.5887454628  
    109373.5552055614 100799.56967598344 92785.9382854002  
    85296.41731988163 78303.55256680312 71784.71359624629  
    65713.48000510912 60064.4813803372 54813.425851894004  
    49938.02069438779 45415.51120138037 41222.993744391824  
    37339.17408488095 33744.27325340372 30415.94434310798  
    27336.99005896934 24496.30634637183 21882.662224798234  
    19484.754710242225 17304.39164340111 15333.865911177809  
    13550.23372106578 11933.764994658262 10467.566860391993  
    5153.118587458209 1238.6914130429184 74.1821593032942  
    0.24637254486921326 1.57485195985736e-09 
  PE_IONIZATION = 0.0 0.0 0.0 0.0 0.0 0.0 0.0 0.0 0.0 0.0 0.0 0.0 0.0  
    0.0 0.0 0.0 0.0 0.0 0.0 0.0 0.0 0.0 0.0 0.0 0.0 0.0 0.0 0.0 0.0 0.0  
    0.0 0.0 0.0 0.0 0.0 0.0 0.0 0.0 0.0 0.0 0.0 0.0 0.0 0.0 0.0 0.0 0.0  
    0.0 0.0 0.0 0.0 0.0 0.0 0.0 0.0 0.0 0.0 0.0 0.0 0.0 0.0 0.0 0.0 0.0  
    0.0 0.0 0.0 0.0 0.0 0.0 0.0 0.0 0.0 0.0 0.0 0.0 0.0 0.0 0.0 0.0 0.0  
    0.0 0.0 0.0 0.0 0.0 0.0 0.0 0.0 0.0 0.0 0.0 0.0 0.0 0.0 0.0 0.0 0.0  
    0.0 0.0 0.0 
  P_RAD = 0.0 0.0 0.0 0.0 0.0 0.0 0.0 0.0 0.0 0.0 0.0 0.0 0.0 0.0 0.0  
    0.0 0.0 0.0 0.0 0.0 0.0 0.0 0.0 0.0 0.0 0.0 0.0 0.0 0.0 0.0 0.0 0.0  
    0.0 0.0 0.0 0.0 0.0 0.0 0.0 0.0 0.0 0.0 0.0 0.0 0.0 0.0 0.0 0.0 0.0  
    0.0 0.0 0.0 0.0 0.0 0.0 0.0 0.0 0.0 0.0 0.0 0.0 0.0 0.0 0.0 0.0 0.0  
    0.0 0.0 0.0 0.0 0.0 0.0 0.0 0.0 0.0 0.0 0.0 0.0 0.0 0.0 0.0 0.0 0.0  
    0.0 0.0 0.0 0.0 0.0 0.0 0.0 0.0 0.0 0.0 0.0 0.0 0.0 0.0 0.0 0.0 0.0  
    0.0 
  PI_NB = 0.0 0.0 0.0 0.0 0.0 0.0 0.0 0.0 0.0 0.0 0.0 0.0 0.0 0.0 0.0  
    0.0 0.0 0.0 0.0 0.0 0.0 0.0 0.0 0.0 0.0 0.0 0.0 0.0 0.0 0.0 0.0 0.0  
    0.0 0.0 0.0 0.0 0.0 0.0 0.0 0.0 0.0 0.0 0.0 0.0 0.0 0.0 0.0 0.0 0.0  
    0.0 0.0 0.0 0.0 0.0 0.0 0.0 0.0 0.0 0.0 0.0 0.0 0.0 0.0 0.0 0.0 0.0  
    0.0 0.0 0.0 0.0 0.0 0.0 0.0 0.0 0.0 0.0 0.0 0.0 0.0 0.0 0.0 0.0 0.0  
    0.0 0.0 0.0 0.0 0.0 0.0 0.0 0.0 0.0 0.0 0.0 0.0 0.0 0.0 0.0 0.0 0.0  
    0.0 
  PI_IC = 0.0 0.0 0.0 0.0 0.0 0.0 0.0 0.0 0.0 0.0 0.0 0.0 0.0 0.0 0.0  
    0.0 0.0 0.0 0.0 0.0 0.0 0.0 0.0 0.0 0.0 0.0 0.0 0.0 0.0 0.0 0.0 0.0  
    0.0 0.0 0.0 0.0 0.0 0.0 0.0 0.0 0.0 0.0 0.0 0.0 0.0 0.0 0.0 0.0 0.0  
    0.0 0.0 0.0 0.0 0.0 0.0 0.0 0.0 0.0 0.0 0.0 0.0 0.0 0.0 0.0 0.0 0.0  
    0.0 0.0 0.0 0.0 0.0 0.0 0.0 0.0 0.0 0.0 0.0 0.0 0.0 0.0 0.0 0.0 0.0  
    0.0 0.0 0.0 0.0 0.0 0.0 0.0 0.0 0.0 0.0 0.0 0.0 0.0 0.0 0.0 0.0 0.0  
    0.0 
  PI_LH = 0.0 0.0 0.0 0.0 0.0 0.0 0.0 0.0 0.0 0.0 0.0 0.0 0.0 0.0 0.0  
    0.0 0.0 0.0 0.0 0.0 0.0 0.0 0.0 0.0 0.0 0.0 0.0 0.0 0.0 0.0 0.0 0.0  
    0.0 0.0 0.0 0.0 0.0 0.0 0.0 0.0 0.0 0.0 0.0 0.0 0.0 0.0 0.0 0.0 0.0  
    0.0 0.0 0.0 0.0 0.0 0.0 0.0 0.0 0.0 0.0 0.0 0.0 0.0 0.0 0.0 0.0 0.0  
    0.0 0.0 0.0 0.0 0.0 0.0 0.0 0.0 0.0 0.0 0.0 0.0 0.0 0.0 0.0 0.0 0.0  
    0.0 0.0 0.0 0.0 0.0 0.0 0.0 0.0 0.0 0.0 0.0 0.0 0.0 0.0 0.0 0.0 0.0  
    0.0 
  PI_FUS = 1010491.8083689997 1009979.7463060147 1008387.9619538685  
    1005631.9023426492 1001624.8218934305 996276.6009071699  
    989490.5323074376 981160.9927410149 971184.5820064542  
    959458.0501587171 945865.408050423 930095.1349002783  
    912225.6600096457 892709.898514859 872050.8962975553  
    850844.3557633456 829278.05865954 807063.6135562802  
    784186.2227020056 760653.8203799556 736498.484384903  
    711737.6456765058 686373.1827006608 660438.4345308167  
    633974.7060883731 607031.1428753098 579899.9578374955  
    552920.8206232287 526217.4479290987 499909.72971266607  
    474112.8372134986 448884.77492543135 424279.81481149537  
    400395.6497293057 377319.2055715537 355126.2702510194  
    333890.2473920107 313612.74825933354 294255.4774881212  
    275782.6612395099 258160.7144886221 241327.4067736501  
    225262.75781435476 209990.56127097757 195525.16998352224  
    181872.20536608447 169060.35633707128 157077.41482352762  
    145865.24605897308 135370.2809577778 125543.13320290744  
    116323.64849504588 107659.09333627997 99516.03082647383  
    91863.40870679686 84672.39969782167 77923.69902234046  
    71604.40197898004 65696.4002622877 60181.15682955059  
    55039.923977561135 50253.26689303664 45808.888098875446  
    41696.831079993564 37905.012058205146 34419.66622758267  
    31232.745462971536 28329.603567540133 25686.652004080086  
    23281.77839153632 21094.36187113682 19101.265562006458  
    17281.519230717986 15619.92038964819 14102.59941358365  
    12716.928310286288 11452.457230867501 10300.107505383268  
    9250.727990729065 8295.859026082022 7427.691412671526  
    6639.164281425583 5923.534292720954 5274.413613850184  
    4686.009943415824 4153.071360971227 3670.238876970666  
    3233.221795550788 2838.8258750432615 2483.969774315652  
    2165.6903647306667 1883.0143334014656 1633.5538187754755  
    1412.930563715974 1217.4842337654625 1044.159624279461  
    445.80417952009094 81.37732338956722 2.9879424217172357  
    0.004456026389490746 5.429797012939478e-12 
  PI_IONIZATION = 0.0 0.0 0.0 0.0 0.0 0.0 0.0 0.0 0.0 0.0 0.0 0.0 0.0  
    0.0 0.0 0.0 0.0 0.0 0.0 0.0 0.0 0.0 0.0 0.0 0.0 0.0 0.0 0.0 0.0 0.0  
    0.0 0.0 0.0 0.0 0.0 0.0 0.0 0.0 0.0 0.0 0.0 0.0 0.0 0.0 0.0 0.0 0.0  
    0.0 0.0 0.0 0.0 0.0 0.0 0.0 0.0 0.0 0.0 0.0 0.0 0.0 0.0 0.0 0.0 0.0  
    0.0 0.0 0.0 0.0 0.0 0.0 0.0 0.0 0.0 0.0 0.0 0.0 0.0 0.0 0.0 0.0 0.0  
    0.0 0.0 0.0 0.0 0.0 0.0 0.0 0.0 0.0 0.0 0.0 0.0 0.0 0.0 0.0 0.0 0.0  
    0.0 0.0 0.0 
  PI_CX = 0.0 0.0 0.0 0.0 0.0 0.0 0.0 0.0 0.0 0.0 0.0 0.0 0.0 0.0 0.0  
    0.0 0.0 0.0 0.0 0.0 0.0 0.0 0.0 0.0 0.0 0.0 0.0 0.0 0.0 0.0 0.0 0.0  
    0.0 0.0 0.0 0.0 0.0 0.0 0.0 0.0 0.0 0.0 0.0 0.0 0.0 0.0 0.0 0.0 0.0  
    0.0 0.0 0.0 0.0 0.0 0.0 0.0 0.0 0.0 0.0 0.0 0.0 0.0 0.0 0.0 0.0 0.0  
    0.0 0.0 0.0 0.0 0.0 0.0 0.0 0.0 0.0 0.0 0.0 0.0 0.0 0.0 0.0 0.0 0.0  
    0.0 0.0 0.0 0.0 0.0 0.0 0.0 0.0 0.0 0.0 0.0 0.0 0.0 0.0 0.0 0.0 0.0  
    0.0 
  P_OHM = 0.0 0.0 0.0 0.0 0.0 0.0 0.0 0.0 0.0 0.0 0.0 0.0 0.0 0.0 0.0  
    0.0 0.0 0.0 0.0 0.0 0.0 0.0 0.0 0.0 0.0 0.0 0.0 0.0 0.0 0.0 0.0 0.0  
    0.0 0.0 0.0 0.0 0.0 0.0 0.0 0.0 0.0 0.0 0.0 0.0 0.0 0.0 0.0 0.0 0.0  
    0.0 0.0 0.0 0.0 0.0 0.0 0.0 0.0 0.0 0.0 0.0 0.0 0.0 0.0 0.0 0.0 0.0  
    0.0 0.0 0.0 0.0 0.0 0.0 0.0 0.0 0.0 0.0 0.0 0.0 0.0 0.0 0.0 0.0 0.0  
    0.0 0.0 0.0 0.0 0.0 0.0 0.0 0.0 0.0 0.0 0.0 0.0 0.0 0.0 0.0 0.0 0.0  
    0.0 
  P_EI = 0.0 0.0 0.0 0.0 0.0 0.0 0.0 0.0 0.0 0.0 0.0 0.0 0.0 0.0 0.0  
    0.0 0.0 0.0 0.0 0.0 0.0 0.0 0.0 0.0 0.0 0.0 0.0 0.0 0.0 0.0 0.0 0.0  
    0.0 0.0 0.0 0.0 0.0 0.0 0.0 0.0 0.0 0.0 0.0 0.0 0.0 0.0 0.0 0.0 0.0  
    0.0 0.0 0.0 0.0 0.0 0.0 0.0 0.0 0.0 0.0 0.0 0.0 0.0 0.0 0.0 0.0 0.0  
    0.0 0.0 0.0 0.0 0.0 0.0 0.0 0.0 0.0 0.0 0.0 0.0 0.0 0.0 0.0 0.0 0.0  
    0.0 0.0 0.0 0.0 0.0 0.0 0.0 0.0 0.0 0.0 0.0 0.0 0.0 0.0 0.0 0.0 0.0  
    0.0 
  TORQUE_NB = 0.0 0.0 0.0 0.0 0.0 0.0 0.0 0.0 0.0 0.0 0.0 0.0 0.0 0.0  
    0.0 0.0 0.0 0.0 0.0 0.0 0.0 0.0 0.0 0.0 0.0 0.0 0.0 0.0 0.0 0.0 0.0  
    0.0 0.0 0.0 0.0 0.0 0.0 0.0 0.0 0.0 0.0 0.0 0.0 0.0 0.0 0.0 0.0 0.0  
    0.0 0.0 0.0 0.0 0.0 0.0 0.0 0.0 0.0 0.0 0.0 0.0 0.0 0.0 0.0 0.0 0.0  
    0.0 0.0 0.0 0.0 0.0 0.0 0.0 0.0 0.0 0.0 0.0 0.0 0.0 0.0 0.0 0.0 0.0  
    0.0 0.0 0.0 0.0 0.0 0.0 0.0 0.0 0.0 0.0 0.0 0.0 0.0 0.0 0.0 0.0 0.0  
    0.0 0.0 
  TORQUE_IN = 0.0 0.0 0.0 0.0 0.0 0.0 0.0 0.0 0.0 0.0 0.0 0.0 0.0 0.0  
    0.0 0.0 0.0 0.0 0.0 0.0 0.0 0.0 0.0 0.0 0.0 0.0 0.0 0.0 0.0 0.0 0.0  
    0.0 0.0 0.0 0.0 0.0 0.0 0.0 0.0 0.0 0.0 0.0 0.0 0.0 0.0 0.0 0.0 0.0  
    0.0 0.0 0.0 0.0 0.0 0.0 0.0 0.0 0.0 0.0 0.0 0.0 0.0 0.0 0.0 0.0 0.0  
    0.0 0.0 0.0 0.0 0.0 0.0 0.0 0.0 0.0 0.0 0.0 0.0 0.0 0.0 0.0 0.0 0.0  
    0.0 0.0 0.0 0.0 0.0 0.0 0.0 0.0 0.0 0.0 0.0 0.0 0.0 0.0 0.0 0.0 0.0  
    0.0 0.0 
  SE_NB = 0.0 0.0 0.0 0.0 0.0 0.0 0.0 0.0 0.0 0.0 0.0 0.0 0.0 0.0 0.0  
    0.0 0.0 0.0 0.0 0.0 0.0 0.0 0.0 0.0 0.0 0.0 0.0 0.0 0.0 0.0 0.0 0.0  
    0.0 0.0 0.0 0.0 0.0 0.0 0.0 0.0 0.0 0.0 0.0 0.0 0.0 0.0 0.0 0.0 0.0  
    0.0 0.0 0.0 0.0 0.0 0.0 0.0 0.0 0.0 0.0 0.0 0.0 0.0 0.0 0.0 0.0 0.0  
    0.0 0.0 0.0 0.0 0.0 0.0 0.0 0.0 0.0 0.0 0.0 0.0 0.0 0.0 0.0 0.0 0.0  
    0.0 0.0 0.0 0.0 0.0 0.0 0.0 0.0 0.0 0.0 0.0 0.0 0.0 0.0 0.0 0.0 0.0  
    0.0 
  SE_IONIZATION = 0.0 0.0 0.0 0.0 0.0 0.0 0.0 0.0 0.0 0.0 0.0 0.0 0.0  
    0.0 0.0 0.0 0.0 0.0 0.0 0.0 0.0 0.0 0.0 0.0 0.0 0.0 0.0 0.0 0.0 0.0  
    0.0 0.0 0.0 0.0 0.0 0.0 0.0 0.0 0.0 0.0 0.0 0.0 0.0 0.0 0.0 0.0 0.0  
    0.0 0.0 0.0 0.0 0.0 0.0 0.0 0.0 0.0 0.0 0.0 0.0 0.0 0.0 0.0 0.0 0.0  
    0.0 0.0 0.0 0.0 0.0 0.0 0.0 0.0 0.0 0.0 0.0 0.0 0.0 0.0 0.0 0.0 0.0  
    0.0 0.0 0.0 0.0 0.0 0.0 0.0 0.0 0.0 0.0 0.0 0.0 0.0 0.0 0.0 0.0 0.0  
    0.0 0.0 0.0 
  SI_NB = 0.0 0.0 0.0 0.0 0.0 0.0 0.0 0.0 0.0 0.0 0.0 0.0 0.0 0.0 0.0  
    0.0 0.0 0.0 0.0 0.0 0.0 0.0 0.0 0.0 0.0 0.0 0.0 0.0 0.0 0.0 0.0 0.0  
    0.0 0.0 0.0 0.0 0.0 0.0 0.0 0.0 0.0 0.0 0.0 0.0 0.0 0.0 0.0 0.0 0.0  
    0.0 0.0 0.0 0.0 0.0 0.0 0.0 0.0 0.0 0.0 0.0 0.0 0.0 0.0 0.0 0.0 0.0  
    0.0 0.0 0.0 0.0 0.0 0.0 0.0 0.0 0.0 0.0 0.0 0.0 0.0 0.0 0.0 0.0 0.0  
    0.0 0.0 0.0 0.0 0.0 0.0 0.0 0.0 0.0 0.0 0.0 0.0 0.0 0.0 0.0 0.0 0.0  
    0.0 
  SI_IONIZATION = 0.0 0.0 0.0 0.0 0.0 0.0 0.0 0.0 0.0 0.0 0.0 0.0 0.0  
    0.0 0.0 0.0 0.0 0.0 0.0 0.0 0.0 0.0 0.0 0.0 0.0 0.0 0.0 0.0 0.0 0.0  
    0.0 0.0 0.0 0.0 0.0 0.0 0.0 0.0 0.0 0.0 0.0 0.0 0.0 0.0 0.0 0.0 0.0  
    0.0 0.0 0.0 0.0 0.0 0.0 0.0 0.0 0.0 0.0 0.0 0.0 0.0 0.0 0.0 0.0 0.0  
    0.0 0.0 0.0 0.0 0.0 0.0 0.0 0.0 0.0 0.0 0.0 0.0 0.0 0.0 0.0 0.0 0.0  
    0.0 0.0 0.0 0.0 0.0 0.0 0.0 0.0 0.0 0.0 0.0 0.0 0.0 0.0 0.0 0.0 0.0  
    0.0 0.0 0.0 
  SE_PELLET = 0.0 0.0 0.0 0.0 0.0 0.0 0.0 0.0 0.0 0.0 0.0 0.0 0.0 0.0  
    0.0 0.0 0.0 0.0 0.0 0.0 0.0 0.0 0.0 0.0 0.0 0.0 0.0 0.0 0.0 0.0 0.0  
    0.0 0.0 0.0 0.0 0.0 0.0 0.0 0.0 0.0 0.0 0.0 0.0 0.0 0.0 0.0 0.0 0.0  
    0.0 0.0 0.0 0.0 0.0 0.0 0.0 0.0 0.0 0.0 0.0 0.0 0.0 0.0 0.0 0.0 0.0  
    0.0 0.0 0.0 0.0 0.0 0.0 0.0 0.0 0.0 0.0 0.0 0.0 0.0 0.0 0.0 0.0 0.0  
    0.0 0.0 0.0 0.0 0.0 0.0 0.0 0.0 0.0 0.0 0.0 0.0 0.0 0.0 0.0 0.0 0.0  
    0.0 0.0 
  Q = 0.0 0.0 0.0 0.0 0.0 0.0 0.0 0.0 0.0 0.0 0.0 0.0 0.0 0.0 0.0 0.0  
    0.0 0.0 0.0 0.0 0.0 0.0 0.0 0.0 0.0 0.0 0.0 0.0 0.0 0.0 0.0 0.0 0.0  
    0.0 0.0 0.0 0.0 0.0 0.0 0.0 0.0 0.0 0.0 0.0 0.0 0.0 0.0 0.0 0.0 0.0  
    0.0 0.0 0.0 0.0 0.0 0.0 0.0 0.0 0.0 0.0 0.0 0.0 0.0 0.0 0.0 0.0 0.0  
    0.0 0.0 0.0 0.0 0.0 0.0 0.0 0.0 0.0 0.0 0.0 0.0 0.0 0.0 0.0 0.0 0.0  
    0.0 0.0 0.0 0.0 0.0 0.0 0.0 0.0 0.0 0.0 0.0 0.0 0.0 0.0 0.0 0.0 0.0 
  PSIPOL = 0.0 0.00089995281830474 0.0035994954764623326  
    0.008097656715448306 0.014392802241662318 0.02248259072547263  
    0.03236394218135597 0.04403299659310208 0.057485134935615204  
    0.07271486668108432 0.08971596308788228 0.10848157375855988  
    0.12900430008440633 0.15127569975907756 0.17528780882667605  
    0.20103026400318366 0.22849757362132614 0.2576729085243484  
    0.28854938415798875 0.32110849474071135 0.3553421806465631  
    0.3912376024140165 0.42877654520097364 0.4679466040224511  
    0.5087337902742307 0.5511227238614764 0.5950958271845102  
    0.6406361151393539 0.6877268383454226 0.7363502947078054  
    0.7864880250399002 0.8381211480300227 0.8912305341408557  
    0.9457965258397152 1.0017987326556832 1.059216782861669  
    1.118031309095196 1.1782210281533698 1.239763486973939  
    1.302634751127609 1.36681281089616 1.4322775674567585  
    1.4990018795618583 1.5669594876870456 1.6361310949289296  
    1.706485557380234 1.7779997706582724 1.8506480233127522  
    1.9243995236109037 1.9992323621026271 2.0751122139026816  
    2.1520165398600164 2.2299106912674675 2.308768388396288  
    2.3885587631671017 2.4692478498997645 2.550809742587484  
    2.6332059142322963 2.7164067153854634 2.8003814039791353  
    2.885090587668307 2.9705025569505246 3.0565850911629613  
    3.143298663452232 3.2306073966024353 3.3184769786070953  
    3.4068715232066396 3.4957500478392878 3.5850749191403843  
    3.6748089369857393 3.7649140858743597 3.855350204273127  
    3.946074908576971 4.037048305772076 4.128229887973491  
    4.219578494579612 4.311052058441211 4.402605515322491  
    4.494195335630242 4.585778102518304 4.6773098445466115  
    4.768745900160871 4.860039761411219 4.951142141993292  
    5.042005250802831 5.132580815913927 5.222821287613687  
    5.312679943469931 5.402107275743024 5.491054768324549  
    5.579467617451984 5.667281922961739 5.754427973633308  
    5.8408431070572195 5.926478675261241 6.011298699286683  
    6.095264364111948 6.178340124039134 6.26047841104939  
    6.341597687539322 6.421588491186688 
  PSI = 0.0 0.00014014489086927335 0.0005605303861190205  
    0.0012610052367201573 0.0022413149427771223 0.003501094901414015  
    0.005039865482781072 0.006857025586976678 0.008951855917661292  
    0.011323501463988524 0.013970992256980185 0.016893261520486008  
    0.020089157108316477 0.023557364344771698 0.027296643045135932  
    0.03130537939001973 0.035582718191134136 0.04012603873293838  
    0.04493426892022254 0.05000452694553954 0.055335557725982074  
    0.06092536184013827 0.0667711027870204 0.07287084880395009  
    0.07922242151960417 0.08582342587318778 0.09267112459810369  
    0.09976287269397521 0.10709606186838251 0.11466793546774444  
    0.12247561894059641 0.13051617200016827 0.1387866157048253  
    0.1472838888910079 0.1560048162585632 0.16494622542621526  
    0.17410510041707575 0.18347812691056425 0.19306180841009243  
    0.2028524177336201 0.21284652742417906 0.22304100759842968  
    0.23343163169349207 0.2440143104525648 0.25478603887098006  
    0.2657419670728358 0.2768784971348583 0.28819162514892926  
    0.29967655608141924 0.311329878089584 0.3231462459406532  
    0.33512214973188525 0.347252193803435 0.3595322857521871  
    0.3719576186554589 0.38452290321758936 0.3972241052332058  
    0.41005522509675624 0.4230116456564598 0.4360885796127423  
    0.44927989260413537 0.4625806466775927 0.4759858242797671  
    0.48948927010291204 0.5030853971780166 0.5167688622778523  
    0.5305340770250854 0.5443746594222024 0.5582847490244388  
    0.572258552853275 0.5862901509558761 0.6003732891891786  
    0.6145013673786109 0.6286681731961997 0.6428673985633434  
    0.6570926337573288 0.6713373278835785 0.6855944633270801  
    0.6998572614545923 0.7141189611903749 0.7283727150947134  
    0.7426115682600557 0.7568282782494368 0.7710151699674449  
    0.78516480115827 0.7992696546902903 0.8133223258982962  
    0.8273155389451257 0.8412415842524242 0.8550929066633202  
    0.8688609718778347 0.8825358290615792 0.8961066224550165  
    0.9095635939726576 0.9228991679231766 0.9361077414936962  
    0.9491832702262682 0.9621202187774256 0.9749111796312683  
    0.987543455368224 1.0 
  DENSITY_BEAM = 0.0 0.0 0.0 0.0 0.0 0.0 0.0 0.0 0.0 0.0 0.0 0.0 0.0  
    0.0 0.0 0.0 0.0 0.0 0.0 0.0 0.0 0.0 0.0 0.0 0.0 0.0 0.0 0.0 0.0 0.0  
    0.0 0.0 0.0 0.0 0.0 0.0 0.0 0.0 0.0 0.0 0.0 0.0 0.0 0.0 0.0 0.0 0.0  
    0.0 0.0 0.0 0.0 0.0 0.0 0.0 0.0 0.0 0.0 0.0 0.0 0.0 0.0 0.0 0.0 0.0  
    0.0 0.0 0.0 0.0 0.0 0.0 0.0 0.0 0.0 0.0 0.0 0.0 0.0 0.0 0.0 0.0 0.0  
    0.0 0.0 0.0 0.0 0.0 0.0 0.0 0.0 0.0 0.0 0.0 0.0 0.0 0.0 0.0 0.0 0.0  
    0.0 0.0 0.0 
  WBEAM = 0.0 0.0 0.0 0.0 0.0 0.0 0.0 0.0 0.0 0.0 0.0 0.0 0.0 0.0 0.0  
    0.0 0.0 0.0 0.0 0.0 0.0 0.0 0.0 0.0 0.0 0.0 0.0 0.0 0.0 0.0 0.0 0.0  
    0.0 0.0 0.0 0.0 0.0 0.0 0.0 0.0 0.0 0.0 0.0 0.0 0.0 0.0 0.0 0.0 0.0  
    0.0 0.0 0.0 0.0 0.0 0.0 0.0 0.0 0.0 0.0 0.0 0.0 0.0 0.0 0.0 0.0 0.0  
    0.0 0.0 0.0 0.0 0.0 0.0 0.0 0.0 0.0 0.0 0.0 0.0 0.0 0.0 0.0 0.0 0.0  
    0.0 0.0 0.0 0.0 0.0 0.0 0.0 0.0 0.0 0.0 0.0 0.0 0.0 0.0 0.0 0.0 0.0  
    0.0 
  TBEAM = 0.0 0.0 0.0 0.0 0.0 0.0 0.0 0.0 0.0 0.0 0.0 0.0 0.0 0.0 0.0  
    0.0 0.0 0.0 0.0 0.0 0.0 0.0 0.0 0.0 0.0 0.0 0.0 0.0 0.0 0.0 0.0 0.0  
    0.0 0.0 0.0 0.0 0.0 0.0 0.0 0.0 0.0 0.0 0.0 0.0 0.0 0.0 0.0 0.0 0.0  
    0.0 0.0 0.0 0.0 0.0 0.0 0.0 0.0 0.0 0.0 0.0 0.0 0.0 0.0 0.0 0.0 0.0  
    0.0 0.0 0.0 0.0 0.0 0.0 0.0 0.0 0.0 0.0 0.0 0.0 0.0 0.0 0.0 0.0 0.0  
    0.0 0.0 0.0 0.0 0.0 0.0 0.0 0.0 0.0 0.0 0.0 0.0 0.0 0.0 0.0 0.0 0.0  
    0.0 
  DENSITY_ALPHA = 0.0 0.0 0.0 0.0 0.0 0.0 0.0 0.0 0.0 0.0 0.0 0.0 0.0  
    0.0 0.0 0.0 0.0 0.0 0.0 0.0 0.0 0.0 0.0 0.0 0.0 0.0 0.0 0.0 0.0 0.0  
    0.0 0.0 0.0 0.0 0.0 0.0 0.0 0.0 0.0 0.0 0.0 0.0 0.0 0.0 0.0 0.0 0.0  
    0.0 0.0 0.0 0.0 0.0 0.0 0.0 0.0 0.0 0.0 0.0 0.0 0.0 0.0 0.0 0.0 0.0  
    0.0 0.0 0.0 0.0 0.0 0.0 0.0 0.0 0.0 0.0 0.0 0.0 0.0 0.0 0.0 0.0 0.0  
    0.0 0.0 0.0 0.0 0.0 0.0 0.0 0.0 0.0 0.0 0.0 0.0 0.0 0.0 0.0 0.0 0.0  
    0.0 0.0 0.0 
  WALPHA = 0.0 0.0 0.0 0.0 0.0 0.0 0.0 0.0 0.0 0.0 0.0 0.0 0.0 0.0 0.0  
    0.0 0.0 0.0 0.0 0.0 0.0 0.0 0.0 0.0 0.0 0.0 0.0 0.0 0.0 0.0 0.0 0.0  
    0.0 0.0 0.0 0.0 0.0 0.0 0.0 0.0 0.0 0.0 0.0 0.0 0.0 0.0 0.0 0.0 0.0  
    0.0 0.0 0.0 0.0 0.0 0.0 0.0 0.0 0.0 0.0 0.0 0.0 0.0 0.0 0.0 0.0 0.0  
    0.0 0.0 0.0 0.0 0.0 0.0 0.0 0.0 0.0 0.0 0.0 0.0 0.0 0.0 0.0 0.0 0.0  
    0.0 0.0 0.0 0.0 0.0 0.0 0.0 0.0 0.0 0.0 0.0 0.0 0.0 0.0 0.0 0.0 0.0  
    0.0 
  TALPHA = 0.0 0.0 0.0 0.0 0.0 0.0 0.0 0.0 0.0 0.0 0.0 0.0 0.0 0.0 0.0  
    0.0 0.0 0.0 0.0 0.0 0.0 0.0 0.0 0.0 0.0 0.0 0.0 0.0 0.0 0.0 0.0 0.0  
    0.0 0.0 0.0 0.0 0.0 0.0 0.0 0.0 0.0 0.0 0.0 0.0 0.0 0.0 0.0 0.0 0.0  
    0.0 0.0 0.0 0.0 0.0 0.0 0.0 0.0 0.0 0.0 0.0 0.0 0.0 0.0 0.0 0.0 0.0  
    0.0 0.0 0.0 0.0 0.0 0.0 0.0 0.0 0.0 0.0 0.0 0.0 0.0 0.0 0.0 0.0 0.0  
    0.0 0.0 0.0 0.0 0.0 0.0 0.0 0.0 0.0 0.0 0.0 0.0 0.0 0.0 0.0 0.0 0.0  
    0.0 
  CHIE = 0.0 0.0 0.0 0.0 0.0 0.0 0.0 0.0 0.0 0.0 0.0 0.0 0.0 0.0 0.0  
    0.0 0.0 0.0 0.0 0.0 0.0 0.0 0.0 0.0 0.0 0.0 0.0 0.0 0.0 0.0 0.0 0.0  
    0.0 0.0 0.0 0.0 0.0 0.0 0.0 0.0 0.0 0.0 0.0 0.0 0.0 0.0 0.0 0.0 0.0  
    0.0 0.0 0.0 0.0 0.0 0.0 0.0 0.0 0.0 0.0 0.0 0.0 0.0 0.0 0.0 0.0 0.0  
    0.0 0.0 0.0 0.0 0.0 0.0 0.0 0.0 0.0 0.0 0.0 0.0 0.0 0.0 0.0 0.0 0.0  
    0.0 0.0 0.0 0.0 0.0 0.0 0.0 0.0 0.0 0.0 0.0 0.0 0.0 0.0 0.0 0.0 0.0  
    0.0 
  CHII = 0.0 0.0 0.0 0.0 0.0 0.0 0.0 0.0 0.0 0.0 0.0 0.0 0.0 0.0 0.0  
    0.0 0.0 0.0 0.0 0.0 0.0 0.0 0.0 0.0 0.0 0.0 0.0 0.0 0.0 0.0 0.0 0.0  
    0.0 0.0 0.0 0.0 0.0 0.0 0.0 0.0 0.0 0.0 0.0 0.0 0.0 0.0 0.0 0.0 0.0  
    0.0 0.0 0.0 0.0 0.0 0.0 0.0 0.0 0.0 0.0 0.0 0.0 0.0 0.0 0.0 0.0 0.0  
    0.0 0.0 0.0 0.0 0.0 0.0 0.0 0.0 0.0 0.0 0.0 0.0 0.0 0.0 0.0 0.0 0.0  
    0.0 0.0 0.0 0.0 0.0 0.0 0.0 0.0 0.0 0.0 0.0 0.0 0.0 0.0 0.0 0.0 0.0  
    0.0 
  P_EQ = 0.0 0.0 0.0 0.0 0.0 0.0 0.0 0.0 0.0 0.0 0.0 0.0 0.0 0.0 0.0  
    0.0 0.0 0.0 0.0 0.0 0.0 0.0 0.0 0.0 0.0 0.0 0.0 0.0 0.0 0.0 0.0 0.0  
    0.0 0.0 0.0 0.0 0.0 0.0 0.0 0.0 0.0 0.0 0.0 0.0 0.0 0.0 0.0 0.0 0.0  
    0.0 0.0 0.0 0.0 0.0 0.0 0.0 0.0 0.0 0.0 0.0 0.0 0.0 0.0 0.0 0.0 0.0  
    0.0 0.0 0.0 0.0 0.0 0.0 0.0 0.0 0.0 0.0 0.0 0.0 0.0 0.0 0.0 0.0 0.0  
    0.0 0.0 0.0 0.0 0.0 0.0 0.0 0.0 0.0 0.0 0.0 0.0 0.0 0.0 0.0 0.0 0.0  
    0.0 
  J_TOT = 3648662.1138039054 3648662.1138039054 3648117.281490769  
    3646644.156745703 3644394.732581242 3641374.44994832  
    3637610.667149076 3633124.286967658 3627928.9539193185  
    3622032.7162699234 3615439.604779474 3608151.3784978706  
    3600168.701882814 3591491.791752044 3582120.7093747207  
    3572055.4690053207 3561296.073144622 3549842.5225428864  
    3537694.8174501583 3524852.9578664214 3511316.9437917494  
    3497086.7752261334 3482162.452169412 3466543.974621729  
    3450231.342333009 3433224.555303144 3415523.61378225  
    3397128.517770478 3378039.267267838 3358255.8622740787  
    3337778.302789402 3316606.5885635847 3294740.7195966416  
    3272180.6961388565 3248926.5179399536 3224978.1849997616  
    3200335.6975686196 3174999.0556468735 3148968.2594841914  
    3122243.308830189 3094824.203185214 3066710.9430493778  
    3037903.5286723548 3008401.9598043347 2978206.236445837  
    2947316.3583461028 2915732.3255048543 2883454.1381727783  
    2850481.796349657 2816815.2997855153 2782454.648480451  
    2747399.842684723 2711650.882397321 2675207.7676192475  
    2638070.498350523 2600239.0745899454 2561713.496089049  
    2522493.762847436 2482579.8751140456 2441971.832889576  
    2400669.6361745084 2358673.2849680735 2315982.7790209725  
    2272598.1183333537 2228519.30340387 2183746.333982926  
    2138279.209822125 2092117.9311704147 2045262.497776347  
    1997712.909892487 1949469.1677679014 1900531.2709015  
    1850899.2192942046 1800573.0131961561 1749552.652356599  
    1697838.1367758373 1645429.466954873 1592326.6426421865  
    1538529.6633396149 1484038.5295457733 1428853.241508882  
    1372973.7989821485 1316400.2019653989 1259132.4502070406  
    1201170.5439581347 1142514.4874693842 1083164.3135012232  
    1023120.232043691 962383.3333378179 900958.291271142  
    838861.9881196469 776146.5801375275 712951.3549659149  
    649600.631310869 586755.9444912773 525601.4376934955  
    468017.0057401496 416543.4181471992 374266.9155682555  
    345372.62580825563 324422.6621483048 
  RHO = 0.0 0.01 0.02 0.03 0.04 0.05 0.06 0.07 0.08 0.09 0.1 0.11 0.12  
    0.13 0.14 0.15 0.16 0.17 0.18 0.19 0.2 0.21 0.22 0.23 0.24 0.25  
    0.26 0.27 0.28 0.29 0.3 0.31 0.32 0.33 0.34 0.35 0.36 0.37 0.38  
    0.39 0.4 0.41 0.42 0.43 0.44 0.45 0.46 0.47 0.48 0.49 0.5 0.51 0.52  
    0.53 0.54 0.55 0.56 0.57 0.58 0.59 0.6 0.61 0.62 0.63 0.64 0.65  
    0.66 0.67 0.68 0.69 0.7 0.71 0.72 0.73 0.74 0.75 0.76 0.77 0.78  
    0.79 0.8 0.81 0.82 0.83 0.84 0.85 0.86 0.87 0.88 0.89 0.9 0.91 0.92  
    0.93 0.94 0.95 0.96 0.97 0.98 0.99 1.0 
  MODEL_PROFILE_NE = 'ped' 
  MODEL_PROFILE_TE = 'ped' 
  MODEL_PROFILE_TI = 'ped' 
  MODEL_PROFILE_DENSITY_BEAM = 'parab' 
  MODEL_PROFILE_J_TOT = 'parab' 
  MODEL_PROFILE_OMEGA = 'parab' 
  MODEL_PROFILE_ZEFF = 'const' 
  MODEL_PROFILE_TBEAMI = 'const' 
  MODEL_PROFILE_DENSITY_ALPHA = 'zero' 
  MODEL_PROFILE_WALPHA = 'zero' 
  MODEL_PROFILE_WBEAM = 'derived' 
  J_TOT_AXIS = 1.0 
  J_TOT_SEP = 0.05 
  J_TOT_ALPHA = 2.0 
  J_TOT_BETA = 1.0 
  DENSITY_BEAM_AXIS = 0.0 
  DENSITY_BEAM_SEP = 0.0 
  DENSITY_BEAM_ALPHA = 1.5 
  DENSITY_BEAM_BETA = 1.5 
  TBEAMI_AXIS = 20.0 
  DENSITY_ION_0 = 13.329319460381122 13.32857122636506  
    13.32632677631768 13.322586866099925 13.317352755008658  
    13.310626205069962 13.30240948005057 13.292705344188143  
    13.281517060641443 13.268848389661606 13.254703586485908  
    13.23908739895576 13.22200506486069 13.203462309010508  
    13.183465340037843 13.16202084693362 13.139135995318151  
    13.114818423450767 13.089076237981084 13.061918009445227  
    13.033352767510511 13.003389995972263 12.972039627506685  
    12.939312038183797 12.905218041744726 12.869768883647746  
    12.832976234887655 12.79485218559326 12.755409238407873  
    12.714660301657876 12.67261868231463 12.62903961437016  
    12.584112128677905 12.538500522161145 12.492869091743156  
    12.447882134347221 12.404319928602208 12.362146180775465  
    12.320800329248005 12.27972181240084 12.238350068614977  
    12.195748082240115 12.151793976847985 12.107149899652649  
    12.062477997868172 12.018440418708618 11.976271226588297  
    11.936166256786892 11.897230312816527 11.85856819818933  
    11.81928471641742 11.778316493413536 11.734710506302582  
    11.687737085414948 11.636666561081022 11.58076926363119  
    11.519594360978928 11.453096692402994 11.381155095281706  
    11.303648406993375 11.22045546491632 11.13162219297918  
    11.037599643335536 10.938874345701098 10.835932829791568  
    10.729261625322662 10.619727522486716 10.508070744044607  
    10.394587968564844 10.279575874615938 10.1633311407664  
    10.045818827429018 9.926840707443665 9.80644852801948  
    9.684694036365597 9.561628979691157 9.43737086938968  
    9.312064866621185 9.185804193244545 9.058682071118648  
    8.930791722102366 8.802229361324594 8.673028442102046  
    8.54318804357533 8.412707244885063 8.28158512517185  
    8.149706890367462 8.016976172923803 7.883419691761704  
    7.749064165801987 7.613936313965473 7.478168423048283  
    7.341991759432305 7.2055815114170185 7.069112867301905  
    6.932761015386446 6.5274466442045 5.950086110473 5.2838994476884995  
    4.702817087954765 4.31457139396045 
  DENSITY_ION_1 = 13.329319460381122 13.32857122636506  
    13.32632677631768 13.322586866099925 13.317352755008658  
    13.310626205069962 13.30240948005057 13.292705344188143  
    13.281517060641443 13.268848389661606 13.254703586485908  
    13.23908739895576 13.22200506486069 13.203462309010508  
    13.183465340037843 13.16202084693362 13.139135995318151  
    13.114818423450767 13.089076237981084 13.061918009445227  
    13.033352767510511 13.003389995972263 12.972039627506685  
    12.939312038183797 12.905218041744726 12.869768883647746  
    12.832976234887655 12.79485218559326 12.755409238407873  
    12.714660301657876 12.67261868231463 12.62903961437016  
    12.584112128677905 12.538500522161145 12.492869091743156  
    12.447882134347221 12.404319928602208 12.362146180775465  
    12.320800329248005 12.27972181240084 12.238350068614977  
    12.195748082240115 12.151793976847985 12.107149899652649  
    12.062477997868172 12.018440418708618 11.976271226588297  
    11.936166256786892 11.897230312816527 11.85856819818933  
    11.81928471641742 11.778316493413536 11.734710506302582  
    11.687737085414948 11.636666561081022 11.58076926363119  
    11.519594360978928 11.453096692402994 11.381155095281706  
    11.303648406993375 11.22045546491632 11.13162219297918  
    11.037599643335536 10.938874345701098 10.835932829791568  
    10.729261625322662 10.619727522486716 10.508070744044607  
    10.394587968564844 10.279575874615938 10.1633311407664  
    10.045818827429018 9.926840707443665 9.80644852801948  
    9.684694036365597 9.561628979691157 9.43737086938968  
    9.312064866621185 9.185804193244545 9.058682071118648  
    8.930791722102366 8.802229361324594 8.673028442102046  
    8.54318804357533 8.412707244885063 8.28158512517185  
    8.149706890367462 8.016976172923803 7.883419691761704  
    7.749064165801987 7.613936313965473 7.478168423048283  
    7.341991759432305 7.2055815114170185 7.069112867301905  
    6.932761015386446 6.5274466442045 5.950086110473 5.2838994476884995  
    4.702817087954765 4.31457139396045 
  DENSITY_IMP_0 = 0.000416849528100401 0.00041682612848143087  
    0.00041675593750537416 0.00041663897881036787 0.0004164752917785651  
    0.00041626493151403524 0.00041600796881184745  
    0.00041570449011836286 0.0004153545974827667 0.00041495840849987823  
    0.000414516056244282 0.00041402768919583525 0.00041349347115660615  
    0.0004129135811593108 0.00041228821336731884 0.00041161757696630695  
    0.00041090189604764415 0.0004101414094836004 0.0004093363707944757  
    0.0004084870480077524 0.0004075937235093823 0.00040665669388732073  
    0.00040567626976743273 0.00040465277564189547 0.0004035865496902311  
    0.00040247794359310777 0.00040132732233905246 0.000400135064024224  
    0.0003989015596454004 0.00039762721288633915 0.0003963124398976732  
    0.00039494958608043957 0.0003935445630209188 0.0003921181453625435  
    0.0003906911077487461 0.0003892842248229593 0.00038792189833946586  
    0.0003866029932796797 0.0003853099791277301 0.00038402532536774617  
    0.0003827315014838572 0.00038139920406467644 0.0003800246216529303  
    0.00037862846166391754 0.0003772314315129368 0.0003758542386152869  
    0.00037453547602669577 0.00037328126812914426  
    0.00037206361932731063 0.0003708545340258732 0.00036962601662950996  
    0.00036834481210312427 0.00036698111643932227  
    0.00036551211058433685 0.0003639149754844006 0.0003621668920857464  
    0.0003602537614583367 0.0003581741712851065 0.00035592433243174763  
    0.0003535004557639518 0.00035089875214741064 0.00034812065776707295  
    0.0003451802784351615 0.00034209282945827946 0.0003388735261430298  
    0.00033553758379601566 0.00033211210965881173 0.0003286202528133705  
    0.00032507129132686185 0.0003214745032664556 0.00031783916669932144  
    0.0003141641889552383 0.0003104433708506395 0.0003066783306826762  
    0.00030287068674849933 0.0002990220573452603 0.00029513611742193745  
    0.00029121740662222637 0.0002872688402853531 0.0002832933337505441  
    0.0002792938023570255 0.00027527325505294315 0.00027123273802818896  
    0.00026717222248460836 0.00026309167962404684 0.0002589910806483498  
    0.0002548668355878033 0.00025071593072763617 0.00024653920165210847  
    0.00024233748394548012 0.00023811161319201095  
    0.00023386572641375235 0.0002296070560341181 0.00022534108073941203  
    0.00022107327921593798 0.00021680913014999987 0.0002041336815  
    0.00018607781100000003 0.0001652440695 0.000147071805855  
    0.00013493014815 
  DENSITY_IMP_1 = 0.030568965394029406 0.030567249421971598  
    0.03056210208372744 0.03055352511276031 0.030541521397094776  
    0.030526094977695917 0.030507251046202145 0.030484995942013277  
    0.030459337148736228 0.03043028328999107 0.03039784412458068  
    0.03036203054102792 0.03032285455148445 0.030280329285016123  
    0.03023446898027005 0.030185288977529177 0.03013280571016057  
    0.03007703669546403 0.03001800052492822 0.029955716853901845  
    0.029890206390688037 0.029821490885070186 0.0297495931162784  
    0.02967453688040567 0.029596346977283614 0.029515049196827906  
    0.02943067030486385 0.029343238028443092 0.029252781040662697  
    0.029159328944998203 0.0290629122591627 0.028962969645898902  
    0.028859934621534047 0.02875533065991986 0.02865068123490805  
    0.02854750982035035 0.0284476058782275 0.028350886173843178  
    0.028256065136033542 0.02816185719363472 0.02806697677548286  
    0.02796927496474294 0.027868472254548228 0.02776608718868729  
    0.0276636383109487 0.02756264416512104 0.027465934908624354  
    0.027373959662803912 0.027284665417336113 0.02719599916189737  
    0.027105907886164064 0.027011952887562446 0.026911948538883634  
    0.026804221442851366 0.02668709820218938 0.026558905419621404  
    0.026418609173611357 0.026266105894241144 0.026101117711661494  
    0.02592336675602313 0.025732575157476782 0.025528848236252018  
    0.02531322041857851 0.025086807493607165 0.024850725250488852  
    0.024606089478374484 0.024354888041646195 0.02409881853964717  
    0.023838561363969873 0.023574796906206744 0.02330820555795024  
    0.02303870719005081 0.022765847195713566 0.02248974425006292  
    0.022210517028223287 0.021928284205319087 0.021643315277608748  
    0.0213559431522966 0.021066381620925893 0.0207748444750399  
    0.02048154550618187 0.020186705370549164 0.019890400788733855  
    0.01959262964887128 0.019293389839096765 0.01899267924754565  
    0.018690234609772243 0.018385834920026652 0.018079541454487955  
    0.01777141548933521 0.01746151830074747 0.01715015327034184  
    0.016837850775835328 0.016525012587556884 0.01621204047583545  
    0.015899336210999992 0.01496980331 0.013645706140000002  
    0.012117898430000001 0.0107852657627 0.009894877531 
  DENSITY_TH = 26.689624735684372 26.688126528280574 26.683632410656593  
    26.67614389629142 26.66566350670619 26.65219477004913  
    26.635742219116157 26.61631138880842 26.593908813029106  
    26.568542021021702 26.54021953315264 26.508950856141745  
    26.474746477744024 26.43761786088719 26.397577437269327  
    26.354638600421733 26.30881569824251 26.26012402500648  
    26.20857981285789 26.154200222792365 26.09700333513522  
    26.037008139523483 25.974234524399417 25.908703266023643  
    25.840436017016426 25.76945529443591 25.695784467402515  
    25.619447744278986 25.540470159416053 25.45887755947364  
    25.37469658932832 25.2874371479723 25.197477736540364  
    25.106148493127574 25.01477955582897 24.924701062739615  
    24.837475384980984 24.753029850718054 24.67024203361117  
    24.587989507320682 24.505149845506924 24.41984683864904  
    24.331836450572172 24.24244451495565 24.152996865478805  
    24.064819335820975 23.980382923561244 23.900079754504716  
    23.822117354669718 23.744703250074583 23.66604496673763  
    23.584013284526737 23.496699942260488 23.402643904383332  
    23.300384135339716 23.188459599574085 23.065967584892924  
    22.932817664871514 22.788767232607505 22.633573681198534  
    22.466994403742262 22.289121354852377 22.100857687368087  
    21.903177591725264 21.697055258359768 21.483464877707497  
    21.26414204512474 21.040568926881676 20.813339569784986  
    20.58304802064135 20.35028832625745 20.11499052623704  
    19.876757705453894 19.635693478619707 19.391901460446167  
    19.14548526564498 18.89668019017439 18.64577689380129  
    18.3929620369503 18.138422280046086 17.882344283513273  
    17.62492070127479 17.366218517730854 17.10623588902202  
    16.844970971288845 16.582421920671894 16.31835888218028  
    16.05258889669836 15.78516546417955 15.516142084577254  
    15.245572257844886 14.97372086509332 14.701050976696479  
    14.427913376502334 14.15465884835886 13.881638176114041  
    13.0700672254005 11.914004004897 10.5800820378765 9.416566513478084  
    8.63917259560005 
  NI = 26.658638920762243 26.65714245273012 26.65265355263536  
    26.64517373219985 26.634705510017316 26.621252410139924  
    26.60481896010114 26.585410688376285 26.563034121282886  
    26.537696779323213 26.509407172971816 26.47817479791152  
    26.44401012972138 26.406924618021016 26.366930680075686  
    26.32404169386724 26.278271990636302 26.229636846901535  
    26.178152475962168 26.123836018890454 26.066705535021022  
    26.006779991944526 25.94407925501337 25.878624076367593  
    25.810436083489453 25.73953776729549 25.66595246977531  
    25.58970437118652 25.510818476815746 25.42932060331575  
    25.34523736462926 25.25807922874032 25.16822425735581  
    25.07700104432229 24.985738183486312 24.895764268694442  
    24.808639857204415 24.72429236155093 24.64160065849601  
    24.55944362480168 24.476700137229955 24.39149616448023  
    24.30358795369597 24.214299799305298 24.124955995736343  
    24.036880837417236 23.952542453176594 23.872332513573784  
    23.794460625633054 23.71713639637866 23.63856943283484  
    23.556632986827072 23.469421012605164 23.375474170829897  
    23.273333122162043 23.16153852726238 23.039188721957856  
    22.906193384805988 22.76231019056341 22.60729681398675  
    22.44091092983264 22.26324438595836 22.075199286671072  
    21.877748691402196 21.671865659583137 21.458523250645325  
    21.239455044973433 21.016141488089215 20.789175937129688  
    20.559151749231876 20.3266622815328 20.091637654858037  
    19.85368141488733 19.61289705603896 19.369388072731194  
    19.123257959382315 18.87474173877936 18.62412973324237  
    18.37160838648909 18.117364142237296 17.861583444204733  
    17.604458722649188 17.346056884204092 17.08637608715066  
    16.825414489770125 16.5631702503437 16.299413780734923  
    16.033952345847606 15.766839383523408 15.498128331603974  
    15.227872627930946 14.956336846096566 14.68398351886461  
    14.411163022834037 14.13822573460381 13.865522030772892  
    13.054893288409 11.900172220946 10.567798895376999 9.40563417590953  
    8.6291427879209 
  NZ = 0.030985814922129807 0.03098407555045303 0.030978858021232812  
    0.030970164091570676 0.030957996688873342 0.030942359909209953  
    0.03092325901501399 0.03090070043213164 0.030874691746218996  
    0.030845241698490948 0.030812360180824963 0.030776058230223755  
    0.03073634802264106 0.030693242866175433 0.030646757193637367  
    0.030596906554495484 0.030543707606208215 0.03048717810494763  
    0.030427336895722693 0.0303642039019096 0.03029780011419742  
    0.030228147578957507 0.030155269386045833 0.030079189656047566  
    0.029999933526973846 0.029917527140421014 0.0298319976272029  
    0.029743373092467315 0.029651682600308097 0.02955695615788454  
    0.029459224699060375 0.02935791923197934 0.029253479184554964  
    0.029147448805282403 0.029041372342656795 0.028936794045173308  
    0.028835527776566963 0.02873748916712286 0.028641375115161273  
    0.028545882519002468 0.028449708276966718 0.028350674168807617  
    0.028248496876201158 0.028144715650351208 0.028040869742461637  
    0.027938498403736325 0.02784047038465105 0.027747240930933056  
    0.027656729036663424 0.02756685369592324 0.027475533902793576  
    0.02738029769966557 0.027278929655322956 0.0271697335534357  
    0.02705101317767378 0.02692107231170715 0.026778862935069692  
    0.02662428006552625 0.026457042044093243 0.02627686721178708  
    0.02608347390962419 0.02587696889401909 0.02565840069701367  
    0.025428900323065443 0.02518959877663188 0.0249416270621705  
    0.024687000151305007 0.02442743879246054 0.024163632655296734  
    0.0238962714094732 0.02362604472464956 0.02335287137900605  
    0.023076290566564205 0.022796422580745598 0.022513387714971786  
    0.022227306262664347 0.021938451395030686 0.021647160558918827  
    0.021353650461211245 0.021058137808790445 0.020760839308538896  
    0.020461978625602107 0.020161633526762045 0.019859801871355887  
    0.019556481518720813 0.019251670328193998 0.018945101445360046  
    0.018636550850754288 0.018326080656140064 0.01801375297328069  
    0.01769962991393948 0.017384018996755592 0.017067457831869446  
    0.016750353668296296 0.01643311375505139 0.016116145341149992  
    0.0151739369915 0.013831783951000001 0.0122831424995  
    0.010932337568555 0.01002980767915 
  DENSITY_HE = 2.9774218224313325 2.9769557109378555 2.975680887172591  
    2.973781781714504 2.971442795435635 2.968849353892669  
    2.9659391435136477 2.961646757102229 2.954630476080717  
    2.9434907556173657 2.926719822917321 2.901576864721061  
    2.8675278076153994 2.826321726970576 2.779939024373319  
    2.7307350806428454 2.6798309671027116 2.626596641051372  
    2.5711552840854197 2.513699635268458 2.4544971245117537  
    2.3933948356207213 2.3299007910437535 2.2638526040968867  
    2.1951172587399084 2.123593774640345 2.050186375719578  
    1.97608068749228 1.9016278191542715 1.8271828757525734  
    1.7531025964454412 1.6795566220160545 1.606729712195338  
    1.5349852878650365 1.4646639572915265 1.396081283300997  
    1.3295435635789938 1.2651104387552912 1.2027129314987826  
    1.1422884805001257 1.0837800033189642 1.0270347963095523  
    0.9720635102413645 0.9190333246598371 0.8680796473481842  
    0.8193073485602433 0.7729130243766138 0.7289203293610445  
    0.6871633624290148 0.6474894701836316 0.6097581972556777  
    0.5737775202147132 0.5393851824977959 0.5064987535598297  
    0.47504190649394074 0.44494408925197915 0.41617860284300284  
    0.38874802146606774 0.3626261060651656 0.33778227332629585  
    0.31418240924412655 0.2917855466501898 0.27058530807363335  
    0.25058770581304474 0.2317871417709509 0.21416786146887834  
    0.19774324727916026 0.18249107520663135 0.16833669139089152  
    0.1552076246951502 0.14303408772911064 0.13172516884138818  
    0.1211969561164642 0.11139519547733358 0.10226929694123137  
    0.09377224488416173 0.0858675574021208 0.07852470955977395  
    0.07170950212940176 0.06538942428474487 0.05953363902046474  
    0.05411395535105902 0.04910205886729199 0.044469846171815645  
    0.0401913353445757 0.03624252141000817 0.032596849644878766  
    0.029233721678503792 0.026139422632363022 0.023300229091204945  
    0.020702466351126193 0.018346905648430688 0.01622386761603691  
    0.014307201843470771 0.01257452270314995 0.011006740262094958  
    0.005353005548653779 0.001262030809140093 7.377615799419098e-05  
    2.3979687209320216e-07 1.5107793301775085e-15 
  _NZ_0 = 0.0007098649191038492 0.0007098250712270794  
    0.0007097055410172999 0.0007095063687285666 0.0007092276214258684  
    0.0007088693929474925 0.0007084318038523758 0.000707915001352486  
    0.0007073191592302835 0.0007066444777413307 0.0007058911835021237  
    0.0007050595293632347 0.0007041497942678651 0.00070316228309592  
    0.0007020973264937247 0.0007009552806895185 0.0006997365272948682  
    0.0006984414730921573 0.0006970705498083162 0.0006956242138749692  
    0.0006941029461751861 0.0006925072517770328 0.000690837659654131  
    0.0006890947223934397 0.000687279015890487 0.0006853911390322867  
    0.0006834317133681837 0.0006814013827688822 0.0006793008130739181  
    0.0006771306917278447 0.000674891727405413 0.0006725708848723061  
    0.0006701782311369623 0.0006677491439306384 0.0006653190009845908  
    0.0006629231800300767 0.0006606032355085966 0.0006583572345647134  
    0.0006561553239842778 0.0006539676505531404 0.0006517643610571516  
    0.0006494955538834963 0.0006471547383931626 0.0006447771778327057  
    0.000642398135448681 0.0006400528744876437 0.0006378071161620112  
    0.0006356712898560729 0.0006335977210741927 0.0006315387353207344  
    0.0006294466581000615 0.0006272648584669354 0.0006249425823293602  
    0.0006224409704715648 0.0006197211636777784 0.0006167443027322298  
    0.0006134863781659 0.0006099449849038842 0.0006061136703215834  
    0.0006019859817943981 0.0005975554666977292 0.0005928245707517793  
    0.0005878173151454369 0.0005825596104571309 0.0005770773672652901  
    0.0005713964961483437 0.0005655631587990618 0.0005596167764476002  
    0.0005535731489784662 0.0005474480762761672 0.0005412573582252104  
    0.0005349991340863943 0.0005286628470936812 0.0005222512530913239  
    0.0005157671079235748 0.000509213167434687 0.0005025956897998135  
    0.000495922405707338 0.0004891982797713585 0.0004824282766059734  
    0.0004756173608252806 0.0004687706564526701 0.0004618899450746689  
    0.0004549751776500804 0.0004480263051377079 0.00044104327849635495  
    0.0004340199842644754 0.00042695129030145715 0.0004198386195475057  
    0.0004126833949428264 0.0004054870394276243 0.0003982565980544324  
    0.00039100438712281565 0.0003837397364435275 0.00037647197582732137  
    0.00036921043508495106 0.00034762505301305397 0.0003168771975213117  
    0.000281398826484351 0.0002504527617950689 0.00022977638750762926 
  _NZ_1 = 0.052056760717608286 0.05205383853997944 0.05204507299126509  
    0.052030467023429325 0.05201002555457134 0.051983755466165515  
    0.05195166559920057 0.05191376674922079 0.05187007166027326  
    0.05182059501776592 0.05176535344024176 0.0517043654700761  
    0.0516376515631037 0.051565234077184254 0.051487137259714946  
    0.051403387234099984 0.05131401198518759 0.05121904134368588  
    0.05111850696956973 0.05101244233449159 0.050900882703209895  
    0.05078386511404946 0.05066142835840922 0.0505336129593328  
    0.050400461149158915 0.05026201684626857 0.05011832563094704  
    0.04996943472037929 0.04981539294279792 0.04965625071080352  
    0.049492059993877784 0.0493218648748378 0.04914640360096878  
    0.04896827053922875 0.04879006005657568 0.04861436651996759  
    0.048444237255113536 0.04827953051928153 0.04811805707676797  
    0.04795762769186928 0.047796053128881855 0.04762967393620043  
    0.04745801413363094 0.04728365969258661 0.04710919658448068  
    0.046937210780726366 0.0467725218368994 0.046615894574514094  
    0.04646383286389158 0.046312840575353 0.04615942157921947  
    0.045999422939508136 0.04582912268947383 0.04564567115329427  
    0.045446218655147155 0.045227915519210175 0.04498900105108918  
    0.04472929887862454 0.044448335809345804 0.044145638650782505  
    0.04382073421046419 0.04347380184120566 0.04310660309685816  
    0.04272103808650588 0.042319006919233 0.0419024097041237  
    0.04147463163198005 0.041038563593012535 0.040595364245418  
    0.04014619224739328 0.03969220625713519 0.03923326982043568  
    0.03876860877445222 0.03829842521442995 0.03782292123561399  
    0.037342298933249495 0.036857017240180874 0.0363676430735561  
    0.03587454050507553 0.035378073606439644 0.03487860644934882  
    0.03437651479551821 0.03387192929462641 0.033364846350319007  
    0.032855262366241575 0.03234317374603972 0.031828132169200184  
    0.03130976127874489 0.030788165423622182 0.030263448952780433  
    0.029735716215167983 0.029205483847970413 0.028673655046488864  
    0.028140913996845037 0.027607944885160635 0.027075431897557376  
    0.025492503879458606 0.023237661144119747 0.020635913935575977  
    0.018366535859088845 0.01685026841182894 
  PNBE = 0.0 
  PNBI = 0.0 
  PRFE = 9.880622933111907 
  PRFI = 20.12176236989014 
  PFUSE = 57.936717004886546 
  PFUSI = 18.81979374756728 
  PEI = -1.9045253954845696 
  PRAD = -35.833719218323694 
  AREA = 242.9429439 
/







