@R IP 1 []
  9.999999995e+06
@R BCENTR 1 []
  1.100000000e+01
@R RMAJOR 1 []
  4.550000000e+00
@R AMINOR 1 []
  1.109134070e+00
@R KAPPA 1 []
  1.350271413e+00
@R DELTA 1 []
 -3.224534415e-01
@I NRHO 1 []
              101
@R RHOB 1 []
  1.266077102e+00
@R RHO 101 []
  0.000000000e+00  1.000000000e-02  2.000000000e-02  3.000000000e-02
  4.000000000e-02  5.000000000e-02  6.000000000e-02  7.000000000e-02
  8.000000000e-02  9.000000000e-02  1.000000000e-01  1.100000000e-01
  1.200000000e-01  1.300000000e-01  1.400000000e-01  1.500000000e-01
  1.600000000e-01  1.700000000e-01  1.800000000e-01  1.900000000e-01
  2.000000000e-01  2.100000000e-01  2.200000000e-01  2.300000000e-01
  2.400000000e-01  2.500000000e-01  2.600000000e-01  2.700000000e-01
  2.800000000e-01  2.900000000e-01  3.000000000e-01  3.100000000e-01
  3.200000000e-01  3.300000000e-01  3.400000000e-01  3.500000000e-01
  3.600000000e-01  3.700000000e-01  3.800000000e-01  3.900000000e-01
  4.000000000e-01  4.100000000e-01  4.200000000e-01  4.300000000e-01
  4.400000000e-01  4.500000000e-01  4.600000000e-01  4.700000000e-01
  4.800000000e-01  4.900000000e-01  5.000000000e-01  5.100000000e-01
  5.200000000e-01  5.300000000e-01  5.400000000e-01  5.500000000e-01
  5.600000000e-01  5.700000000e-01  5.800000000e-01  5.900000000e-01
  6.000000000e-01  6.100000000e-01  6.200000000e-01  6.300000000e-01
  6.400000000e-01  6.500000000e-01  6.600000000e-01  6.700000000e-01
  6.800000000e-01  6.900000000e-01  7.000000000e-01  7.100000000e-01
  7.200000000e-01  7.300000000e-01  7.400000000e-01  7.500000000e-01
  7.600000000e-01  7.700000000e-01  7.800000000e-01  7.900000000e-01
  8.000000000e-01  8.100000000e-01  8.200000000e-01  8.300000000e-01
  8.400000000e-01  8.500000000e-01  8.600000000e-01  8.700000000e-01
  8.800000000e-01  8.900000000e-01  9.000000000e-01  9.100000000e-01
  9.200000000e-01  9.300000000e-01  9.400000000e-01  9.500000000e-01
  9.600000000e-01  9.700000000e-01  9.800000000e-01  9.900000000e-01
  1.000000000e+00
@R VOLP 101 []
  0.000000000e+00  2.440971821e+00  4.881791589e+00  7.322306284e+00
  9.762367310e+00  1.220182518e+01  1.464052939e+01  1.707833786e+01
  1.951511064e+01  2.195070587e+01  2.438499091e+01  2.681783791e+01
  2.924911731e+01  3.167871081e+01  3.410650849e+01  3.653239579e+01
  3.895627006e+01  4.137804395e+01  4.379762530e+01  4.621493086e+01
  4.862989252e+01  5.104244395e+01  5.345252263e+01  5.586008709e+01
  5.826511042e+01  6.066756284e+01  6.306741964e+01  6.546464312e+01
  6.785914560e+01  7.025084141e+01  7.263974689e+01  7.502598617e+01
  7.740973418e+01  7.979119064e+01  8.217052402e+01  8.454784462e+01
  8.692321236e+01  8.929659977e+01  9.166784636e+01  9.403668412e+01
  9.640280682e+01  9.876590221e+01  1.011257455e+02  1.034822784e+02
  1.058355848e+02  1.081858252e+02  1.105331625e+02  1.128776667e+02
  1.152192315e+02  1.175575851e+02  1.198923347e+02  1.222230294e+02
  1.245492600e+02  1.268706493e+02  1.291868928e+02  1.314977783e+02
  1.338031617e+02  1.361029680e+02  1.383971668e+02  1.406857182e+02
  1.429685513e+02  1.452456044e+02  1.475168461e+02  1.497822633e+02
  1.520418421e+02  1.542955950e+02  1.565435583e+02  1.587857374e+02
  1.610220925e+02  1.632525711e+02  1.654770993e+02  1.676955875e+02
  1.699079517e+02  1.721141583e+02  1.743142215e+02  1.765081592e+02
  1.786960183e+02  1.808778689e+02  1.830537894e+02  1.852238929e+02
  1.873883917e+02  1.895477631e+02  1.917026458e+02  1.938535069e+02
  1.960006633e+02  1.981440667e+02  2.002833886e+02  2.024186501e+02
  2.045500907e+02  2.066792572e+02  2.088118379e+02  2.109586908e+02
  2.131301388e+02  2.153181476e+02  2.174626547e+02  2.194521526e+02
  2.212022785e+02  2.227505405e+02  2.243021460e+02  2.261156466e+02
  2.283272220e+02
@R IPOL 101 []
  1.015065029e+00  1.015063144e+00  1.015057479e+00  1.015048012e+00
  1.015034700e+00  1.015017490e+00  1.014996310e+00  1.014971074e+00
  1.014941683e+00  1.014908025e+00  1.014869974e+00  1.014827395e+00
  1.014780136e+00  1.014728036e+00  1.014670917e+00  1.014608599e+00
  1.014540877e+00  1.014467563e+00  1.014388438e+00  1.014303304e+00
  1.014211926e+00  1.014114081e+00  1.014009550e+00  1.013898093e+00
  1.013779477e+00  1.013653467e+00  1.013519841e+00  1.013378396e+00
  1.013229332e+00  1.013073039e+00  1.012909291e+00  1.012737083e+00
  1.012555285e+00  1.012363217e+00  1.012160556e+00  1.011947037e+00
  1.011722605e+00  1.011487787e+00  1.011243641e+00  1.010991407e+00
  1.010732398e+00  1.010467862e+00  1.010198571e+00  1.009924704e+00
  1.009646168e+00  1.009362696e+00  1.009073778e+00  1.008779365e+00
  1.008480243e+00  1.008177447e+00  1.007872188e+00  1.007565744e+00
  1.007259366e+00  1.006953929e+00  1.006650204e+00  1.006348773e+00
  1.006049908e+00  1.005753679e+00  1.005460143e+00  1.005169438e+00
  1.004881736e+00  1.004597162e+00  1.004315838e+00  1.004037905e+00
  1.003763495e+00  1.003492731e+00  1.003225748e+00  1.002962764e+00
  1.002704084e+00  1.002450051e+00  1.002201045e+00  1.001957504e+00
  1.001719869e+00  1.001488526e+00  1.001263828e+00  1.001046103e+00
  1.000835656e+00  1.000632771e+00  1.000437730e+00  1.000250818e+00
  1.000072296e+00  9.999024369e-01  9.997415064e-01  9.995897816e-01
  9.994475091e-01  9.993149525e-01  9.991923815e-01  9.990800341e-01
  9.989781308e-01  9.988869585e-01  9.988070194e-01  9.987393016e-01
  9.986863763e-01  9.986535955e-01  9.986546065e-01  9.987426322e-01
  9.989788097e-01  9.993337678e-01  9.996908428e-01  9.999406819e-01
  1.000000000e+00
@R G11 101 []
  0.000000000e+00  2.452090345e+00  4.904364437e+00  7.356735178e+00
  9.809608268e+00  1.226317938e+01  1.471716958e+01  1.717126386e+01
  1.962591265e+01  2.208179134e+01  2.453883115e+01  2.699632514e+01
  2.945564005e+01  3.191441337e+01  3.437662503e+01  3.683249061e+01
  3.929236797e+01  4.175589164e+01  4.422388916e+01  4.669817708e+01
  4.916054469e+01  5.163685222e+01  5.411595515e+01  5.658929331e+01
  5.906353271e+01  6.154367886e+01  6.402869467e+01  6.651340408e+01
  6.899971298e+01  7.148800598e+01  7.397849860e+01  7.647117401e+01
  7.896617442e+01  8.146338177e+01  8.396418233e+01  8.646566524e+01
  8.896446349e+01  9.146495479e+01  9.397069791e+01  9.648621552e+01
  9.899778637e+01  1.015049392e+02  1.040330915e+02  1.065582513e+02
  1.090789037e+02  1.116208372e+02  1.141522468e+02  1.166964363e+02
  1.192411146e+02  1.217918398e+02  1.243489434e+02  1.269102456e+02
  1.294842792e+02  1.320562846e+02  1.346522687e+02  1.372392653e+02
  1.398457952e+02  1.424671574e+02  1.450810706e+02  1.477198406e+02
  1.503713175e+02  1.530173860e+02  1.556852966e+02  1.583730337e+02
  1.610623764e+02  1.637595441e+02  1.664792408e+02  1.692180818e+02
  1.719646043e+02  1.747217242e+02  1.774972943e+02  1.802987640e+02
  1.831184522e+02  1.859541144e+02  1.888082595e+02  1.916826805e+02
  1.945876688e+02  1.975228109e+02  2.004817662e+02  2.034683192e+02
  2.064830256e+02  2.095306886e+02  2.126210704e+02  2.157517813e+02
  2.189196360e+02  2.221313149e+02  2.253916302e+02  2.287198164e+02
  2.321179207e+02  2.355717942e+02  2.390737252e+02  2.426359650e+02
  2.462755922e+02  2.500091158e+02  2.539120538e+02  2.581273129e+02
  2.627137503e+02  2.676152832e+02  2.727273854e+02  2.778455743e+02
  2.828901827e+02
@R G22 101 []
  0.000000000e+00  1.252957382e-02  2.506022067e-02  3.759163209e-02
  5.012603065e-02  6.266454663e-02  7.520588410e-02  8.774859964e-02
  1.002951465e-01  1.128491069e-01  1.254103036e-01  1.379752958e-01
  1.505512078e-01  1.631261551e-01  1.757206892e-01  1.882849395e-01
  2.008720612e-01  2.134804262e-01  2.261144624e-01  2.387836526e-01
  2.513951634e-01  2.640814573e-01  2.767857523e-01  2.894645871e-01
  3.021524020e-01  3.148750744e-01  3.276275701e-01  3.403835956e-01
  3.531529340e-01  3.659376895e-01  3.787394453e-01  3.915587931e-01
  4.043972222e-01  4.172551106e-01  4.301403979e-01  4.430385870e-01
  4.559326300e-01  4.688449657e-01  4.817934060e-01  4.948003210e-01
  5.077944827e-01  5.207726957e-01  5.338649181e-01  5.469482743e-01
  5.600158914e-01  5.732012261e-01  5.863417701e-01  5.995577500e-01
  6.127859834e-01  6.260543719e-01  6.393633483e-01  6.527004353e-01
  6.661084502e-01  6.795105868e-01  6.930400786e-01  7.065271810e-01
  7.201187479e-01  7.337907690e-01  7.474289780e-01  7.612001750e-01
  7.750418555e-01  7.888607777e-01  8.027976766e-01  8.168423946e-01
  8.309010965e-01  8.450060823e-01  8.592335514e-01  8.735660687e-01
  8.879442068e-01  9.023826506e-01  9.169214450e-01  9.315983550e-01
  9.463729016e-01  9.612328754e-01  9.761907388e-01  9.912550099e-01
  1.006478028e+00  1.021856598e+00  1.037356677e+00  1.052996530e+00
  1.068778077e+00  1.084726821e+00  1.100894391e+00  1.117267402e+00
  1.133826129e+00  1.150597586e+00  1.167596840e+00  1.184916794e+00
  1.202564787e+00  1.220477520e+00  1.238647438e+00  1.257187540e+00
  1.276218411e+00  1.295730616e+00  1.315760182e+00  1.336523129e+00
  1.358003094e+00  1.380133242e+00  1.403288035e+00  1.427498837e+00
  1.452817785e+00
@R G33 101 []
  9.178467395e-01  9.178579264e-01  9.178916370e-01  9.179479720e-01
  9.180265587e-01  9.181274416e-01  9.182507549e-01  9.183961649e-01
  9.185634649e-01  9.187526828e-01  9.189635504e-01  9.191957954e-01
  9.194493536e-01  9.197239183e-01  9.200191094e-01  9.203348213e-01
  9.206707646e-01  9.210264180e-01  9.214015499e-01  9.217958337e-01
  9.222087967e-01  9.226400633e-01  9.230893013e-01  9.235559465e-01
  9.240393389e-01  9.245390041e-01  9.250544956e-01  9.255856352e-01
  9.261326135e-01  9.266953799e-01  9.272731094e-01  9.278644946e-01
  9.284680106e-01  9.290817399e-01  9.297040858e-01  9.303342469e-01
  9.309718881e-01  9.316170890e-01  9.322707370e-01  9.329344358e-01
  9.336098253e-01  9.342983974e-01  9.350010364e-01  9.357175294e-01
  9.364466686e-01  9.371868571e-01  9.379368579e-01  9.386959239e-01
  9.394640295e-01  9.402421879e-01  9.410320464e-01  9.418354355e-01
  9.426536759e-01  9.434880281e-01  9.443391812e-01  9.452072415e-01
  9.460920945e-01  9.469933246e-01  9.479102559e-01  9.488422442e-01
  9.497888545e-01  9.507496577e-01  9.517240571e-01  9.527113509e-01
  9.537108907e-01  9.547219024e-01  9.557434975e-01  9.567749377e-01
  9.578156978e-01  9.588653085e-01  9.599233961e-01  9.609896245e-01
  9.620636193e-01  9.631447741e-01  9.642322660e-01  9.653252941e-01
  9.664229511e-01  9.675242491e-01  9.686281913e-01  9.697336282e-01
  9.708389553e-01  9.719412545e-01  9.730368997e-01  9.741232529e-01
  9.751985408e-01  9.762628325e-01  9.773175427e-01  9.783623601e-01
  9.793959470e-01  9.804107382e-01  9.813797568e-01  9.822524446e-01
  9.829809964e-01  9.836004785e-01  9.843717608e-01  9.857379101e-01
  9.879993265e-01  9.910000876e-01  9.939355421e-01  9.957759415e-01
  9.960326963e-01
@R GRADRHO 101 []
  1.006243876e+00  9.982742800e-01  9.983011793e-01  9.983303045e-01
  9.983876650e-01  9.984662496e-01  9.985491483e-01  9.986283304e-01
  9.987187289e-01  9.988343976e-01  9.989682303e-01  9.991034171e-01
  9.992637225e-01  9.994082196e-01  9.995994617e-01  9.996957593e-01
  9.998474228e-01  1.000041196e+00  1.000280127e+00  1.000576903e+00
  1.000738047e+00  1.001033774e+00  1.001342802e+00  1.001588119e+00
  1.001834376e+00  1.002121964e+00  1.002437935e+00  1.002740410e+00
  1.003044817e+00  1.003353846e+00  1.003668446e+00  1.003987289e+00
  1.004309747e+00  1.004633913e+00  1.004967350e+00  1.005291430e+00
  1.005587288e+00  1.005881053e+00  1.006192178e+00  1.006543572e+00
  1.006863009e+00  1.007151131e+00  1.007533656e+00  1.007890481e+00
  1.008216071e+00  1.008628321e+00  1.008979967e+00  1.009375113e+00
  1.009758989e+00  1.010155727e+00  1.010566545e+00  1.010982682e+00
  1.011437783e+00  1.011873702e+00  1.012389704e+00  1.012859865e+00
  1.013389828e+00  1.013959252e+00  1.014487736e+00  1.015087933e+00
  1.015714478e+00  1.016305248e+00  1.016950397e+00  1.017639921e+00
  1.018312991e+00  1.018988630e+00  1.019710713e+00  1.020465611e+00
  1.021216367e+00  1.021970303e+00  1.022748529e+00  1.023569531e+00
  1.024408146e+00  1.025255467e+00  1.026115764e+00  1.026990758e+00
  1.027904048e+00  1.028849607e+00  1.029806165e+00  1.030778850e+00
  1.031764047e+00  1.032768417e+00  1.033809418e+00  1.034873265e+00
  1.035943294e+00  1.037024603e+00  1.038118143e+00  1.039258505e+00
  1.040443128e+00  1.041636596e+00  1.042802693e+00  1.043923767e+00
  1.044979723e+00  1.045968820e+00  1.047184446e+00  1.049236179e+00
  1.052471401e+00  1.056619725e+00  1.060761301e+00  1.063631496e+00
  1.064647109e+00
@R AREA 101 []
  0.000000000e+00  2.436885453e+00  4.873679010e+00  7.310405338e+00
  9.746986159e+00  1.218332986e+01  1.461940692e+01  1.705520348e+01
  1.949071505e+01  2.192587295e+01  2.436061460e+01  2.679489845e+01
  2.922870964e+01  3.166198055e+01  3.409475349e+01  3.652690523e+01
  3.895877190e+01  4.138987236e+01  4.382046160e+01  4.625004968e+01
  4.867900808e+01  5.110724748e+01  5.353452372e+01  5.596098615e+01
  5.838668613e+01  6.081159734e+01  6.323560500e+01  6.565872900e+01
  6.808098673e+01  7.050238102e+01  7.292291032e+01  7.534257793e+01
  7.776139384e+01  8.017937633e+01  8.259654573e+01  8.501291974e+01
  8.742859389e+01  8.984364346e+01  9.225808024e+01  9.467187489e+01
  9.708500188e+01  9.949763898e+01  1.019097128e+02  1.043210951e+02
  1.067320041e+02  1.091423390e+02  1.115520745e+02  1.139614134e+02
  1.163701678e+02  1.187786160e+02  1.211865356e+02  1.235941853e+02
  1.260013405e+02  1.284082051e+02  1.308146334e+02  1.332206632e+02
  1.356263917e+02  1.380316468e+02  1.404365805e+02  1.428412130e+02
  1.452454513e+02  1.476494322e+02  1.500532360e+02  1.524567851e+02
  1.548601834e+02  1.572635550e+02  1.596669752e+02  1.620704435e+02
  1.644740923e+02  1.668780633e+02  1.692824997e+02  1.716874788e+02
  1.740931133e+02  1.764995786e+02  1.789070617e+02  1.813157633e+02
  1.837258802e+02  1.861375840e+02  1.885511341e+02  1.909668192e+02
  1.933849573e+02  1.958059016e+02  1.982300119e+02  2.006576795e+02
  2.030894049e+02  2.055257509e+02  2.079673334e+02  2.104147864e+02
  2.128687203e+02  2.153298838e+02  2.177992098e+02  2.202780435e+02
  2.227681154e+02  2.252715404e+02  2.277898640e+02  2.303217702e+02
  2.328626407e+02  2.354071652e+02  2.379536744e+02  2.405090143e+02
  2.430876577e+02
@R A 101 []
  0.000000000e+00  1.131030772e-02  2.262018734e-02  3.392983117e-02
  4.523948574e-02  5.654884816e-02  6.785782823e-02  7.916666115e-02
  9.047531931e-02  1.017835640e-01  1.130913554e-01  1.243986571e-01
  1.357054041e-01  1.470113917e-01  1.583170419e-01  1.696218449e-01
  1.809274047e-01  1.922316122e-01  2.035357120e-01  2.148374215e-01
  2.261385624e-01  2.374387632e-01  2.487368133e-01  2.600334242e-01
  2.713288688e-01  2.826229294e-01  2.939149375e-01  3.052049761e-01
  3.164930752e-01  3.277791102e-01  3.390630090e-01  3.503446890e-01
  3.616239898e-01  3.729006747e-01  3.841745910e-01  3.954454731e-01
  4.067133470e-01  4.179781666e-01  4.292396101e-01  4.404973660e-01
  4.517510893e-01  4.630013271e-01  4.742476007e-01  4.854891720e-01
  4.967269467e-01  5.079601934e-01  5.191884310e-01  5.304122098e-01
  5.416302867e-01  5.528435447e-01  5.640506460e-01  5.752525438e-01
  5.864478889e-01  5.976374110e-01  6.088202506e-01  6.199963894e-01
  6.311660331e-01  6.423280799e-01  6.534829277e-01  6.646303273e-01
  6.757694174e-01  6.869003292e-01  6.980229404e-01  7.091363453e-01
  7.202403766e-01  7.313348789e-01  7.424194768e-01  7.534933635e-01
  7.645562400e-01  7.756077787e-01  7.866476420e-01  7.976751028e-01
  8.086895029e-01  8.196904350e-01  8.306774753e-01  8.416501402e-01
  8.526077914e-01  8.635495248e-01  8.744746861e-01  8.853825907e-01
  8.962724986e-01  9.071437769e-01  9.179957260e-01  9.288274802e-01
  9.396383613e-01  9.504272580e-01  9.611924036e-01  9.719319111e-01
  9.826436708e-01  9.933271583e-01  1.003983952e+00  1.014614407e+00
  1.025215512e+00  1.035783945e+00  1.046318128e+00  1.056823698e+00
  1.067307719e+00  1.077775983e+00  1.088239039e+00  1.098704323e+00
  1.109134070e+00
@R RTOR 101 []
  4.749264003e+00  4.749248045e+00  4.749199999e+00  4.749119462e+00
  4.749006920e+00  4.748862536e+00  4.748686021e+00  4.748477577e+00
  4.748237460e+00  4.747965649e+00  4.747662308e+00  4.747327712e+00
  4.746961927e+00  4.746565102e+00  4.746137550e+00  4.745679460e+00
  4.745190913e+00  4.744672357e+00  4.744123996e+00  4.743546125e+00
  4.742939011e+00  4.742303012e+00  4.741638435e+00  4.740945581e+00
  4.740224876e+00  4.739476682e+00  4.738701370e+00  4.737899326e+00
  4.737070852e+00  4.736216198e+00  4.735335720e+00  4.734429785e+00
  4.733498708e+00  4.732543104e+00  4.731563876e+00  4.730561837e+00
  4.729537668e+00  4.728492043e+00  4.727425547e+00  4.726338445e+00
  4.725230813e+00  4.724102447e+00  4.722953031e+00  4.721782273e+00
  4.720589926e+00  4.719376051e+00  4.718140662e+00  4.716883717e+00
  4.715605477e+00  4.714305923e+00  4.712985098e+00  4.711642525e+00
  4.710277933e+00  4.708890680e+00  4.707480262e+00  4.706046111e+00
  4.704587609e+00  4.703104298e+00  4.701595606e+00  4.700061150e+00
  4.698500615e+00  4.696913540e+00  4.695299574e+00  4.693658496e+00
  4.691989954e+00  4.690293607e+00  4.688569227e+00  4.686816647e+00
  4.685035580e+00  4.683225733e+00  4.681386803e+00  4.679518513e+00
  4.677620521e+00  4.675692418e+00  4.673733824e+00  4.671744318e+00
  4.669723445e+00  4.667670755e+00  4.665585694e+00  4.663467655e+00
  4.661316000e+00  4.659130227e+00  4.656910058e+00  4.654655173e+00
  4.652365081e+00  4.650038876e+00  4.647675081e+00  4.645272236e+00
  4.642828881e+00  4.640343506e+00  4.637816910e+00  4.635251184e+00
  4.632650937e+00  4.630020167e+00  4.627347205e+00  4.624604752e+00
  4.621764717e+00  4.618802266e+00  4.615695233e+00  4.612445961e+00
  4.609103738e+00
@R SHIFT 101 []
  1.992640032e-01  1.992480450e-01  1.991999994e-01  1.991194622e-01
  1.990069202e-01  1.988625359e-01  1.986860207e-01  1.984775771e-01
  1.982374604e-01  1.979656487e-01  1.976623081e-01  1.973277124e-01
  1.969619266e-01  1.965651021e-01  1.961375502e-01  1.956794603e-01
  1.951909133e-01  1.946723565e-01  1.941239956e-01  1.935461251e-01
  1.929390110e-01  1.923030122e-01  1.916384352e-01  1.909455811e-01
  1.902248760e-01  1.894766824e-01  1.887013699e-01  1.878993259e-01
  1.870708517e-01  1.862161981e-01  1.853357200e-01  1.844297848e-01
  1.834987079e-01  1.825431036e-01  1.815638757e-01  1.805618370e-01
  1.795376679e-01  1.784920428e-01  1.774255473e-01  1.763384452e-01
  1.752308132e-01  1.741024467e-01  1.729530315e-01  1.717822726e-01
  1.705899258e-01  1.693760507e-01  1.681406622e-01  1.668837174e-01
  1.656054768e-01  1.643059229e-01  1.629850975e-01  1.616425251e-01
  1.602779332e-01  1.588906804e-01  1.574802623e-01  1.560461107e-01
  1.545876090e-01  1.531042977e-01  1.515956059e-01  1.500611495e-01
  1.485006149e-01  1.469135401e-01  1.452995743e-01  1.436584958e-01
  1.419899540e-01  1.402936069e-01  1.385692274e-01  1.368166469e-01
  1.350355804e-01  1.332257325e-01  1.313868033e-01  1.295185133e-01
  1.276205205e-01  1.256924179e-01  1.237338243e-01  1.217443177e-01
  1.197234445e-01  1.176707548e-01  1.155856938e-01  1.134676552e-01
  1.113160001e-01  1.091302269e-01  1.069100581e-01  1.046551734e-01
  1.023650805e-01  1.000388763e-01  9.767508053e-02  9.527223598e-02
  9.282888056e-02  9.034350624e-02  8.781691019e-02  8.525118355e-02
  8.265093710e-02  8.002016684e-02  7.734720539e-02  7.460475224e-02
  7.176471692e-02  6.880226623e-02  6.569523321e-02  6.244596088e-02
  5.910373831e-02
@R ELONG 101 []
  1.289282741e+00  1.289289545e+00  1.289309956e+00  1.289339408e+00
  1.289343231e+00  1.289337642e+00  1.289333211e+00  1.289329857e+00
  1.289330562e+00  1.289332651e+00  1.289335391e+00  1.289338940e+00
  1.289346122e+00  1.289356194e+00  1.289367126e+00  1.289379881e+00
  1.289395419e+00  1.289414098e+00  1.289435509e+00  1.289460269e+00
  1.289488400e+00  1.289520518e+00  1.289557453e+00  1.289599024e+00
  1.289645430e+00  1.289697323e+00  1.289755747e+00  1.289820590e+00
  1.289891999e+00  1.289970572e+00  1.290056616e+00  1.290150523e+00
  1.290252751e+00  1.290364414e+00  1.290486094e+00  1.290618822e+00
  1.290763603e+00  1.290921233e+00  1.291092474e+00  1.291277294e+00
  1.291475782e+00  1.291688120e+00  1.291914180e+00  1.292153787e+00
  1.292406857e+00  1.292673642e+00  1.292954601e+00  1.293250367e+00
  1.293561307e+00  1.293887982e+00  1.294230545e+00  1.294589129e+00
  1.294963897e+00  1.295354889e+00  1.295761996e+00  1.296185171e+00
  1.296624539e+00  1.297080217e+00  1.297552476e+00  1.298041602e+00
  1.298548074e+00  1.299072486e+00  1.299615361e+00  1.300177317e+00
  1.300759183e+00  1.301361929e+00  1.301986381e+00  1.302633490e+00
  1.303304412e+00  1.304000407e+00  1.304722676e+00  1.305472474e+00
  1.306251233e+00  1.307060451e+00  1.307901681e+00  1.308776583e+00
  1.309686977e+00  1.310634848e+00  1.311622309e+00  1.312651623e+00
  1.313725292e+00  1.314846162e+00  1.316017519e+00  1.317243070e+00
  1.318526895e+00  1.319873492e+00  1.321286690e+00  1.322770192e+00
  1.324327984e+00  1.325963524e+00  1.327686437e+00  1.329513039e+00
  1.331465258e+00  1.333566523e+00  1.335806731e+00  1.338138048e+00
  1.340505138e+00  1.342860617e+00  1.345211536e+00  1.347630926e+00
  1.350271413e+00
@R TRIAG 101 []
  0.000000000e+00  3.087607445e-02  2.912178715e-02  2.734911109e-02
  2.557791376e-02  2.380607543e-02  2.202458033e-02  2.023492572e-02
  1.843827313e-02  1.663237788e-02  1.481685234e-02  1.299183606e-02
  1.115574206e-02  9.307928623e-03  7.448695122e-03  5.576664087e-03
  3.690273674e-03  1.789908416e-03 -1.251630482e-04 -2.055646463e-03
 -4.002253468e-03 -5.965404068e-03 -7.945798923e-03 -9.944114678e-03
 -1.196102923e-02 -1.399758510e-02 -1.605474210e-02 -1.813329971e-02
 -2.023392000e-02 -2.235690377e-02 -2.450231576e-02 -2.667025509e-02
 -2.886136308e-02 -3.107747931e-02 -3.332015687e-02 -3.559123629e-02
 -3.789280652e-02 -4.022549643e-02 -4.258823064e-02 -4.498056275e-02
 -4.740269020e-02 -4.985544031e-02 -5.233951345e-02 -5.485538348e-02
 -5.740360393e-02 -5.998414837e-02 -6.259761841e-02 -6.524568028e-02
 -6.792937012e-02 -7.065042453e-02 -7.341033877e-02 -7.621000236e-02
 -7.904947122e-02 -8.192947459e-02 -8.485053728e-02 -8.781365514e-02
 -9.082025326e-02 -9.387167691e-02 -9.696956984e-02 -1.001154338e-01
 -1.033109073e-01 -1.065581706e-01 -1.098594539e-01 -1.132176460e-01
 -1.166354725e-01 -1.201155604e-01 -1.236606051e-01 -1.272733052e-01
 -1.309567614e-01 -1.347139411e-01 -1.385480222e-01 -1.424623717e-01
 -1.464607499e-01 -1.505471494e-01 -1.547258405e-01 -1.590014740e-01
 -1.633791187e-01 -1.678639190e-01 -1.724607847e-01 -1.771757417e-01
 -1.820156224e-01 -1.869882718e-01 -1.921037319e-01 -1.973723170e-01
 -2.028048988e-01 -2.084138047e-01 -2.142077443e-01 -2.201999002e-01
 -2.264099151e-01 -2.328581877e-01 -2.395667187e-01 -2.465556512e-01
 -2.538500759e-01 -2.614886784e-01 -2.695648343e-01 -2.780674262e-01
 -2.868545359e-01 -2.956529968e-01 -3.042946688e-01 -3.130754003e-01
 -3.224534415e-01
@R PMHD 101 []
  1.610793397e+06  1.610256612e+06  1.608647614e+06  1.605970486e+06
  1.602232021e+06  1.597441733e+06  1.591611838e+06  1.584757244e+06
  1.576895494e+06  1.568046784e+06  1.558233846e+06  1.547481846e+06
  1.535818245e+06  1.523273068e+06  1.509877965e+06  1.495667668e+06
  1.480676208e+06  1.464944635e+06  1.448511318e+06  1.431421399e+06
  1.413715828e+06  1.395440289e+06  1.376643213e+06  1.357371328e+06
  1.337673332e+06  1.317599587e+06  1.297202106e+06  1.276529920e+06
  1.255597022e+06  1.234401146e+06  1.212996754e+06  1.191509227e+06
  1.170076713e+06  1.148796975e+06  1.127736321e+06  1.106957463e+06
  1.086502509e+06  1.066362503e+06  1.046481644e+06  1.026789079e+06
  1.007206968e+06  9.876607386e+05  9.681234013e+05  9.486237544e+05
  9.292088551e+05  9.099493298e+05  8.909353285e+05  8.722127421e+05
  8.537578454e+05  8.355167332e+05  8.174277203e+05  7.994144191e+05
  7.814123624e+05  7.633820577e+05  7.453011093e+05  7.271602547e+05
  7.089777737e+05  6.907950285e+05  6.726488841e+05  6.545704573e+05
  6.365906137e+05  6.187391860e+05  6.010475354e+05  5.835477723e+05
  5.662690825e+05  5.492406837e+05  5.324915348e+05  5.160432992e+05
  4.999068472e+05  4.840887180e+05  4.685918138e+05  4.534133749e+05
  4.385490412e+05  4.239979390e+05  4.097613138e+05  3.958411937e+05
  3.822415810e+05  3.689670952e+05  3.560204120e+05  3.434031296e+05
  3.311165486e+05  3.191607455e+05  3.075340420e+05  2.962335946e+05
  2.852556764e+05  2.745943344e+05  2.642406148e+05  2.541860948e+05
  2.444225515e+05  2.349324699e+05  2.256758872e+05  2.165625460e+05
  2.073453343e+05  1.974976766e+05  1.856822428e+05  1.667768708e+05
  1.348712645e+05  9.267468968e+04  5.131889943e+04  2.130202601e+04
  1.046923874e+04
@R QMHD 101 []
  9.865513098e-01  9.866069233e-01  9.867743937e-01  9.870555517e-01
  9.874532575e-01  9.879711135e-01  9.886130653e-01  9.893828924e-01
  9.902835941e-01  9.913166622e-01  9.924812679e-01  9.937734447e-01
  9.951896063e-01  9.967302872e-01  9.983967545e-01  1.000190337e+00
  1.002112744e+00  1.004163904e+00  1.006343912e+00  1.008652515e+00
  1.011092036e+00  1.013665061e+00  1.016369786e+00  1.019208174e+00
  1.022182993e+00  1.025293744e+00  1.028541881e+00  1.031928672e+00
  1.035456908e+00  1.039129461e+00  1.042949640e+00  1.046917273e+00
  1.051029763e+00  1.055288417e+00  1.059696537e+00  1.064257286e+00
  1.068972279e+00  1.073845203e+00  1.078881204e+00  1.084087694e+00
  1.089469099e+00  1.095030892e+00  1.100779449e+00  1.106718920e+00
  1.112855439e+00  1.119191821e+00  1.125731369e+00  1.132480373e+00
  1.139444845e+00  1.146632962e+00  1.154053489e+00  1.161715615e+00
  1.169626454e+00  1.177796560e+00  1.186234744e+00  1.194950474e+00
  1.203953047e+00  1.213249917e+00  1.222852104e+00  1.232769811e+00
  1.243013864e+00  1.253595367e+00  1.264526842e+00  1.275820656e+00
  1.287490303e+00  1.299550240e+00  1.312015988e+00  1.324903205e+00
  1.338229460e+00  1.352013785e+00  1.366276221e+00  1.381037453e+00
  1.396319999e+00  1.412149301e+00  1.428551483e+00  1.445553947e+00
  1.463186067e+00  1.481478558e+00  1.500465231e+00  1.520181944e+00
  1.540667291e+00  1.561968310e+00  1.584136738e+00  1.607227452e+00
  1.631301717e+00  1.656410552e+00  1.682587325e+00  1.709875283e+00
  1.738343352e+00  1.768139580e+00  1.799518510e+00  1.832685301e+00
  1.867692097e+00  1.904526121e+00  1.942950581e+00  1.982941512e+00
  2.024805571e+00  2.068860612e+00  2.115917057e+00  2.166834568e+00
  2.222611703e+00
@R ER 101 []
  0.000000000e+00  0.000000000e+00  0.000000000e+00  0.000000000e+00
  0.000000000e+00  0.000000000e+00  0.000000000e+00  0.000000000e+00
  0.000000000e+00  0.000000000e+00  0.000000000e+00  0.000000000e+00
  0.000000000e+00  0.000000000e+00  0.000000000e+00  0.000000000e+00
  0.000000000e+00  0.000000000e+00  0.000000000e+00  0.000000000e+00
  0.000000000e+00  0.000000000e+00  0.000000000e+00  0.000000000e+00
  0.000000000e+00  0.000000000e+00  0.000000000e+00  0.000000000e+00
  0.000000000e+00  0.000000000e+00  0.000000000e+00  0.000000000e+00
  0.000000000e+00  0.000000000e+00  0.000000000e+00  0.000000000e+00
  0.000000000e+00  0.000000000e+00  0.000000000e+00  0.000000000e+00
  0.000000000e+00  0.000000000e+00  0.000000000e+00  0.000000000e+00
  0.000000000e+00  0.000000000e+00  0.000000000e+00  0.000000000e+00
  0.000000000e+00  0.000000000e+00  0.000000000e+00  0.000000000e+00
  0.000000000e+00  0.000000000e+00  0.000000000e+00  0.000000000e+00
  0.000000000e+00  0.000000000e+00  0.000000000e+00  0.000000000e+00
  0.000000000e+00  0.000000000e+00  0.000000000e+00  0.000000000e+00
  0.000000000e+00  0.000000000e+00  0.000000000e+00  0.000000000e+00
  0.000000000e+00  0.000000000e+00  0.000000000e+00  0.000000000e+00
  0.000000000e+00  0.000000000e+00  0.000000000e+00  0.000000000e+00
  0.000000000e+00  0.000000000e+00  0.000000000e+00  0.000000000e+00
  0.000000000e+00  0.000000000e+00  0.000000000e+00  0.000000000e+00
  0.000000000e+00  0.000000000e+00  0.000000000e+00  0.000000000e+00
  0.000000000e+00  0.000000000e+00  0.000000000e+00  0.000000000e+00
  0.000000000e+00  0.000000000e+00  0.000000000e+00  0.000000000e+00
  0.000000000e+00  0.000000000e+00  0.000000000e+00  0.000000000e+00
  0.000000000e+00
@R NC1 101 []
  9.985000476e-01  9.385076171e-01  9.153711486e-01  8.984302666e-01
  8.846580204e-01  8.728897769e-01  8.625311693e-01  8.532296904e-01
  8.447574064e-01  8.369573832e-01  8.297151777e-01  8.229447803e-01
  8.165799945e-01  8.105679044e-01  8.048651961e-01  7.994380256e-01
  7.942563577e-01  7.892964242e-01  7.845369244e-01  7.799608094e-01
  7.755514323e-01  7.712951914e-01  7.671805999e-01  7.631965684e-01
  7.593332078e-01  7.555820268e-01  7.519356643e-01  7.483875737e-01
  7.449320366e-01  7.415636586e-01  7.382768745e-01  7.350662531e-01
  7.319261108e-01  7.288508364e-01  7.258361407e-01  7.228787818e-01
  7.199759725e-01  7.171254038e-01  7.143263511e-01  7.115784169e-01
  7.088804795e-01  7.062318498e-01  7.036315239e-01  7.010771945e-01
  6.985654445e-01  6.960935027e-01  6.936591576e-01  6.912602109e-01
  6.888954217e-01  6.865642409e-01  6.842675113e-01  6.820047252e-01
  6.797757784e-01  6.775802933e-01  6.754174533e-01  6.732859664e-01
  6.711845108e-01  6.691119055e-01  6.670664165e-01  6.650466012e-01
  6.630514298e-01  6.610796882e-01  6.591302296e-01  6.572020418e-01
  6.552939735e-01  6.534049340e-01  6.515339083e-01  6.496800497e-01
  6.478425278e-01  6.460207109e-01  6.442140233e-01  6.424219036e-01
  6.406439195e-01  6.388794421e-01  6.371277090e-01  6.353880821e-01
  6.336598637e-01  6.319424249e-01  6.302351395e-01  6.285372918e-01
  6.268480540e-01  6.251661131e-01  6.234900338e-01  6.218189677e-01
  6.201522538e-01  6.184895771e-01  6.168312945e-01  6.151771704e-01
  6.135286125e-01  6.118843265e-01  6.102333982e-01  6.085544846e-01
  6.068277717e-01  6.050810703e-01  6.034249018e-01  6.019990825e-01
  6.008740975e-01  6.000019840e-01  5.991271124e-01  5.978228250e-01
  5.958898373e-01
@R HFAC1 101 []
  1.000000000e+00  9.976188884e-01  9.952387356e-01  9.928595792e-01
  9.904813683e-01  9.881043282e-01  9.857285943e-01  9.833540620e-01
  9.809807654e-01  9.786088596e-01  9.762383131e-01  9.738691121e-01
  9.715013254e-01  9.691349182e-01  9.667697127e-01  9.644058532e-01
  9.620428945e-01  9.596811269e-01  9.573202445e-01  9.549606426e-01
  9.526017412e-01  9.502435040e-01  9.478860871e-01  9.455290864e-01
  9.431721581e-01  9.408151586e-01  9.384580718e-01  9.361008695e-01
  9.337436770e-01  9.313865010e-01  9.290289566e-01  9.266704486e-01
  9.243101472e-01  9.219470097e-01  9.195803497e-01  9.172099491e-01
  9.148357286e-01  9.124578143e-01  9.100770359e-01  9.076945196e-01
  9.053111178e-01  9.029275754e-01  9.005445107e-01  8.981617947e-01
  8.957783293e-01  8.933933163e-01  8.910061906e-01  8.886163418e-01
  8.862239537e-01  8.838293664e-01  8.814339781e-01  8.790383719e-01
  8.766434292e-01  8.742495757e-01  8.718571435e-01  8.694659332e-01
  8.670756111e-01  8.646860039e-01  8.622963784e-01  8.599062083e-01
  8.575152806e-01  8.551231177e-01  8.527292471e-01  8.503333484e-01
  8.479349138e-01  8.455334002e-01  8.431282960e-01  8.407192753e-01
  8.383059773e-01  8.358881314e-01  8.334655182e-01  8.310379864e-01
  8.286054080e-01  8.261674544e-01  8.237236633e-01  8.212736397e-01
  8.188169554e-01  8.163532281e-01  8.138820233e-01  8.114028108e-01
  8.089148706e-01  8.064168809e-01  8.039073048e-01  8.013852272e-01
  7.988500574e-01  7.963019232e-01  7.937416204e-01  7.911691827e-01
  7.885850835e-01  7.859864277e-01  7.833604497e-01  7.806831884e-01
  7.779342855e-01  7.751400196e-01  7.724244422e-01  7.699624609e-01
  7.678482482e-01  7.660043686e-01  7.641100179e-01  7.617178826e-01
  7.586270511e-01
@R HFAC2 101 []
  1.000000000e+00  9.952462688e-01  9.905113753e-01  9.857952995e-01
  9.810978463e-01  9.764193665e-01  9.717600291e-01  9.671195298e-01
  9.624978384e-01  9.578951612e-01  9.533113376e-01  9.487462419e-01
  9.441999085e-01  9.396721728e-01  9.351625971e-01  9.306713617e-01
  9.261975256e-01  9.217415440e-01  9.173027498e-01  9.128817928e-01
  9.084774918e-01  9.040896907e-01  8.997185932e-01  8.953633616e-01
  8.910232749e-01  8.866979882e-01  8.823873964e-01  8.780913837e-01
  8.738101173e-01  8.695435406e-01  8.652908748e-01  8.610509587e-01
  8.568222076e-01  8.526026621e-01  8.483910427e-01  8.441869327e-01
  8.399901796e-01  8.358010036e-01  8.316209011e-01  8.274518917e-01
  8.232954695e-01  8.191529376e-01  8.150253458e-01  8.109123880e-01
  8.068120533e-01  8.027228618e-01  7.986437663e-01  7.945736677e-01
  7.905128539e-01  7.864619199e-01  7.824232851e-01  7.783979434e-01
  7.743873605e-01  7.703922353e-01  7.664130662e-01  7.624494374e-01
  7.585007085e-01  7.545664996e-01  7.506454979e-01  7.467367484e-01
  7.428398265e-01  7.389538828e-01  7.350780827e-01  7.312118390e-01
  7.273542633e-01  7.235044208e-01  7.196614410e-01  7.158247585e-01
  7.119937607e-01  7.081679971e-01  7.043471097e-01  7.005308447e-01
  6.967189899e-01  6.929110119e-01  6.891061604e-01  6.853037993e-01
  6.815032350e-01  6.777038464e-01  6.739049415e-01  6.701056815e-01
  6.663049285e-01  6.625005891e-01  6.586902397e-01  6.548724661e-01
  6.510463634e-01  6.472121330e-01  6.433710154e-01  6.395230333e-01
  6.356691700e-01  6.318053267e-01  6.279115766e-01  6.239498202e-01
  6.198869372e-01  6.157638090e-01  6.117790560e-01  6.082123832e-01
  6.052133164e-01  6.026555459e-01  6.000240592e-01  5.966080412e-01
  5.920935673e-01
