 0.000000000e+00
   8 101  30   3
 2.300000000e+11 1.000000000e+00 3.500000000e+02 1.000000000e+02 2.600000000e+02
 2.400000000e+02 2.550000000e+00 1.000000000e+00 4.550000000e+02 1.100000000e+05
 1.262269689e+02
 0.000000000e+00 1.386261071e-04 5.544604522e-04 1.247367485e-03 2.217119418e-03
 3.463389788e-03 4.985749571e-03 6.783661024e-03 8.856480630e-03 1.120344414e-02
 1.382368212e-02 1.671623226e-02 1.988007159e-02 2.331401313e-02 2.701693833e-02
 3.098739198e-02 3.522456465e-02 3.972627986e-02 4.449133088e-02 4.951715754e-02
 5.480279437e-02 6.034606725e-02 6.614456775e-02 7.219660596e-02 7.850018197e-02
 8.505292848e-02 9.185222591e-02 9.889574852e-02 1.061810507e-01 1.137055571e-01
 1.214665828e-01 1.294613412e-01 1.376869653e-01 1.461405194e-01 1.548189685e-01
 1.637191459e-01 1.728378752e-01 1.821722022e-01 1.917187441e-01 2.014738842e-01
 2.114337903e-01 2.215954584e-01 2.319552398e-01 2.425086995e-01 2.532525956e-01
 2.641830303e-01 2.752952314e-01 2.865861982e-01 2.980505923e-01 3.096852006e-01
 3.214846289e-01 3.334454178e-01 3.455619416e-01 3.578306896e-01 3.702457982e-01
 3.828033146e-01 3.954980176e-01 4.083245758e-01 4.212787308e-01 4.343545849e-01
 4.475469649e-01 4.608511099e-01 4.742612111e-01 4.877715136e-01 5.013768370e-01
 5.150717748e-01 5.288500510e-01 5.427058419e-01 5.566334679e-01 5.706271134e-01
 5.846805892e-01 5.987873767e-01 6.129413639e-01 6.271363396e-01 6.413659851e-01
 6.556238196e-01 6.699029122e-01 6.841965920e-01 6.984981567e-01 7.128007841e-01
 7.270975470e-01 7.413813370e-01 7.556446798e-01 7.698803947e-01 7.840812382e-01
 7.982398091e-01 8.123484874e-01 8.263990624e-01 8.403833483e-01 8.542932655e-01
 8.681205465e-01 8.818569034e-01 8.954934508e-01 9.090221326e-01 9.224353339e-01
 9.357249422e-01 9.488818999e-01 9.618984274e-01 9.747663406e-01 9.874729440e-01
 0.000000000e+00
 1.747152041e+00 1.747082360e+00 1.746855806e+00 1.746511548e+00 1.746115266e+00
 1.745682104e+00 1.745210109e+00 1.744668871e+00 1.744010915e+00 1.743185860e+00
 1.742134999e+00 1.740801648e+00 1.739175262e+00 1.737298692e+00 1.735232664e+00
 1.733025279e+00 1.730690411e+00 1.728222093e+00 1.725625349e+00 1.722915060e+00
 1.720113160e+00 1.717255599e+00 1.714379960e+00 1.711512030e+00 1.708671394e+00
 1.705873735e+00 1.703124209e+00 1.700420984e+00 1.697764253e+00 1.695156524e+00
 1.692600080e+00 1.690097105e+00 1.687650201e+00 1.685262424e+00 1.682936802e+00
 1.680676327e+00 1.678484041e+00 1.676362400e+00 1.674312891e+00 1.672336437e+00
 1.670433467e+00 1.668603729e+00 1.666846835e+00 1.665162689e+00 1.663551192e+00
 1.662012650e+00 1.660547537e+00 1.659153961e+00 1.657827032e+00 1.656561027e+00
 1.655349740e+00 1.654186146e+00 1.653064590e+00 1.651982051e+00 1.650936641e+00
 1.649927013e+00 1.648953175e+00 1.648016174e+00 1.647116905e+00 1.646255856e+00
 1.645433567e+00 1.644650609e+00 1.643906695e+00 1.643200429e+00 1.642530058e+00
 1.641893615e+00 1.641288650e+00 1.640712777e+00 1.640164229e+00 1.639641595e+00
 1.639143637e+00 1.638669416e+00 1.638218167e+00 1.637789067e+00 1.637381253e+00
 1.636993853e+00 1.636625987e+00 1.636276850e+00 1.635945737e+00 1.635631978e+00
 1.635334906e+00 1.635053898e+00 1.634788342e+00 1.634537567e+00 1.634300827e+00
 1.634077482e+00 1.633866969e+00 1.633668192e+00 1.633479405e+00 1.633298802e+00
 1.633062525e+00 1.632711059e+00 1.632322657e+00 1.631990139e+00 1.631744928e+00
 1.631598472e+00 1.631532312e+00 1.631511485e+00 1.631507406e+00 1.631506995e+00
 1.631506980e+00
 2.762307647e+14 2.761117125e+14 2.757460641e+14 2.752360003e+14 2.746924171e+14
 2.741157618e+14 2.735064816e+14 2.728650240e+14 2.721918360e+14 2.714873652e+14
 2.707520586e+14 2.699863637e+14 2.691907278e+14 2.683655980e+14 2.675114218e+14
 2.666286464e+14 2.657177191e+14 2.647790872e+14 2.638131980e+14 2.628204987e+14
 2.618014368e+14 2.607564594e+14 2.596860139e+14 2.585905475e+14 2.574705076e+14
 2.563263414e+14 2.551584962e+14 2.539674193e+14 2.527535581e+14 2.515173598e+14
 2.502592717e+14 2.489797411e+14 2.476792153e+14 2.463581416e+14 2.450169672e+14
 2.436561395e+14 2.422761057e+14 2.408773132e+14 2.394602093e+14 2.380252412e+14
 2.365728562e+14 2.351035016e+14 2.336176248e+14 2.321156729e+14 2.305980933e+14
 2.290653332e+14 2.275178400e+14 2.259560608e+14 2.243804430e+14 2.227914337e+14
 2.211894801e+14 2.195750295e+14 2.179485288e+14 2.163104252e+14 2.146611653e+14
 2.130011961e+14 2.113309637e+14 2.096509142e+14 2.079614930e+14 2.062631448e+14
 2.045563128e+14 2.028414387e+14 2.011189616e+14 1.993893169e+14 1.976529349e+14
 1.959102382e+14 1.941616386e+14 1.924075321e+14 1.906482921e+14 1.888842594e+14
 1.871157280e+14 1.853429242e+14 1.835659774e+14 1.817848776e+14 1.799994144e+14
 1.782090902e+14 1.764129950e+14 1.746096289e+14 1.727966480e+14 1.709705042e+14
 1.691259357e+14 1.672552519e+14 1.653473382e+14 1.633862928e+14 1.613495998e+14
 1.592057647e+14 1.569114299e+14 1.544082130e+14 1.516199882e+14 1.484521883e+14
 1.447959716e+14 1.405414017e+14 1.356037961e+14 1.299636463e+14 1.237108819e+14
 1.170715532e+14 1.103906860e+14 1.040621186e+14 9.843000810e+13 9.370930500e+13
 9.159380934e+13
 1.544148178e+01 1.543408324e+01 1.541025912e+01 1.537416530e+01 1.533161666e+01
 1.528267756e+01 1.522741912e+01 1.516591921e+01 1.509826233e+01 1.502453945e+01
 1.494484800e+01 1.485929161e+01 1.476798003e+01 1.467102895e+01 1.456855978e+01
 1.446069952e+01 1.434758049e+01 1.422934014e+01 1.410612082e+01 1.397806954e+01
 1.384533770e+01 1.370808086e+01 1.356645845e+01 1.342063352e+01 1.327077243e+01
 1.311704460e+01 1.295962218e+01 1.279867981e+01 1.263439429e+01 1.246694426e+01
 1.229699658e+01 1.212620439e+01 1.195625138e+01 1.178787215e+01 1.162132068e+01
 1.145689070e+01 1.129491340e+01 1.113561484e+01 1.097905745e+01 1.082524289e+01
 1.067416204e+01 1.052569087e+01 1.037947202e+01 1.023498297e+01 1.009166533e+01
 9.948956746e+00 9.806269839e+00 9.662974492e+00 9.518414302e+00 9.371928276e+00
 9.222878545e+00 9.070821051e+00 8.915680632e+00 8.757630992e+00 8.596896486e+00
 8.433832087e+00 8.269106281e+00 8.103518276e+00 7.937710630e+00 7.772221432e+00
 7.607634270e+00 7.444577324e+00 7.283562715e+00 7.124918695e+00 6.968904775e+00
 6.815749181e+00 6.665564654e+00 6.518331533e+00 6.373986682e+00 6.232471559e+00
 6.093720273e+00 5.957647915e+00 5.824157720e+00 5.693157023e+00 5.564556313e+00
 5.438245917e+00 5.314107558e+00 5.192093167e+00 5.072241490e+00 4.954609628e+00
 4.839295393e+00 4.726467584e+00 4.616190490e+00 4.508280355e+00 4.402357549e+00
 4.297856455e+00 4.193866381e+00 4.088908682e+00 3.980817917e+00 3.866679663e+00
 3.715382075e+00 3.485969830e+00 3.181537906e+00 2.814566267e+00 2.387996208e+00
 1.920789169e+00 1.446876585e+00 1.005657465e+00 6.286597661e-01 3.307719827e-01
 2.022890578e-01
