&PROFILE_EXT
  NPSI_EXT = 257 
  PSIN_EXT = 0.0 0.00390625 0.0078125 0.01171875 0.015625 0.01953125  
    0.0234375 0.02734375 0.03125 0.03515625 0.0390625 0.04296875  
    0.046875 0.05078125 0.0546875 0.05859375 0.0625 0.06640625  
    0.0703125 0.07421875 0.078125 0.08203125 0.0859375 0.08984375  
    0.09375 0.09765625 0.1015625 0.10546875 0.109375 0.11328125  
    0.1171875 0.12109375 0.125 0.12890625 0.1328125 0.13671875 0.140625  
    0.14453125 0.1484375 0.15234375 0.15625 0.16015625 0.1640625  
    0.16796875 0.171875 0.17578125 0.1796875 0.18359375 0.1875  
    0.19140625 0.1953125 0.19921875 0.203125 0.20703125 0.2109375  
    0.21484375 0.21875 0.22265625 0.2265625 0.23046875 0.234375  
    0.23828125 0.2421875 0.24609375 0.25 0.25390625 0.2578125  
    0.26171875 0.265625 0.26953125 0.2734375 0.27734375 0.28125  
    0.28515625 0.2890625 0.29296875 0.296875 0.30078125 0.3046875  
    0.30859375 0.3125 0.31640625 0.3203125 0.32421875 0.328125  
    0.33203125 0.3359375 0.33984375 0.34375 0.34765625 0.3515625  
    0.35546875 0.359375 0.36328125 0.3671875 0.37109375 0.375  
    0.37890625 0.3828125 0.38671875 0.390625 0.39453125 0.3984375  
    0.40234375 0.40625 0.41015625 0.4140625 0.41796875 0.421875  
    0.42578125 0.4296875 0.43359375 0.4375 0.44140625 0.4453125  
    0.44921875 0.453125 0.45703125 0.4609375 0.46484375 0.46875  
    0.47265625 0.4765625 0.48046875 0.484375 0.48828125 0.4921875  
    0.49609375 0.5 0.50390625 0.5078125 0.51171875 0.515625 0.51953125  
    0.5234375 0.52734375 0.53125 0.53515625 0.5390625 0.54296875  
    0.546875 0.55078125 0.5546875 0.55859375 0.5625 0.56640625  
    0.5703125 0.57421875 0.578125 0.58203125 0.5859375 0.58984375  
    0.59375 0.59765625 0.6015625 0.60546875 0.609375 0.61328125  
    0.6171875 0.62109375 0.625 0.62890625 0.6328125 0.63671875 0.640625  
    0.64453125 0.6484375 0.65234375 0.65625 0.66015625 0.6640625  
    0.66796875 0.671875 0.67578125 0.6796875 0.68359375 0.6875  
    0.69140625 0.6953125 0.69921875 0.703125 0.70703125 0.7109375  
    0.71484375 0.71875 0.72265625 0.7265625 0.73046875 0.734375  
    0.73828125 0.7421875 0.74609375 0.75 0.75390625 0.7578125  
    0.76171875 0.765625 0.76953125 0.7734375 0.77734375 0.78125  
    0.78515625 0.7890625 0.79296875 0.796875 0.80078125 0.8046875  
    0.80859375 0.8125 0.81640625 0.8203125 0.82421875 0.828125  
    0.83203125 0.8359375 0.83984375 0.84375 0.84765625 0.8515625  
    0.85546875 0.859375 0.86328125 0.8671875 0.87109375 0.875  
    0.87890625 0.8828125 0.88671875 0.890625 0.89453125 0.8984375  
    0.90234375 0.90625 0.91015625 0.9140625 0.91796875 0.921875  
    0.92578125 0.9296875 0.93359375 0.9375 0.94140625 0.9453125  
    0.94921875 0.953125 0.95703125 0.9609375 0.96484375 0.96875  
    0.97265625 0.9765625 0.98046875 0.984375 0.98828125 0.9921875  
    0.99609375 1.0 
  PPRIME_EXT = 929387.7762679978 917475.7210448787 905638.2593715161  
    893875.3912479097 882187.11667406 870573.4356499665  
    859034.3481756294 847569.8542510488 836179.9538762245  
    824864.6470511566 813623.9337758452 802457.8140502902  
    791366.2878744915 780349.3552484493 769407.0161721634  
    758539.270645634 747746.118668861 737027.5602418444  
    726383.5953645841 715814.2240370804 705319.446259333  
    694899.2620313419 684553.6713531074 674282.6742246292  
    664086.2706459074 653964.460616942 645448.7337946729  
    639401.568012699 633469.7314290366 627351.5229393598  
    620519.5040490743 612112.5001408746 601961.9168698076  
    590339.188255336 577679.9690910766 564952.3244070485  
    552658.007307912 540908.5574128524 529808.6926848462  
    519254.4443886089 509136.41804950277 499407.0850892231  
    490040.6261093449 480964.1062399613 472159.4623310814  
    463584.6757627707 455238.0076597283 447125.881434927  
    439223.3738008092 431548.5481590346 424072.21710421005  
    416788.2113861777 409673.7984379297 402721.5761421924  
    395915.6421509861 389250.63174207276 382757.8921793358  
    376437.13272980193 370309.64860440465 364383.88322506135  
    358678.73716297105 353166.4432873882 347855.2471614225  
    342730.16809215164 337770.94767875643 332991.46170623275  
    328348.2569703056 323874.90923678526 319539.20409782283  
    315342.95779797627 311300.48454118846 307374.64608206175  
    303598.6247647598 299944.6169584582 296407.43224985234  
    293008.8552646035 289701.9845054146 286508.3941181076  
    283438.3224442473 280461.9499432293 277610.55781205546  
    274876.44135769375 272237.2400433286 269728.28201901703  
    267307.17749592906 264921.19722543797 262601.03258408007  
    260304.3197816541 257972.55382050903 255634.10667449335  
    253284.51656406175 250898.1234149412 248501.90091799299  
    246094.80655306828 243641.29207889637 241158.44071563164  
    238656.3332966052 236077.64159604575 233400.3526138669  
    230656.01634309764 227844.29495749722 224952.98849569724  
    222000.88027944398 219025.1674473961 216040.66703705926  
    213053.03541044547 210086.58624488837 207144.27552000506  
    204211.14981573206 201298.68361046555 198422.1378267052  
    195566.36853159167 192717.3707096213 189898.98660532926  
    187131.70939465315 184399.2337295384 181694.86407187313  
    179043.3186681674 176456.23235741095 173917.0546747534  
    171416.95093789086 168969.4634660373 166581.9810314807  
    164239.56511350226 161931.51793546602 159668.78737314086  
    157459.32284766715 155291.31972661533 153155.126298444  
    151059.15239184257 149011.62706494803 147004.10818597634  
    145027.53400561278 143086.28791671028 141189.06487655762  
    139333.26022821476 137511.79051328776 135724.30758382633  
    133975.7479205891 132269.2480719592 130601.42047886056  
    128965.99342044041 127361.33424970138 125794.93460742502  
    124268.6968768964 122774.51126628641 121307.88924859159  
    119875.83408108365 118484.93254732582 117129.9023778147  
    115806.1807146467 114515.35611216466 113259.80246080187  
    112038.46238194386 110848.67388138451 109685.0875010993  
    108543.02120890265 107427.8352308764 106340.96366422177  
    105274.71068145041 104225.2129097978 103197.08758299929  
    102194.39916265759 101212.70966681895 100249.15065974224  
    99304.015806799 98377.18623004583 97471.28465231306  
    96585.66492785426 95715.73266322263 94859.0983210337  
    94020.289144547 93202.5191542762 92400.67180109641 91612.5882242572  
    90839.8391636587 90084.14221285192 89346.76110388708  
    88625.86724819388 87918.81636289238 87224.46767508565  
    86546.92636414507 85888.13111592468 85242.88070292585  
    84609.2146362442 83989.24888881539 83385.39213072503  
    82797.20181109478 82222.38933234301 81659.9838986091  
    81109.98675045292 80576.25459648162 80059.159830095  
    79553.5152242562 79058.25320212933 78577.85508447672  
    78116.28036589742 77671.26813384039 77238.8305817922  
    76813.64012710805 76393.5605691956 75980.44639019945  
    75580.4084722989 75203.96060265263 74856.39150661902  
    74538.79260100321 74198.39443152354 73785.41603639735  
    73279.92198542325 72779.27175038453 72544.15733461828  
    72678.0070129248 73188.31354404669 73351.78001264116  
    72380.95921278725 69993.79372249858 67148.20324136362  
    67368.91856080342 72652.58463044866 82702.06250804909  
    98745.67808765324 122145.71222807029 153569.54194217446  
    191315.295426059 228160.71398946067 259837.84078866534  
    286820.5654259471 309231.71915094694 327524.44446599594  
    341486.20915062627 351797.3740462075 361032.06283885473  
    370505.22562377795 379992.1000477619 388237.9565979843  
    393888.2420412272 396900.8520937073 397138.50576279237  
    394418.7585990628 388691.19409389154 379975.77881168097  
    368513.1404333173 354505.19712671684 337900.1799209246  
    319147.28641296783 298824.0512178351 276797.18947955756  
    254053.48389248503 232490.449232701 212935.75212814892  
    194412.912380222 173446.5595367734 148034.51840413507  
    118367.33274743677 84239.00758158445 45490.787270602006  
    2122.6718132793903 
  FFPRIM_EXT = -4.220964048890171 -3.9322718418631135  
    -3.650927267203992 -3.3721517428343484 -3.095923351161466  
    -2.822235348038244 -2.551081566486415 -2.282453020128182  
    -2.016344246446658 -1.752740353483908 -1.491644415682408  
    -1.2330492724841808 -0.9769487751581047 -0.7233364224184953  
    -0.47220689107313385 -0.2235530578386517 0.02263097145755421  
    0.26635014083367137 0.5076106432625378 0.7464188350330461  
    0.9827790740115975 1.2166987006531742 1.448182271346194  
    1.677235679031078 1.9038614332061554 2.128074203438588  
    2.306487623623446 2.414729607405241 2.519534619704621  
    2.6294322188403587 2.7593032426509683 2.93347044396537  
    3.156634637925743 3.4210709940267767 3.714444985742283  
    4.00939903160287 4.29179214270467 4.558500959184569  
    4.8065979120594635 5.039036410686267 5.258917656044527  
    5.467591967138189 5.665794357371228 5.85558931322773  
    6.0374918503637085 6.2126910636229145 6.38124348663152  
    6.5429748586006555 6.698595330162986 6.847601751175787  
    6.990820177536046 7.12843039833917 7.261073681096477  
    7.388964329385013 7.512549402595239 7.631986930277542  
    7.746398691216035 7.8558017992678355 7.959603722669371  
    8.057576249427807 8.149194926664617 8.23524271164112  
    8.315497640615892 8.390377224894607 8.460460676250086  
    8.525354661164197 8.586285644663523 8.6423140162772  
    8.694342585232853 8.742326955631258 8.78586254777409  
    8.825997432386732 8.861804378985685 8.894063725222487  
    8.922930579084207 8.94779022445114 8.969955604908147  
    8.988825744544707 9.004111592503376 9.016654802674203  
    9.025585998375433 9.031120231076692 9.03388976064166  
    9.032905974369417 9.029343458075605 9.024673555912571  
    9.018039542087715 9.010614153285484 9.004024482293929  
    8.997473927542824 8.991078248312055 8.985555056791092  
    8.980157320784318 8.974906218496397 8.970787104986382  
    8.96732550904433 8.964236004246096 8.963102235146657  
    8.964530862529884 8.967641366920098 8.972438474818631  
    8.979261883835877 8.98759124596606 8.996394438575006  
    9.005266579251737 9.014055368579534 9.022087950030581  
    9.029281838392057 9.036054257734172 9.042088380595787  
    9.046958170324668 9.05108073488633 9.05484707485342  
    9.057600672887492 9.05877314049643 9.058813256740628  
    9.057910570021381 9.055387126280676 9.050920618180161  
    9.044964778805804 9.037764696341927 9.02895111218746  
    9.018320046258507 9.006278040050724 8.99311870424445  
    8.978544798246547 8.962338021682378 8.944818189442845  
    8.92625006828987 8.906406504944691 8.885061889409691  
    8.8624431340452 8.838797598424007 8.814007693969476  
    8.787835752604453 8.760350278127145 8.731743955929161  
    8.702026824117409 8.671064567017638 8.638772668592797  
    8.605242406593417 8.570640434008222 8.535009433510668  
    8.49814997570018 8.460011126005064 8.420807683431859  
    8.380660638585262 8.339381024105888 8.296789049900838  
    8.253027637485129 8.208221643741323 8.162325541536294  
    8.115270520293297 8.067087326492642 8.01784982346225  
    7.967698976534205 7.916758292273073 7.864883386709508  
    7.81203419338862 7.758416349579103 7.704133870029763  
    7.649061030147742 7.59308409420473 7.5363208814896225  
    7.4788505014929285 7.4206640563126385 7.36176225387854  
    7.302070505030444 7.241603502172012 7.180486220469019  
    7.118783234494582 7.05637013843726 6.993154201763463  
    6.929272882077703 6.864786002556923 6.799648754091074  
    6.733810635806453 6.667236408969332 6.5999745628932995  
    6.532094560066342 6.463625806298857 6.394456130054325  
    6.324528354396028 6.253980655401905 6.18286721843549  
    6.111129747068359 6.0386995388382285 5.965587530639382  
    5.891854360816456 5.817523625797835 5.742594408018345  
    5.666963211249161 5.590616859420196 5.513692208344207  
    5.436220463448946 5.358082654288076 5.279170423639554  
    5.199542397296535 5.119307860517088 5.0386108787110615  
    4.957508079019846 4.875952126854985 4.7937813548830945  
    4.710719221478506 4.626633755679992 4.541501012796359  
    4.4567247318140835 4.373624217496004 4.292731017413141  
    4.211476576260955 4.1229651217070415 4.024472166691803  
    3.9158230582693596 3.8161661806549145 3.7462519449755782  
    3.713575929714443 3.692817200578693 3.59076156608522  
    3.3549310990089576 2.993545136250178 2.4743701633888193  
    1.7616872599805076 0.838218228717831 -0.2510723517758591  
    -1.3156817316545368 -2.243383978412834 -3.047281655612055  
    -3.7309065833230464 -4.306303753210621 -4.768061202289544  
    -5.134293859155297 -5.472802680866547 -5.818119521588274  
    -6.164473696086394 -6.479079067951812 -6.726686016316511  
    -6.906588376215363 -7.015442707402722 -7.0486275391081925  
    -7.004931945149387 -6.884935260131472 -6.694863862645632  
    -6.439866014830919 -6.118381963554772 -5.741710216776697  
    -5.324100324991311 -4.8609459233498775 -4.37644294997876  
    -3.9188657614628024 -3.5094542927677157 -3.122525585252232  
    -2.6676969166828193 -2.090868596939817 -1.395773096806752  
    -0.5739797389759629 0.3900463772791613 1.496305251961985 
  P_EXT = 1808143.908194174 1786174.8415729613 1763969.4787007817  
    1742125.4751526262 1720696.2024429487 1699683.3701444413  
    1679032.8264845144 1658690.7240507128 1638626.7194843697  
    1618838.0764276339 1599326.060003302 1580091.363716153  
    1561131.7272790847 1542442.9960655123 1524014.774303332  
    1505827.1560198425 1487857.5994893988 1470087.7277977886  
    1452506.2205657382 1435104.6192720458 1417875.3107516582  
    1400812.2744955472 1383911.3732515771 1367171.1490117596  
    1350590.2066705967 1334168.0284071374 1317903.2173664696  
    1301792.9784312965 1285832.1183389015 1270021.9207755425  
    1254372.336157021 1238912.004856994 1223685.4913802324  
    1208732.004546824 1194084.8007964166 1179758.1613679149  
    1165745.136546974 1152034.204294677 1138609.615605422  
    1125456.2830502691 1112561.9729404456 1099916.5225342498  
    1087510.4174163213 1075335.3652902779 1063384.6574881831  
    1051651.5663493862 1040130.9541364536 1028816.448672907  
    1017702.9204240602 1006784.6258882559 996056.2838069773  
    985513.0272555832 975150.2151948917 964963.8543512616  
    954949.8741126054 945104.9196864888 935424.9708258973  
    925905.6718058609 916542.5720783448 907330.5356492986  
    898264.4937206237 889338.8396861434 880549.206322625  
    871890.0687002044 863357.6607682935 854947.1444932017  
    846654.8220995122 838476.912230587 830409.2266903571  
    822448.7655114844 814591.4295558417 806834.0351624304  
    799173.3283749374 791605.558524075 784128.1674506285  
    776737.6285644934 769431.090290811 762206.2322812022  
    755059.7879526094 747989.1633024635 740991.742196644  
    734064.1979984861 727204.0976058581 720408.6315423426  
    713674.7262210157 707001.1350237541 700386.645676901  
    693829.7798525349 687330.9743154994 680890.824356907  
    674509.3441399198 668187.2554844567 661925.2427282347  
    655723.3486610131 649582.3640326025 643503.3865808871  
    637486.8485819688 631533.8467679371 625646.8303584352  
    619827.84780292 614078.4799406496 608400.6248820599  
    602796.1174362202 597266.018494502 591810.6381661122  
    586430.183892235 581124.4494672517 575892.7570923725  
    570734.7235347833 565650.0505891289 560637.9686468795  
    555697.6996833232 550828.9701188919 546031.3976916738  
    541303.8572190739 536645.2180461485 532054.7850056277  
    527531.5811297798 523074.04327976203 518680.737050985  
    514350.6294531992 510082.60671966034 505875.1949810535  
    501727.044995512 497637.2101905368 493604.7324797967  
    489628.32208277576 485706.7621668411 481839.17200219055  
    478024.6859745409 474262.15396071423 470550.43533329875  
    466888.6692751884 463276.05222249974 459711.57982170035  
    456194.1427710341 452722.8103431001 449296.73489940213  
    445915.01532017224 442576.6154903774 439280.51641352504  
    436025.82153044787 432811.76358469477 429637.49037484743  
    426501.9818127485 423404.3272489759 420343.79946697113  
    417319.64718916215 414330.89142824884 411376.54620256287  
    408455.7922709718 405567.8271883802 402711.7968741886  
    399886.8149782986 397092.0651695743 394326.8037336243  
    391590.45463431475 388882.4305983684 386202.00346257666  
    383548.5575051381 380921.64225973876 378320.79697354604  
    375745.4150714027 373194.89832103334 370668.7785582314  
    368166.588188399 365687.87420841306 363232.1485672869  
    360798.87692185934 358387.6093244951 355997.99048601126  
    353629.65094212466 351282.0770903041 348954.7968651281  
    346647.45895404223 344359.69319181493 342091.0994314661  
    339841.22632439045 337609.6323665047 335395.93892197835  
    333199.81777109986 331020.9162191751 328858.7620675623  
    326712.9469117515 324583.1726820972 322469.12238381087  
    320370.42344055034 318286.66426914115 316217.4860683178  
    314162.5656330523 312121.5957792764 310094.22913434874  
    308080.0263889587 306078.6388050351 304089.8063701896  
    302113.22200396634 300148.45165959233 298195.03723382874  
    296252.62050769664 294320.9401939642 292399.86742969486  
    290489.2413819841 288588.83792698354 286698.1885265948  
    284816.6222415428 282943.3966845472 281078.20120455185  
    279222.4647919352 277378.14924405294 275546.95263065165  
    273725.5691679205 271905.3014595611 270077.1429253103  
    268237.32637261425 266407.5493309164 264618.7802074184  
    262900.7246967004 261225.2195232343 259479.41394412587  
    257541.3945200777 255281.2865545962 252527.2021357288  
    249087.86683759978 244771.9131317005 239499.75803403644  
    233371.4320344214 226506.4862423424 219023.76015580568  
    211030.94871101764 202632.48867202274 193933.70595138986  
    184996.5492876094 175823.59237548144 166413.17222487243  
    156774.87279138668 146962.18773918157 137040.83623233266  
    127078.19167141941 117146.44060471821 107320.62631513944  
    97675.97952445557 88285.28587221849 79213.87534907297  
    70526.20308962389 62283.88719178962 54531.96768317023  
    47310.11018743478 40654.73465233846 34557.76368430094  
    28977.000468779297 23868.99191593121 19246.324737019466  
    15206.654401417985 11856.97657237743 9307.034812784988  
    7670.447083042659 7064.9018874931735 
  F_EXT = 50.44831799750001 50.449943551435595 50.45143387874546  
    50.452791407945924 50.45401855015067 50.45511764610154  
    50.45609071536006 50.45693973602987 50.457666827028355  
    50.458274108481774 50.458763576909746 50.459137208418454  
    50.459397089329286 50.45954529179133 50.459583822633626  
    50.45951466794716 50.4593399004072 50.45906156852499  
    50.45868167416896 50.45820219079832 50.457625109044585  
    50.45695240122293 50.45618611751748 50.45532827013171  
    50.45438076340782 50.45334551004071 50.45222616628465  
    50.45102746915687 50.44975456460449 50.44841219259945  
    50.44700200070633 50.44552345217905 50.44397410912701  
    50.44235092364832 50.44065216131105 50.43887701214125  
    50.43702718873499 50.43510568834232 50.43311594260751  
    50.4310616886824 50.42894634790511 50.42677311910176  
    50.424544721087145 50.422263676471516 50.41993224869138  
    50.41755253304134 50.41512645502069 50.41265586966672  
    50.41014264250111 50.40758857753569 50.40499534003868  
    50.40236457964198 50.399697799215815 50.39699648905537  
    50.39426198175987 50.39149563330082 50.38869867690313  
    50.38587240199881 50.38301809201167 50.3801371136095  
    50.377230790905294 50.37430045081022 50.37134743543165  
    50.36837300097133 50.365378411447395 50.36236482695614  
    50.35933340174478 50.356285259786205 50.353221388401266  
    50.350142866703955 50.347050483901555 50.34394521438497  
    50.34082790133486 50.337699454646426 50.33456091077265  
    50.33141320454237 50.3282571875652 50.325093675283995  
    50.321923232799094 50.318746640499384 50.31556464581581  
    50.312378040691115 50.309187727716406 50.30599450381347  
    50.30279891566162 50.29960162968089 50.29640315154283  
    50.29320398749564 50.29000465426135 50.286805513022685  
    50.28360667163506 50.28040834699249 50.27721081438961  
    50.27401435668125 50.27081919715853 50.26762552241077  
    50.264433422668894 50.261243086562104 50.25805463097113  
    50.25486803593514 50.25168322041473 50.24850023382821  
    50.245319117106824 50.24213991329355 50.2389627224444  
    50.2357877826788 50.23261528685569 50.22944549695126  
    50.22627876296876 50.22311544126954 50.21995574357409  
    50.21679993253514 50.21364836291856 50.210501384551506  
    50.20735924838982 50.20422226311021 50.201090799339994  
    50.1979652288943 50.19484589682892 50.19173320710297  
    50.18862753776793 50.185529234431634 50.18243868365167  
    50.179356312257106 50.17628245584161 50.17321739678904  
    50.17016148142824 50.16711510459862 50.164078588585674  
    50.161052223408745 50.15803634673465 50.155031335849735  
    50.15203750057009 50.149055118889066 50.14608448383302  
    50.14312593000544 50.14017977625211 50.13724631700727  
    50.13432581756822 50.13141857909109 50.1285249904241  
    50.12564538535019 50.122779970325986 50.119928932508685  
    50.11709266130709 50.114271530310916 50.11146579303072  
    50.10867565521642 50.105901366220884 50.10314325955426  
    50.10040169437515 50.097676986081865 50.0949693241343  
    50.09227891990818 50.089606144063374 50.086951344840365  
    50.08431474775827 50.08169652478853 50.079096946686946  
    50.07651632757249 50.073954938908955 50.0714130121749  
    50.068890749401675 50.06638838476921 50.0639061974899  
    50.061444497847816 50.059003545811294 50.05658356477188  
    50.05418475922572 50.051807426204434 50.04945188035835  
    50.04711840540704 50.04480721587393 50.04251857736824  
    50.04025283338207 50.038010325450415 50.035791319713965  
    50.03359608111522 50.03142497274578 50.02927839708997  
    50.02715673509471 50.02506034412869 50.02298958013491  
    50.020944858700716 50.01892664838414 50.01693543972374  
    50.01497169051923 50.0130359046698 50.011128714066395  
    50.00925075431365 50.00740266218115 50.00558510060944  
    50.003798838438726 50.00204471877174 50.000323636377786  
    49.99863656938099 49.996984559640865 49.99536875697734  
    49.9937904328188 49.992250986180494 49.99075188449511  
    49.98929471925041 49.987881328476824 49.986513702323975  
    49.98519401478492 49.98392466786308 49.982708284287774  
    49.98154763938744 49.98044558354027 49.97940525698178  
    49.97843074186053 49.97752685791228 49.976698957382965  
    49.97595260403257 49.975290447864076 49.97471436474095  
    49.974229079118174 49.97384306315424 49.973571270945556  
    49.97343534081712 49.973461095702525 49.97367735581217  
    49.97411618662568 49.97480920341632 49.97577347524158  
    49.97701468101299 49.9785276783729 49.98029793997242  
    49.982312075162035 49.984556607227354 49.98701682013831  
    49.98967824570447 49.99253002514989 49.99555976709441  
    49.99875023938384 50.00207938131629 50.00551801908736  
    50.00903233926397 50.01258601529503 50.01614121747586  
    50.01965923659742 50.02310239704697 50.02643525546921  
    50.029624728632584 50.03264156182801 50.03546036560526  
    50.03805927212018 50.0404243171133 50.04256277467489  
    50.04448384329095 50.046193901691026 50.047684415145795  
    50.04891449852844 50.04982903819359 50.050361716480516  
    50.05044208252589 50.05 
/

